0 0.01484375 0.16328125 0.015625 0.1703125 0.04453125 0.18671875 0.0875 0.19609375 0.178125 0.19765625 0.21328125 0.1859375 0.2203125 0.17734375 0.2171875 0.16484375 0.203125 0.1546875 0.19453125 0.1359375 0.23326796875000003 0.11763515625000001 0.18726796875 0.1150203125 0.15234375 0.12109375 0.10234375 0.121875 0.06796875 0.1296875 0.0328125 0.14609375
0 0.19921875 0.134375 0.196875 0.13984375 0.20078125 0.146875 0.2234375 0.16796875 0.2421875 0.17578125 0.2921875 0.18828125 0.321875 0.1875 0.334375 0.18359375 0.37265625 0.16796875 0.38359375 0.1546875 0.38359375 0.15 0.37265625 0.134375 0.365625 0.1296875 0.296875 0.1046875 0.2703125 0.10546875 0.25390625 0.109375 0.2046875 0.12890625
0 0.3296875 0.1921875 0.328125 0.19921875 0.33125 0.2046875 0.38046875 0.22578125 0.44609375 0.22890625 0.484375 0.2265625 0.50625 0.21796875 0.51171875 0.2109375 0.51640625 0.19375 0.4953125 0.175 0.4765625 0.165625 0.46758203125 0.1562015625 0.44615 0.15097265625 0.42262734375 0.14888046875 0.38865 0.1562015625 0.37890625 0.16875 0.34609375 0.18046875
0 0.46640625 0.15 0.46484375 0.15390625 0.475 0.15390625 0.48125 0.16484375 0.5078125 0.18046875 0.52109375 0.18671875 0.53359375 0.18828125 0.634375 0.18515625 0.65 0.178125 0.6546875 0.16015625 0.65234375 0.14375 0.6421875 0.134375 0.58515625 0.12578125 0.509375 0.1265625 0.47421875 0.13828125
0 0.65546875 0.15 0.653125 0.16953125 0.65703125 0.18515625 0.66484375 0.19375 0.6875 0.20703125 0.715625 0.21171875 0.784375 0.21640625 0.79453125 0.19765625 0.8265625 0.19296875 0.8234375 0.18203125 0.81328125 0.17421875 0.78125 0.15625 0.7609375 0.15 0.740625 0.14609375 0.7080375 0.13751328125 0.67734375 0.1421875 0.6640625 0.1421875
0 0.74462890625 0.14326484374999998 0.78671875 0.1546875 0.78984375 0.159375 0.8296875 0.18046875 0.903125 0.19296875 0.9375 0.19453125 0.95859375 0.20390625 0.96640625 0.17578125 0.96640625 0.15546875 0.95859375 0.14765625 0.93359375 0.13828125 0.88125 0.125 0.8453125 0.12109375 0.81171875 0.1265625 0.796875 0.134375
0 0.79296875 0.2015625 0.79453125 0.2203125 0.7984375 0.2203125 0.81796875 0.234375 0.9078125 0.2421875 0.9390625 0.2484375 0.9546875 0.25625 0.9578125 0.2515625 0.9609375 0.2203125 0.95859375 0.203125 0.95546875 0.19921875 0.95 0.20078125 0.94296875 0.19609375 0.8859375 0.19375 0.8375 0.1828125 0.82890625 0.184375 0.83046875 0.1859375 0.825 0.1953125 0.7984375 0.19609375
0 0.63359375 0.23828125 0.634375 0.246875 0.64296875 0.25546875 0.66328125 0.2640625 0.6890625 0.26875 0.7734375 0.27265625 0.77890625 0.27109375 0.78359375 0.26484375 0.7953125 0.26328125 0.80078125 0.25546875 0.8067671875 0.2575640625 0.8140625 0.2578125 0.81921796875 0.25889843749999997 0.82811171875 0.260678125 0.81796875 0.2515625 0.8125 0.24921875 0.81171875 0.2421875 0.79921875 0.2328125 0.7859375 0.225 0.7671875 0.221875 0.7609375 0.21796875 0.68046875 0.2109375 0.675 0.22265625 0.65859375 0.225
0 0.4890625 0.22578125 0.4875 0.23203125 0.52109375 0.24453125 0.54140625 0.24609375 0.6 0.24296875 0.63125 0.23671875 0.67265625 0.21953125 0.68046875 0.2125 0.66640625 0.20078125 0.63046875 0.1875 0.52578125 0.190625 0.51015625 0.2171875
0 0.3328125 0.25390625 0.33046875 0.25546875 0.3328125 0.26015625 0.35625 0.27109375 0.3609375 0.2765625 0.37265625 0.27734375 0.475 0.27421875 0.52421875 0.26015625 0.528125 0.2515625 0.49453125 0.23515625 0.47421875 0.23125 0.39140625 0.2296875 0.37955937500000003 0.2269171875 0.38445078125 0.23269921875000002 0.39378984375 0.24381953125 0.36953125 0.2484375 0.3453125 0.25
0 0.1890625 0.19609375 0.18984375 0.20859375 0.1953125 0.21640625 0.22578125 0.23125 0.2265625 0.2359375 0.23203125 0.2390625 0.25234375 0.24453125 0.32421875 0.25390625 0.3734375 0.2484375 0.38359375 0.2359375 0.37578125 0.2328125 0.3703125 0.22421875 0.32734375 0.20703125 0.32265625 0.19921875 0.25625 0.18203125 0.234375 0.18046875 0.228125 0.17734375 0.22265625 0.184375
0 0.01875 0.22109375 0.0171875 0.2265625 0.03671875 0.24375 0.14921875 0.25390625 0.21328125 0.24765625 0.22578125 0.2359375 0.171875 0.20078125 0.05703125 0.19453125 0.03671875 0.2
0 0.01484375 0.25546875 0.01484375 0.26328125 0.040625 0.2875 0.06640625 0.3 0.165625 0.31484375 0.19453125 0.3109375 0.2109375 0.30390625 0.2140625 0.29921875 0.21328125 0.29296875 0.2015625 0.284375 0.17734375 0.275 0.15234375 0.27109375 0.15078125 0.26796875 0.18209765625000002 0.25514296875000003 0.14609375 0.2546875 0.0328125 0.24609375
0 0.5328125 0.24921875 0.5279507812500001 0.2618828125 0.5203125 0.2625 0.5015625 0.26640625 0.48203125 0.27578125 0.484375 0.2875 0.49296875 0.29296875 0.52421875 0.3 0.5578125 0.30078125 0.60234375 0.29609375 0.61484375 0.2984375 0.65390625 0.28828125 0.6578125 0.28203125 0.67109375 0.27890625 0.67109375 0.275 0.6578125 0.26484375 0.62265625 0.24453125
0 0.81484375 0.24375 0.83533828125 0.26316171875 0.7828125 0.265625 0.78515625 0.27890625 0.7984375 0.28828125 0.8140625 0.29375 0.83984375 0.29375 0.90390625 0.30390625 0.9359375 0.30546875 0.95078125 0.303125 0.97890625 0.284375 0.96015625 0.2625 0.9390625 0.2515625 0.86484375 0.2390625 0.82578125 0.23984375
0 0.6203125 0.29765625 0.61875 0.29921875 0.6296875 0.30703125 0.64609375 0.31328125 0.65390625 0.3234375 0.78359375 0.31953125 0.79453125 0.30703125 0.8109375 0.3 0.80703125 0.2953125 0.775 0.278125 0.69609375 0.27109375 0.6765625 0.2734375 0.6671875 0.2828125 0.6515625 0.290625
0 0.79296875 0.31328125 0.7890625 0.321875 0.79765625 0.3296875 0.81796875 0.3375 0.859375 0.340625 0.8640625 0.3453125 0.91953125 0.35 0.94453125 0.35546875 0.95078125 0.35078125 0.95625 0.33515625 0.95625 0.3171875 0.95 0.30546875 0.89375 0.30390625 0.85859375 0.2984375 0.82109375 0.29921875 0.80703125 0.30625 0.7984375 0.30703125
0 0.3390625 0.30703125 0.33984375 0.3140625 0.3515625 0.32578125 0.375 0.33671875 0.3890625 0.33828125 0.4546875 0.3390625 0.4703125 0.33671875 0.509375 0.3265625 0.528125 0.3140625 0.51484375 0.30234375 0.48359375 0.29140625 0.47421875 0.28046875 0.4546875 0.27890625 0.37265625 0.28125
0 0.171875 0.26328125 0.17109375 0.271875 0.1984375 0.28125 0.21640625 0.29296875 0.33046875 0.30234375 0.353125 0.29375 0.36328125 0.2828125 0.3546875 0.27265625 0.33515625 0.265625 0.32265625 0.25703125 0.28984375 0.253125 0.23984375 0.24140625 0.22890625 0.2421875 0.21953125 0.24921875 0.19140625 0.25234375 0.17578125 0.2578125
0 0.1796875 0.3265625 0.17890625 0.33203125 0.1921875 0.34296875 0.22734375 0.3578125 0.26171875 0.365625 0.33125 0.3703125 0.3703125 0.3609375 0.37125546875 0.34409921875 0.37081015625 0.33742734375 0.3665859375 0.335203125 0.3453125 0.32265625 0.34323984375 0.320746875 0.33857109375 0.31741015625 0.3367921875 0.30384375 0.29943906249999996 0.30273125 0.27265625 0.3 0.225 0.296875 0.209375 0.309375 0.19453125 0.31328125
0 0.01875 0.321875 0.01796875 0.32578125 0.04453125 0.3515625 0.06875 0.35859375 0.1359375 0.3703125 0.1796875 0.37265625 0.2015625 0.37109375 0.21171875 0.36171875 0.20588828124999997 0.35143828125 0.18125 0.33828125 0.17578125 0.3328125 0.17578125 0.325 0.16171875 0.31796875 0.08828125 0.30703125 0.04453125 0.29609375 0.0296875 0.31796875
0 0.02109375 0.378125 0.0171875 0.384375 0.01796875 0.39140625 0.02578125 0.39921875 0.05 0.41015625 0.0765625 0.41640625 0.14140625 0.4265625 0.19140625 0.43046875 0.20390625 0.42734375 0.21640625 0.41640625 0.2 0.40703125 0.1703125 0.39921875 0.16158671875 0.39850859375000003 0.16047499999999998 0.390725 0.17181484375 0.38338515625 0.181375 0.37404375 0.1578125 0.375 0.04375 0.35546875
0 0.171875 0.390625 0.171875 0.39609375 0.1765625 0.4 0.2078125 0.41171875 0.2296875 0.415625 0.33515625 0.421875 0.35703125 0.41640625 0.36640625 0.41171875 0.3671875 0.40859375 0.3546875 0.39765625 0.33828125 0.38984375 0.32578125 0.38984375 0.3140625 0.384375 0.31171875 0.3765625 0.30703125 0.3734375 0.23203125 0.36171875 0.222953125 0.36081953125 0.2178390625 0.36549062499999996 0.21171875 0.37109375 0.19375 0.37578125 0.17734375 0.38359375
0 0.37421875 0.340625 0.371875 0.3546875 0.37421875 0.3625 0.3234375 0.3765625 0.32734375 0.38203125 0.3609375 0.39609375 0.3796875 0.4 0.43984375 0.39921875 0.47890625 0.40234375 0.50390625 0.38828125 0.49765625 0.37421875 0.478125 0.36640625 0.45859375 0.365625 0.45546875 0.353125 0.4611921875 0.3416984375 0.449853125 0.34080937499999997 0.4234375 0.3421875
0 0.4625 0.3453125 0.45859375 0.3609375 0.4890625 0.36796875 0.50546875 0.3671875 0.6203125 0.34296875 0.63515625 0.3359375 0.6453125 0.325 0.646875 0.31796875 0.615625 0.3015625 0.5546875 0.30234375 0.5197796875 0.30184296875 0.53578828125 0.31185078125 0.52421875 0.3203125 0.50859375 0.328125 0.4734375 0.3375
0 0.63671875 0.33984375 0.63359375 0.34609375 0.6359375 0.35703125 0.64765625 0.359375 0.675 0.37265625 0.68046875 0.37890625 0.71484375 0.38203125 0.7828125 0.38125 0.79453125 0.37265625 0.80859375 0.37265625 0.8109375 0.36875 0.821875 0.36484375 0.81796875 0.35078125 0.81071328125 0.34125703125 0.7884796875 0.32479921875 0.7691359375 0.322575 0.66328125 0.3265625 0.6515625 0.32890625
0 0.78671875 0.378125 0.78671875 0.38125 0.7984375 0.38828125 0.83828125 0.396875 0.95078125 0.4 0.975 0.3921875 0.97421875 0.384375 0.96640625 0.3734375 0.95 0.359375 0.88046875 0.3484375 0.8359375 0.34765625 0.83359375 0.35 0.82578125 0.346875 0.82109375 0.34921875 0.825 0.36171875 0.821875 0.3703125 0.8109375 0.37421875 0.79765625 0.3734375
0 0.7828125 0.421875 0.78203125 0.43125 0.7890625 0.4375 0.82578125 0.44765625 0.8484375 0.44921875 0.90390625 0.44765625 0.940625 0.44296875 0.96640625 0.42890625 0.96953125 0.4234375 0.96875 0.41953125 0.95078125 0.403125 0.8546875 0.3984375 0.83203125 0.39921875 0.8109375 0.41171875 0.7984375 0.4140625
0 0.634375 0.403125 0.63203125 0.4078125 0.63359375 0.4140625 0.684375 0.4296875 0.703125 0.43203125 0.77890625 0.4234375 0.81875 0.40703125 0.82265625 0.4 0.815625 0.39453125 0.7796875 0.38359375 0.6875 0.3828125 0.65703125 0.3890625
0 0.4859375 0.40078125 0.48203125 0.4078125 0.48671875 0.4140625 0.5046875 0.41875 0.55625 0.41015625 0.5796875 0.41015625 0.646875 0.390625 0.665625 0.38046875 0.671875 0.37265625 0.6345632812499999 0.35926796875 0.63167265625 0.34970390625 0.631228125 0.34058515625 0.61677578125 0.3459234375 0.5875 0.35234375 0.5078125 0.36875 0.5015625 0.3765625 0.50546875 0.38828125
0 0.0265625 0.44609375 0.028125 0.45390625 0.05 0.46328125 0.10234375 0.47265625 0.18359375 0.4828125 0.209375 0.478125 0.20859375 0.47421875 0.21171875 0.47109375 0.20546875 0.465625 0.20234375 0.4671875 0.19375 0.4625 0.184375 0.4671875 0.18125 0.46484375 0.17890625 0.46015625 0.18203125 0.44296875 0.1796875 0.43671875 0.14609375 0.428125 0.06796875 0.41640625 0.05 0.415625 0.04453125 0.41796875 0.0328125 0.43125
0 0.025 0.49921875 0.02578125 0.5140625 0.05234375 0.525 0.171875 0.53984375 0.20234375 0.5375 0.21015625 0.5328125 0.20859375 0.528125 0.1984375 0.5203125 0.171875 0.5125 0.167034375 0.51103984375 0.167034375 0.5070359375 0.175 0.49765625 0.18193125000000002 0.48590703125 0.08359375 0.47109375 0.0484375 0.46640625 0.03046875 0.48359375
0 0.02578125 0.55234375 0.025 0.5640625 0.04921875 0.575 0.1640625 0.5859375 0.18125 0.58515625 0.21739453125 0.5836812499999999 0.21739453125 0.57678671875 0.17578125 0.5703125 0.17265625 0.56171875 0.175 0.546875 0.159375 0.5390625 0.0484375 0.5265625 0.0359375 0.53671875
0 0.02890625 0.59765625 0.02890625 0.6078125 0.0546875 0.6203125 0.15546875 0.6359375 0.1859375 0.63671875 0.20994609375 0.6393757812499999 0.21016875000000002 0.63470546875 0.21061328124999998 0.63136875 0.18125 0.615625 0.196828125 0.5897789062500001 0.16953125 0.5875 0.04453125 0.5765625 0.03671875 0.58359375
0 0.03046875 0.64375 0.03125 0.66328125 0.0515625 0.67421875 0.1609375 0.6984375 0.1859375 0.6984375 0.20234375 0.6921875 0.207 0.68756328125 0.20078125 0.6796875 0.16484375 0.66875 0.165625 0.66171875 0.16953125 0.65546875 0.17578125 0.65390625 0.17734375 0.64609375 0.16171875 0.63828125 0.0515625 0.62265625 0.04140625 0.6296875
0 0.03828125 0.68671875 0.0328125 0.70078125 0.0359375 0.709375 0.040625 0.715625 0.06015625 0.72421875 0.1734375 0.746875 0.18982421875 0.74448046875 0.2102796875 0.7389203125 0.209390625 0.7275773437499999 0.172259375 0.7193484375 0.17265625 0.7125 0.1765625 0.7046875 0.171875 0.70078125 0.11953125 0.6921875 0.053125 0.67578125 0.0453125 0.67734375
0 0.03671875 0.75546875 0.0359375 0.76796875 0.03828125 0.77109375 0.0609375 0.77578125 0.196875 0.78671875 0.21244765625 0.7887796875 0.21328125 0.77265625 0.2160046875 0.768540625 0.215115625 0.760534375 0.19921875 0.75859375 0.18125 0.75390625 0.16953125 0.746875 0.065625 0.7265625 0.05859375 0.7265625 0.053125 0.73046875 0.040625 0.7453125
0 0.03828125 0.7984375 0.0390625 0.81015625 0.05390625 0.8125 0.0609375 0.8171875 0.10625 0.8203125 0.13046875 0.81875 0.1890625 0.8328125 0.19609375 0.83125 0.2046875 0.83515625 0.20703125 0.8328125 0.2125 0.834375 0.21640625 0.83046875 0.2140625 0.81875 0.20859375 0.8140625 0.18828125 0.80859375 0.18203125 0.790625 0.171875 0.7859375 0.05703125 0.778125 0.05078125 0.78125
0 0.046875 0.8328125 0.040625 0.84921875 0.05078125 0.85703125 0.17578125 0.8609375 0.215625 0.8609375 0.21875 0.85703125 0.20221953125 0.8481476562499999 0.18999140625 0.84859296875 0.19377109374999998 0.8359156249999999 0.1786515625 0.8314671875 0.13125 0.82109375 0.06015625 0.8171875
0 0.22109375 0.82109375 0.21953125 0.82578125 0.2160046875 0.8383687500000001 0.194215625 0.84148203125 0.2008859375 0.8470421874999999 0.21867343749999998 0.8534921875 0.23125 0.85546875 0.32578125 0.8625 0.3359375 0.865625 0.340625 0.86484375 0.34453125 0.85859375 0.3453125 0.84921875 0.340625 0.84453125 0.325 0.8421875 0.30234375 0.83359375
0 0.19140625 0.7984375 0.1890625 0.80234375 0.19765625 0.803125 0.221875 0.81953125 0.26328125 0.828125 0.28359375 0.82890625 0.3296875 0.84140625 0.36942109375 0.8506585937500001 0.36853125000000003 0.8230796874999999 0.32673125000000003 0.8179640625 0.31875 0.8125 0.3234375 0.8 0.3234375 0.7875 0.303125 0.78203125 0.24765625 0.77109375 0.2203125 0.7703125 0.21484375 0.78671875 0.20234375 0.790625
0 0.37186640625 0.82522109375 0.3723109375 0.8482046875 0.362528125 0.85176328125 0.34985468750000004 0.8513187500000001 0.34207265625 0.863328125 0.3529671875 0.86844375 0.3885421875 0.8704453125 0.4621375 0.8611046874999999 0.5119421875 0.84464609375 0.5094960937499999 0.8413101562499999 0.49170859375 0.8406429687499999 0.48214843749999997 0.82952265625 0.46102578125000004 0.82752109375 0.42967578125 0.8266312499999999 0.39321171875 0.8259640625
0 0.65336953125 0.8475546875 0.6290890625000001 0.85615390625 0.60753203125 0.8635734375 0.6091546875 0.8753984375 0.6290890625000001 0.8791085937500001 0.70604453125 0.8638054687500001 0.78809921875 0.8505890624999999 0.80409375 0.8459515625 0.7915765625 0.8352859374999999 0.78021875 0.8213742187499999 0.76677421875 0.810940625 0.7236609374999999 0.81882421875 0.674984375 0.82624375 0.66153984375 0.83018515625 0.6705796875 0.8403875 0.6719710937500001 0.8450242187500001
0 0.78578125 0.82350625 0.83225625 0.8217296875000001 0.8980859375 0.8166289062500001 0.91639765625 0.819875 0.937490625 0.84862578125 0.9407359375000001 0.8585960937499999 0.92590078125 0.8583640625 0.8510320312499999 0.86091484375 0.7914609375 0.86508828125 0.7555328125 0.8655523437499999 0.745796875 0.8618421875 0.76271796875 0.85743671875 0.79911015625 0.85326328125 0.8072226562499999 0.8474671875 0.80305 0.8416703125 0.79122890625 0.8333234375
0 0.4827109375 0.8762390625 0.490128125 0.863628125 0.50195 0.8527304687499999 0.5160890625000001 0.8453109375000001 0.53509609375 0.8300078125000001 0.58099140625 0.81957421875 0.6090390625000001 0.81493671875 0.6227148437500001 0.8156328125 0.6159921875000001 0.8320945312499999 0.63337734375 0.8332539062500001 0.65748359375 0.8297765625 0.665828125 0.83789140625 0.6690734375 0.84322421875 0.6516890625 0.846934375 0.63360859375 0.85041171875 0.6143703125 0.85991875 0.596521875 0.86501953125 0.5705609375 0.86849765625 0.53509609375 0.87452578125 0.5007906249999999 0.87916328125 0.48294296875000003 0.8810179687499999
0 0.62352578125 0.82493359375 0.6265390625 0.8124132812499999 0.6636265625 0.8008203125 0.67869296875 0.79247265625 0.685878125 0.7866765625000001 0.74869453125 0.77693828125 0.76584765625 0.7767062499999999 0.7823046875 0.78227109375 0.79899375 0.7894585937499999 0.7955171875 0.7961828125 0.7890265624999999 0.80244296875 0.7665429687499999 0.8087031250000001 0.74452265625 0.8128765625 0.7104484375 0.8158914062499999 0.66733515625 0.82493359375 0.64485078125 0.829803125 0.63071171875 0.8311937500000001 0.6225984375 0.830034375
0 0.8386304687499999 0.7858625 0.8676046875000001 0.7826164062500001 0.90724140625 0.77658828125 0.9206859375 0.77797890625 0.93297109375 0.7881812499999999 0.9422421875 0.79490546875 0.9406203124999999 0.80209296875 0.9255531250000001 0.81206328125 0.91767265625 0.8183234374999999 0.8993609375 0.815309375 0.8710820312499999 0.8160046875000001 0.8198554687499999 0.8206421875000001 0.7883312499999999 0.822496875 0.7769734374999999 0.8194828125000001 0.7718742187500001 0.8113671874999999 0.78137734375 0.80788984375 0.79273515625 0.80325234375 0.8017757812499999 0.78980390625 0.80664296875 0.78447109375 0.82843203125 0.78447109375
0 0.7763359375000001 0.7738171875 0.80786015625 0.7608328125 0.8287210937499999 0.7582828125 0.8284898437500001 0.7527179687500001 0.81203203125 0.7457617187500001 0.82315859375 0.74042890625 0.88504765625 0.73509609375 0.923525 0.73092265625 0.9332609375 0.73416875 0.9439234375 0.7457617187500001 0.9480953124999999 0.74808046875 0.9416054687500001 0.76106484375 0.9346515625 0.7726578125 0.9144851562499999 0.77451328125 0.8908421875 0.7761359375 0.8560734374999999 0.78054140625 0.831503125 0.7814687499999999 0.8104093750000001 0.7819328125 0.79603828125 0.78401953125 0.78514453125 0.78123671875 0.77540859375 0.7784546875
0 0.6623515624999999 0.7982984375 0.6171515624999999 0.812065625 0.5666203125 0.8192539062499999 0.53440078125 0.8278328125 0.5242023437500001 0.830846875 0.51632109375 0.8280640625 0.50751328125 0.8162390625 0.50704921875 0.8060375000000001 0.5121484374999999 0.7877203125000001 0.548540625 0.7805328125 0.61483359375 0.77148984375 0.64009921875 0.76824375 0.6356953125 0.77798203125 0.63731796875 0.7835468750000001 0.6565562500000001 0.78748828125 0.6785765625 0.78795234375 0.67463671875 0.7911984375000001
0 0.5128445312500001 0.7849703124999999 0.5079765625 0.79501640625 0.50287734375 0.8089281250000001 0.5121492187500001 0.82770859375 0.51307578125 0.83234609375 0.50310859375 0.83118671875 0.4785390625 0.8272453125 0.39833828125 0.82353515625 0.354065625 0.82052109375 0.33227656250000004 0.8175070312500001 0.3230046875 0.81495625 0.324859375 0.8052179687500001 0.3362171875 0.7910742187500001 0.348734375 0.7871328125 0.36913203125 0.78875546875 0.3693640625 0.7727570312500001 0.40784140625000004 0.7725257812499999 0.46973046875 0.7762351562500001 0.48224765625000005 0.7766992187499999 0.47181640625 0.7848140625 0.47413437500000005 0.78991484375 0.49638671875 0.78574140625 0.5105265625000001 0.7848140625
0 0.3647859375 0.77280078125 0.36716171875 0.78593125 0.35186328125 0.78616328125 0.32868359375 0.7843078125 0.27722578124999997 0.7759609375000001 0.22414453124999997 0.76390390625 0.206296875 0.75857109375 0.1870578125 0.754165625 0.17871328125 0.7486015625 0.19540234375 0.7441960937500001 0.21394609375 0.7418773437499999 0.21394609375 0.7314429687499999 0.22576718750000002 0.73121171875 0.270271875 0.7381671875 0.31709453125 0.7428046875 0.3161671875 0.74952890625 0.30990859375 0.75764375 0.30990859375 0.76228125 0.32265703125 0.7676140625000001 0.34305546875 0.7676140625000001 0.3613671875 0.76923671875
0 0.17935078124999998 0.7087679687499999 0.19070859375 0.700334375 0.20600703125000003 0.6950015625 0.2157421875 0.6834078124999999 0.24610703125 0.6880453125 0.3061421875 0.6945375 0.32723515625 0.69778359375 0.32190390625 0.7086812499999999 0.34670546875 0.7140140625 0.361540625 0.7140140625 0.36548125 0.7242164062499999 0.36385859374999996 0.738128125 0.35852734375 0.7418375 0.33349375000000003 0.7420695312500001 0.30660546875 0.74091015625 0.25607421874999997 0.73395390625 0.2215375 0.72908515625 0.20137109375 0.723984375 0.180278125 0.72050625 0.17749609375 0.71841953125 0.17541015625 0.71331875
0 0.32219375 0.74730390625 0.31454453125000004 0.7564859375 0.3163984375 0.76390625 0.328915625 0.76622421875 0.35047265625 0.7655289062499999 0.37434765625 0.768775 0.40911640625 0.7713257812500001 0.45431640624999997 0.7717890625 0.47981328124999995 0.7741078124999999 0.49511171875000004 0.7752671875 0.5018343749999999 0.77364453125 0.49696640625 0.760428125 0.49627109375 0.74999375 0.48468125000000006 0.750921875 0.48236328124999994 0.7404875 0.4874625 0.72935859375 0.48097265624999996 0.7263437500000001 0.4480578125 0.7261124999999999 0.39775859375 0.7210109375 0.37017500000000003 0.7170695312500001 0.36785703125 0.7244890625 0.36669843750000003 0.7344593749999999 0.36414843750000003 0.74071953125 0.358353125 0.74257421875 0.34351875 0.74419765625 0.33401484375 0.7446609375000001 0.32474375 0.7446609375000001 0.32196171875 0.74767578125
0 0.5084984375 0.74759375 0.50235546875 0.7543359374999999 0.50421015625 0.7696390625 0.495865625 0.7779859375 0.48172578125000004 0.7809999999999999 0.48033515624999995 0.7861015625000001 0.51487265625 0.78285546875 0.55172734375 0.7779859375 0.6094445312500001 0.7691749999999999 0.6483859375 0.76453828125 0.6611343749999999 0.7531765625 0.65163046875 0.74761171875 0.6342460937500001 0.74065625 0.63076953125 0.7246578125 0.6335507812500001 0.7146874999999999 0.6265968749999999 0.7146874999999999 0.6138484375 0.719325 0.59159609375 0.7246578125 0.56957578125 0.7260484375 0.53364765625 0.734859375 0.51881328125 0.7404242187500001
0 0.669015625 0.7441164062500001 0.73478671875 0.73080390625 0.7561117187499999 0.73080390625 0.7665429687499999 0.73636796875 0.78809921875 0.7400781249999999 0.82055078125 0.751903125 0.8240273437500001 0.75283046875 0.8094250000000001 0.7572359375 0.7832320312500001 0.7644234375 0.754953125 0.77230703125 0.6865734375 0.78227734375 0.64740078125 0.78366796875 0.6383609375 0.7774078125 0.64809609375 0.76975625 0.66200390625 0.7572359375
0 0.63482578125 0.72615234375 0.6410843749999999 0.7141265625 0.6600914062500001 0.7057789062500001 0.6719125 0.69233125 0.71201328125 0.6823609375 0.76068984375 0.67841953125 0.772975 0.67841953125 0.7750609374999999 0.69325859375 0.77830625 0.70438828125 0.795459375 0.6972 0.8167843749999999 0.7034609374999999 0.824896875 0.709953125 0.8019492187499999 0.71505390625 0.7504906250000001 0.7217781249999999 0.697178125 0.73151640625 0.66101875 0.7400953125 0.64525625 0.74334140625 0.63621640625 0.73522578125
0 0.8330093749999999 0.6905140624999999 0.8858007812500001 0.6820125 0.9214968750000001 0.6738976562500001 0.9432859375 0.70172109375 0.95719296875 0.7202703125000001 0.9511664062499999 0.72166171875 0.9233515625000001 0.72768984375 0.8804695312499999 0.73116796875 0.8285476562499999 0.73487734375 0.798878125 0.73905078125 0.78056640625 0.7369640625 0.76920859375 0.7297765625 0.77198984375 0.7237484375000001 0.7842749999999999 0.720965625 0.8255343749999999 0.7121546875 0.8294750000000001 0.70821328125 0.8213617187500001 0.70172109375 0.81116328125 0.6977796875 0.82391171875 0.69337421875
0 0.77737890625 0.6748390625 0.8130750000000001 0.66394140625 0.8149296874999999 0.653971875 0.84575859375 0.64585625 0.88794453125 0.63890078125 0.9375484374999999 0.63078515625 0.95122421875 0.64376953125 0.95586015625 0.6511890625000001 0.9493703124999999 0.6595359375000001 0.9296679687499999 0.670665625 0.9166874999999999 0.6736796875 0.8819179687500001 0.6790125 0.84598984375 0.68620078125 0.81724765625 0.6910695312499999 0.78989609375 0.6968664062500001 0.7776109375 0.6996484374999999 0.77598828125 0.68736015625
0 0.77890625 0.63046875 0.77734375 0.634375 0.7921875 0.64609375 0.81953125 0.65 0.93515625 0.63359375 0.95625 0.62265625 0.959375 0.61484375 0.93515625 0.59140625 0.928125 0.58828125 0.90234375 0.5890625 0.8083234375 0.59938515625 0.82338984375 0.61839765625 0.8015625 0.6234375 0.7984375 0.621875 0.784375 0.62578125
0 0.7890625 0.5765625 0.78671875 0.5796875 0.78828125 0.5875 0.803125 0.596875 0.834375 0.596875 0.878125 0.58828125 0.896875 0.5875 0.9125 0.58203125 0.925 0.58203125 0.946875 0.56875 0.95625 0.559375 0.953125 0.55234375 0.94453125 0.5453125 0.83515625 0.55234375 0.81953125 0.55546875 0.80625 0.56796875
0 0.778125 0.53125 0.7765625 0.53359375 0.7828125 0.54296875 0.81015625 0.55390625 0.92734375 0.54609375 0.94296875 0.54296875 0.9640625 0.5328125 0.9640625 0.52890625 0.94296875 0.5015625 0.93125 0.5 0.9011164062500001 0.50390625 0.8375 0.50546875 0.82421875 0.5125 0.8297062499999999 0.5208625 0.8130171875000001 0.52294921875 0.8021234375 0.5275859374999999 0.79447421875 0.5285140625
0 0.7859375 0.48203125 0.7890625 0.49921875 0.80625 0.5046875 0.90546875 0.5015625 0.95078125 0.4953125 0.96875 0.4859375 0.9625 0.46640625 0.95078125 0.453125 0.9380124999999999 0.44528828125000003 0.9203125 0.45 0.85546875 0.4515625 0.8441359374999999 0.45154843749999996 0.8330093749999999 0.45270781250000003 0.8425132812499999 0.46754687500000003 0.82890625 0.46875
0 0.64765625 0.4625 0.6484375 0.46875 0.66953125 0.4859375 0.6765625 0.48203125 0.73984375 0.484375 0.778125 0.48125 0.8265625 0.46796875 0.8296875 0.45859375 0.82265625 0.45078125 0.77890625 0.434375 0.74296875 0.43125 0.6984375 0.43671875 0.690625 0.4453125 0.67421875 0.4515625 0.659375 0.453125
0 0.50546875 0.42890625 0.5046875 0.44765625 0.51484375 0.46015625 0.525 0.4609375 0.52890625 0.4640625 0.64453125 0.45625 0.68203125 0.446875 0.69296875 0.4390625 0.67421875 0.42734375 0.6406203125000001 0.42159375 0.62265625 0.40625 0.5203125 0.41796875
0 0.34921875 0.42265625 0.34921875 0.434375 0.36953125 0.4484375 0.44921875 0.45859375 0.49765625 0.46796875 0.50703125 0.4640625 0.50625 0.4546875 0.5 0.44609375 0.50078125 0.42734375 0.47421875 0.41171875 0.44375 0.403125 0.3890625 0.40390625 0.359375 0.421875
0 0.18203125 0.45078125 0.18125 0.459375 0.18515625 0.4640625 0.2078125 0.465625 0.21796875 0.47421875 0.33515625 0.46796875 0.365625 0.4625 0.371875 0.45546875 0.353125 0.44140625 0.34453125 0.43046875 0.33515625 0.42578125 0.23984375 0.41640625 0.23203125 0.4171875 0.19609375 0.43359375
0 0.1765625 0.4984375 0.17265625 0.50546875 0.17578125 0.5140625 0.1921875 0.51640625 0.2140625 0.5265625 0.31015625 0.53359375 0.3375 0.5328125 0.34921875 0.52890625 0.35546875 0.52265625 0.35546875 0.51328125 0.35 0.50546875 0.32265625 0.49609375 0.3125 0.484375 0.3281046875 0.4712546875 0.27265625 0.475 0.2265625 0.47734375 0.2046875 0.4859375 0.190625 0.48671875
0 0.3203125 0.4859375 0.31953125 0.48984375 0.32734375 0.49609375 0.35546875 0.50390625 0.39921875 0.509375 0.48203125 0.5125 0.50546875 0.50390625 0.5109375 0.49765625 0.4984375 0.478125 0.4859375 0.46953125 0.459375 0.4625 0.39609375 0.45390625 0.3796875 0.45390625 0.37109375 0.465625 0.334375 0.47265625 0.32890625 0.4765625 0.3265625 0.48359375
0 0.48359375 0.51796875 0.48515625 0.5265625 0.49765625 0.528125 0.58359375 0.5171875 0.6421875 0.50390625 0.653125 0.4984375 0.6609375 0.4859375 0.64765625 0.47421875 0.6265625 0.46640625 0.6015625 0.46328125 0.55234375 0.46484375 0.53984375 0.46796875 0.5375 0.4734375 0.53046875 0.47578125 0.51171875 0.4765625 0.50546875 0.4828125 0.51015625 0.48828125 0.5125 0.50078125 0.48671875 0.5125
0 0.63828125 0.51015625 0.63671875 0.5140625 0.6421875 0.51953125 0.66875 0.53125 0.68515625 0.534375 0.759375 0.53671875 0.8240859374999999 0.5167507812500001 0.77265625 0.48984375 0.740625 0.48671875 0.67890625 0.48671875 0.665625 0.48984375 0.659375 0.50234375
0 0.1765625 0.55234375 0.17578125 0.565625 0.18676796874999999 0.5700093749999999 0.2022984375 0.5716328125000001 0.23203125 0.58046875 0.321875 0.5890625 0.353125 0.58359375 0.36015625 0.5734375 0.359375 0.5671875 0.353125 0.56015625 0.340625 0.553125 0.32578125 0.55 0.32109375 0.53984375 0.3046875 0.5359375 0.21875 0.5296875 0.21640625 0.5375 0.18203125 0.5453125
0 0.3296875 0.5421875 0.32890625 0.5453125 0.3328125 0.5484375 0.35703125 0.55703125 0.47734375 0.56875 0.4875 0.56484375 0.4921875 0.5484375 0.490625 0.5328125 0.478125 0.52890625 0.47421875 0.5234375 0.44375 0.51484375 0.41953125 0.51171875 0.37265625 0.5109375 0.36640625 0.51328125 0.35546875 0.528125 0.3453125 0.53203125 0.3421875 0.53828125 0.3375 0.53671875
0 0.49609375 0.53515625 0.49453125 0.55 0.48515625 0.571875 0.490625 0.5765625 0.54453125 0.571875 0.5984375 0.559375 0.61796875 0.5578125 0.659375 0.5453125 0.6796875 0.54453125 0.6796875 0.53671875 0.67578125 0.53359375 0.65859375 0.53125 0.646875 0.525 0.63828125 0.52421875 0.634375 0.51953125 0.60859375 0.515625 0.50234375 0.5296875
0 0.62734375 0.559375 0.6265625 0.56953125 0.63046875 0.57578125 0.66171875 0.5859375 0.67734375 0.5875 0.77526015625 0.5765625 0.78359375 0.578125 0.8015625 0.56796875 0.8078125 0.56015625 0.796875 0.55078125 0.771875 0.5421875 0.715625 0.5359375 0.696875 0.5359375 0.68828125 0.5390625 0.6796875 0.54765625 0.65 0.5515625
0 0.634375 0.61640625 0.63359375 0.63046875 0.63828125 0.6375 0.65234375 0.6421875 0.6703125 0.64296875 0.67734375 0.6421875 0.68046875 0.6375 0.690625 0.6390625 0.728125 0.63125 0.7671875 0.63046875 0.7984375 0.62109375 0.80625 0.61640625 0.80859375 0.6109375 0.79765625 0.59765625 0.77890625 0.5875 0.72890625 0.584375 0.69453125 0.58671875 0.67421875 0.59140625
0 0.48828125 0.62265625 0.48671875 0.63046875 0.49296875 0.634375 0.521875 0.634375 0.6 0.6140625 0.63203125 0.61015625 0.66640625 0.59140625 0.65703125 0.5859375 0.63046875 0.57890625 0.62265625 0.57109375 0.6125 0.56875 0.584375 0.56875 0.52421875 0.57734375 0.51328125 0.5875 0.51953125 0.60234375 0.5171875 0.61015625 0.50546875 0.61171875
0 0.34453125 0.5890625 0.326365625 0.59643046875 0.33308828125 0.6015312500000001 0.34259140625 0.60176328125 0.3453125 0.6 0.37265625 0.61015625 0.49375 0.6140625 0.515625 0.60625 0.51015625 0.5890625 0.50546875 0.584375 0.4734375 0.57109375 0.45625 0.56796875 0.3703125 0.56171875 0.36640625 0.565625 0.36328125 0.578125 0.35533984375 0.58646015625
0 0.1875 0.6046875 0.1859375 0.61875 0.20390625 0.63203125 0.21171875 0.6296875 0.27421875 0.6328125 0.30234375 0.63046875 0.31796875 0.634375 0.35390625 0.63046875 0.37109375 0.62578125 0.3734375 0.62265625 0.36484375 0.6109375 0.33125 0.6046875 0.3234375 0.59921875 0.321875 0.59140625 0.29609375 0.5875 0.2265625 0.5828125 0.19765625 0.59140625
0 0.32109375 0.64296875 0.31953125 0.65 0.321875 0.65625 0.3375 0.66171875 0.340625 0.659375 0.35390625 0.6625 0.3609375 0.66640625 0.3984375 0.6640625 0.47421875 0.66640625 0.49140625 0.66171875 0.5015625 0.65390625 0.49765625 0.64375 0.47890625 0.6328125 0.471875 0.62265625 0.44296875 0.615625 0.38359375 0.6140625 0.378125 0.62265625 0.3796875 0.6265625 0.3703125 0.63125 0.32734375 0.63828125
0 0.4875 0.66875 0.4859375 0.6875 0.48984375 0.6921875 0.49921875 0.69453125 0.6 0.67421875 0.60741640625 0.670959375 0.61171875 0.66953125 0.62890625 0.665625 0.6546875 0.6546875 0.6625 0.6546875 0.6720867187499999 0.65310546875 0.66171875 0.64921875 0.6502984374999999 0.6456859374999999 0.636621875 0.64012109375 0.62943671875 0.6327015625 0.631059375 0.6125296875 0.5976804687499999 0.6178625 0.583309375 0.62296328125 0.559375 0.62890625 0.5140625 0.63984375 0.50703125 0.64453125 0.50234375 0.6609375
0 0.6421875 0.665625 0.634375 0.67265625 0.634375 0.6765625 0.64140625 0.68515625 0.65390625 0.6890625 0.66211953125 0.68864140625 0.6706960937499999 0.6856265625 0.72400859375 0.6802937499999999 0.733203125 0.67890625 0.7710625 0.6768164062500001 0.78828125 0.67109375 0.80625 0.66171875 0.80625 0.65703125 0.76484375 0.63671875 0.7296875 0.63515625 0.6796875 0.64375 0.6737093749999999 0.6550210937500001 0.64765625 0.66484375
0 0.48828125 0.7359375 0.48566640625 0.7485062499999999 0.49765625 0.746875 0.5015625 0.74296875 0.55546875 0.725 0.59765625 0.72109375 0.634375 0.7125 0.6595117187499999 0.703525 0.6701742187499999 0.6923953125 0.6458359375 0.69077265625 0.63046875 0.68046875 0.609375 0.6765625 0.58671875 0.67890625 0.53671875 0.6921875 0.5265625 0.69140625 0.5140625 0.69453125 0.50625 0.70078125 0.5116273437500001 0.72276953125 0.5127859375 0.72624765625 0.5086140625 0.7301890625 0.495865625 0.72485625
0 0.36015625 0.6734375 0.3625 0.6890625 0.3674515625 0.69558359375 0.3329140625 0.7023078125 0.32572812500000003 0.7085679687499999 0.34774921875000003 0.71135 0.35447109375 0.71135 0.36443828125 0.7120460937499999 0.3765625 0.71484375 0.40390625 0.71875 0.46364609375 0.72340703125 0.48515625 0.7265625 0.49632890625000003 0.7236390625 0.50907734375 0.7282765625 0.5113953125 0.72294375 0.50546875 0.71328125 0.5015625 0.70390625 0.48125 0.690625 0.4805671875 0.68329453125 0.4833484375 0.6670640624999999 0.4359375 0.66875 0.39296875 0.66796875 0.36875 0.66875
0 0.18125 0.64609375 0.171875 0.66171875 0.175 0.6703125 0.21953125 0.6828125 0.3359375 0.6984375 0.35 0.696875 0.3578125 0.690625 0.35703125 0.67734375 0.34921875 0.66484375 0.325 0.6625 0.31796875 0.6578125 0.3140625 0.646875 0.28828125 0.6359375 0.215625 0.6328125 0.20703125 0.640625 0.19296875 0.640625