0 0.640625 0.884375 0.63984375 0.88828125 0.6484375 0.89921875 0.6578125 0.9078125 0.665625 0.909375 0.7359375 0.90859375 0.7625 0.903125 0.7671875 0.90859375 0.77578125 0.9046875 0.7828125 0.90859375 0.79140625 0.9015625 0.82890625 0.89609375 0.8234375 0.884375 0.81328125 0.87578125 0.79375 0.8734375 0.77994765625 0.8690101562500001 0.771875 0.859375 0.74765625 0.85546875 0.7234375 0.8546875 0.6796875 0.859375 0.67421875 0.86171875 0.6640625 0.875 0.64765625 0.878125
0 0.509375 0.878125 0.50703125 0.8921875 0.51015625 0.90234375 0.5125 0.90625 0.52109375 0.90859375 0.6328125 0.90625 0.6553921875000001 0.9095656249999999 0.6362351562499999 0.88982265625 0.6359375 0.8796875 0.63046875 0.875 0.56953125 0.865625 0.525 0.86640625
0 0.31796875 0.88359375 0.3171875 0.88828125 0.32109375 0.890625 0.35625 0.90234375 0.37890625 0.9 0.4515625 0.90546875 0.48515625 0.91171875 0.4890625 0.909375 0.49375 0.9109375 0.4984375 0.90703125 0.50625 0.9078125 0.5015625 0.878125 0.41640625 0.85703125 0.37578125 0.85703125 0.3625 0.86796875 0.33984375 0.86875 0.33046875 0.87265625
0 0.1734375 0.87109375 0.1703125 0.8765625 0.1734375 0.8796875 0.1859375 0.88125 0.203125 0.8890625 0.20859375 0.88828125 0.2125 0.89296875 0.24453125 0.89453125 0.2578125 0.89921875 0.31796875 0.90859375 0.33984375 0.915625 0.35078125 0.91171875 0.35078125 0.9078125 0.3453125 0.90625 0.34140625 0.90078125 0.3286390625 0.8967906250000001 0.3171875 0.89375 0.3140625 0.8875 0.3171875 0.87265625 0.31015625 0.86484375 0.28828125 0.8578125 0.22734375 0.8515625 0.21171875 0.85703125 0.203125 0.86875 0.1765625 0.86875
0 0.03046875 0.89609375 0.02890625 0.90390625 0.0390625 0.9109375 0.08828125 0.90390625 0.18203125 0.90078125 0.21484375 0.90390625 0.21640625 0.9 0.20847421875 0.8938867187499999 0.20005703125 0.8912734375 0.166678125 0.8802406250000001 0.17103203125 0.8692078125 0.1546875 0.8671875 0.08359375 0.8640625 0.0484375 0.865625
0 0.825 0.87421875 0.821875 0.88046875 0.82578125 0.89296875 0.821875 0.8984375 0.79765625 0.9 0.79453125 0.90546875 0.790625 0.903125 0.78671875 0.90703125 0.77890625 0.9078125 0.78203125 0.91171875 0.790625 0.91328125 0.87109375 0.90859375 0.94296875 0.91015625 0.94921875 0.9078125 0.9546875 0.89921875 0.9609375 0.89921875 0.96328125 0.89375 0.9625 0.8875 0.95390625 0.875 0.928125 0.86875 0.86796875 0.8671875 0.83515625 0.8703125
0 0.775 0.85921953125 0.7800882812500001 0.8490046875000001 0.8322773437500001 0.84874375 0.8231437500000001 0.83621484375 0.81688125 0.82185859375 0.8852484374999999 0.8150718749999999 0.94135078125 0.8171601562499999 0.9520500000000001 0.8278625 0.9627484374999999 0.8406523437500001 0.9653578125 0.8578796875 0.9661406250000001 0.8672765625000001 0.9502234375 0.8688421875 0.91421328125 0.86623203125 0.8737671875 0.8646664062499999 0.8307109374999999 0.867015625 0.8124453125000001 0.871975 0.7999203125000001 0.8709304687499999 0.7876554687499999 0.8683203125000001 0.7811320312500001 0.8685812500000001
0 0.8104882812499999 0.76451953125 0.87102734375 0.75877734375 0.92478125 0.75564453125 0.9438296875000001 0.7603429687500001 0.9547898437500001 0.777309375 0.96392265625 0.78931640625 0.9667929687499999 0.8070656250000001 0.96705390625 0.812025 0.9435687500000001 0.81333046875 0.8827695312499999 0.81411328125 0.832146875 0.8162015625000001 0.784915625 0.8227273437499999 0.775 0.8203781250000001 0.7799578125 0.80784921875 0.79404921875 0.8057609375 0.8201429687499999 0.8036726562500001 0.82092578125 0.7968859375 0.8149242187500001 0.7859234374999999 0.8104882812499999 0.77391640625
0 0.6370265625 0.83899609375 0.6370265625 0.8275484375 0.6438109375 0.82050078125 0.6654695312500001 0.8181515625 0.65920703125 0.8022289062500001 0.67381953125 0.799096875 0.7338359375 0.8037953124999999 0.775065625 0.8030125 0.779240625 0.8053617187500001 0.77219453125 0.81580234375 0.7740218750000001 0.8225890625 0.7956796875000001 0.82572109375 0.81342421875 0.82676484375 0.8186429687500001 0.8338125 0.8251664062499999 0.84608046875 0.8249054687499999 0.8484296875 0.79855 0.8468632812499999 0.7745437500000001 0.847646875 0.775065625 0.8520843749999999 0.76645390625 0.8531281249999999 0.74323046875 0.85365 0.7140046875 0.8523453125 0.68216953125 0.8570437500000001 0.65816328125 0.8609585937500001 0.638853125 0.85130078125 0.6344171875 0.842165625 0.636765625 0.8395554687500001
0 0.47485078124999996 0.85051171875 0.48267890625 0.8327625 0.48372265625 0.81710078125 0.5045984375 0.81109765625 0.56096171875 0.81135859375 0.617325 0.81553515625 0.63689609375 0.8191890624999999 0.63533046875 0.8264976562499999 0.6337648437500001 0.83641640625 0.63298203125 0.8439859375 0.65203046875 0.8625187499999999 0.6637734375 0.8664335937500001 0.6632515625 0.871915625 0.65255234375 0.87348125 0.62358828125 0.8698273437499999 0.5687898437500001 0.861996875 0.5150359375 0.8625187499999999 0.48711484374999997 0.85808125
0 0.321546875 0.8266953125000001 0.35077265625 0.8178210937499999 0.35599140625 0.7935460937500001 0.41757343750000003 0.7951125 0.46115078125000003 0.8000718750000001 0.45541015625 0.8073804687499999 0.4788953125 0.8126007812499999 0.48202656250000003 0.82304140625 0.4736765625 0.8475773437499999 0.4739375 0.8530585937499999 0.50290234375 0.8642828124999999 0.50968671875 0.8723742187499999 0.50629453125 0.8752453125 0.48855000000000004 0.87289609375 0.45906328125 0.8648046875000001 0.42931640625 0.85749609375 0.4055703125 0.85358046875 0.38078046875 0.8548859375 0.35912265625 0.8517539062499999 0.3317234375 0.84209609375 0.3197203125 0.83348203125
0 0.1854 0.8154734375 0.21071093749999997 0.81286328125 0.21619140625000002 0.7990296875 0.23967578125000003 0.79354765625 0.29264765625 0.8032054687500001 0.3343984375 0.8157343750000001 0.32474296874999997 0.82095546875 0.31900234375 0.8290468750000001 0.32630859375 0.840009375 0.34979375 0.8528 0.361796875 0.8582812499999999 0.36257968749999997 0.86480625 0.35135937500000003 0.86480625 0.32735234375 0.8606304687499999 0.29864921875 0.8569757812500001 0.268640625 0.8517554687500001 0.23889296875000002 0.85123359375 0.21044999999999997 0.8436640625 0.19218437500000002 0.8363554687500001 0.1814859375 0.8298296875
0 0.05929921875000001 0.8086781249999999 0.15088984375 0.81154921875 0.180115625 0.8154640625 0.182725 0.8342578125 0.20516640625 0.8488749999999999 0.21560390625 0.8527906249999999 0.20673203125 0.8595765625 0.20020859375 0.8655804687499999 0.172809375 0.8653195312499999 0.13236328125000002 0.864796875 0.0945265625 0.8616648437500001 0.05303671875 0.86140390625 0.030334375000000004 0.85644453125 0.0212015625 0.848353125 0.027985937500000002 0.83086484375 0.03711875 0.81911875 0.05016640625 0.8107656249999999
0 0.047621875 0.757778125 0.04338203125 0.76680234375 0.02250625 0.7934265625 0.020940624999999997 0.80203984375 0.04807890625 0.8062164062500001 0.06843203125 0.8043890625 0.10418125 0.80465 0.15323828125 0.8064773437499999 0.1866390625 0.8098703125 0.20568828125 0.81117578125 0.21377734375 0.8038671875000001 0.21377734375 0.798646875 0.20333984374999997 0.795775 0.182725 0.7936875 0.1793328125 0.77385 0.189509375 0.7613203125 0.18168125 0.75688359375 0.11775078125 0.755578125 0.0778265625 0.7553171875
0 0.04338203125 0.71015546875 0.02876875 0.73093046875 0.0217234375 0.7437203125 0.03503125 0.75520546875 0.051471093749999995 0.7554664062499999 0.07182421875 0.7520734375 0.12923203125 0.751290625 0.180115625 0.75285625 0.20177421875 0.7531171875 0.21090703125000002 0.75050703125 0.20699296875 0.73928359375 0.16028437499999998 0.7371953125 0.1610671875 0.72858125 0.172809375 0.71004921875 0.1746359375 0.7032625 0.166025 0.70039140625 0.14227890625 0.6996078125 0.11253125 0.70143515625 0.06556171875 0.703784375 0.04886171875 0.703784375
0 0.04860078125 0.65340078125 0.041555468750000005 0.675609375 0.0358140625 0.70040625 0.038685156250000005 0.710325 0.04390390625 0.70693203125 0.05251484375 0.69831796875 0.10000625 0.6970132812500001 0.162371875 0.695446875 0.19603359375 0.70223359375 0.20855859375 0.70118984375 0.21377734375 0.6857890624999999 0.20020859375 0.67848046875 0.1735921875 0.6659515625 0.17202656249999998 0.6531617187500001 0.16028437499999998 0.6531617187500001 0.12114296875 0.6531617187500001 0.08539375 0.65342265625 0.05982109375 0.6526398437500001
0 0.04599140625 0.58849140625 0.04227265625 0.60443125 0.03261796875 0.6140890625 0.02035390625 0.6237468749999999 0.03287890625 0.64071328125 0.043577343750000004 0.65037109375 0.067584375 0.64932734375 0.11794609375000001 0.64932734375 0.16752499999999998 0.65063203125 0.18526953125 0.65115390625 0.19492421875 0.6448898437499999 0.19622890625 0.627140625 0.18526953125 0.619309375 0.16648125 0.6125234374999999 0.1693515625 0.5979062500000001 0.17613671875 0.5947734375 0.160740625 0.592946875 0.13229765625 0.592946875 0.0934171875 0.5903367187499999 0.067584375 0.5903367187499999
0 0.0437078125 0.5333671875 0.04246875 0.5513312499999999 0.034639843749999996 0.55968359375 0.034639843749999996 0.5753453125 0.041946875 0.58421953125 0.0562984375 0.586046875 0.10874765625 0.5868296875000001 0.16119765625 0.5868296875000001 0.18885703125 0.5897015624999999 0.1982515625 0.58291484375 0.19538125 0.56855859375 0.17920234375 0.5677757812500001 0.16224140625 0.55420234375 0.17267890624999999 0.54872109375 0.18676953125 0.53906328125 0.17920234375 0.53462578125 0.149715625 0.5354085937499999 0.119446875 0.5343648437499999 0.08787265625 0.53410390625 0.0578640625 0.5333210937499999
0 0.05121015625000001 0.46486953125 0.044034375 0.486028125 0.037510156249999996 0.5089984375000001 0.03281328125 0.51787265625 0.054993749999999994 0.5317070312500001 0.07847890625000001 0.533534375 0.11057421875 0.5322289062500001 0.16302421875 0.5332734375 0.1940765625 0.5351 0.20842812500000002 0.53301171875 0.21208125 0.52309296875 0.1943375 0.515784375 0.16876484375 0.50769296875 0.17607109375000002 0.4996015625 0.18363828124999998 0.48733359375 0.18155078125 0.47924218749999997 0.15571796875 0.4802859375 0.11422734375000002 0.47950312500000003 0.08161015625 0.470628125
0 0.0518625 0.40941953125 0.0431859375 0.42248828125 0.03353125 0.43788828124999996 0.0452734375 0.4543328125 0.059103906250000005 0.46294609375 0.1008546875 0.469471875 0.14938984375 0.4752140625 0.20601406249999998 0.47443125 0.22036640625 0.4652953125 0.20497031250000003 0.4543328125 0.17287421875 0.45250546875 0.15852265625 0.43788828124999996 0.17026484375 0.42849140625000004 0.17104765625 0.41909453125 0.15017265625 0.41439609375 0.10242031250000001 0.41361328124999996 0.06771484375 0.4107421875
0 0.0623 0.34907656249999997 0.03777109375 0.36971953125 0.03803203125 0.39503828125 0.0390765625 0.40626171875 0.049775 0.40626171875 0.0766515625 0.40756718750000004 0.11918593749999999 0.40913359375 0.16224140625 0.41096015625 0.19042265625000002 0.40913359375 0.203209375 0.40573984375 0.20868906250000002 0.39582109375 0.19120546875 0.3887734375 0.17059140625 0.38224843750000004 0.16798203125 0.3684140625 0.18285546875 0.36006171875000004 0.18363828124999998 0.3530140625 0.15911015625 0.3524921875 0.11396640625000001 0.352753125 0.08917734375 0.35040390625 0.06960625000000001 0.35014296875
0 0.055515625 0.29685078125 0.03568359375 0.31433984375 0.03385703125 0.33313281250000004 0.038815625 0.347228125 0.0521234375 0.35009921875 0.07352031249999999 0.34775 0.11344453125000001 0.34775 0.16093671874999999 0.3480109375 0.1945984375 0.34957734375 0.207384375 0.34592265625 0.2071234375 0.3430515625 0.18729140625000001 0.3370484375 0.17293984375 0.33052265625 0.17789765625 0.32060390625 0.18416015624999998 0.31094609375000004 0.18337734375 0.30468203125 0.16485078125 0.30494296875 0.1411046875 0.304159375 0.11057421875 0.3028546875 0.08682890625 0.302071875 0.0656921875 0.298678125
0 0.04566484375 0.23393515625 0.031378125 0.24603046874999998 0.030334375000000004 0.27135 0.0342484375 0.287271875 0.04599140625 0.29301484375000003 0.059560156249999996 0.29562499999999997 0.095309375 0.29797421874999996 0.1626328125 0.29953984375 0.19446796875 0.300584375 0.20203515625000001 0.2958859375 0.19864296875 0.28936015625 0.1819421875 0.2823125 0.1657640625 0.27448203125 0.168634375 0.26064765625 0.1735921875 0.25151249999999997 0.1688953125 0.24394296875000002 0.15402109375 0.24420390625000002 0.10913906250000001 0.24420390625000002 0.0945265625 0.2423765625 0.06921484375 0.23924453125 0.04833984375 0.23506796875
0 0.06719296875 0.17065625 0.05929921875000001 0.1746546875 0.036075 0.18535625 0.02876875 0.1950140625 0.027725 0.215634375 0.0342484375 0.23103515625 0.046513281249999996 0.23181796875 0.07417265625 0.23677734374999998 0.11200937500000001 0.24199765625 0.15454296875 0.24251953125 0.1730703125 0.24199765625 0.18742187500000002 0.2401703125 0.20177421875 0.2357328125 0.20699296875 0.23025156249999998 0.20073046875 0.21615625 0.1767234375 0.204671875 0.165503125 0.195275 0.1584578125 0.1864 0.12897109375 0.1817015625 0.1033984375 0.17909140625 0.08330625 0.1746546875 0.06843203125 0.17099999999999999
0 0.10091953125 0.11267968749999999 0.08291484375 0.11372421875000001 0.058646875 0.11685625 0.03385703125 0.12207656250000001 0.029160156250000003 0.12599218750000002 0.03411796875 0.1458296875 0.05395 0.16671171875 0.070128125 0.1711484375 0.10222421875000001 0.17610781250000002 0.15989296875 0.18367734375 0.20581875 0.18472187499999998 0.2170390625 0.179240625 0.216778125 0.1706265625 0.20059999999999997 0.16044687500000002 0.19094453125 0.15339921875 0.18937890625 0.14060937499999998 0.1943375 0.1353890625 0.18781328125000002 0.12808046875 0.16615546875 0.12494765625 0.14032187499999998 0.11946640625 0.11918593749999999 0.11555156250000001
0 0.229890625 0.11542343749999999 0.19909921875 0.12743046875 0.19283671875 0.14048203125 0.20405703125 0.15640390625 0.22388906249999999 0.17154296875 0.2484171875 0.174675 0.29669218750000004 0.17493671875 0.34601015625 0.1678890625 0.36558046875 0.16084140625 0.36584140625 0.14935625 0.35253359375 0.13761015625 0.34105234375000004 0.12769140625 0.33035390625 0.11516249999999999 0.3212203125 0.105765625 0.28286171875 0.10628828125 0.24711249999999998 0.10654921875000001 0.23563125000000001 0.11255234375
0 0.33759453125 0.10118046875 0.37484453125 0.0899859375 0.4338171875 0.0889421875 0.48078671875 0.10068828125 0.5050546875 0.11504375 0.5154921875 0.12835625 0.512621875 0.1340984375 0.48939843749999995 0.1424515625 0.47791640625 0.1528921875 0.46252109375000006 0.15445781249999999 0.43903593750000003 0.154196875 0.411115625 0.15002109375 0.38632578125 0.1484546875 0.36231874999999997 0.13644765625 0.341965625 0.124440625 0.3354421875 0.11739296875 0.330484375 0.10616953124999999
0 0.67023125 0.16585 0.62482734375 0.141053125 0.60343046875 0.12826328125 0.5611578125000001 0.11964921875000001 0.5160140625 0.11390703124999998 0.507925 0.11364609375000001 0.5199281250000001 0.12904609375 0.511578125 0.135571875 0.4951390625 0.14992734375 0.486528125 0.15958515625 0.486528125 0.1749859375 0.507925 0.18803671875 0.53114921875 0.18725390625 0.5501976562500001 0.18725390625 0.6052570312500001 0.18751484375 0.62300078125 0.18725390625 0.63630859375 0.18307734375 0.65561875 0.17681249999999998 0.6671 0.17080937499999999
0 0.6375484375 0.11040000000000001 0.67982109375 0.101003125 0.73566328125 0.10230859375000001 0.7784578125 0.105440625 0.788634375 0.11901328124999999 0.7920265625 0.13702421874999998 0.7904609375 0.1412 0.777153125 0.13832890625 0.76671484375 0.14172265625 0.75471171875 0.15164140625 0.7374898437499999 0.15660078125000002 0.72000625 0.16182109375 0.69156328125 0.1646921875 0.67903828125 0.1633875 0.67042734375 0.160515625 0.6545093750000001 0.15320703125 0.6401578125 0.14642109375 0.62580625 0.1388515625 0.61588984375 0.12919375 0.620065625 0.1216234375 0.6305031249999999 0.115359375
0 0.81153203125 0.12270859375000001 0.8606546875 0.1156203125 0.91910546875 0.11849140625000001 0.9454609375 0.12318984375 0.9512015625 0.1409390625 0.9339796874999999 0.15764453125 0.90527578125 0.16808515625 0.8559578125 0.1706953125 0.83403828125 0.1735671875 0.81394609375 0.17200078125 0.788634375 0.16808515625 0.7729773437499999 0.16521406249999998 0.76097421875 0.1602546875 0.76593203125 0.149553125 0.7839375000000001 0.14668203124999998 0.795940625 0.14302734374999998 0.7962015625000001 0.13336953125 0.798028125 0.1258 0.8045515625 0.12475624999999999
0 0.92993515625 0.17228749999999998 0.9530937500000001 0.18384921875 0.9549203125 0.1976828125 0.9343054687500001 0.22274140625 0.89438125 0.22848359375 0.84976015625 0.23683593749999998 0.7991375 0.23814140625000002 0.77330390625 0.23527031250000002 0.75764765625 0.22900546875 0.77095546875 0.215171875 0.7931359375 0.20003203125 0.81688125 0.18828671875 0.8427148437499999 0.18045546875000001 0.8852484374999999 0.17445234375000002 0.9196929687500001 0.16975390625
0 0.7495578125 0.16009609375 0.76625859375 0.16557734375 0.8192296875 0.17549609375 0.8234046875000001 0.1822828125 0.76573671875 0.21491015624999998 0.6992546875000001 0.22770078124999998 0.66820234375 0.23187656250000002 0.65802578125 0.22796171875 0.65985234375 0.21647656249999997 0.64602265625 0.20499140625 0.64236953125 0.18854765625 0.66011328125 0.177584375 0.693775 0.1684484375 0.7290023437500001 0.1624453125 0.7511828125 0.15931328125
0 0.47171953125000005 0.21294921875 0.49389921875000004 0.19937578125 0.5134703125 0.19285078125 0.5862734374999999 0.18971796875 0.6311554687500001 0.1907625 0.64368046875 0.20772890624999998 0.65620546875 0.21816953125 0.6535960937499999 0.22469531250000002 0.63846171875 0.23383046875 0.62045703125 0.2460984375 0.59645 0.24714296875000002 0.55574296875 0.2460984375 0.5226031250000001 0.24374921875000002 0.5022492187500001 0.23957343749999999 0.48033046874999996 0.23278671874999998 0.46858828125 0.22417265625 0.46650078125 0.21869140625 0.47093671875 0.21373203125
0 0.374453125 0.15304296875 0.44627734375 0.1581515625 0.48515781249999995 0.16937578125 0.4893328125 0.1858203125 0.49011562499999994 0.19991484375 0.46793593749999995 0.21479374999999998 0.42905546875 0.22131875 0.36590703125 0.21557656249999999 0.32624375 0.200959375 0.3098046875 0.18477578125 0.3439875 0.16989765625 0.36616796875 0.16493828125 0.37216953125 0.15319218750000002
0 0.22206796875 0.1778375 0.2655046875 0.17767187499999998 0.30118203125 0.17718359374999998 0.30973515625000003 0.18549453124999998 0.3239078125 0.20113828125 0.34296875 0.20969375 0.35494296875 0.21531562499999998 0.340525 0.2246046875 0.32732890625 0.23169296875 0.31779921875 0.23438203125 0.29580625 0.237315625 0.26086171875 0.23340468749999999 0.2217625 0.23047109375 0.20685625000000002 0.22338203124999997 0.20221328125000002 0.21507109375 0.19463828125 0.21213828124999998 0.1794875 0.20480468749999997 0.16824609375 0.1947828125 0.16409218750000001 0.1869609375 0.18852890625000002 0.186471875 0.20514609374999998 0.1869609375 0.21272109375 0.18549453124999998 0.21711953125 0.18182734375 0.22225156250000003 0.17791640625
0 0.3213421875 0.253896875 0.34706171874999997 0.228684375 0.3666109375 0.21939609375 0.41401796874999997 0.22110703125 0.44431953125 0.2230625 0.45776015625 0.22281796874999998 0.47608750000000005 0.23259609375 0.5041898437500001 0.24872890625 0.51323125 0.25337343749999997 0.4890390625 0.26339531250000003 0.4792640625 0.270728125 0.44163203125 0.270728125 0.40644296874999997 0.27415078125000003 0.374675 0.27415078125000003 0.35072734375 0.27317265625 0.33020078124999996 0.268528125
0 0.17594375 0.25114765625 0.19818125 0.23870703125 0.219196875 0.23308515624999998 0.2756453125 0.23699609375000003 0.3125453125 0.2421296875 0.325740625 0.246040625 0.31914296875 0.25410703125 0.3237859375 0.26755078125 0.3560421875 0.279284375 0.36215156249999997 0.286128125 0.35506484375 0.29126171875 0.33918125 0.29810625 0.30252578125 0.29810625 0.26293828124999996 0.29566171875 0.22946015625 0.29126171875 0.204290625 0.2897953125 0.18596328125 0.283684375 0.17325625 0.27586171875 0.16934609375 0.2734171875 0.16983515625 0.2621734375
0 0.475415625 0.29046484375000003 0.47761484374999996 0.27971015625 0.48176874999999997 0.27311015625 0.492765625 0.26651015624999996 0.51109296875 0.25819921875 0.5238 0.24597734375 0.5707187499999999 0.24768828125 0.59784296875 0.25184375000000003 0.61519296875 0.25208828125 0.61397109375 0.26308828125 0.6457390625 0.2757984375 0.6679765625 0.28215390625 0.66651015625 0.28850937499999996 0.64916015625 0.301709375 0.611771875 0.3087984375 0.5702296875 0.3109984375 0.53943984375 0.3109984375 0.5181796875 0.30806484375 0.49691953125 0.30390937500000004 0.48445703125 0.299509375
0 0.6154984375 0.25847890625000003 0.62130234375 0.24677500000000002 0.6445171875 0.23773046875 0.66528828125 0.234553125 0.6973 0.232353125 0.74568515625 0.22526406250000003 0.7583921874999999 0.22208671875000002 0.75374921875 0.23039765625 0.78282890625 0.24041953125 0.8079984375 0.24555234375 0.8155742187499999 0.248975 0.804821875 0.25484140625 0.78649453125 0.261196875 0.77720859375 0.27097421875 0.7684109375 0.2783078125 0.74153046875 0.2807515625 0.6904578124999999 0.2851515625 0.6694421875 0.2861296875 0.66968671875 0.28148515625 0.6655328125 0.2783078125 0.6530703124999999 0.2751296875 0.641584375 0.27121875 0.6247234374999999 0.26535234375 0.6169039062499999 0.2629078125
0 0.81807890625 0.24274062500000002 0.8681734375 0.23711875 0.90849453125 0.22905234375 0.9258445312499999 0.2288078125 0.9409953124999999 0.24078515625 0.95394609375 0.249340625 0.96127734375 0.25618515625 0.9578562500000001 0.2674296875 0.94466015625 0.28331796875 0.92975390625 0.28967343749999996 0.90091875 0.29260703125 0.850090625 0.2974953125 0.80708203125 0.2984734375 0.7846 0.29382890625 0.77604765625 0.28771796875 0.7726265625 0.2786734375 0.778246875 0.27182890625 0.7863109374999999 0.26498515624999996 0.79584140625 0.25960703125 0.81319140625 0.2576515625 0.8175898437500001 0.25154062499999996
0 0.62307421875 0.3277828125 0.62600625 0.31384921875 0.642134375 0.30651640625 0.6567968750000001 0.30333828125 0.6712140625 0.2901390625 0.69125234375 0.2869609375 0.733771875 0.28500546875 0.76358515625 0.28476093750000003 0.78093515625 0.29160546875 0.7973078124999999 0.301871875 0.79339765625 0.30920546875 0.780690625 0.31947187499999996 0.7777578125 0.3356046875 0.7789796875 0.34611562500000004 0.76749453125 0.34978203125 0.73694921875 0.3495375 0.7125125 0.3495375 0.686609375 0.3495375 0.66388359375 0.3466046875 0.649465625 0.34416015624999996 0.63920234375 0.34196015625 0.6282054687499999 0.337315625
0 0.7932750000000001 0.31346171875 0.80891484375 0.3049890625 0.85729921875 0.2993671875 0.9203460937499999 0.29814453125 0.9469820312499999 0.29961171875 0.9523578125000001 0.31134453125 0.9567570312499999 0.32356640625 0.9506476562499999 0.3394546875 0.9374515625000001 0.349721875 0.9027515625 0.3514328125 0.8460585937499999 0.35192109375 0.8013398437499999 0.35094375 0.7852109375 0.34801015625 0.7788578125 0.33529921875 0.7825234375 0.3228328125 0.7893656250000001 0.31696640625
0 0.48140234375 0.3325421875 0.5046171875 0.31494218749999997 0.538584375 0.31200937500000003 0.6050515625 0.31347578125000003 0.62166875 0.3137203125 0.618003125 0.32520859375 0.6309546874999999 0.3403640625 0.6607671875000001 0.34843046875 0.6629671874999999 0.35551953125 0.65734609375 0.35845234375 0.6238679687500001 0.36994140625 0.5940554687499999 0.36823046875 0.5212343749999999 0.36603046875 0.491665625 0.36431953125 0.47284921874999997 0.36065234375 0.466740625 0.3547859375 0.46869531249999996 0.3459859375 0.47529296875 0.33963046874999997 0.48140234375 0.3337640625
0 0.32965078124999997 0.3257078125 0.32745156249999996 0.31495234375000003 0.33087265625 0.30517500000000003 0.345534375 0.30126328125 0.36410624999999996 0.287575 0.38096796875 0.275353125 0.47700390625000005 0.27388671875 0.471871875 0.29026406250000003 0.49117734375 0.30419687500000003 0.50486171875 0.30835234375 0.5038843749999999 0.315196875 0.4909328125 0.32081875000000004 0.48457890625 0.32961874999999996 0.47138359375 0.3379296875 0.45672109375 0.3391515625 0.4242203125 0.33621875 0.38927578125 0.33646328125 0.3685046875 0.3335296875 0.34504609375 0.3301078125 0.33331640625 0.32839609375
0 0.184496875 0.31682109375 0.17741015625 0.32473203125 0.1776546875 0.332309375 0.19598203125 0.336709375 0.22750546875 0.34453203125 0.28322109375000004 0.3459984375 0.3237859375 0.3472203125 0.34675625 0.34404296875 0.36239609375000004 0.3362203125 0.34773359375 0.33524296875 0.33185 0.329865625 0.323296875 0.31299921875000003 0.32891796875 0.30322109375 0.32476328125 0.301265625 0.300815625 0.3005328125 0.25902890625 0.2983328125 0.23190390624999999 0.29637734375 0.21382109374999997 0.2961328125 0.2035578125 0.29931015625 0.19158359375 0.30615468749999997 0.18547421875 0.31519921875
0 0.30875703125 0.38271171875 0.31657734375 0.36853359375 0.321953125 0.3582671875 0.32806250000000003 0.350934375 0.34028046875 0.34628984375 0.3583640625 0.3426234375 0.37009375 0.33577890625 0.3974625 0.33773437500000003 0.43851640625000005 0.3394453125 0.46955078125 0.34164531249999996 0.46441875 0.350934375 0.47101718750000005 0.3592453125 0.48714531250000004 0.36975625 0.49178828125 0.37635625 0.49447578124999997 0.3836890625 0.48885546875 0.3902890625 0.477859375 0.39248906250000004 0.443403125 0.3959109375 0.41750078124999995 0.397378125 0.39526328125 0.397378125 0.37815781249999997 0.3968890625 0.36007421875 0.3942 0.33661484375 0.39395546875 0.32170859375 0.39224453125 0.3107125 0.39077812500000003
0 0.21382109374999997 0.3494671875 0.18742890625 0.36095625 0.1752109375 0.37122265625 0.17741015625 0.37904453125000004 0.1950046875 0.38735546875 0.22066328125 0.4003109375 0.2595171875 0.404221875 0.3039921875 0.4071546875 0.34455703125000003 0.40935468750000004 0.3572640625 0.4081328125 0.35579765625 0.399821875 0.34504609375 0.39737734375 0.31205625000000003 0.39615546875 0.30448125 0.38955546874999997 0.30716875 0.3761109375 0.31621015625000004 0.36242265625000003 0.3213421875 0.353378125 0.320609375 0.34873359375 0.3064359375 0.3506890625 0.28493124999999997 0.3504453125 0.26049453125 0.3494671875 0.23776875 0.3494671875 0.22164062499999998 0.34971171874999996 0.21430937499999997 0.3494671875
0 0.20923906250000002 0.4054046875 0.1868796875 0.41520546875 0.164153125 0.4359828125 0.17319453125 0.44991562500000004 0.20911718750000002 0.45113828125 0.22793281250000003 0.46238203125000005 0.2667875 0.46824921875000003 0.33472109375 0.47142656250000003 0.3552484375 0.46556015625 0.35060546875 0.45676015625 0.33227734375 0.45187109375 0.310284375 0.44233828124999997 0.3022203125 0.42571640625 0.31126171875 0.41251640624999997 0.2885359375 0.40982812500000004 0.26849765625 0.40909453124999995 0.2465046875 0.405428125 0.2223125 0.40347265625000006 0.21375937500000003 0.40567265625
0 0.36257890625 0.398828125 0.40632109375000003 0.401028125 0.44835156249999997 0.40273906249999997 0.46643515625000004 0.40029453125 0.46179218750000006 0.40860546875 0.4630140625 0.41960546875000004 0.48085234374999997 0.42693828125 0.49527031250000003 0.43989375 0.490871875 0.44796015625 0.45226171875 0.4513828125 0.39703515624999997 0.4570046875 0.37235390625 0.45504921875 0.35084921874999997 0.45211562499999997 0.33105546874999997 0.447715625 0.32054765625 0.44282734375 0.31370546875 0.43451640625000004 0.31052890624999996 0.42449453125 0.31492734375000003 0.41569453125000005 0.33374375 0.41080546875 0.36062421875 0.4115390625 0.36086874999999996 0.40689453125 0.3579359375 0.40078359375000006 0.3579359375 0.39858359375
0 0.56741953125 0.42521796875 0.6204468750000001 0.424484375 0.6487937500000001 0.42277343749999996 0.6580796875 0.41372890625 0.6495265625 0.402240625 0.6087171875 0.37828515625 0.6184921875 0.37315234375 0.59283359375 0.3685078125 0.56668671875 0.3697296875 0.5380953125 0.37070781249999996 0.50290703125 0.36777421875 0.488 0.36704140625 0.49484218750000003 0.37584062500000004 0.49728593749999994 0.38537421875 0.48482343749999995 0.39441796875 0.47309375 0.39539609375 0.46845078124999995 0.40419609375 0.46576328125 0.41323984375 0.46845078124999995 0.42008437499999995 0.47798125 0.42301796875 0.49997421875 0.42595078124999997 0.5258773437500001 0.4261953125 0.5466484375 0.4261953125
0 0.62142421875 0.3823921875 0.6524593750000001 0.39974765625 0.688625 0.40292500000000003 0.7646234375 0.40292500000000003 0.8005453125 0.395103125 0.81447421875 0.38581484375 0.812275 0.38043671875 0.798834375 0.3567265625 0.7939476562500001 0.35257109375 0.75313828125 0.35159296875 0.719415625 0.35110390625 0.6866703125 0.35208203125000004 0.67029765625 0.35257109375 0.6639445312500001 0.35501484375 0.6593015624999999 0.359659375 0.63999609375 0.366259375 0.62631171875 0.3733484375 0.62069140625 0.37701484375 0.62118046875 0.38141484375
0 0.8054937499999999 0.3546984375 0.8538171875 0.3561859375 0.9175968749999999 0.35398593749999996 0.94692109375 0.35300859375 0.9579171875 0.36669687500000003 0.9618273437499999 0.37305234375 0.9540078125000001 0.3860078125 0.9430109375000001 0.397740625 0.907578125 0.40874062499999997 0.8477078125 0.41656250000000006 0.8066546875 0.41729609375 0.78734921875 0.4148515625 0.7746421875 0.40751875000000004 0.778796875 0.40336328125 0.79712421875 0.39945234375 0.8142296874999999 0.39065234375 0.81765078125 0.384296875 0.812275 0.37354140625 0.8005453125 0.35643046875 0.7993234375 0.35300859375
0 0.94692109375 0.40204453124999995 0.9584671874999999 0.41867656249999996 0.9701968750000001 0.42845390625 0.965309375 0.43994218749999997 0.9474710937499999 0.45338671875000003 0.9137484375 0.46145312499999996 0.8788039062499999 0.46829765625 0.8382390624999999 0.47343046875 0.806715625 0.47636406249999996 0.7886320312499999 0.475875 0.77543671875 0.470253125 0.77543671875 0.46438671875 0.79889609375 0.46023125 0.82015546875 0.4553421875 0.82821953125 0.44849765625 0.8179562499999999 0.43627578125 0.8054937499999999 0.42674296875 0.8140468750000001 0.42063203125 0.8423929687499999 0.41965390625000004 0.87220546875 0.41745390625 0.9012851562499999 0.41329843750000006 0.9249890625000001 0.40718750000000004 0.9406281249999999 0.40254296875 0.9479593749999999 0.40181015625
0 0.62814453125 0.4530234375 0.64916015625 0.46500078125 0.67579609375 0.47037890625 0.71929296875 0.47037890625 0.75619296875 0.4684234375 0.7820953125 0.46157890625000003 0.8160624999999999 0.4557125 0.82241640625 0.44715703125 0.81386328125 0.4373796875 0.7999343750000001 0.42222421875 0.7813625 0.41513515625 0.7684109375 0.40535781249999997 0.73444375 0.40511328124999996 0.705853125 0.40486875 0.676040625 0.40486875 0.658690625 0.40486875 0.6577132812500001 0.410490625 0.65966796875 0.41611328125 0.64769375 0.4254015625 0.6362085937499999 0.4285796875 0.6279 0.44104609375
0 0.6322984375 0.42717265624999995 0.626434375 0.44135 0.6247234374999999 0.45112734374999997 0.63547578125 0.4606609375 0.6616226562499999 0.47166015625 0.66235625 0.47459375000000004 0.64525 0.48094921875 0.621546875 0.48437109375 0.5826921875 0.4816828125 0.53699609375 0.47777109375000004 0.49691953125 0.47386015625000005 0.47126093750000003 0.47337187500000005 0.46295234374999994 0.46921640625 0.4675953125 0.45894921875000005 0.47761484374999996 0.45332734375 0.4947203125 0.4486828125 0.4996078125 0.44110546875 0.4859234375 0.42888359375 0.49740859375 0.42790546875 0.5431046875 0.42790546875 0.5844031249999999 0.42790546875 0.6171484375 0.4274171875
0 0.62541484375 0.779434375 0.628815625 0.769378125 0.6451390625 0.76789375 0.65255859375 0.7612140625 0.64464453125 0.75008125 0.66987109375 0.75008125 0.7183460937499999 0.7550296875 0.7594015625 0.75700859375 0.7836390625 0.7664093750000001 0.7992203124999999 0.77185234375 0.8113390624999999 0.7864484375 0.81554375 0.8020343750000001 0.7965 0.8012921875 0.770778125 0.7983234375 0.75495 0.8003031249999999 0.7247765625 0.8000554687499999 0.6886671875 0.7983234375 0.66294609375 0.7980765625 0.64934296875 0.7983234375 0.6364828124999999 0.79337578125
0 0.49309765624999996 0.76181328125 0.49588046874999997 0.7774171875 0.48846015625000005 0.78879765625 0.46793281249999996 0.79547734375 0.45828749999999996 0.80339375 0.46818046874999997 0.8075992187500001 0.48499765625 0.81056796875 0.50973046875 0.8071046875000001 0.5735390625 0.8103203125 0.62127265625 0.8120523437499999 0.6460046875 0.81427890625 0.65367109375 0.81576328125 0.65738125 0.8110625 0.65268203125 0.8068570312500001 0.6462515625 0.8041359375000001 0.6324015625 0.79572421875 0.62498203125 0.775190625 0.62053046875 0.76677890625 0.6081640625 0.76207890625 0.59629296875 0.7610890625 0.5700765624999999 0.75836796875 0.548559375 0.75490390625 0.5369359375 0.75490390625 0.5233328125 0.754409375 0.50577265625 0.75416171875 0.50057890625 0.75416171875 0.49241796875 0.75935703125
0 0.34798203125 0.79449921875 0.311378125 0.7813875 0.3192921875 0.76258515625 0.3242390625 0.7578843749999999 0.2913453125 0.7524421875 0.25894609375 0.7467515625 0.23470859375000003 0.74551484375 0.21912734375 0.7457625 0.19859921875 0.7583796875 0.18458828124999999 0.7687703124999999 0.18508359375 0.78113984375 0.19052421875 0.7912828125 0.20437421875 0.793509375 0.22564375 0.7932625 0.25284921875 0.79227265625 0.28401171875000003 0.7982101562499999 0.3144328125 0.80637421875 0.34015390624999997 0.8128062500000001 0.346584375 0.8120640625 0.34955234375 0.8051375000000001 0.35029453125 0.80043671875
0 0.22543359375 0.6834984375000001 0.2768765625 0.6891890625 0.31026484375 0.7030429687499999 0.3199109375 0.7084859375 0.31174921875 0.71862890625 0.32114765625 0.7292671875 0.34662187499999997 0.73644140625 0.3565140625 0.74757421875 0.35354609375 0.75351171875 0.33648125 0.75400625 0.31620078125 0.7517796875 0.27390859375 0.7463375 0.23211171875 0.74089453125 0.20861562500000003 0.737678125 0.18141015625 0.735946875 0.1730015625 0.73569921875 0.16830234375 0.7309984375 0.17349609375 0.71665 0.1781953125 0.707990625 0.1989703125 0.7055171875 0.20836875 0.70378515625 0.2145515625 0.696115625 0.21702499999999997 0.6842406249999999 0.22370234375 0.682509375 0.2264234375 0.6834984375000001
0 0.36510859375 0.73337109375 0.42632109375000005 0.73104453125 0.46515078125000003 0.73351875 0.461440625 0.7453937500000001 0.46712890625 0.752815625 0.490871875 0.7565265625 0.49037734374999997 0.7639484375000001 0.4898828125 0.7790390625 0.482215625 0.78967734375 0.46960234375 0.7938828124999999 0.45847265625 0.7966046875 0.43299843750000006 0.7938828124999999 0.3946640625 0.7909140625 0.3600390625 0.7921515625 0.32763984375 0.78596640625 0.31651015625 0.781265625 0.32170390625 0.7619687500000001 0.32788671875 0.7567734374999999 0.34519921875000004 0.7567734374999999 0.357565625 0.7565265625 0.36078046874999997 0.7416828125 0.34594140625 0.73327109375
0 0.34618828125 0.686590625 0.4015890625 0.68634296875 0.45055859375 0.686590625 0.46811796875 0.68683828125 0.45921484375 0.6947546874999999 0.4780109375 0.704403125 0.49062421875 0.7110828125 0.49383984375 0.7237 0.49631328124999996 0.731121875 0.48023671874999996 0.73161640625 0.45921484375 0.72840078125 0.43003046874999995 0.728153125 0.385265625 0.7274109375 0.35385546875 0.72914296875 0.33975859375 0.7298851562500001 0.3221984375 0.72691640625 0.317746875 0.71652578125 0.32590859375000003 0.707371875 0.3412421875 0.7051453125 0.35632890625 0.7036609375 0.3533609375 0.69673359375
0 0.20169062499999998 0.62470078125 0.25313359375 0.6358335937499999 0.28850078125 0.6457296875 0.32535156249999997 0.655378125 0.30828671875 0.66873671875 0.31026484375 0.6776429687500001 0.3337609375 0.6845703125 0.34538515625 0.6912499999999999 0.35057890625 0.69916640625 0.34538515625 0.703125 0.32609374999999996 0.70361953125 0.30012500000000003 0.69520859375 0.27366171875 0.68556015625 0.2378 0.6816015625 0.2197453125 0.68209609375 0.2125734375 0.6793750000000001 0.1903140625 0.67170546875 0.17794765625 0.66354140625 0.17720625 0.65686171875 0.18883046875 0.6521617187500001 0.19674453125 0.64325546875 0.1969921875 0.6234640625 0.2007015625 0.6249484375
0 0.18703671875 0.6171296875000001 0.21207812499999998 0.6244531249999999 0.2526390625 0.6323703125 0.29963046875 0.645234375 0.3320296875 0.6541406249999999 0.3486 0.6563671875 0.35181484375 0.65611953125 0.35082578125 0.6489453125 0.3337609375 0.63509140625 0.31892109375 0.6331125 0.3077921875 0.6244531249999999 0.313975 0.6103515625 0.32658828125 0.59204453125 0.31916875 0.5853648437500001 0.2993828125 0.5856125 0.27539296874999997 0.582890625 0.24373593750000003 0.57720078125 0.22395 0.5729953125 0.21232578124999998 0.5732421875 0.20317500000000002 0.578190625 0.20193828125 0.58239609375 0.19056171875 0.59155 0.18190546875 0.5955078125 0.17201249999999998 0.6026828125 0.17151796875 0.6088671875 0.179184375 0.6148046875000001
0 0.22388828125 0.5214984375 0.28299765625 0.526446875 0.33196796875 0.53263125 0.34012890625000003 0.53362109375 0.32256953125 0.56108203125 0.32677421875 0.56627734375 0.35373203124999997 0.57147265625 0.35843125 0.5808734375 0.351753125 0.58631640625 0.3282578125 0.58334765625 0.3092140625 0.58334765625 0.266675 0.57963671875 0.23798515625 0.57147265625 0.2107796875 0.57073046875 0.19890859375 0.56825625 0.18678984375000002 0.56800859375 0.17615468750000002 0.5652874999999999 0.1707140625 0.55588671875 0.17813359374999999 0.54772265625 0.1882734375 0.54030078125 0.2003921875 0.5375796875 0.20929609375 0.5356 0.21300625 0.5318890625 0.21547890625 0.5242203125
0 0.17535078125 0.506303125 0.200578125 0.5129828125 0.21615937500000001 0.51941484375 0.23792343749999997 0.5204046875 0.27551640625 0.5221359375 0.31706640625000004 0.528815625 0.3469921875 0.53128984375 0.36306875 0.53005234375 0.36529453125 0.5233734375 0.3544125 0.5184249999999999 0.32646484375 0.51347734375 0.30816328125000003 0.506303125 0.31063593749999996 0.49665468749999997 0.32646484375 0.47760468749999996 0.3294328125 0.47414140624999995 0.31879765625 0.47339921875 0.3019796875 0.47339921875 0.27972109375 0.47067812499999995 0.25301015625 0.46968828125 0.2319875 0.4654828125 0.22184765624999997 0.46795625 0.21121249999999997 0.473646875 0.1946421875 0.47933671875000006 0.1877171875 0.4835421875 0.18079218749999998 0.4969015625 0.17609296875 0.5028390625
0 0.31811015625 0.4908453125 0.33071875 0.47471874999999997 0.361046875 0.4668046875 0.3959890625 0.45823125 0.45664453125 0.45427421875 0.46983046875 0.45262578124999997 0.45796328124999997 0.46218828125 0.4629078125 0.47076171875000006 0.47609375 0.47537812500000004 0.49488359375 0.48296171875000005 0.4975203125 0.4951625 0.4975203125 0.5020875 0.48367578125 0.509671875 0.4606 0.51725546875 0.4454359375 0.5215421874999999 0.41444921875 0.5202234375 0.39203359375 0.5189046875 0.368628125 0.5189046875 0.35247578125 0.51593671875 0.34093828125000003 0.5126390625 0.31918125 0.5067039062500001 0.3162140625 0.504065625
0 0.50386640625 0.47883671874999995 0.54276484375 0.48345312500000004 0.5872671875 0.48411328124999997 0.61133125 0.48642109375000003 0.62550625 0.48741015625 0.61792421875 0.5009296875 0.62946171875 0.515109375 0.64792265625 0.527309375 0.6568226562499999 0.53753203125 0.64594453125 0.54016953125 0.61660546875 0.5421484375000001 0.58298203125 0.5391804687499999 0.54474296875 0.53753203125 0.51408515625 0.53720234375 0.4946359375 0.5362125 0.47650546875 0.5315960937499999 0.46529765625 0.5276390625 0.460353125 0.52137421875 0.4728796875 0.515109375 0.49166953125 0.5085140625 0.4992515625 0.50554609375 0.49958125000000003 0.49532421875 0.495625 0.48279375 0.49727343749999997 0.47619921875
0 0.62633046875 0.49908671875 0.63152265625 0.48749296875 0.6608609375000001 0.48056875000000004 0.67998046875 0.47265468750000006 0.73305390625 0.47364375000000003 0.76865546875 0.46836796875 0.7874453124999999 0.47661171874999997 0.80656484375 0.48320625 0.81975078125 0.5079374999999999 0.82008046875 0.51914921875 0.792390625 0.52079765625 0.77129296875 0.52574375 0.72217578125 0.5247546875 0.6839359375 0.5250843749999999 0.6608609375000001 0.523765625 0.647015625 0.52244609375 0.6427304687500001 0.51980859375 0.6364671875 0.51387265625 0.63020390625 0.5095859375 0.6259179687499999 0.50562890625
0 0.80722421875 0.47807109375 0.8531281249999999 0.47480625 0.91114609375 0.46557343749999996 0.94608828125 0.4566703125 0.95828515625 0.46953046875000004 0.9767460937499999 0.49063359375 0.9780640625 0.4942609375 0.9704828125 0.49887734375 0.9596039062499999 0.5127265624999999 0.94872578125 0.5193218749999999 0.9315843750000001 0.526246875 0.8801593750000001 0.52954375 0.8326898437500001 0.5344898437500001 0.8017031250000001 0.53515 0.7865390624999999 0.53119296875 0.7839015625 0.52591640625 0.8023624999999999 0.5232789062500001 0.8201632812499999 0.52163046875 0.8251078125 0.51470546875 0.8231296875 0.50679140625 0.8208226562500001 0.5005265624999999 0.8155484375000001 0.48931484375 0.8109328124999999 0.483709375
0 0.3715125 0.52269140625 0.4021703125 0.52269140625 0.43447578125 0.524340625 0.4516171875 0.5240109375 0.46282500000000004 0.525659375 0.47172578125 0.5322546874999999 0.49677890625 0.53884921875 0.5152390625 0.54775234375 0.5152390625 0.55500703125 0.49809765625 0.5583046875 0.44865000000000005 0.5675375 0.41766328125 0.56885625 0.39293984375 0.570175 0.36755703125 0.5698453125 0.35305234375 0.5672078125 0.3378890625 0.5675375 0.32964765625000003 0.5622609375 0.33096640625 0.5536875 0.3378890625 0.5437953125 0.34415234375 0.5348921875 0.36129375 0.5329140625 0.36590859375 0.53159453125
0 0.97509765625 0.56686875 0.966196875 0.5474140625 0.9572968749999999 0.530596875 0.9523515625 0.5243320312499999 0.93323203125 0.529278125 0.8897187499999999 0.5362023437500001 0.8267562500000001 0.537521875 0.8099437500000001 0.5378515625 0.8112625 0.54444609375 0.8274156250000001 0.56324140625 0.8303820312499999 0.5741234375000001 0.8158773437500001 0.57873984375 0.80532890625 0.57873984375 0.7941210937500001 0.58995078125 0.7875281249999999 0.59522734375 0.79478046875 0.6008328125 0.8109328124999999 0.5991835937500001 0.8514796875 0.5912703125000001 0.89532265625 0.5873132812499999 0.94938515625 0.5767609375 0.9658671875 0.5817078125 0.97246015625 0.5803882812500001 0.9774046875 0.574453125
0 0.663828125 0.52669453125 0.70478671875 0.52705234375 0.7522554687499999 0.52837109375 0.78258359375 0.52837109375 0.7941210937500001 0.532328125 0.80335078125 0.53661484375 0.80928515625 0.54353984375 0.8188445312500001 0.5573890625 0.8247781249999999 0.565303125 0.826096875 0.573546875 0.80631796875 0.576184375 0.79148359375 0.58080078125 0.78225390625 0.5854171874999999 0.7608265624999999 0.585746875 0.71500546875 0.5840984375 0.6744585937500001 0.5920124999999999 0.6569875 0.5920124999999999 0.65006484375 0.585746875 0.63621953125 0.5854171874999999 0.633253125 0.5732171875 0.63654921875 0.56464375 0.64017578125 0.5494749999999999 0.65072421875 0.54255078125 0.66094375 0.53859375 0.6606140625 0.53364765625 0.660284375 0.52771171875
0 0.5072453125 0.53658359375 0.53213359375 0.5393320312500001 0.57894375 0.542959375 0.62080859375 0.5452671875 0.6435546875 0.5423 0.63828046875 0.5535109375 0.63267578125 0.570328125 0.63201640625 0.5782421875 0.6386093749999999 0.5891234375 0.6415765625 0.5947289062500001 0.63597265625 0.60033515625 0.62905 0.60198359375 0.605315625 0.6000054687499999 0.58256953125 0.59242109375 0.54268203125 0.59209140625 0.51960703125 0.59308046875 0.4975203125 0.59439921875 0.47411562500000004 0.59176171875 0.46785234375 0.58450703125 0.476753125 0.5726359375000001 0.4879609375 0.5640625 0.511365625 0.55977578125 0.51828828125 0.55647890625 0.51696953125 0.5475757812500001 0.5136734374999999 0.54361875
0 0.3596453125 0.57089453125 0.41865234375 0.5745218750000001 0.48128515624999996 0.5646289062500001 0.47568124999999994 0.57221328125 0.46612187499999996 0.5811164062499999 0.47436249999999996 0.5939765625 0.48557109374999996 0.6065070312499999 0.48161484374999997 0.618378125 0.44601328125000006 0.62431328125 0.39590703125000004 0.6335460937499999 0.3589859375 0.63453515625 0.33986640625 0.63453515625 0.3253625 0.6309078125 0.31448359375 0.621015625 0.31646171875 0.609475 0.32799921875 0.5946359375 0.3326140625 0.5870515625 0.3487671875 0.58903046875 0.360634375 0.58837109375 0.3603046875 0.57880859375
0 0.34406953125 0.6367140625000001 0.37983671874999997 0.6362484375 0.42565703125 0.63229140625 0.4718078125 0.62239921875 0.4629078125 0.63591875 0.45499609375 0.6477890625 0.46950078125 0.6560328125 0.49323515625000003 0.6655953125 0.5034539062500001 0.6794445312499999 0.5034539062500001 0.6820828125 0.47708281250000006 0.6824125000000001 0.45532578125 0.68472109375 0.40785625000000003 0.68472109375 0.3600578125 0.68439140625 0.33665234375 0.6807640625 0.321159375 0.6801046875 0.31357734375 0.6718609375 0.32445546875 0.6613085937500001 0.33830078124999996 0.65801171875 0.35280546875 0.65801171875 0.35379453125000004 0.653725 0.35346484375 0.6468 0.3462125 0.64086484375
0 0.48779609375 0.5989953125 0.53955078125 0.59536796875 0.5735046875 0.59569765625 0.60515078125 0.6022929687499999 0.63218125 0.6036117187500001 0.6404226562499999 0.61383359375 0.6506421875 0.635596875 0.6493234375 0.64318125 0.62624765625 0.64977578125 0.58603125 0.65571171875 0.53823203125 0.65505234375 0.50032265625 0.6593390625 0.48120312500000006 0.6599984375 0.46373203125 0.65274375 0.46076484375 0.6445000000000001 0.4693359375 0.632959375 0.47263203125000003 0.625375 0.4802140625 0.61976953125 0.48878515624999996 0.61350390625 0.49043281250000004 0.6072390624999999
0 0.646109375 0.5913875 0.6634156250000001 0.5957851562500001 0.7158296875 0.5875421875 0.7705515625 0.58622265625 0.79923046875 0.5839148437499999 0.78736328125 0.5951257812499999 0.80054921875 0.6056781250000001 0.8226351562499999 0.62216484375 0.82296484375 0.63040859375 0.8054937499999999 0.63568515625 0.757365625 0.6376632812499999 0.7191265625 0.6422796875000001 0.67297578125 0.6459070312499999 0.6522078125 0.64755546875 0.65484453125 0.6353546875 0.6502296875 0.6254625 0.64462578125 0.61293203125 0.6383625 0.60468828125 0.6426476562500001 0.5990828125000001
0 0.8018679687500001 0.6021015625 0.848925 0.598178125 0.9010093749999999 0.58795625 0.94419296875 0.58103203125 0.9544124999999999 0.58169140625 0.95869765625 0.59026484375 0.9705648437500001 0.5978484374999999 0.9745203124999999 0.5978484374999999 0.974190625 0.60147578125 0.966609375 0.61928203125 0.9511156250000001 0.6334609375 0.8776039062500001 0.6492890625000001 0.8116749999999999 0.66346796875 0.7984890625000001 0.66379765625 0.7971703125 0.64632109375 0.7984890625000001 0.6387375 0.8218937499999999 0.63445078125 0.825190625 0.629175 0.825190625 0.62225 0.8222234374999999 0.61796328125 0.8106859375000001 0.60906015625
0 0.63745625 0.6498999999999999 0.6331703125 0.6697031250000001 0.638115625 0.68355234375 0.65591640625 0.69707265625 0.6602015625 0.7016890625000001 0.65525703125 0.70696484375 0.6147101562499999 0.70465625 0.53691328125 0.70597578125 0.49570781249999996 0.7066351562500001 0.48186249999999997 0.7049859374999999 0.46636875 0.6964125 0.4706546875 0.68882890625 0.48482890625 0.6845421875000001 0.5065859374999999 0.6828929687499999 0.50164140625 0.67431953125 0.49669609374999996 0.6657460937499999 0.48911484375000003 0.6611296875 0.5263648437499999 0.6607999999999999 0.573834375 0.6581625 0.60317265625 0.65519453125 0.62624765625 0.65321640625
0 0.64198828125 0.65113671875 0.63968125 0.66518515625 0.64462578125 0.68266171875 0.651878125 0.6882671874999999 0.6792390625 0.689915625 0.73824609375 0.6902453125 0.7824187499999999 0.69288359375 0.8239539062500001 0.6895859375 0.82692109375 0.6846398437500001 0.8107679687499999 0.6698015625 0.79725234375 0.66485546875 0.7949453125 0.6533140625 0.7936265625 0.642103125 0.77714375 0.64012421875 0.76000234375 0.64045390625 0.72374140625 0.6427625 0.6963804687499999 0.6454 0.666053125 0.64902734375 0.65385625 0.6496867187500001
0 0.94485234375 0.6416593749999999 0.95045625 0.65661484375 0.9649609375000001 0.6684851562499999 0.975509375 0.69354609375 0.96067578125 0.7017898437500001 0.9465007812499999 0.70080078125 0.8977124999999999 0.70640625 0.8383765625 0.71069296875 0.7836546875 0.713990625 0.77640234375 0.7067359375 0.7816765625000001 0.6978328125 0.8057414062499999 0.6938757812499999 0.82914609375 0.690578125 0.83046484375 0.6839835937500001 0.81530078125 0.6704640625 0.8139820312499999 0.6651882812500001 0.8492546875 0.6579335937499999 0.8878234375 0.65034921875 0.91848046875 0.64276484375 0.9405671874999999 0.64078671875 0.94748984375 0.6414460937500001
0 0.49323515625000003 0.7084125 0.5493578125 0.70745625 0.62122109375 0.7091046875 0.63209921875 0.7091046875 0.6264953125 0.7242734375000001 0.6383625 0.74570625 0.64858125 0.760875 0.6413296875000001 0.76746953125 0.61792421875 0.7635132812500001 0.59715625 0.75493984375 0.55199453125 0.753290625 0.51111875 0.7523015625 0.48705390625 0.7516421875 0.47024218749999996 0.74570625 0.47123125000000005 0.73713359375 0.4811203125 0.7338359375 0.4992515625 0.7351546875 0.49727343749999997 0.7249328125
0 0.66011953125 0.6919304687500001 0.71945546875 0.693934375 0.7642875 0.69558359375 0.7794515625 0.69624296875 0.7708804687499999 0.7091031250000001 0.80021953125 0.7219632812500001 0.8078015625000001 0.7153679687500001 0.8137351562499999 0.73020625 0.8272507812500001 0.75163984375 0.82329453125 0.75691640625 0.8041750000000001 0.75691640625 0.75835390625 0.754278125 0.7164890625 0.75098046875 0.67363515625 0.74867265625 0.64660390625 0.746034375 0.6347367187499999 0.7298765625 0.63176953125 0.71338984375 0.637703125 0.7087734375 0.65913046875 0.710421875 0.66077890625 0.7008593750000001 0.65484453125 0.6949234375
0 0.9485609374999999 0.7038796875 0.96685625 0.73704765625 0.9701531250000001 0.749578125 0.9305953125 0.75386484375 0.849171875 0.7565031249999999 0.8162070312499999 0.76046015625 0.83367890625 0.7505671875 0.814559375 0.7215499999999999 0.814559375 0.71561484375 0.86005078125 0.7123171875 0.9286171875000001 0.7050625