0 0.65546875 0.28828125 0.0890625 0.1265625
0 0.565625 0.2921875 0.0875 0.121875
0 0.47734375 0.296875 0.0859375 0.11875
0 0.38984375 0.3171875 0.0890625 0.11875
0 0.7046875 0.3828125 0.0875 0.115625
0 0.7484375 0.4890625 0.0875 0.1125
0 0.66015625 0.48515625 0.0859375 0.1109375
0 0.6109375 0.39375 0.0875 0.11875
0 0.509375 0.409375 0.084375 0.1125
0 0.42265625 0.4296875 0.0859375 0.1125
0 0.3421875 0.4125 0.08125 0.1125
0 0.56640625 0.490625 0.0859375 0.109375
0 0.465625 0.52421875 0.084375 0.1078125
0 0.38046875 0.52265625 0.0859375 0.1078125
0 0.29453125 0.5140625 0.0859375 0.109375
0 0.78359375 0.58046875 0.0890625 0.1015625
0 0.69609375 0.5765625 0.0859375 0.10625
0 0.61484375 0.57578125 0.0859375 0.1046875
0 0.53203125 0.5890625 0.0828125 0.1
0 0.43046875 0.6203125 0.0828125 0.10625
0 0.34609375 0.61875 0.0890625 0.10625
0 0.26484375 0.6109375 0.0859375 0.10625
0 0.73984375 0.675 0.0828125 0.1
0 0.6578125 0.66484375 0.08125 0.1015625
0 0.578125 0.67109375 0.08125 0.1015625
0 0.4953125 0.678125 0.08125 0.1
0 0.315625 0.68125 0.08125 0.09375
0 0.39375 0.6984375 0.08125 0.09375
0 0.34765625 0.78359375 0.0828125 0.0953125
0 0.41484375 0.8359375 0.0765625 0.090625
0 0.45703125 0.7609375 0.0796875 0.09375
0 0.53515625 0.75859375 0.0796875 0.0953125
0 0.49609375 0.821875 0.0765625 0.1
0 0.571875 0.8359375 0.075 0.09375
0 0.61484375 0.75546875 0.0828125 0.0953125
0 0.6921875 0.75390625 0.08125 0.0921875
0 0.65 0.8296875 0.078125 0.096875