0 0.34453125 0.2625 0.0609375 0.078125
0 0.396875 0.2359375 0.0625 0.090625
0 0.0515625 0.646875 0.078125 0.0875
0 0.125 0.62109375 0.05 0.0671875
0 0.1125 0.67109375 0.059375 0.0640625
0 0.1984375 0.4296875 0.059375 0.075
0 0.28125 0.3484375 0.059375 0.078125
0 0.25625 0.41015625 0.059375 0.0734375
0 0.203125 0.5390625 0.065625 0.075
0 0.18046875 0.6046875 0.0640625 0.075
0 0.171875 0.66015625 0.059375 0.0671875
0 0.153125 0.73125 0.059375 0.0625
0 0.14765625 0.790625 0.0578125 0.059375
0 0.3328125 0.3671875 0.065625 0.084375
0 0.29765625 0.45 0.0640625 0.08125
0 0.37421875 0.4390625 0.0671875 0.084375
0 0.3453125 0.51015625 0.065625 0.0796875
0 0.325 0.578125 0.065625 0.075
0 0.26328125 0.5234375 0.0640625 0.078125
0 0.25234375 0.59296875 0.0640625 0.0734375
0 0.22890625 0.653125 0.0609375 0.06875
0 0.21171875 0.72421875 0.0578125 0.0671875
0 0.19921875 0.7796875 0.0578125 0.065625
0 0.1953125 0.83125 0.05625 0.05625
0 0.24453125 0.86328125 0.0546875 0.0515625
0 0.28828125 0.89609375 0.0578125 0.0515625
0 0.2984375 0.84765625 0.05625 0.0546875
0 0.246875 0.8171875 0.05625 0.059375
0 0.26171875 0.7640625 0.0609375 0.0625
0 0.27734375 0.7046875 0.0609375 0.065625
0 0.31328125 0.79453125 0.0546875 0.0578125
0 0.35390625 0.83515625 0.0546875 0.0578125
0 0.36953125 0.78828125 0.0546875 0.0578125
0 0.32734375 0.7453125 0.0578125 0.059375
0 0.35 0.69140625 0.059375 0.0671875
0 0.3015625 0.64296875 0.0625 0.0703125
0 0.475 0.2328125 0.071875 0.09375
0 0.44140625 0.31640625 0.0703125 0.0890625
0 0.3828125 0.33828125 0.0625 0.0828125
0 0.43515625 0.40703125 0.0671875 0.0859375
0 0.42890625 0.49140625 0.0671875 0.0828125
0 0.39765625 0.5640625 0.0640625 0.075
0 0.3703125 0.6296875 0.0625 0.06875
0 0.41015625 0.68203125 0.0578125 0.0671875
0 0.38671875 0.7328125 0.0578125 0.0625
0 0.42265625 0.78359375 0.0546875 0.0609375
0 0.40625 0.8296875 0.05625 0.05625
0 0.46015625 0.8359375 0.0546875 0.05625
0 0.47890625 0.79140625 0.0546875 0.0609375
0 0.51328125 0.83515625 0.0546875 0.0578125
0 0.44140625 0.7328125 0.0578125 0.0625
0 0.49921875 0.73515625 0.0578125 0.0640625
0 0.5578125 0.7359375 0.059375 0.065625
0 0.55 0.2484375 0.075 0.1
0 0.621875 0.2453125 0.06875 0.1
0 0.68671875 0.2703125 0.0734375 0.09375
0 0.51484375 0.3328125 0.0671875 0.0875
0 0.59140625 0.3328125 0.0703125 0.090625
0 0.65546875 0.353125 0.0671875 0.0875
0 0.71953125 0.33515625 0.0671875 0.0859375
0 0.50078125 0.42109375 0.0671875 0.0890625
0 0.56640625 0.41953125 0.0703125 0.0859375
0 0.63046875 0.43828125 0.0671875 0.0828125
0 0.696875 0.42421875 0.065625 0.0828125
0 0.76875 0.39921875 0.06875 0.0859375
0 0.82265625 0.42890625 0.0671875 0.0859375
0 0.76171875 0.47734375 0.0671875 0.0765625
0 0.84296875 0.503125 0.0703125 0.078125
0 0.50390625 0.50390625 0.0640625 0.0796875
0 0.57265625 0.5046875 0.0640625 0.078125
0 0.63515625 0.5234375 0.0671875 0.078125
0 0.6984375 0.50625 0.0625 0.078125
0 0.46171875 0.55859375 0.0640625 0.0734375
0 0.5359375 0.5671875 0.0625 0.078125
0 0.78515625 0.55 0.0640625 0.075
0 0.83046875 0.5828125 0.0640625 0.071875
0 0.76875 0.61796875 0.059375 0.0703125
0 0.7234375 0.5703125 0.059375 0.075
0 0.66171875 0.58359375 0.0609375 0.0703125
0 0.59921875 0.5921875 0.0640625 0.075
0 0.49453125 0.625 0.0640625 0.075
0 0.43203125 0.621875 0.0609375 0.071875
0 0.4703125 0.68203125 0.059375 0.0671875
0 0.528125 0.6765625 0.059375 0.071875
0 0.58671875 0.6578125 0.0609375 0.06875
0 0.64921875 0.65546875 0.0609375 0.0671875
0 0.71015625 0.63984375 0.0578125 0.0671875
0 0.81015625 0.65078125 0.0609375 0.0671875
0 0.7421875 0.68984375 0.059375 0.0671875
0 0.78828125 0.709375 0.0578125 0.065625
0 0.684375 0.7046875 0.059375 0.0625
0 0.7140625 0.75078125 0.05625 0.0640625
0 0.76171875 0.76875 0.0578125 0.0625
0 0.6140625 0.71328125 0.059375 0.0640625
0 0.53359375 0.784375 0.0578125 0.059375
0 0.590625 0.7828125 0.059375 0.065625
0 0.56796875 0.82734375 0.0546875 0.0578125
0 0.55546875 0.8640625 0.0578125 0.046875
0 0.4453125 0.8671875 0.053125 0.040625
0 0.34765625 0.87890625 0.0546875 0.0453125
0 0.61171875 0.871875 0.0546875 0.05625
0 0.66328125 0.86171875 0.0578125 0.0609375
0 0.621875 0.81640625 0.05625 0.0546875
0 0.6484375 0.759375 0.059375 0.065625
0 0.67734375 0.803125 0.0578125 0.0625
0 0.725 0.825 0.05625 0.0625
0 0.88359375 0.50703125 0.0484375 0.0734375
0 0.9515625 0.51953125 0.065625 0.0703125
0 0.9375 0.590625 0.05625 0.0625
0 0.95390625 0.7046875 0.0515625 0.05625