0 0.29074609375 0.1567109375 0.1283671875 0.160296875
0 0.40501249999999994 0.14191171875 0.12564999999999998 0.1588234375
0 0.51753359375 0.12799296875000002 0.1225671875 0.1559859375
0 0.62559765625 0.12343125000000002 0.1136953125 0.15936250000000002
0 0.72984765625 0.11160546875000002 0.1221953125 0.1482109375
0 0.79579375 0.2177578125 0.1040875 0.148015625
0 0.68498046875 0.2364953125 0.1043359375 0.135490625
0 0.58155234375 0.256603125 0.1099796875 0.15070624999999999
0 0.47630234375 0.26816640625 0.11197968750000001 0.1550828125
0 0.362359375 0.28084609375 0.11221874999999999 0.14919218750000002
0 0.24001718749999998 0.300140625 0.12065937499999999 0.15965625
0 0.84999609375 0.323934375 0.0968671875 0.14161875
0 0.7482101562500001 0.3513421875 0.1026703125 0.14330937500000002
0 0.64584296875 0.3701 0.1135609375 0.14332499999999998
0 0.53461484375 0.38581484375 0.1036046875 0.14037968750000002
0 0.43475 0.40524765625 0.110125 0.1448703125
0 0.3189921875 0.42675546875 0.119234375 0.1441359375
0 0.1985984375 0.44107734374999996 0.12844687500000002 0.15402968749999998
0 0.8963093750000001 0.42979453124999994 0.09261875 0.1314640625
0 0.8019999999999999 0.44975234375 0.094625 0.1338796875
0 0.68788671875 0.47133203125000006 0.1101484375 0.1457890625
0 0.6015312500000001 0.49847656249999994 0.1124375 0.131328125
0 0.49509218749999995 0.51091875 0.10580937500000001 0.1374625
0 0.38895625 0.53424296875 0.1154125 0.13723593750000002
0 0.27328593749999996 0.558184375 0.121571875 0.14449375
0 0.15097968750000001 0.5722203125 0.126959375 0.14756562499999998
0 0.94728125 0.5426851562499999 0.0883125 0.1353703125
0 0.8505429687499999 0.5591710937500001 0.0979609375 0.1308421875
0 0.7510546875 0.5698796875000001 0.09273437500000001 0.127259375
0 0.6593078125 0.60145390625 0.099865625 0.1279078125
0 0.5580546875 0.62095078125 0.10985937500000001 0.1356515625
0 0.45121953125 0.6388859375 0.10243906250000001 0.140271875
0 0.35152109375 0.6612703125 0.1311671875 0.135040625
0 0.23621875 0.6916890625 0.1161875 0.139628125
0 0.12025078125 0.7124765625 0.1186265625 0.143703125
0 0.9041945312499999 0.6540132812499999 0.0865140625 0.1299015625
0 0.8088359374999999 0.6773625 0.092671875 0.129725
0 0.72307734375 0.70098515625 0.0961546875 0.1332203125
0 0.6233078125 0.73077734375 0.099740625 0.1365546875
0 0.5173960937500001 0.7468250000000001 0.10041718749999999 0.134275
0 0.41561171874999997 0.7756664062499999 0.1062234375 0.13258281249999998
0 0.30807812500000004 0.8001609375 0.11303125 0.140946875
0 0.18553984375 0.8366351562500001 0.1148296875 0.1357703125
0 0.8637593750000001 0.783365625 0.09001875000000001 0.12298125
0 0.76948828125 0.7933312499999999 0.0921015625 0.1272875
0 0.67606875 0.81478359375 0.0927625 0.12956718750000001
0 0.5777625000000001 0.84362109375 0.1024 0.12474218749999999
0 0.4762046875 0.88044765625 0.102409375 0.1265203125
0 0.37553984375000005 0.902565625 0.11045468750000001 0.12700625000000001
0 0.2657796875 0.9301539062499999 0.11280937499999999 0.1259328125