0 0.84296875 0.10625 0.0671875 0.1125
0 0.79375 0.11640625 0.075 0.1234375
0 0.73984375 0.13125 0.0796875 0.128125
0 0.68515625 0.146875 0.0828125 0.134375
0 0.60703125 0.16953125 0.0953125 0.1421875
0 0.88203125 0.184375 0.0640625 0.109375
0 0.83125 0.2046875 0.06875 0.11875
0 0.60234375 0.2859375 0.0953125 0.14375
0 0.78671875 0.21875 0.0734375 0.125
0 0.72734375 0.23984375 0.0828125 0.1296875
0 0.665625 0.26484375 0.0875 0.1328125
0 0.921875 0.26015625 0.0625 0.1078125
0 0.87578125 0.28359375 0.0671875 0.1109375
0 0.828125 0.30546875 0.071875 0.1203125
0 0.72890625 0.35078125 0.0828125 0.1296875
0 0.578125 0.40234375 0.103125 0.1421875
0 0.65234375 0.37890625 0.0890625 0.1359375
0 0.76171875 0.33203125 0.0609375 0.1140625
0 0.9453125 0.3359375 0.053125 0.1
0 0.9125 0.36015625 0.065625 0.1078125
0 0.55703125 0.53046875 0.1015625 0.1453125
0 0.63046875 0.49609375 0.0921875 0.1359375
0 0.696875 0.46328125 0.084375 0.1265625
0 0.759375 0.43828125 0.078125 0.1203125
0 0.80625 0.41015625 0.071875 0.1171875
0 0.85390625 0.38359375 0.0671875 0.1109375
0 0.67734375 0.8234375 0.0921875 0.1375
0 0.72890625 0.77109375 0.0859375 0.1265625
0 0.7796875 0.728125 0.078125 0.125
0 0.60390625 0.7515625 0.1015625 0.140625
0 0.56796875 0.66328125 0.1046875 0.1453125
0 0.625 0.61953125 0.09375 0.1359375
0 0.68046875 0.6984375 0.0890625 0.134375
0 0.8296875 0.68828125 0.075 0.1171875
0 0.7421875 0.65859375 0.084375 0.1234375
0 0.6765625 0.57734375 0.084375 0.1265625
0 0.7453125 0.54609375 0.08125 0.1234375
0 0.84296875 0.48359375 0.0703125 0.1171875
0 0.7984375 0.6203125 0.078125 0.121875
0 0.88515625 0.6546875 0.0703125 0.1125
0 0.84453125 0.5875 0.0734375 0.115625
0 0.9640625 0.5890625 0.053125 0.103125
0 0.9265625 0.62109375 0.065625 0.1046875
0 0.9703125 0.49921875 0.04375 0.1015625
0 0.94140625 0.5265625 0.0640625 0.10625
0 0.89296875 0.55546875 0.0671875 0.1078125
0 0.8015625 0.5140625 0.075 0.121875
0 0.9328125 0.43125 0.059375 0.096875
0 0.8890625 0.4546875 0.065625 0.10625
0 0.96484375 0.40859375 0.0578125 0.0953125
0 0.965625 0.8421875 0.040625 0.10625
0 0.9328125 0.86875 0.0625 0.090625
0 0.88359375 0.89921875 0.0546875 0.0515625