0 0.7515625 0.19375 0.146875 0.18125
0 0.6359375 0.16953125 0.1375 0.1796875
0 0.528125 0.146875 0.134375 0.175
0 0.784375 0.33671875 0.146875 0.1765625
0 0.66484375 0.3125 0.1390625 0.171875
0 0.5546875 0.28671875 0.134375 0.1671875
0 0.453125 0.26328125 0.128125 0.1640625
0 0.815625 0.4796875 0.15 0.178125
0 0.69609375 0.45234375 0.1421875 0.1734375
0 0.58203125 0.428125 0.1328125 0.165625
0 0.84296875 0.61953125 0.1453125 0.1734375
0 0.72421875 0.59375 0.1421875 0.165625
0 0.61484375 0.55625 0.1328125 0.159375
0 0.86171875 0.76015625 0.1421875 0.1640625
0 0.75 0.7265625 0.1375 0.1625
0 0.78203125 0.8765625 0.1421875 0.165625
0 0.66640625 0.834375 0.1359375 0.15625
0 0.69296875 0.9453125 0.1359375 0.109375
0 0.5890625 0.92421875 0.13125 0.1515625
0 0.6421875 0.68828125 0.13125 0.1578125
0 0.56328125 0.79375 0.1296875 0.15625
0 0.48828125 0.8921875 0.1234375 0.146875
0 0.5375 0.65625 0.125 0.153125
0 0.4625 0.7609375 0.121875 0.153125
0 0.390625 0.84609375 0.11875 0.1453125
0 0.42109375 0.12421875 0.1328125 0.1765625
0 0.3234375 0.103125 0.121875 0.1625
0 0.35234375 0.23671875 0.1265625 0.1609375
0 0.24609375 0.2109375 0.1234375 0.159375
0 0.484375 0.39609375 0.125 0.1578125
0 0.3734375 0.37109375 0.128125 0.1578125
0 0.27578125 0.3421875 0.1203125 0.15625
0 0.17421875 0.30859375 0.1171875 0.1484375
0 0.509375 0.528125 0.128125 0.15625
0 0.40859375 0.50234375 0.1234375 0.1515625
0 0.3109375 0.46875 0.11875 0.146875
0 0.209375 0.4375 0.115625 0.146875
0 0.12109375 0.409375 0.1140625 0.15
0 0.43828125 0.63125 0.1234375 0.153125
0 0.33671875 0.59609375 0.1203125 0.1484375
0 0.246875 0.56171875 0.1125 0.1421875
0 0.15 0.54140625 0.1125 0.1421875
0 0.05546875 0.5171875 0.1078125 0.140625
0 0.359375 0.7265625 0.121875 0.146875
0 0.2671875 0.69453125 0.115625 0.1421875
0 0.17578125 0.665625 0.1140625 0.140625
0 0.08671875 0.63359375 0.1078125 0.1359375
0 0.296875 0.81484375 0.115625 0.1390625
0 0.20625 0.78515625 0.1125 0.1390625
0 0.109375 0.7578125 0.109375 0.140625