0 0.11913437500000001 0.34927265625000004 0.16326875000000002 0.1266703125
0 0.12221640625 0.46580546875 0.1600578125 0.1316109375
0 0.12888671875 0.5814328125 0.1577734375 0.11599062499999999
0 0.13595859375 0.6913507812499999 0.1594171875 0.1077015625
0 0.13589921875 0.78696953125 0.1467984375 0.1239390625
0 0.25716015625 0.8436546875 0.14557031250000002 0.106059375
0 0.2547671875 0.7300015625 0.137659375 0.103753125
0 0.25960859375 0.62151484375 0.15046718750000002 0.1149046875
0 0.2590953125 0.52016015625 0.155690625 0.1121953125
0 0.25700703125 0.40211953125 0.1515140625 0.11048906249999998
0 0.25514609374999997 0.27838671875 0.16029218750000002 0.1286484375
0 0.37151171875 0.8865000000000001 0.1398984375 0.10112499999999999
0 0.37648671875 0.78033671875 0.14047343750000002 0.10442343750000001
0 0.38228046875 0.673071875 0.1426859375 0.11801874999999999
0 0.382403125 0.5638093750000001 0.13980625 0.10574375
0 0.38841484375 0.46019296875000004 0.1455796875 0.11101093749999999
0 0.3860640625 0.33847421875 0.144003125 0.1175734375
0 0.3892765625 0.21353515625 0.156678125 0.1270703125
0 0.48041328125 0.9136046875 0.1295765625 0.092834375
0 0.48831171875 0.8164242187499999 0.1328734375 0.09534843750000001
0 0.49710078125 0.70365078125 0.1442015625 0.1073015625
0 0.5027546875 0.60375390625 0.13050937499999998 0.11063281250000001
0 0.50619921875 0.5015734375 0.1373984375 0.10939687499999999
0 0.5086765625 0.39405234375 0.136103125 0.1131046875
0 0.5183796875 0.27795078125 0.14613437499999998 0.1215265625
0 0.52134609375 0.15038125 0.1489421875 0.1351375
0 0.60385078125 0.9513539062499999 0.1358265625 0.0902078125
0 0.6075046875 0.8495601562499999 0.130634375 0.0959953125
0 0.60123671875 0.7544296875 0.1274734375 0.096359375
0 0.6173703125000001 0.6579703125 0.128490625 0.10031562499999999
0 0.6284296875 0.5482015625 0.134984375 0.11202812499999999
0 0.6276125 0.44431796874999996 0.1396 0.10426093750000001
0 0.63255703125 0.34139375 0.1369890625 0.1234125
0 0.6470273437499999 0.22042968749999997 0.14092968749999998 0.11585937500000001
0 0.65092578125 0.10232421875 0.1456015625 0.1171484375
0 0.70794765625 0.8873734375 0.1283953125 0.090371875
0 0.7138765625 0.79301015625 0.127753125 0.0985203125
0 0.7267789062500001 0.69725625 0.1316828125 0.1007625
0 0.734840625 0.599846875 0.13530625000000002 0.10281875
0 0.74465234375 0.48811953125 0.1330546875 0.10436406250000001
0 0.754909375 0.38431953124999996 0.13169375 0.10926406250000001
0 0.7686499999999999 0.27392890625 0.140425 0.1134828125
0 0.78853671875 0.15217734375 0.1364484375 0.11372968750000001
0 0.8265687500000001 0.836071875 0.1218875 0.09401875
0 0.8257859375000001 0.73883046875 0.123446875 0.0995359375
0 0.8356234375 0.63878671875 0.127496875 0.0963234375
0 0.8449265625000001 0.5410515625000001 0.124228125 0.10710312500000001
0 0.86783515625 0.4361453125 0.12629531249999998 0.10666562500000001
0 0.8771976562500001 0.32794453125 0.1262703125 0.10901406250000001
0 0.8908265625 0.21499687500000003 0.134778125 0.11436874999999999