0 0.7313703125 0.2178046875 0.068990625 0.135609375
0 0.8113953125 0.22335625 0.075915625 0.1279625
0 0.8695507812500001 0.22978984374999997 0.0609765625 0.1220796875
0 0.9258429687499999 0.23024921874999998 0.054810937500000004 0.11049843749999999
0 0.96971171875 0.23938984375 0.0581734375 0.1069046875
0 0.69204921875 0.3252609375 0.0778484375 0.125521875
0 0.7540218750000001 0.32546093750000005 0.07679375000000001 0.11967187500000001
0 0.8136984375 0.33061015625 0.074271875 0.1205953125
0 0.88207734375 0.3287875 0.057904687499999996 0.11069999999999999
0 0.93039296875 0.32881328125 0.0607859375 0.1107515625
0 0.97421875 0.32734375 0.0515625 0.1015625
0 0.6279640625 0.432771875 0.087178125 0.13116875
0 0.707603125 0.42851249999999996 0.07145625 0.12265
0 0.78506328125 0.42368828125 0.0701265625 0.11925156249999999
0 0.8289234375 0.41781328125000006 0.035971875 0.0981265625
0 0.89267265625 0.41995859375 0.0634703125 0.1055421875
0 0.9499765625000001 0.41777265625000004 0.053078125 0.09804531250000001
0 0.9864859375 0.412446875 0.026096875000000002 0.09364375
0 0.562278125 0.5377515625 0.07768125000000001 0.11300312500000001
0 0.6473375 0.53405546875 0.07592499999999999 0.12436093749999999
0 0.71916171875 0.5311046875 0.0695734375 0.11845937499999999
0 0.78614375 0.52436015625 0.0660375 0.1080953125
0 0.8361328125 0.5101484375 0.056640625 0.104671875
0 0.8893625000000001 0.4998125 0.066225 0.11525
0 0.9520875 0.4878625 0.0573 0.131975
0 0.9843609375 0.49659140625 0.031221875 0.0900578125
0 0.6038812499999999 0.64723984375 0.07338750000000001 0.1194796875
0 0.6619765625 0.6243171875 0.07082812499999999 0.11738437500000001
0 0.73808203125 0.621946875 0.0699140625 0.10951875
0 0.79860390625 0.61287578125 0.0659578125 0.1070015625
0 0.84830390625 0.59805234375 0.0497328125 0.10235468750000001
0 0.9001296875 0.58021953125 0.056509374999999994 0.0916890625
0 0.95238125 0.576059375 0.0516375 0.08649375000000001
0 0.98515625 0.57109375 0.0296875 0.0703125
0 0.53660703125 0.76644140625 0.0857140625 0.12350781250000001
0 0.6260007812499999 0.7417039062499999 0.0832515625 0.1146578125
0 0.698253125 0.7275890625 0.07150625000000001 0.11142812499999999
0 0.7631796875 0.7101101562500001 0.066984375 0.1108453125
0 0.817565625 0.69931640625 0.053881250000000006 0.1111328125
0 0.87173671875 0.67781796875 0.0622234375 0.0962609375
0 0.9219390625000001 0.67264765625 0.056378125 0.09529531249999999
0 0.969225 0.6548765624999999 0.047825 0.103503125
0 0.5794203125 0.86032890625 0.07446562500000001 0.11440781250000001
0 0.6526390625 0.82649296875 0.074028125 0.1311109375
0 0.71153046875 0.80371015625 0.0668109375 0.1261703125
0 0.766096875 0.786125 0.06344375 0.11287499999999999
0 0.8306796875 0.77128984375 0.06135937500000001 0.0957046875
0 0.8812828125 0.7575999999999999 0.056315625 0.09645000000000001
0 0.9299203125 0.742321875 0.050465625 0.09089375
0 0.5298828125 0.667284375 0.084765625 0.13769375
0 0.8608265625 0.95404140625 0.043528125 0.0362078125
0 0.89975234375 0.9367531250000001 0.0463796875 0.06725624999999999