0 0.34031796875 0.8401093749999999 0.1275109375 0.16459375
0 0.45459765625 0.8284437499999999 0.1341953125 0.1600125
0 0.57533671875 0.8130328125 0.11629843749999999 0.15731562500000001
0 0.68547890625 0.7933265625 0.1084578125 0.158528125
0 0.77283828125 0.78396484375 0.1238015625 0.1460546875
0 0.82381796875 0.66049609375 0.10701093749999999 0.1428671875
0 0.71292265625 0.6659734375 0.1070953125 0.138196875
0 0.60659296875 0.67741875 0.11943593749999999 0.1485875
0 0.5046367187499999 0.6895734375 0.1155234375 0.154146875
0 0.3886484375 0.70213671875 0.111671875 0.1511484375
0 0.26084140625 0.7191156249999999 0.1341828125 0.16010625
0 0.8551203125000001 0.54250546875 0.103990625 0.1381359375
0 0.750609375 0.538578125 0.10746875 0.13965624999999998
0 0.64858515625 0.54891796875 0.12217031249999999 0.14158593749999998
0 0.5381390625 0.5630796874999999 0.11065312499999999 0.138659375
0 0.43232499999999996 0.5643984375000001 0.11465 0.144421875
0 0.30998125 0.5755281250000001 0.1199625 0.14480625
0 0.18725 0.5894578125 0.13075 0.157040625
0 0.8758523437499999 0.42772734375 0.0954546875 0.1273296875
0 0.7820632812499999 0.42851015624999994 0.0985015625 0.1320203125
0 0.67500625 0.43322265625 0.1062625 0.1414453125
0 0.57290703125 0.43800234375 0.11143906249999999 0.1291296875
0 0.4673546875 0.44929921874999995 0.112834375 0.1360984375
0 0.35813515625000003 0.4543828125 0.1162703125 0.136890625
0 0.24267109375 0.45423749999999996 0.1228421875 0.14597500000000002
0 0.10626796875 0.46389609375 0.1406609375 0.14966718750000002
0 0.8950601562499999 0.30627890625000004 0.0932453125 0.1344328125
0 0.798228125 0.31291328125 0.09645625 0.1289515625
0 0.7029140625 0.32714453125 0.09957812499999999 0.1261640625
0 0.6109984374999999 0.318946875 0.103246875 0.12851875
0 0.50015390625 0.32218046875 0.11593281250000001 0.13498593750000001
0 0.39876796875 0.33005390625 0.1069109375 0.1382328125
0 0.28827578125 0.3298140625 0.12030156249999999 0.137753125
0 0.1685015625 0.32970390625 0.118253125 0.1406578125
0 0.055625 0.3416625 0.11125 0.145825
0 0.8296093750000001 0.20669140625 0.09359375 0.1258828125
0 0.73597890625 0.20819140625000002 0.1032078125 0.1257578125
0 0.6410078125 0.2023625 0.10389062499999999 0.129725
0 0.5390648437500001 0.2043203125 0.1062546875 0.133640625
0 0.42854140625000003 0.2076984375 0.1070828125 0.131021875
0 0.32295859375 0.20303203124999997 0.1115421875 0.1310640625
0 0.20718359375 0.20432734375 0.1143671875 0.1399046875
0 0.08855625 0.19815234375 0.1146125 0.1369296875
0 0.766703125 0.08997890625 0.09590625 0.1205828125
0 0.673771875 0.10089531250000001 0.10379374999999999 0.120540625
0 0.57620390625 0.10482812500000001 0.0992828125 0.12528125
0 0.47728828125 0.10123750000000001 0.1108265625 0.12435
0 0.36685703125 0.0875390625 0.1087140625 0.12507812499999998
0 0.2591640625 0.0902078125 0.10895312500000001 0.12104062499999999
0 0.1452421875 0.0955796875 0.109234375 0.103659375