0 0.78305 0.25961640625 0.131725 0.06923281249999999
0 0.77745625 0.18154921875000002 0.12991250000000001 0.06622343750000001
0 0.76796015625 0.1236046875 0.1296703125 0.065959375
0 0.75787265625 0.025340625 0.1094953125 0.05068125
0 0.7664140625 0.06125859375 0.101578125 0.0600171875
0 0.6811468749999999 0.3007140625 0.12479375 0.076428125
0 0.67720390625 0.23267500000000002 0.1200328125 0.074725
0 0.6764851562499999 0.17538671875 0.1217203125 0.0726484375
0 0.68018828125 0.11021718750000001 0.12287656250000001 0.057934375
0 0.67603828125 0.061298437500000004 0.1333265625 0.053846875
0 0.68141875 0.0191296875 0.1003375 0.038259375
0 0.57647265625 0.3621375 0.12794531250000002 0.080525
0 0.57336171875 0.28496015625000004 0.11859843750000001 0.0730453125
0 0.57343125 0.20870468749999999 0.1156125 0.07053437500000001
0 0.57984609375 0.16676484375 0.1159421875 0.0429046875
0 0.58504140625 0.09631640625 0.1044578125 0.05825781249999999
0 0.58966484375 0.04294609375 0.0949546875 0.054642187499999995
0 0.5952078125 0.01019453125 0.093540625 0.0203890625
0 0.4610609375 0.42013359375 0.134621875 0.0871421875
0 0.46401796875 0.34534453125 0.1249109375 0.0750640625
0 0.47653359375 0.27127734375 0.1249421875 0.0831796875
0 0.47957109375 0.21343125000000002 0.1122671875 0.0706125
0 0.48968125 0.153 0.1137375 0.06225000000000001
0 0.5061265625 0.099190625 0.12475312499999999 0.06088125
0 0.5091125 0.03783515625 0.111975 0.053795312500000005
0 0.51740703125 0.011265625 0.0848140625 0.02253125
0 0.33148828125 0.45787578125 0.12860156250000002 0.0813765625
0 0.3518984375 0.3861609375 0.12254687500000001 0.075446875
0 0.38093828125 0.33091484375 0.1368765625 0.0680796875
0 0.38050546875 0.25884843750000003 0.11101093749999999 0.086446875
0 0.39448984375 0.19680625000000002 0.11085468750000001 0.0654875
0 0.40794218749999994 0.14236875 0.12213437499999999 0.0534875
0 0.42219765625 0.09262890625 0.1006453125 0.0633828125
0 0.4284671875 0.03646640625 0.094434375 0.0573078125
0 0.23811875000000002 0.45422890625 0.1262375 0.08033281249999999
0 0.257996875 0.36209140624999997 0.11599375 0.07730781249999999
0 0.27674609375000003 0.2957515625 0.1191171875 0.069628125
0 0.29579296875 0.2286265625 0.1134609375 0.069753125
0 0.31216796874999997 0.1733203125 0.11183593750000001 0.062265625000000005
0 0.32213828125 0.12061875 0.1005265625 0.059987500000000006
0 0.334084375 0.06725546875 0.09941875 0.05326093750000001
0 0.1420765625 0.4097453125 0.11852812500000001 0.07574062499999999
0 0.17630234375 0.34364140625 0.1244796875 0.07478281249999999
0 0.20366875 0.28362421875 0.13546249999999999 0.0734984375
0 0.2198 0.22521093749999999 0.12397499999999999 0.06917187500000001
0 0.23233984375 0.16155 0.10217968749999999 0.063725
0 0.249921875 0.10527265625 0.10609375000000001 0.06679531250000001
0 0.2642421875 0.05630390625 0.094109375 0.053232812500000004
0 0.02377421875 0.18218281249999999 0.0350484375 0.039365625
0 0.036777343750000004 0.13299453125 0.0641796875 0.050364062499999994
0 0.049867968750000005 0.08922265625 0.0934859375 0.0440703125
0 0.01632734375 0.08047421875 0.026404687500000003 0.032823437500000004
0 0.3477765625 0.021990625 0.098678125 0.04398125
0 0.43703281250000003 0.01011015625 0.07094062500000001 0.0202203125