0 0.36696875 0.82286953125 0.1276875 0.1644890625
0 0.47833046875 0.8175601562500001 0.1347859375 0.1601203125
0 0.5975859375 0.80373671875 0.117046875 0.1574734375
0 0.70606484375 0.7824609375 0.1090046875 0.158671875
0 0.79785078125 0.77622578125 0.12382656249999999 0.1462015625
0 0.8442804687500001 0.6466484375 0.10731093750000001 0.143296875
0 0.73353203125 0.656590625 0.10768906250000002 0.13818125
0 0.63040078125 0.665084375 0.1201765625 0.14891875000000002
0 0.5252265625 0.67409453125 0.116078125 0.1544390625
0 0.41230078125 0.6881453125 0.1121015625 0.15129062499999998
0 0.28481328125000005 0.7051164062499999 0.1352515625 0.16023281250000002
0 0.8788218750000001 0.53172265625 0.10451875 0.1384453125
0 0.7711765625 0.53083984375 0.107978125 0.1398046875
0 0.66611484375 0.5365328125 0.12285468749999999 0.141815625
0 0.5573710937499999 0.55220390625 0.1116171875 0.1387828125
0 0.45293828124999996 0.555103125 0.11525156249999999 0.14458125
0 0.3336375 0.55833671875 0.1204 0.14479843750000002
0 0.20801484375 0.56761015625 0.1316546875 0.1570953125
0 0.89330078125 0.41853359375 0.0959765625 0.1276921875
0 0.7995234375 0.41766875 0.099046875 0.1322125
0 0.6937203125 0.42562734375 0.10619062500000001 0.1418796875
0 0.5887765625 0.42250546875 0.111928125 0.1293859375
0 0.487996875 0.43213749999999995 0.11349374999999999 0.13615
0 0.37562890625 0.4356234375 0.11688281250000002 0.136871875
0 0.26168593749999997 0.43706484375 0.12337187499999999 0.1460046875
0 0.12860390625 0.4482734375 0.1415828125 0.149671875
0 0.91718671875 0.298596875 0.0937484375 0.13469375
0 0.8188492187499999 0.30524765625 0.0970734375 0.1292453125
0 0.7234921875 0.31784609375 0.10010937499999999 0.1263171875
0 0.63155625 0.3080484375 0.1037375 0.128596875
0 0.5223515625 0.30967968749999997 0.116578125 0.134984375
0 0.41940937500000003 0.31763125 0.10756874999999999 0.1383875
0 0.30999921874999997 0.31574843750000003 0.11999843750000001 0.137746875
0 0.189053125 0.31414140625 0.11873125 0.1407828125
0 0.07357421875 0.32447109375 0.1190234375 0.1458171875
0 0.8501867187500001 0.1990765625 0.09412343749999999 0.126278125
0 0.755115625 0.19898125 0.10398125 0.1260875
0 0.66001796875 0.19304375000000001 0.1044109375 0.1298375
0 0.55809921875 0.19352968750000002 0.1068234375 0.133934375
0 0.447559375 0.19536796875 0.10761875000000001 0.1313609375
0 0.34203515625 0.18905078125000002 0.1121953125 0.1312265625
0 0.22602265624999998 0.18877968750000002 0.1145453125 0.140059375
0 0.10742343750000001 0.18251640624999999 0.11484687499999999 0.1369078125
0 0.7856156249999999 0.082275 0.09623125 0.12079999999999999
0 0.6929023437499999 0.0901546875 0.10455468750000001 0.120934375
0 0.59365546875 0.09403671875 0.0998109375 0.1255734375
0 0.4963453125 0.08876953125 0.111440625 0.1244140625
0 0.3842234375 0.07359296875 0.109071875 0.1253109375
0 0.278196875 0.07611484375000001 0.10951875 0.12097968750000002
0 0.16256015625 0.07973593749999999 0.1094953125 0.10322187499999999