0 0.32036171874999997 0.22238750000000002 0.06572343750000001 0.132275
0 0.24231171875 0.2201640625 0.0627484375 0.130953125
0 0.18802109375 0.21720390625000002 0.0572921875 0.1312828125
0 0.08355625 0.2059609375 0.0483625 0.10879687499999999
0 0.123859375 0.21219375000000001 0.05084375 0.1025125
0 0.34635390624999995 0.33716953125 0.06770781249999999 0.1243390625
0 0.28211796875 0.33066328125 0.06423593749999999 0.1207015625
0 0.222296875 0.31932031250000004 0.06646875 0.123015625
0 0.1568453125 0.30575390625 0.054315625 0.1240078125
0 0.11068984374999999 0.30167031250000004 0.0463796875 0.13459062500000002
0 0.057192187500000005 0.2926171875 0.045634375 0.100859375
0 0.3907734375 0.45214921874999997 0.072171875 0.1292984375
0 0.3166171875 0.44299765625000004 0.06448437500000001 0.1203703125
0 0.23442421875 0.42481796875000005 0.06572343750000001 0.1183859375
0 0.19685 0.41807187500000004 0.03745 0.11739375
0 0.1299109375 0.39888359375000004 0.053571875000000005 0.1071421875
0 0.07569453125 0.38907109375000004 0.0451390625 0.0968921875
0 0.03209296875 0.3713125 0.039185937500000004 0.098875
0 0.431621875 0.56746015625 0.07886875 0.1349203125
0 0.36044140625 0.55378671875 0.07713281250000001 0.1263234375
0 0.28501953125 0.53742578125 0.0731640625 0.1279765625
0 0.22524765625 0.5216023437499999 0.0629953125 0.1150796875
0 0.17222187500000002 0.502190625 0.053818750000000005 0.11375625
0 0.11760937499999999 0.47994375 0.05084375 0.12863750000000002
0 0.05912734374999999 0.46831171875 0.0463796875 0.1147484375
0 0.02311484375 0.45879609375 0.0337296875 0.0925921875
0 0.44876015625 0.6967265625 0.07564531249999999 0.130953125
0 0.3802828125 0.67064296875 0.069940625 0.12566093750000001
0 0.32643828125 0.627753125 0.0622515625 0.13988125
0 0.25632421875 0.6216765625 0.0751484375 0.112103125
0 0.19407265625 0.6046546875 0.06002031249999999 0.112434375
0 0.14756953125 0.5865078125000001 0.0451390625 0.123015625
0 0.097221875 0.56186328125 0.053818750000000005 0.1018515625
0 0.044816406249999996 0.5470484375 0.045882812499999995 0.097221875
0 0.42844765625000003 0.7885828125 0.07564531249999999 0.130290625
0 0.3435265625 0.75706015625 0.071428125 0.1203703125
0 0.28001015625000003 0.734284375 0.06002031249999999 0.12169375
0 0.21830390624999998 0.7087718749999999 0.0647328125 0.11441874999999999
0 0.16371562499999998 0.6823742187499999 0.055556249999999995 0.1147484375
0 0.11436015625 0.6576718749999999 0.0505953125 0.10284374999999998
0 0.06163203125 0.64015390625 0.0451390625 0.10218281250000001
0 0.3701640625 0.87786875 0.068453125 0.1213625
0 0.3095984375 0.84112109375 0.069196875 0.12599218750000002
0 0.25131484375 0.79896640625 0.0620046875 0.13855781250000002
0 0.201190625 0.77369375 0.06175625 0.12863750000000002
0 0.1377234375 0.7571015625 0.053571875000000005 0.10482812500000001
0 0.08970703125 0.7309609375 0.0575390625 0.10879687499999999
0 0.0396328125 0.7146414062499999 0.044890625 0.0949078125
0 0.12078359375 0.96621171875 0.0384421875 0.0667984375
0 0.07807578125 0.9530421875 0.043651562500000005 0.093584375
0 0.04072421875 0.92780234375 0.0376984375 0.09622968750000001
0 0.02109375 0.96640625 0.0328125 0.0671875
0 0.01202890625 0.5220484375 0.0240578125 0.097221875
0 0.017609375 0.62518984375 0.03521875 0.1035046875