0 0.8809304687499999 0.44253593750000003 0.16498593749999999 0.128821875
0 0.8548718750000001 0.54441484375 0.15974375000000002 0.1419546875
0 0.8314210937500001 0.66016015625 0.15659218749999998 0.12344531249999999
0 0.80816640625 0.7665421875 0.15695781250000002 0.11433437500000002
0 0.78630703125 0.85861171875 0.1444890625 0.12972343749999998
0 0.657365625 0.886621875 0.13973125 0.11074375
0 0.6720984375000001 0.77508984375 0.137946875 0.11267968749999999
0 0.69465 0.67444296875 0.14555 0.1270109375
0 0.71660859375 0.5780632812500001 0.1519671875 0.12175156250000001
0 0.73790703125 0.46251171874999997 0.1508140625 0.1156484375
0 0.765584375 0.34134296875 0.15929374999999998 0.1451859375
0 0.5413671875 0.9075445312499999 0.135859375 0.1088390625
0 0.54445390625 0.7926921874999999 0.1389078125 0.113509375
0 0.56065078125 0.6970859375 0.1400515625 0.128546875
0 0.58740234375 0.5927484375 0.1373046875 0.119871875
0 0.60304609375 0.48668984374999996 0.1435921875 0.12025468749999998
0 0.6206765625 0.3724390625 0.14447812499999999 0.12300312499999999
0 0.64752890625 0.25385 0.1575578125 0.13895
0 0.42141953125000003 0.9114953124999999 0.1240890625 0.101115625
0 0.43078984375000007 0.8148390624999999 0.1303296875 0.104678125
0 0.44535546875000004 0.71239140625 0.1375859375 0.1060328125
0 0.45695546875000004 0.60701875 0.1295359375 0.11716249999999999
0 0.47874140625 0.50941796875 0.1356078125 0.11883593750000002
0 0.4964578125 0.40006953124999994 0.13666562499999999 0.12201406249999999
0 0.505484375 0.28850625 0.14534375 0.1270125
0 0.5343078125 0.16038359375 0.149865625 0.1488921875
0 0.29724531249999997 0.9176992187499999 0.131990625 0.0978984375
0 0.31781953124999995 0.8261476562500001 0.1262640625 0.10229531249999999
0 0.3326140625 0.7257710937499999 0.124603125 0.1046671875
0 0.3345109375 0.6295015625 0.12839687500000002 0.109003125
0 0.3485671875 0.5216859375 0.134634375 0.12149687499999999
0 0.3683140625 0.42224609375 0.136628125 0.1132421875
0 0.38122109374999996 0.313665625 0.13744218749999998 0.12108125
0 0.39382968749999997 0.206528125 0.14078437500000002 0.12243124999999999
0 0.413375 0.09274453125 0.14550000000000002 0.1229890625
0 0.20338281249999998 0.8321640625000001 0.122390625 0.098703125
0 0.21212499999999998 0.73955546875 0.12425 0.1103609375
0 0.22673437500000002 0.6532515625 0.12846875 0.109628125
0 0.23603671875 0.5560031249999999 0.1314484375 0.11200625
0 0.24444375000000002 0.4389609375 0.1295125 0.112296875
0 0.25249921875000003 0.33903359375 0.1299984375 0.11869218749999999
0 0.26208593750000003 0.22496093749999999 0.139796875 0.11867187500000001
0 0.27148828125 0.1087171875 0.13672656249999998 0.11743437500000001
0 0.09519765625 0.7598617187500001 0.11852031249999999 0.10097343750000001
0 0.1165375 0.6647734375 0.11745000000000001 0.11079687499999999
0 0.13005859375 0.56908125 0.12261718749999999 0.1037875
0 0.13675 0.4783984375 0.12350000000000001 0.116171875
0 0.13699921874999998 0.36551875 0.12399843749999999 0.11228750000000001
0 0.14359921875 0.2583125 0.12469843750000001 0.116625
0 0.1554234375 0.14759843749999998 0.132721875 0.12019687500000001