0 0.750371875 0.1368140625 0.11011875 0.145503125
0 0.64288203125 0.1438328125 0.1232640625 0.156415625
0 0.537525 0.13831875 0.11879999999999999 0.1547625
0 0.43410234374999995 0.14579999999999999 0.1150796875 0.1541
0 0.308978125 0.14546953125 0.11483125000000001 0.1534390625
0 0.8108882812499999 0.25990390625000004 0.10615156249999999 0.13855781250000002
0 0.701165625 0.25604296875 0.09920625 0.1402109375
0 0.5943203125000001 0.26231015625 0.107390625 0.1464953125
0 0.4869296875 0.27589296875 0.111359375 0.1517859375
0 0.37591796875 0.27949765625 0.1143359375 0.1464953125
0 0.252703125 0.2833 0.12103124999999999 0.1541
0 0.8667414062500001 0.37003125 0.0959828125 0.1431875
0 0.6515625 0.398578125 0.109375 0.14715625000000002
0 0.54109609375 0.40069453125 0.10094218749999999 0.1388890625
0 0.43754921874999997 0.4086140625 0.11259843750000001 0.148478125
0 0.32003984375 0.41602187500000004 0.1150796875 0.15079375
0 0.2001734375 0.43017500000000003 0.12847187499999999 0.1541
0 0.89422109375 0.47806718750000005 0.10094218749999999 0.13425937500000001
0 0.8019343750000001 0.48554921875 0.09449375 0.1335984375
0 0.70205859375 0.49881796874999995 0.1103671875 0.1445109375
0 0.602753125 0.5096640625 0.10863125 0.141203125
0 0.48958359375000005 0.524628125 0.10416718750000001 0.13988125
0 0.38675625 0.53350703125 0.1078875 0.1388890625
0 0.2677828125 0.55276953125 0.116815625 0.1461640625
0 0.14876015625 0.56378125 0.12252031249999999 0.1431875
0 0.94382421875 0.58679765625 0.0907734375 0.1392203125
0 0.84506484375 0.59913203125 0.0932546875 0.1388890625
0 0.74637890625 0.60043828125 0.09275781250000001 0.1352515625
0 0.65389375 0.6251820312499999 0.10466249999999999 0.13161406250000002
0 0.54501484375 0.63826875 0.1056546875 0.1359125
0 0.43950859375 0.6453453125 0.1071421875 0.137565625
0 0.33043125 0.65677890625 0.1108625 0.13855781250000002
0 0.217534375 0.68038203125 0.11631875 0.1388890625
0 0.10339765625 0.6913359375 0.1192953125 0.145171875
0 0.1626484375 0.8233218750000001 0.119046875 0.14351875
0 0.287846875 0.7988921875 0.11631875 0.141534375
0 0.3966765625 0.7779765624999999 0.112103125 0.130953125
0 0.5036953125 0.763434375 0.107390625 0.13624375
0 0.6072671875 0.74756953125 0.10515937500000001 0.1388890625
0 0.7031 0.73330859375 0.09995000000000001 0.12599218750000002
0 0.79754453125 0.71965078125 0.0982140625 0.1236765625
0 0.89069921875 0.6991484375 0.0907734375 0.145171875
0 0.8506203125 0.81882421875 0.094990625 0.1220234375
0 0.7456101562499999 0.83033203125 0.0974703125 0.1200390625
0 0.6494789062499999 0.8469656249999999 0.09895781249999999 0.12830625
0 0.5561507812500001 0.85428203125 0.10292656250000001 0.1273140625
0 0.44838828125 0.8887484375 0.10615156249999999 0.130621875
0 0.34461796875 0.901909375 0.1111109375 0.13194375
0 0.7539679687499999 0.37767890625 0.10168593749999999 0.14285781250000001
0 0.23402812499999998 0.9290593749999999 0.11805625 0.13624375