0 0.379975 0.8160125 0.069325 0.132025
0 0.30757890625 0.8264460937500001 0.0682828125 0.1310171875
0 0.25828984374999997 0.8296578125 0.0634546875 0.131190625
0 0.146840625 0.850725 0.053056250000000006 0.10769999999999999
0 0.1943703125 0.8465562500000001 0.048115625 0.1024875
0 0.39246484375 0.705396875 0.07242968749999999 0.12329375000000001
0 0.3323875 0.7181375 0.064775 0.12065
0 0.2690953125 0.73029921875 0.063190625 0.1230984375
0 0.20616875 0.74493359375 0.0592125 0.1242421875
0 0.16141250000000001 0.7593375 0.050949999999999995 0.1343
0 0.11338203124999999 0.76598203125 0.048639062500000003 0.10071406249999999
0 0.42275156249999996 0.592953125 0.073628125 0.12965625
0 0.3501984375 0.6027546874999999 0.069146875 0.12113437499999999
0 0.274409375 0.6177265625 0.06756875 0.119828125
0 0.23760234374999997 0.6320953125 0.0439546875 0.11731562499999999
0 0.17021875 0.6539078125 0.0560625 0.107815625
0 0.12225859374999999 0.6675523437499999 0.0445171875 0.0976046875
0 0.076803125 0.6839671875 0.04110625 0.099184375
0 0.45516484375 0.4691109375 0.0790796875 0.135096875
0 0.39085625 0.486921875 0.0817125 0.12696875000000002
0 0.31171796875 0.511184375 0.0703109375 0.12861875
0 0.25101015625 0.52972421875 0.0613953125 0.1156984375
0 0.20216328125 0.5536492187500001 0.054326562499999995 0.11354843750000002
0 0.15637109375 0.5744296875 0.0502421875 0.130109375
0 0.09043828125 0.5905921875 0.046501562499999996 0.11555937499999999
0 0.05630390625 0.61067734375 0.0376078125 0.0932296875
0 0.45213515624999995 0.3346390625 0.07614531249999999 0.131778125
0 0.3943265625 0.36807578125 0.069903125 0.1267765625
0 0.344825 0.41240078125 0.06465 0.14042656250000002
0 0.26811328125 0.4282484375 0.0674765625 0.112746875
0 0.21111484374999998 0.44685234375 0.059729687499999996 0.11245468750000001
0 0.16499375 0.47693203124999994 0.0487375 0.1226140625
0 0.11971328125 0.497934375 0.051926562499999995 0.10211875
0 0.072684375 0.51303828125 0.042243750000000004 0.0979515625
0 0.422865625 0.24409062500000003 0.07698125 0.13193125
0 0.34188125 0.28285625 0.07126249999999999 0.1219625
0 0.2813765625 0.31116640625 0.059628125 0.12233281250000001
0 0.23004609375 0.34212734375 0.06634218750000001 0.11550468750000001
0 0.16776953125 0.37489765625000004 0.0605390625 0.1154203125
0 0.11938984374999999 0.39553906250000004 0.0481546875 0.10357812500000001
0 0.07298281250000001 0.41549531250000005 0.042840625 0.102865625
0 0.34793828125 0.16130312500000002 0.0677515625 0.12260625
0 0.29989765625000003 0.20394453124999998 0.0685453125 0.1266390625
0 0.244334375 0.24926718750000001 0.05741875 0.139159375
0 0.19303515625 0.2759828125 0.0610703125 0.130090625
0 0.13306796875 0.29646796875 0.053635937499999994 0.1054359375
0 0.0880765625 0.3268234375 0.054278124999999997 0.109896875
0 0.044396875 0.3492703125 0.04191875 0.095415625
0 0.09358359375 0.0774796875 0.0371671875 0.067459375
0 0.0513671875 0.09578046874999999 0.040234375 0.0946859375
0 0.020228125 0.13128515625 0.03420625 0.0969453125
0 0.031270312499999994 0.4389671875 0.034415625 0.096684375
0 0.03379140625 0.53714296875 0.0332078125 0.0961609375