0 0.75883125 0.23252968749999997 0.13016250000000001 0.074434375
0 0.7362632812500001 0.15731171875 0.1256515625 0.0739984375
0 0.7190546875 0.1048453125 0.125609375 0.075315625
0 0.6955515625 0.015121875000000002 0.10360312499999999 0.030243750000000003
0 0.7086984375000001 0.03731015625 0.098646875 0.0683703125
0 0.6598726562499999 0.2924609375 0.1228703125 0.08492187500000001
0 0.64926328125 0.22600078125 0.1172765625 0.0832515625
0 0.63211796875 0.17058828125 0.11736093750000001 0.08180156250000001
0 0.62320625 0.0990109375 0.11828749999999999 0.06677187500000001
0 0.61737734375 0.04848046875 0.1285046875 0.0625859375
0 0.6033304687500001 0.01457109375 0.0910359375 0.0291421875
0 0.5630773437500001 0.36213203125 0.12302968750000001 0.0898890625
0 0.54822734375 0.28759531250000003 0.11520468749999999 0.081440625
0 0.53815703125 0.2106921875 0.11068906249999999 0.077634375
0 0.5352625 0.169003125 0.11115 0.05363125
0 0.5299710937500001 0.10447734374999999 0.1005671875 0.0652046875
0 0.5206625 0.044994531250000004 0.091325 0.061864062500000004
0 0.5153796875000001 0.013730468749999999 0.090134375 0.027460937499999998
0 0.46420390625 0.44602812499999994 0.13153281249999998 0.09518125
0 0.45235312499999997 0.369346875 0.12033125 0.08244375000000001
0 0.45136875 0.2907484375 0.1183625 0.090871875
0 0.4404640625 0.22960859375 0.105928125 0.0810921875
0 0.44775390625 0.1694296875 0.1111328125 0.070109375
0 0.44609453125 0.11797500000000001 0.11718906250000001 0.070325
0 0.44034375 0.0515578125 0.1056875 0.062490625
0 0.44287656249999996 0.01783984375 0.082628125 0.0356796875
0 0.3404421875 0.49128828125 0.124634375 0.0888265625
0 0.35037265624999997 0.42154609374999996 0.1163703125 0.0837171875
0 0.37108046875 0.3625421875 0.12966093750000002 0.078209375
0 0.35596562499999995 0.2832109375 0.10880625 0.094546875
0 0.3535203125 0.22459921875000002 0.107040625 0.0741984375
0 0.36211328125 0.16746875 0.11797656249999999 0.0630625
0 0.36429374999999997 0.11804296875 0.0973375 0.0704609375
0 0.36188671875 0.06288828125 0.08939843750000001 0.0664015625
0 0.24575156250000002 0.50641796875 0.119628125 0.0878359375
0 0.25043828125 0.413090625 0.11025156250000001 0.08555625
0 0.25587734375000004 0.3411890625 0.1148796875 0.07925312500000001
0 0.2642390625 0.27970625 0.109728125 0.0781625
0 0.2697625 0.21843515624999998 0.10827500000000001 0.0712453125
0 0.27374375 0.16518046874999998 0.0974875 0.0678609375
0 0.2734671875 0.10675625 0.093809375 0.060387500000000004
0 0.142934375 0.47213593750000005 0.11399375 0.08489687500000001
0 0.16458203125 0.39881328125 0.11978906250000002 0.0851265625
0 0.18439921875 0.33801953125 0.12817343750000001 0.0822890625
0 0.187234375 0.27586015625 0.11509375 0.0798453125
0 0.1845140625 0.20808671875 0.09715312499999999 0.07242343749999999
0 0.19709921875 0.15484921875 0.10044843750000002 0.0753234375
0 0.20158984374999997 0.10537421875 0.0906796875 0.060748437499999995
0 0.02308125 0.1626 0.0336625 0.040825
0 0.36350625000000003 0.0229140625 0.0738875 0.045828125
0 0.278290625 0.053234375 0.08783125 0.06271875