0 0.61484375 0.8578125 0.1453125 0.18125
0 0.49765625 0.84921875 0.1390625 0.1765625
0 0.69453125 0.72890625 0.1453125 0.1765625
0 0.57265625 0.71640625 0.1390625 0.1671875
0 0.46015625 0.71171875 0.1359375 0.1671875
0 0.3875 0.83984375 0.134375 0.1734375
0 0.1375 0.6953125 0.121875 0.159375
0 0.1765625 0.821875 0.121875 0.1625
0 0.2140625 0.575 0.121875 0.153125
0 0.10546875 0.5796875 0.1171875 0.15
0 0.18359375 0.4640625 0.1171875 0.146875
0 0.0625 0.34140625 0.109375 0.1390625
0 0.0890625 0.46484375 0.109375 0.1421875
0 0.2265625 0.23671875 0.1125 0.1390625
0 0.1328125 0.2359375 0.10625 0.134375
0 0.1625 0.3453125 0.1125 0.14375
0 0.1953125 0.125 0.109375 0.1375
0 0.29609375 0.1296875 0.1140625 0.140625
0 0.321875 0.23125 0.115625 0.14375
0 0.26015625 0.35546875 0.1109375 0.1390625
0 0.28984375 0.4640625 0.1171875 0.15
0 0.2515625 0.69921875 0.128125 0.1609375
0 0.2765625 0.83125 0.13125 0.171875
0 0.353125 0.703125 0.125 0.1625
0 0.3921875 0.46015625 0.121875 0.1515625
0 0.39140625 0.128125 0.1140625 0.140625
0 0.53046875 0.228125 0.1203125 0.146875
0 0.42265625 0.228125 0.1203125 0.146875
0 0.49296875 0.1203125 0.1203125 0.14375
0 0.59765625 0.10625 0.1203125 0.14375
0 0.56640625 0.35 0.1234375 0.15
0 0.53359375 0.58515625 0.1328125 0.1640625
0 0.428125 0.584375 0.125 0.153125
0 0.60859375 0.46796875 0.1296875 0.1578125
0 0.49765625 0.46328125 0.1296875 0.1546875
0 0.6390625 0.221875 0.128125 0.153125
0 0.70390625 0.10390625 0.1265625 0.1484375
0 0.87265625 0.20703125 0.1390625 0.1609375
0 0.75 0.21484375 0.13125 0.1609375
0 0.81796875 0.09453125 0.1328125 0.1515625
0 0.65078125 0.59140625 0.1390625 0.1703125
0 0.84453125 0.4703125 0.1390625 0.165625
0 0.7734375 0.5984375 0.15 0.171875
0 0.790625 0.34296875 0.1375 0.1578125
0 0.909375 0.34609375 0.1375 0.1578125
0 0.7234375 0.465625 0.1375 0.1625
0 0.67578125 0.34921875 0.1296875 0.1515625
0 0.46171875 0.3453125 0.1203125 0.15
0 0.35546875 0.34765625 0.1203125 0.1484375
0 0.3171875 0.57578125 0.128125 0.1609375