0 0.16232031249999998 0.597621875 0.127765625 0.07336875000000001
0 0.1421796875 0.6757546875 0.128109375 0.073384375
0 0.1253109375 0.72740234375 0.12874687499999998 0.0704296875
0 0.08373515625 0.831159375 0.1049703125 0.05919375
0 0.09569375 0.7825632812500001 0.1007625 0.0495015625
0 0.29202890625 0.5978625 0.1215578125 0.076975
0 0.261884375 0.65449375 0.11751875 0.0683625
0 0.23385703124999999 0.7206210937499999 0.12083906250000001 0.06624218750000001
0 0.20812031250000002 0.78166015625 0.122490625 0.0633203125
0 0.19149609375 0.8231789062500001 0.12986718749999998 0.05573281249999999
0 0.1684765625 0.87168203125 0.099453125 0.0527390625
0 0.40329531249999995 0.5823390625 0.13159062500000002 0.077178125
0 0.37563671875 0.649434375 0.1200234375 0.07386875000000001
0 0.34470859374999996 0.7242843750000001 0.12066718750000001 0.07044375
0 0.32415703125 0.75919140625 0.11393906250000001 0.0496328125
0 0.295590625 0.82734453125 0.10680624999999999 0.0578140625
0 0.26923046875 0.8723140624999999 0.0978359375 0.047753125
0 0.239784375 0.9152460937500001 0.09831875 0.046117187500000004
0 0.53702421875 0.56195234375 0.13342343750000002 0.0832796875
0 0.49706015625 0.62876796875 0.1253703125 0.0856609375
0 0.46504453125000006 0.6991359375 0.1269640625 0.070146875
0 0.43097109375000003 0.7657375 0.1150671875 0.0596
0 0.39870312500000005 0.8058703125 0.10990625000000001 0.058615625000000005
0 0.3685 0.85491171875 0.13075 0.0535734375
0 0.33705390625 0.9134125 0.1147328125 0.0487
0 0.31686796875 0.9402546875000001 0.0931109375 0.043009375
0 0.67385859375 0.5782093749999999 0.1320921875 0.07829375
0 0.6246 0.6333992187499999 0.127325 0.0730484375
0 0.5703843749999999 0.6885984374999999 0.14076875 0.067821875
0 0.53869453125 0.7549765625 0.1117640625 0.06932812499999999
0 0.50979296875 0.80925546875 0.1102109375 0.0622609375
0 0.47478515625 0.85011328125 0.1183203125 0.053351562500000005
0 0.43849218749999996 0.89478359375 0.10198437499999999 0.0551921875
0 0.41285390624999996 0.9384406249999999 0.0975828125 0.04563125
0 0.7559507812499999 0.61995078125 0.1337765625 0.0805265625
0 0.69845 0.692765625 0.125025 0.07303125
0 0.6595265625 0.75311640625 0.122178125 0.0624828125
0 0.6206945312500001 0.8032648437500001 0.1163890625 0.0690296875
0 0.58366640625 0.85416796875 0.1142078125 0.0645859375
0 0.54517890625 0.90069921875 0.10285781249999999 0.051398437500000005
0 0.51194921875 0.9467078125 0.10202343750000001 0.043415625
0 0.822809375 0.69543359375 0.12374375 0.0689921875
0 0.76721328125 0.74903359375 0.1250515625 0.0699421875
0 0.708353125 0.80116328125 0.13858125 0.0585765625
0 0.6684671875 0.84399296875 0.13068437500000002 0.0629859375
0 0.6384257812499999 0.9027906250000001 0.10497656250000001 0.055581250000000006
0 0.59426484375 0.9404101562499999 0.11040468750000001 0.0526953125
0 0.5669304687500001 0.97200390625 0.0932359375 0.0190078125
0 0.8450164062500001 0.95999296875 0.0681578125 0.0231109375
0 0.39276640625 0.9621390625 0.0980328125 0.036778125
0 0.478125 0.96484375 0.1125 0.0421875