0 0.26122734375 0.8505578125 0.1287046875 0.160490625
0 0.3782578125 0.86222890625 0.125265625 0.1588328125
0 0.49448125000000004 0.8765140625000001 0.12333750000000002 0.156153125
0 0.60402109375 0.881315625 0.1142921875 0.15950625000000002
0 0.70945625 0.8944164062500001 0.1220375 0.14820781249999998
0 0.7739273437499999 0.7771375 0.10410468749999999 0.14802500000000002
0 0.66014765625 0.75836875 0.1046703125 0.1354875
0 0.55535546875 0.7410046875 0.11071093750000001 0.150759375
0 0.45307421875 0.724496875 0.1123984375 0.15524374999999999
0 0.33761328125 0.7137351562500001 0.11272656249999999 0.1493453125
0 0.21503437500000003 0.7063867187499999 0.12069375 0.1596484375
0 0.83281328125 0.67236640625 0.0968765625 0.1416078125
0 0.72956484375 0.64664921875 0.10287968750000001 0.1432984375
0 0.6238476562499999 0.62637734375 0.1133203125 0.14337968750000002
0 0.5083328125 0.61865234375 0.104165625 0.1404296875
0 0.40981249999999997 0.59278984375 0.11025 0.1449546875
0 0.291128125 0.5767781249999999 0.11975625000000001 0.14418124999999998
0 0.16609765625 0.559865625 0.1290703125 0.15410625
0 0.87615625 0.5610328124999999 0.09293749999999999 0.131440625
0 0.78483828125 0.54350859375 0.0946765625 0.1338921875
0 0.6662343749999999 0.5198039062500001 0.11059375 0.14585781250000002
0 0.5797265625 0.49850234374999997 0.112578125 0.1313796875
0 0.47177499999999994 0.4797015625 0.10605 0.137528125
0 0.36583828125 0.45769843750000005 0.1160515625 0.137271875
0 0.249984375 0.43942265625 0.12184375 0.1444703125
0 0.12262421875 0.4207328125 0.1264984375 0.147715625
0 0.9333562499999999 0.44900390625000003 0.0885875 0.1355078125
0 0.8365625 0.431065625 0.09812499999999999 0.13088125
0 0.7323625 0.41993984375000004 0.09285 0.1273796875
0 0.645434375 0.39680546875 0.10024375 0.1279859375
0 0.53773515625 0.37409140625 0.1098453125 0.1356828125
0 0.4293609375 0.35766484375 0.10247187499999999 0.14032968750000002
0 0.330025 0.3362953125 0.13192500000000001 0.135090625
0 0.20674062499999998 0.307375 0.11660625 0.13974999999999999
0 0.0939171875 0.28751328125 0.11908437499999999 0.14377656249999998
0 0.8856125 0.3337296875 0.08685000000000001 0.12995937500000002
0 0.794825 0.31484140625 0.092775 0.1296828125
0 0.6980398437499999 0.28538984375 0.0960796875 0.13327968750000002
0 0.60615390625 0.27298359375 0.09980781250000001 0.1365921875
0 0.49865859375 0.24216484375 0.1004421875 0.13432968750000002
0 0.392378125 0.22096328124999998 0.10663125 0.1325515625
0 0.2816078125 0.18924140625 0.113215625 0.1409828125
0 0.1591984375 0.16010625 0.115271875 0.1358375
0 0.8511148437499999 0.21303359375 0.0897296875 0.12294218750000001
0 0.74894921875 0.1917515625 0.0916484375 0.127253125
0 0.65873828125 0.1741765625 0.0924765625 0.12960312499999999
0 0.55739453125 0.14986015625 0.1022890625 0.1247203125
0 0.45438906249999994 0.11480859375 0.102528125 0.1264921875
0 0.349115625 0.09005703125 0.11073124999999999 0.1269890625
0 0.23909375000000002 0.06521640625 0.11568750000000001 0.1116828125