0 0.85278203125 0.34180781250000003 0.1649390625 0.12736562499999998
0 0.8408843749999999 0.4542390625 0.15989375 0.133478125
0 0.82235390625 0.5747375 0.1572078125 0.11510000000000001
0 0.7994375 0.68502109375 0.15825 0.1075421875
0 0.78694375 0.77603984375 0.1457625 0.12395468750000001
0 0.6584328125 0.8268445312500001 0.141865625 0.1068140625
0 0.66915234375 0.71085234375 0.1383046875 0.1060796875
0 0.68173125 0.6043859375 0.1478375 0.11814687500000001
0 0.69393515625 0.5041757812500001 0.15349531249999998 0.1146015625
0 0.7082796874999999 0.38841328124999996 0.150934375 0.11120156249999999
0 0.7314984375 0.26317421875 0.159871875 0.1325984375
0 0.5437171875 0.8656148437500001 0.137434375 0.10310468749999999
0 0.546240625 0.75331328125 0.13935625000000001 0.1066265625
0 0.55026796875 0.64800078125 0.1411609375 0.1210015625
0 0.5707734375 0.53577109375 0.138421875 0.10904218750000001
0 0.58144296875 0.43181562500000004 0.1441359375 0.11363125
0 0.5912 0.31901640625 0.1449 0.11928281249999999
0 0.608178125 0.19738906250000002 0.15698125000000002 0.129153125
0 0.43043046875 0.8816593749999999 0.12648593749999998 0.09456875000000001
0 0.4329921875 0.7847234375000001 0.131609375 0.097571875
0 0.4374015625 0.6783382812500001 0.140428125 0.10667656249999999
0 0.44120234375 0.58040078125 0.12927968750000002 0.11080156249999999
0 0.45400156249999996 0.4746625 0.136128125 0.111825
0 0.46537734375 0.3669921875 0.1370046875 0.115234375
0 0.46361171875 0.2518546875 0.1459734375 0.122459375
0 0.48423984375 0.12264765625 0.14972968749999999 0.13904531250000002
0 0.30598749999999997 0.9086945312499999 0.13385 0.0923890625
0 0.31570468749999997 0.81180390625 0.128284375 0.0954828125
0 0.32854765625 0.7149625000000001 0.1258453125 0.098675
0 0.32836171875 0.62153046875 0.1285984375 0.10243593749999999
0 0.33315390625 0.5105421875 0.13505781249999999 0.114834375
0 0.34083359375 0.410784375 0.13791718749999998 0.10594375
0 0.34548359375 0.30286171875 0.1378421875 0.12134843749999999
0 0.351565625 0.18843281250000002 0.14063125 0.117490625
0 0.36046015625 0.06693984375 0.14592031249999998 0.11825468750000001
0 0.2046671875 0.8432171875 0.12495937500000001 0.092684375
0 0.21264921875000004 0.7540390625 0.1252984375 0.101828125
0 0.217878125 0.65619765625 0.12950625 0.10302031250000002
0 0.21336171875 0.56045859375 0.13297343749999999 0.1052921875
0 0.22142578125 0.4499671875 0.1303515625 0.106184375
0 0.22161093750000002 0.34136328125 0.13072187500000002 0.11085156249999999
0 0.221528125 0.23522343750000002 0.13993125 0.114196875
0 0.22164999999999999 0.10722109375 0.13705 0.11444218749999999
0 0.0913 0.78989296875 0.12010000000000001 0.0954109375
0 0.10668515625000001 0.68874765625 0.1196203125 0.10249531249999999
0 0.11387109375 0.59138125 0.12461718749999999 0.0983875
0 0.11056328125 0.4955140625 0.1242515625 0.10977812499999999
0 0.10450234375 0.38533984375 0.1246296875 0.1081796875
0 0.1066234375 0.27865234375000003 0.12574687499999998 0.1104296875
0 0.10761015624999999 0.1683609375 0.1339703125 0.11484687499999999