0 0.8159164062500001 0.6165437500000001 0.12870781250000002 0.0737125
0 0.83309375 0.69618515625 0.1286875 0.07362031249999999
0 0.85060234375 0.74478359375 0.1293296875 0.0708171875
0 0.88560078125 0.8484921875 0.1055765625 0.059484375
0 0.87227421875 0.79829453125 0.10079843749999999 0.0497140625
0 0.6952468749999999 0.6182953125 0.12174375 0.077215625
0 0.7215234374999999 0.67958125 0.118046875 0.0685375
0 0.7528648437500001 0.741040625 0.1213546875 0.06645625
0 0.7740242187499999 0.8020601562499999 0.12304843750000001 0.0634953125
0 0.7857328125 0.8436203125 0.130840625 0.055990625
0 0.8124414062499999 0.89057109375 0.0998828125 0.05301718749999999
0 0.57981640625 0.6058515625 0.13150781250000002 0.077328125
0 0.60398984375 0.67453828125 0.1204796875 0.0740765625
0 0.63385625 0.749334375 0.1208375 0.07054375
0 0.65579609375 0.77963984375 0.1147171875 0.0499046875
0 0.68954609375 0.8492773437500001 0.1072171875 0.05792968750000001
0 0.712971875 0.89274296875 0.09781875 0.0479859375
0 0.73371796875 0.9341437499999999 0.0986859375 0.0464125
0 0.4543453125 0.58705078125 0.133690625 0.08347656249999999
0 0.48795625000000004 0.6538703124999999 0.1259125 0.085865625
0 0.513759375 0.7226453125 0.12751875 0.070290625
0 0.54819609375 0.78924140625 0.1151421875 0.059732812499999996
0 0.57879453125 0.82631796875 0.1107140625 0.0588859375
0 0.6092375 0.87685625 0.130975 0.053712499999999996
0 0.6372546875 0.9337921874999999 0.11513437500000001 0.048834375
0 0.657609375 0.96226171875 0.09334375 0.0432734375
0 0.314596875 0.60171015625 0.13231874999999998 0.0784203125
0 0.35747109374999997 0.6600171875 0.1274421875 0.073159375
0 0.4142765625 0.70584453125 0.141053125 0.06793906250000001
0 0.44817656249999993 0.77846328125 0.111978125 0.0694265625
0 0.47714999999999996 0.8327828125 0.11055 0.06244062500000001
0 0.50804453125 0.8721078125 0.1192140625 0.053590625
0 0.5401890625 0.9120453124999999 0.10225312499999999 0.055340625
0 0.562909375 0.95886328125 0.09769375 0.0458515625
0 0.23400859375 0.6450148437500001 0.1336421875 0.0806546875
0 0.28900078125 0.71630078125 0.12487656250000001 0.07322656250000001
0 0.32684609375 0.7781703125 0.1224421875 0.062590625
0 0.364521875 0.82674765625 0.11654374999999999 0.0691203125
0 0.3995203125 0.8792578125 0.114665625 0.06476562500000001
0 0.4359828125 0.92423359375 0.103215625 0.0515921875
0 0.4683859375 0.9701859374999999 0.10239687500000001 0.043496875000000004
0 0.15256328125000002 0.72358359375 0.12387656250000001 0.06904218749999999
0 0.20967031249999998 0.77096171875 0.125590625 0.0700484375
0 0.26151875 0.8199640625000001 0.1386625 0.058678125000000005
0 0.3029578125 0.8628195312500001 0.130915625 0.0631390625
0 0.33233281249999996 0.9231328124999999 0.105290625 0.055640625
0 0.367734375 0.95911328125 0.11046875 0.0526015625
0 0.40234375 0.98984375 0.0953125 0.0203125
0 0.134375 0.9828125 0.06875 0.034375
0 0.58671875 0.98359375 0.0984375 0.0328125
0 0.496875 0.984375 0.1125 0.03125