0 0.39140625 0.44921875 0.0796875 0.1390625
0 0.31171875 0.43984375 0.0765625 0.1265625
0 0.34375 0.3359375 0.071875 0.134375
0 0.2421875 0.2140625 0.065625 0.1375
0 0.31953125 0.21875 0.0765625 0.1375
0 0.353125 0.54921875 0.078125 0.1234375
0 0.05390625 0.29453125 0.0484375 0.1109375
0 0.19609375 0.78046875 0.0609375 0.1171875
0 0.21640625 0.31640625 0.0671875 0.1140625
0 0.2171875 0.70859375 0.0625 0.1203125
0 0.34140625 0.7609375 0.0765625 0.121875
0 0.1953125 0.6 0.0625 0.1125
0 0.10703125 0.20546875 0.0921875 0.1171875
0 0.02109375 0.62109375 0.0359375 0.1203125
0 0.37109375 0.884375 0.0734375 0.134375
0 0.02890625 0.3765625 0.0515625 0.103125
0 0.27265625 0.73203125 0.0671875 0.1203125
0 0.253125 0.61953125 0.06875 0.1171875
0 0.275 0.32734375 0.06875 0.1234375
0 0.22890625 0.4265625 0.0859375 0.121875
0 0.14921875 0.30546875 0.0671875 0.1171875
0 0.3078125 0.8390625 0.078125 0.11875
0 0.22109375 0.51796875 0.0640625 0.1203125
0 0.38125 0.665625 0.06875 0.128125
0 0.10703125 0.3015625 0.0578125 0.1125
0 0.25390625 0.8109375 0.0640625 0.115625
0 0.4484375 0.69609375 0.084375 0.1484375
0 0.415625 0.6875 0.121875 0.14375
0 0.28671875 0.5328125 0.0796875 0.11875
0 0.43359375 0.5640625 0.0828125 0.125
0 0.18046875 0.98515625 0.0609375 0.0296875
0 0.075 0.38125 0.05 0.121875
0 0.12734375 0.39765625 0.0578125 0.1234375
0 0.1953125 0.409375 0.040625 0.115625
0 0.02265625 0.45546875 0.0453125 0.1109375
0 0.05625 0.4671875 0.05 0.115625
0 0.11796875 0.48046875 0.0546875 0.1109375
0 0.171875 0.5 0.05 0.115625
0 0.1875 0.209375 0.05625 0.125
0 0.0484375 0.54296875 0.046875 0.1109375
0 0.0984375 0.55546875 0.046875 0.1140625
0 0.14609375 0.5796875 0.0453125 0.11875
0 0.015625 0.53203125 0.03125 0.1140625
0 0.06171875 0.63515625 0.0546875 0.1140625
0 0.11484375 0.65625 0.0609375 0.128125
0 0.16484375 0.671875 0.0515625 0.121875
0 0.04140625 0.71015625 0.0515625 0.1203125
0 0.08828125 0.73203125 0.0546875 0.1171875
0 0.13359375 0.75625 0.0640625 0.11875
0 0.0421875 0.92109375 0.04375 0.1109375
0 0.08046875 0.95 0.0484375 0.1
0 0.1265625 0.9671875 0.065625 0.065625
0 0.0265625 0.965625 0.05 0.06875