0 0.754921875 0.6676171875 0.13171875 0.066484375
0 0.744765625 0.7454375 0.13015625 0.06275
0 0.74471875 0.8041874999999999 0.1300625 0.058374999999999996
0 0.7422421874999999 0.9047968750000001 0.109484375 0.05021875
0 0.7462265625 0.865828125 0.101828125 0.053531249999999996
0 0.6514453125 0.63525 0.12476562499999999 0.0705
0 0.647546875 0.7009609375 0.12009375 0.06754687499999999
0 0.6485234375 0.7636015625 0.122046875 0.06782812499999999
0 0.6506484375 0.8285390625 0.123171875 0.053953125000000005
0 0.644953125 0.8750234375 0.13365625 0.046921875
0 0.647046875 0.9279765624999999 0.10034375 0.046578125
0 0.5422734375 0.5888984374999999 0.128296875 0.074671875
0 0.5407265625 0.6610078125000001 0.11895312499999999 0.06576562500000001
0 0.54871875 0.7398125 0.1161875 0.067125
0 0.5503359375000001 0.7820234375 0.11629687500000001 0.035921875
0 0.550890625 0.8477343749999999 0.10490625 0.054843750000000004
0 0.5554140624999999 0.9039296875 0.095203125 0.048484375
0 0.566703125 0.9487500000000001 0.09903125 0.041249999999999995
0 0.42359375000000005 0.5386562500000001 0.13468750000000002 0.0804375
0 0.4391640625 0.6133437500000001 0.125203125 0.07668749999999999
0 0.44559375 0.6897031250000001 0.1255625 0.07628125
0 0.44860937500000003 0.7473828124999999 0.11284374999999999 0.06351562499999999
0 0.4631484375 0.8061796875 0.11379687499999999 0.056109374999999996
0 0.478359375 0.85515625 0.12546875 0.0540625
0 0.48127343749999996 0.91815625 0.112546875 0.048812499999999995
0 0.49059375000000005 0.9566874999999999 0.0905625 0.03525
0 0.29260156249999997 0.5151328125 0.128953125 0.07714062499999999
0 0.32090625 0.585265625 0.1230625 0.07053125
0 0.3484375 0.6405624999999999 0.1375 0.062375
0 0.35246875 0.7114765625 0.1111875 0.079203125
0 0.364984375 0.772328125 0.11121875 0.060281249999999995
0 0.3783828125 0.8231796875 0.122390625 0.046359375
0 0.39109375 0.873921875 0.10093749999999999 0.05721875
0 0.3943671875 0.9264374999999999 0.094984375 0.04975
0 0.19778125 0.5285078125 0.1268125 0.075765625
0 0.21935156249999999 0.617609375 0.11682812499999999 0.07271875
0 0.2346875 0.6810390625 0.11937500000000001 0.062078125
0 0.2646484375 0.7461484375 0.113671875 0.064171875
0 0.2796484375 0.7998828125 0.112421875 0.056015625
0 0.2925703125 0.8519609375 0.100765625 0.053921874999999994
0 0.303109375 0.9048437500000001 0.09996875 0.0471875
0 0.10174218750000001 0.5835078125 0.119109375 0.070140625
0 0.14052343750000001 0.65090625 0.124796875 0.0705625
0 0.1727421875 0.7080390624999999 0.136109375 0.066078125
0 0.1936875 0.765625 0.124875 0.0625
0 0.201359375 0.8281640625 0.10271875 0.05632812499999999
0 0.22360937500000003 0.87828125 0.10659375 0.059687500000000004
0 0.23622656250000001 0.9237578125000001 0.094328125 0.047515625
0 0.009390625 0.8328515624999999 0.01878125 0.031328125
0 0.02059375 0.8754062499999999 0.0411875 0.0414375
0 0.0315859375 0.9126484375 0.063171875 0.037796875
0 0.32101562499999997 0.9495546875 0.10140625 0.039734375
0 0.4163359375 0.9591328125 0.09829687499999999 0.030765625