0 0.244015625 0.7891781250000001 0.13178125000000002 0.15960625
0 0.35661328125 0.8108835937500001 0.12885156250000002 0.1592671875
0 0.46610078125000004 0.8294515625000001 0.1290765625 0.155778125
0 0.5725109374999999 0.839015625 0.12002187499999999 0.15928124999999999
0 0.67913203125 0.8555796875 0.12388906250000001 0.14865937499999998
0 0.75672421875 0.7445062499999999 0.1071984375 0.1483875
0 0.6411718750000001 0.7226359375 0.10734375 0.135896875
0 0.5414382812499999 0.70041328125 0.11725156249999999 0.15082656249999998
0 0.44222578125 0.6819796874999999 0.11570156250000001 0.154584375
0 0.33204609375 0.66185390625 0.11721718750000001 0.1487078125
0 0.21062656249999998 0.64727109375 0.124378125 0.1601671875
0 0.828434375 0.64448046875 0.09749375 0.1420859375
0 0.7207265625 0.6140820312499999 0.10395312500000001 0.1437890625
0 0.6228453125 0.58576953125 0.114440625 0.1434140625
0 0.509084375 0.57024296875 0.10879375 0.1404859375
0 0.41292890625 0.55052578125 0.11335781250000002 0.1448015625
0 0.30373203125 0.52682890625 0.1230890625 0.1442828125
0 0.18693828125 0.50669609375 0.1332515625 0.15401718749999999
0 0.876534375 0.5409937499999999 0.09681875 0.13198749999999998
0 0.7904703125 0.5140945312499999 0.096565625 0.13443906249999998
0 0.68015703125 0.48696328125 0.11343906249999999 0.1458015625
0 0.6009984375 0.45945 0.11762187500000001 0.13140000000000002
0 0.49341953125 0.43904375 0.1087140625 0.1374625
0 0.38842499999999996 0.41714296875 0.1206 0.1374109375
0 0.2790703125 0.38189921875 0.12376562499999999 0.14504843750000002
0 0.16152421875 0.364334375 0.1261734375 0.14741875
0 0.9425296875000001 0.42374921875 0.091309375 0.1349984375
0 0.8510101562500001 0.4092421875 0.10202031250000002 0.130984375
0 0.7544609375 0.39027109375 0.096421875 0.1274171875
0 0.6690632812499999 0.36114296875 0.10375156249999999 0.1285359375
0 0.56775 0.33511640625 0.1105 0.1358578125
0 0.46846171875 0.3107921875 0.1056734375 0.14033437499999998
0 0.37067265625 0.28163046875 0.1382203125 0.1351359375
0 0.25651171875 0.2525453125 0.1192734375 0.13946562499999998
0 0.14369921875 0.2265265625 0.1217734375 0.143678125
0 0.9137187499999999 0.3087171875 0.0899375 0.129934375
0 0.8292265625 0.29017421875 0.095953125 0.1303484375
0 0.7356476562500001 0.26366015625 0.0962953125 0.1335703125
0 0.64556171875 0.23398671875 0.10049843750000001 0.1367234375
0 0.5431539062499999 0.2049296875 0.1019328125 0.134859375
0 0.44247421875 0.17438984375 0.10994843750000001 0.13315468749999998
0 0.34388359375 0.1408859375 0.11589218750000001 0.141146875
0 0.22299609375 0.1022546875 0.1178671875 0.135759375
0 0.8994578125 0.18365703125000002 0.086415625 0.1235640625
0 0.80045 0.1654953125 0.091525 0.127865625
0 0.7101992187499999 0.142990625 0.0922734375 0.12973125000000002
0 0.6176 0.11105390625 0.10082500000000001 0.1252328125
0 0.5168710937500001 0.07290390625 0.1024921875 0.12705781249999998
0 0.41547265625000007 0.05261953125 0.1121953125 0.1052390625
0 0.3166 0.039675 0.11445000000000001 0.07935