0 0.29296875 0.85390625 0.1296875 0.1703125
0 0.41015625 0.86171875 0.1234375 0.1703125
0 0.52421875 0.87109375 0.1171875 0.1640625
0 0.63203125 0.88046875 0.1171875 0.1640625
0 0.2421875 0.71328125 0.13125 0.1671875
0 0.36484375 0.721875 0.1234375 0.1625
0 0.19375 0.57265625 0.134375 0.1640625
0 0.31640625 0.5859375 0.1265625 0.1625
0 0.434375 0.596875 0.11875 0.153125
0 0.478125 0.7328125 0.11875 0.159375
0 0.53515625 0.61640625 0.1109375 0.1484375
0 0.58515625 0.74453125 0.1140625 0.1578125
0 0.6484375 0.62578125 0.115625 0.1546875
0 0.73359375 0.8890625 0.1078125 0.15625
0 0.68828125 0.75703125 0.1109375 0.1515625
0 0.7984375 0.77109375 0.109375 0.1515625
0 0.74921875 0.64140625 0.1078125 0.1484375
0 0.8546875 0.66484375 0.103125 0.1421875
0 0.896875 0.5578125 0.096875 0.140625
0 0.80390625 0.53828125 0.1046875 0.1421875
0 0.69921875 0.51953125 0.1078125 0.1421875
0 0.59921875 0.5015625 0.1109375 0.14375
0 0.49296875 0.48671875 0.1140625 0.1421875
0 0.3859375 0.471875 0.115625 0.15
0 0.271875 0.45 0.125 0.15625
0 0.15 0.4359375 0.128125 0.159375
0 0.1140625 0.30234375 0.128125 0.1515625
0 0.23046875 0.31953125 0.1234375 0.1515625
0 0.3421875 0.34296875 0.11875 0.1484375
0 0.45 0.3640625 0.1125 0.14375
0 0.553125 0.37421875 0.109375 0.1421875
0 0.6578125 0.396875 0.10625 0.1375
0 0.178125 0.17421875 0.128125 0.1515625
0 0.29921875 0.20234375 0.1203125 0.1515625
0 0.4078125 0.2296875 0.115625 0.14375
0 0.51015625 0.25078125 0.1109375 0.1453125
0 0.61953125 0.27109375 0.1046875 0.1421875
0 0.715625 0.28984375 0.103125 0.1359375
0 0.7515625 0.421875 0.096875 0.134375
0 0.84921875 0.42890625 0.1015625 0.1359375
0 0.946875 0.4390625 0.096875 0.134375
0 0.8078125 0.309375 0.1 0.13125
0 0.89921875 0.32734375 0.0953125 0.1296875
0 0.86328125 0.21015625 0.0953125 0.1265625
0 0.7625 0.1953125 0.1 0.134375
0 0.66953125 0.17578125 0.1015625 0.1328125
0 0.571875 0.15546875 0.10625 0.1359375
0 0.4703125 0.12265625 0.109375 0.1390625
0 0.3671875 0.10078125 0.115625 0.1421875
0 0.25625 0.0734375 0.121875 0.14375