0 0.6409953125000001 0.20002343749999998 0.069490625 0.131296875
0 0.718621875 0.19183984375000002 0.06849374999999999 0.13055468750000002
0 0.7693679687499999 0.18092421875 0.06373593749999999 0.1305984375
0 0.8751296875 0.1550953125 0.053384375 0.10706562500000001
0 0.8255328125 0.16509296875 0.047940625 0.1020609375
0 0.62694140625 0.32058984375 0.0726328125 0.12242968750000001
0 0.6902765625 0.30225390625 0.064928125 0.1201328125
0 0.75492421875 0.27696640625 0.06297343749999999 0.12268281249999999
0 0.8156507812499999 0.2621125 0.0594265625 0.124225
0 0.8584140625 0.25270234375 0.051203125 0.1335296875
0 0.9119093749999999 0.2331859375 0.04881875 0.10074687499999999
0 0.60091171875 0.4371484375 0.0736984375 0.130546875
0 0.67373828125 0.418459375 0.06935156249999999 0.12129375
0 0.74948125 0.3962171875 0.0677125 0.120559375
0 0.7861921875 0.3724578125 0.044259375000000004 0.116790625
0 0.8546328125 0.35241328125 0.056140625 0.1079515625
0 0.90200546875 0.33328281249999997 0.0446359375 0.09781562499999999
0 0.94879921875 0.3199765625 0.0413484375 0.099328125
0 0.5662 0.55641875 0.079275 0.13471249999999999
0 0.6393828125 0.52756640625 0.081890625 0.12700781249999998
0 0.71319765625 0.5049484375000001 0.0701453125 0.128646875
0 0.77750546875 0.47975546874999997 0.0612609375 0.11576093750000001
0 0.82414921875 0.4533390625 0.054548437500000005 0.112928125
0 0.8752070312500001 0.42947421874999997 0.0504140625 0.1308234375
0 0.9326656249999999 0.407890625 0.046581250000000005 0.11578124999999999
0 0.96269609375 0.39362890625 0.0378921875 0.0935078125
0 0.57090234375 0.69577109375 0.07617968750000001 0.1321671875
0 0.6319046875 0.6526757812499999 0.07005937500000001 0.1272265625
0 0.6886546874999999 0.60646484375 0.064809375 0.1410546875
0 0.758659375 0.5861078125 0.06731875000000001 0.112840625
0 0.8157671875 0.5638265625 0.059659375 0.11202812499999999
0 0.85886640625 0.5358984375 0.0489828125 0.121796875
0 0.9026093749999999 0.5090578125 0.05209375000000001 0.10249062499999999
0 0.95089140625 0.4897125 0.042407812499999996 0.098175
0 0.604190625 0.7820148437500001 0.07713125 0.1327796875
0 0.6809062499999999 0.7366796875 0.0711875 0.12335937500000001
0 0.747046875 0.70500390625 0.05971875 0.12250781250000001
0 0.7988625 0.67374140625 0.06647499999999999 0.11623281249999999
0 0.8537968749999999 0.6437015625 0.06071875 0.11552812500000001
0 0.90228125 0.6128289062500001 0.0483125 0.10378281250000002
0 0.95261328125 0.585890625 0.042726562499999995 0.10303124999999999
0 0.67293125 0.85859375 0.06773749999999999 0.1234375
0 0.7311765625 0.81177734375 0.068603125 0.1266796875
0 0.7880125 0.75861875 0.057275 0.1391125
0 0.83057265625 0.73727109375 0.06114531250000001 0.1307921875
0 0.892490625 0.71065078125 0.053731249999999994 0.10567656249999999
0 0.9332914062500001 0.6786289062499999 0.0540828125 0.1103828125
0 0.97577421875 0.655871875 0.0359234375 0.09611875
0 0.92947890625 0.91981015625 0.0370828125 0.0677453125
0 0.9732578125 0.9007406250000001 0.034015625 0.09523125
0 0.9785234375 0.46886328125 0.032046875 0.0971015625
0 0.97890625 0.55625 0.0328125 0.109375