0 0.23431484375 0.83852734375 0.1280046875 0.15830468749999999
0 0.35290468750000004 0.8362789062499999 0.11830937500000001 0.1631828125
0 0.47449765624999996 0.831746875 0.1146203125 0.16349375
0 0.583896875 0.83809921875 0.13029375 0.17307343749999998
0 0.70137109375 0.83506640625 0.1339921875 0.1701328125
0 0.17204999999999998 0.7006210937499999 0.128475 0.1543671875
0 0.300484375 0.70147109375 0.11659375000000001 0.1498171875
0 0.42289843749999995 0.70576015625 0.111421875 0.1583953125
0 0.53267265625 0.706428125 0.11534531249999999 0.15973125
0 0.64811015625 0.7019968750000001 0.11809531250000001 0.16336875
0 0.76780078125 0.7089015625 0.11685156249999999 0.164678125
0 0.8276765625 0.581684375 0.120978125 0.15711875
0 0.7138015624999999 0.57459921875 0.12135312499999999 0.1491984375
0 0.59108671875 0.5686078125 0.1196734375 0.152840625
0 0.47812656249999996 0.578271875 0.10937812499999999 0.14091875
0 0.36493671875 0.570734375 0.1173734375 0.15396875000000002
0 0.2444765625 0.57070625 0.12020312500000001 0.1539125
0 0.1224625 0.58473984375 0.11679999999999999 0.1507296875
0 0.07980078125 0.46006796874999994 0.1189765625 0.1420109375
0 0.19575859375 0.4554828125 0.11339218749999999 0.145340625
0 0.3169609375 0.45882500000000004 0.10892187499999999 0.14265
0 0.42596875 0.45321640625 0.1113125 0.1376828125
0 0.5341203125 0.45541484375 0.11199062500000001 0.1420796875
0 0.6481585937500001 0.4566125 0.1119421875 0.144475
0 0.7636937500000001 0.44837890625 0.1180125 0.1561328125
0 0.87430078125 0.45876171875000005 0.12047656250000001 0.1550234375
0 0.15837812499999998 0.32936484374999997 0.11363125 0.1337296875
0 0.26749453125 0.34100625 0.1099890625 0.1351375
0 0.3725078125 0.3342390625 0.107515625 0.140353125
0 0.48859296875 0.33385390625 0.1115609375 0.1364578125
0 0.59047109375 0.344040625 0.1090671875 0.13808125
0 0.70115546875 0.3357890625 0.1116859375 0.137203125
0 0.8087828125 0.3309796875 0.114440625 0.146334375
0 0.8707984375000001 0.20953593750000002 0.107221875 0.12844687500000002
0 0.76508828125 0.21115234374999997 0.1114265625 0.1316796875
0 0.64929453125 0.21073750000000002 0.11108906249999999 0.14335
0 0.54230078125 0.21698203124999998 0.1096015625 0.1370890625
0 0.43082109375 0.21510937500000002 0.10851718749999999 0.13959375000000002
0 0.32350078125000004 0.21307421875000002 0.10950156250000001 0.1323984375
0 0.21867421875 0.21467968750000002 0.1092234375 0.129359375
0 0.10998203124999999 0.21631015625 0.1074640625 0.1326203125
0 0.16828125 0.0974703125 0.1053125 0.126190625
0 0.28250078125 0.10584375000000001 0.1118765625 0.1273125
0 0.38103515625 0.10968828125 0.1026953125 0.12562656249999998
0 0.4848109375 0.11055937500000002 0.10399687500000002 0.12424375000000001
0 0.91863671875 0.341140625 0.1091484375 0.13228125
0 0.046884375 0.32287656249999996 0.09376875 0.14575312499999998
0 0.5987648437499999 0.098128125 0.1069046875 0.12750625
0 0.703875 0.10924765624999999 0.104625 0.1278703125
0 0.8119484375000001 0.10105546875 0.10827187499999999 0.1208609375