0 0.79898203125 0.6751765625 0.1323390625 0.065978125
0 0.80300078125 0.7563164062500001 0.1310015625 0.0626328125
0 0.804721875 0.8112421875000001 0.13131874999999998 0.056859375000000004
0 0.8107054687499999 0.9163546874999999 0.1089109375 0.048334375
0 0.81221484375 0.8725796875 0.1025546875 0.051409375
0 0.6825390625 0.6482171875 0.12445312500000001 0.068309375
0 0.690053125 0.7154734375 0.12073125 0.065321875
0 0.6974671875 0.7756234375 0.123059375 0.066871875
0 0.71046640625 0.839596875 0.1240578125 0.05419375
0 0.712634375 0.89031953125 0.13464375 0.0462640625
0 0.72232578125 0.9385984374999999 0.1009015625 0.045946875
0 0.570921875 0.60187890625 0.12934375 0.0725078125
0 0.57579140625 0.67759765625 0.12033281250000001 0.0645703125
0 0.59043203125 0.75497109375 0.1183640625 0.0661921875
0 0.60715078125 0.79804921875 0.11742656250000001 0.0367234375
0 0.6160546874999999 0.8658539062499999 0.10710937499999999 0.0535828125
0 0.6281140625 0.9153140625 0.096853125 0.046253125
0 0.64164453125 0.96212421875 0.0989140625 0.0398734375
0 0.45027968749999997 0.55680078125 0.134934375 0.0792265625
0 0.46784453125000003 0.62755390625 0.1263140625 0.0769828125
0 0.48428750000000004 0.70735078125 0.12795 0.0740765625
0 0.4965890625 0.76439453125 0.115053125 0.06316406249999999
0 0.51471171875 0.821040625 0.1137984375 0.054581250000000005
0 0.53770859375 0.8758546875000001 0.1285421875 0.051709375
0 0.55111171875 0.9360937500000001 0.1147234375 0.0471875
0 0.5619046875 0.974421875 0.092559375 0.033218750000000005
0 0.31701875 0.5395984375 0.13091250000000001 0.076071875
0 0.34873515624999996 0.6038187500000001 0.1255953125 0.07013749999999999
0 0.3824328125 0.6623554687500001 0.139865625 0.062210937499999994
0 0.3935515625 0.7366875 0.112103125 0.0765
0 0.41560312499999996 0.7971890625 0.11245625 0.060003125000000004
0 0.43497578125 0.84739921875 0.12307656250000001 0.044798437499999996
0 0.45562812499999994 0.8962257812500001 0.10188124999999999 0.054951562499999995
0 0.46890390625 0.9438976562500001 0.09718281250000001 0.0471703125
0 0.22447421875 0.55645703125 0.13019843749999999 0.0754140625
0 0.26014140625 0.6403789062499999 0.12028281249999999 0.0713828125
0 0.2827078125 0.711603125 0.121665625 0.060706249999999996
0 0.30720000000000003 0.7712875 0.11439999999999999 0.06445
0 0.32923359375 0.8275382812500001 0.1147171875 0.0550765625
0 0.35452734375 0.8774140625 0.1028046875 0.051703125
0 0.3729484375 0.9306734375 0.102146875 0.045721875
0 0.13410703124999998 0.61419375 0.1213390625 0.0690125
0 0.1770453125 0.6770140625 0.125965625 0.06965312500000001
0 0.21770625 0.7348054687500001 0.1385375 0.0633609375
0 0.24083437500000002 0.79037734375 0.12854375 0.0620046875
0 0.2539625 0.8505843750000001 0.1048 0.054293749999999995
0 0.282496875 0.9025390625 0.10874375 0.058203125
0 0.30216171875 0.9509078125 0.09494843750000001 0.045565625
0 0.052228125 0.8600031250000001 0.05445625 0.03875625
0 0.0648921875 0.9051343749999999 0.07978437499999999 0.044643749999999996
0 0.0902828125 0.94386640625 0.096190625 0.037732812500000004
0 0.053858593749999996 0.9622734375 0.0514671875 0.033921875000000004
0 0.38698984375 0.9677265625 0.09585468750000001 0.044828125
0 0.48321875 0.97376875 0.09456250000000001 0.0350375