0 0.26328125 0.55703125 0.1203125 0.1515625
0 0.37890625 0.53828125 0.1109375 0.1453125
0 0.8421875 0.82578125 0.1 0.1328125
0 0.31640625 0.421875 0.1171875 0.15625
0 0.55078125 0.86015625 0.1015625 0.1328125
0 0.4375 0.65 0.10625 0.1375
0 0.37265625 0.29140625 0.1140625 0.1546875
0 0.53515625 0.1453125 0.1109375 0.16875
0 0.49375 0.76171875 0.10625 0.1390625
0 0.48515625 0.28515625 0.1078125 0.1546875
0 0.43359375 0.41328125 0.1109375 0.1546875
0 0.48671875 0.5265625 0.1046875 0.14375
0 0.159375 0.82421875 0.121875 0.1546875
0 0.8859375 0.70546875 0.090625 0.1296875
0 0.58984375 0.2765625 0.1015625 0.15
0 0.3296875 0.6640625 0.1125 0.14375
0 0.9375 0.596875 0.1 0.1375
0 0.53671875 0.4015625 0.1015625 0.140625
0 0.54375 0.63984375 0.103125 0.1421875
0 0.30546875 0.153125 0.1203125 0.16875
0 0.215625 0.68125 0.11875 0.146875
0 0.69921875 0.73203125 0.0984375 0.1390625
0 0.64375 0.14375 0.10625 0.1625
0 0.3421875 0.90546875 0.109375 0.1421875
0 0.44453125 0.8890625 0.1015625 0.134375
0 0.2328125 0.928125 0.115625 0.140625
0 0.1953125 0.43046875 0.125 0.1578125
0 0.3921875 0.778125 0.109375 0.14375
0 0.7890625 0.72109375 0.090625 0.1359375
0 0.64609375 0.8484375 0.0953125 0.128125
0 0.425 0.15390625 0.1125 0.1703125
0 0.7453125 0.83203125 0.09375 0.1296875
0 0.5921875 0.51796875 0.10625 0.1453125
0 0.24765625 0.29140625 0.1265625 0.1640625
0 0.74765625 0.13828125 0.1078125 0.1484375
0 0.6453125 0.625 0.103125 0.1375
0 0.8546875 0.37109375 0.1 0.1453125
0 0.14453125 0.56328125 0.1171875 0.1546875
0 0.83671875 0.6015625 0.0921875 0.13125
0 0.75078125 0.38515625 0.1015625 0.1453125
0 0.28046875 0.80078125 0.1171875 0.1453125
0 0.69453125 0.50625 0.1015625 0.134375
0 0.73984375 0.60703125 0.0921875 0.1328125
0 0.8921875 0.47890625 0.09375 0.1359375
0 0.8046875 0.2546875 0.10625 0.153125
0 0.79921875 0.4953125 0.0984375 0.134375
0 0.6 0.74609375 0.103125 0.1390625
0 0.69296875 0.26796875 0.1015625 0.1484375
0 0.6453125 0.40234375 0.10625 0.1453125
0 0.10078125 0.69140625 0.1171875 0.1515625