0 0.2911 0.24114765624999998 0.066575 0.13229531249999998
0 0.21269375 0.24041484375 0.0628875 0.13082968749999999
0 0.1545515625 0.24520234375 0.059103125 0.1310296875
0 0.05198984375 0.24690625000000002 0.050854687499999995 0.10943750000000001
0 0.09271484375 0.24184999999999998 0.0541796875 0.10245
0 0.32151328125 0.34682421875 0.0711515625 0.1248984375
0 0.25443671874999996 0.34459453125 0.06824843750000001 0.1204390625
0 0.19666171875 0.34112187499999996 0.0683234375 0.12286875
0 0.13158984375 0.33071640625 0.053804687500000004 0.12393281249999999
0 0.083059375 0.331309375 0.04736875 0.13449375
0 0.0343171875 0.32228124999999996 0.046759375 0.1008125
0 0.37515 0.45519921874999997 0.0753 0.1291484375
0 0.29734765625000004 0.4536609375 0.06657031249999999 0.11982187500000001
0 0.22117890624999997 0.446303125 0.0673578125 0.11760625
0 0.18043828125 0.43670703125 0.0358765625 0.1171640625
0 0.10885937500000001 0.42503124999999997 0.055218750000000004 0.1063125
0 0.058959375 0.41677656250000006 0.04916875 0.09605312499999999
0 0.0164375 0.4041328125 0.032875 0.098890625
0 0.42027656249999995 0.5752335937499999 0.081178125 0.13484218750000002
0 0.34918203124999997 0.564534375 0.07648906250000001 0.12594375
0 0.27446328124999997 0.547934375 0.0770515625 0.12711875
0 0.21651015624999997 0.53838671875 0.06427031250000001 0.1142734375
0 0.15796171875 0.52414765625 0.05654843750000001 0.11392031250000001
0 0.10553281249999999 0.50424140625 0.054815625 0.12723281250000001
0 0.04339296875 0.496040625 0.0492859375 0.11395625000000001
0 0.0134078125 0.48272734375 0.026815625 0.09045468749999999
0 0.44812031250000006 0.7071546875 0.07749062500000001 0.129934375
0 0.37749921875000003 0.6809578125 0.0706234375 0.124415625
0 0.32340859375000003 0.64766171875 0.0624421875 0.1390734375
0 0.2525046875 0.641746875 0.08000937500000001 0.11161875000000002
0 0.1912609375 0.6232546875 0.060646875 0.11213437500000001
0 0.139075 0.60527109375 0.0469 0.1230421875
0 0.09145078125 0.586775 0.0579015625 0.101675
0 0.0362140625 0.576309375 0.050553125 0.09636875
0 0.43332109374999994 0.8003140625 0.0760171875 0.128753125
0 0.3444015625 0.7719625 0.07317812500000001 0.11892499999999999
0 0.28126875 0.7494890625 0.0625375 0.120853125
0 0.21500234375 0.7242828125 0.0643796875 0.11419062499999999
0 0.161165625 0.70382421875 0.05670625 0.11389843749999999
0 0.1101109375 0.68848671875 0.054596875 0.10197343750000001
0 0.058308593750000005 0.67255234375 0.047867187500000005 0.10135468750000001
0 0.3805234375 0.89153359375 0.070421875 0.12056718749999999
0 0.3197671875 0.85341015625 0.070784375 0.1255703125
0 0.26001328125 0.8188546875 0.0669015625 0.137709375
0 0.2031890625 0.79792578125 0.062628125 0.1271015625
0 0.142640625 0.781715625 0.05715625 0.10405625
0 0.08648828125 0.7601609375 0.0604765625 0.107821875
0 0.0397 0.7411890624999999 0.04815 0.09487812500000001
0 0.13984375 0.98671875 0.0359375 0.0265625
0 0.09453125 0.97109375 0.0453125 0.0578125
0 0.053542968749999996 0.9545648437500001 0.0383359375 0.0903796875
0 0.03963828125 0.98815390625 0.0292765625 0.0231828125
0 0.016389062500000003 0.654115625 0.032778125000000005 0.09885625
0 0.0086953125 0.5642031249999999 0.017390625 0.07528125