0 0.81953125 0.459375 0.0578125 0.04375
0 0.76171875 0.459375 0.0578125 0.04375
0 0.68203125 0.2140625 0.0640625 0.053125
0 0.88125 0.38984375 0.0625 0.0453125
0 0.30546875 0.4171875 0.0578125 0.05
0 0.93828125 0.5296875 0.0640625 0.046875
0 0.6796875 0.56171875 0.059375 0.0453125
0 0.259375 0.21640625 0.046875 0.0359375
0 0.67890625 0.490625 0.0578125 0.046875
0 0.7328125 0.490625 0.059375 0.046875
0 0.85078125 0.78671875 0.0578125 0.0421875
0 0.803125 0.1359375 0.0625 0.05
0 0.25625 0.34609375 0.05625 0.0484375
0 0.82109375 0.3890625 0.0578125 0.046875
0 0.253125 0.415625 0.05625 0.046875
0 0.25625 0.4859375 0.05625 0.04375
0 0.57734375 0.4890625 0.0578125 0.04375
0 0.20078125 0.41484375 0.0546875 0.0484375
0 0.7328125 0.5625 0.059375 0.046875
0 0.90234375 0.49296875 0.0609375 0.0484375
0 0.3078125 0.48671875 0.05625 0.0453125
0 0.35078125 0.56171875 0.0578125 0.0484375
0 0.62734375 0.56015625 0.0578125 0.0453125
0 0.4671875 0.4921875 0.059375 0.05
0 0.9375 0.4609375 0.059375 0.046875
0 0.74375 0.06328125 0.0625 0.0515625
0 0.1609375 0.19375 0.04375 0.0375
0 0.60078125 0.0328125 0.0609375 0.053125
0 0.628125 0.13984375 0.0625 0.0515625
0 0.903125 0.565625 0.065625 0.046875
0 0.84765625 0.49140625 0.0578125 0.0453125
0 0.4875 0.19296875 0.059375 0.0515625
0 0.43515625 0.2703125 0.0484375 0.040625
0 0.7984375 0.21484375 0.0625 0.0515625
0 0.68359375 0.07109375 0.0609375 0.0546875
0 0.359375 0.4875 0.059375 0.046875
0 0.4109375 0.24296875 0.046875 0.0390625
0 0.3953125 0.3828125 0.059375 0.046875
0 0.14375 0.41328125 0.053125 0.0453125
0 0.6015625 0.38984375 0.059375 0.0453125
0 0.1328125 0.21953125 0.04375 0.0390625
0 0.5390625 0.26953125 0.0625 0.0546875
0 0.8375 0.025 0.0625 0.046875
0 0.44140625 0.52734375 0.0609375 0.0515625
0 0.3921875 0.45546875 0.059375 0.0453125
0 0.65859375 0.38984375 0.0578125 0.0453125
0 0.89453125 0.171875 0.0671875 0.05625
0 0.62890625 0.4890625 0.0578125 0.04375
0 0.57109375 0.14375 0.0671875 0.05625
0 0.8015625 0.065625 0.0625 0.046875
0 0.77578125 0.68984375 0.0578125 0.0421875
0 0.784375 0.5640625 0.0625 0.046875
0 0.41328125 0.48984375 0.0609375 0.0484375
0 0.390625 0.1546875 0.05 0.040625
0 0.50859375 0.14453125 0.0671875 0.0515625
0 0.90703125 0.08125 0.0671875 0.053125
0 0.540625 0.1859375 0.059375 0.046875
0 0.2046875 0.48515625 0.05625 0.0453125
0 0.7078125 0.25546875 0.0625 0.0546875
0 0.075 0.51640625 0.053125 0.0453125
0 0.9203125 0.21484375 0.0625 0.0515625
0 0.41875 0.4171875 0.059375 0.05
0 0.86953125 0.05703125 0.0609375 0.0484375
0 0.3625 0.41796875 0.059375 0.0484375
0 0.36328125 0.3484375 0.0609375 0.05
0 0.1234375 0.5171875 0.053125 0.04375
0 0.71953125 0.0203125 0.0640625 0.040625
0 0.521875 0.490625 0.053125 0.04375
0 0.40546875 0.56328125 0.0609375 0.0515625
0 0.41015625 0.66640625 0.0484375 0.0390625
0 0.30703125 0.346875 0.0578125 0.046875
0 0.79296875 0.78359375 0.0578125 0.0421875
0 0.70390625 0.459375 0.0578125 0.04375
0 0.38203125 0.753125 0.0453125 0.034375
0 0.77265625 0.63359375 0.0515625 0.0453125
0 0.28203125 0.71640625 0.0453125 0.0359375
0 0.90703125 0.42109375 0.0640625 0.0515625
0 0.8 0.659375 0.059375 0.04375
0 0.8390625 0.09375 0.065625 0.05
0 0.59453125 0.1890625 0.0609375 0.046875
0 0.78671875 0.4921875 0.0609375 0.046875
0 0.7671875 0.25390625 0.0625 0.0546875
0 0.74375 0.21015625 0.0625 0.0484375
0 0.45390625 0.24296875 0.0546875 0.0421875
0 0.7140625 0.10625 0.0625 0.05
0 0.84765625 0.56484375 0.0640625 0.0484375
0 0.50703125 0.76875 0.0546875 0.04375
0 0.725 0.68828125 0.05625 0.0390625
0 0.21015625 0.65859375 0.0453125 0.0359375
0 0.1453125 0.34375 0.05625 0.046875
0 0.57890625 0.6828125 0.0515625 0.040625
0 0.21015625 0.709375 0.0453125 0.034375
0 0.39296875 0.21171875 0.0484375 0.0390625
0 0.2015625 0.34453125 0.05625 0.0484375
0 0.23828125 0.246875 0.0453125 0.0375
0 0.44453125 0.73046875 0.0484375 0.0390625
0 0.3 0.559375 0.05625 0.046875
0 0.834375 0.1734375 0.065625 0.053125
0 0.53203125 0.73515625 0.0546875 0.0390625
0 0.33515625 0.38359375 0.0578125 0.0453125
0 0.8703125 0.1328125 0.0625 0.05
0 0.76953125 0.81875 0.0546875 0.046875
0 0.7359375 0.42109375 0.059375 0.0484375
0 0.79140625 0.421875 0.0640625 0.05
0 0.20703125 0.603125 0.0453125 0.034375
0 0.8296875 0.69140625 0.05625 0.0421875
0 0.33515625 0.45234375 0.0609375 0.0484375
0 0.6828125 0.3578125 0.059375 0.04375
0 0.81796875 0.5265625 0.0609375 0.05
0 0.95859375 0.4953125 0.0640625 0.05
0 0.19609375 0.3015625 0.0484375 0.034375
0 0.71171875 0.3890625 0.0609375 0.046875
0 0.2859375 0.13515625 0.05 0.0359375
0 0.684375 0.1390625 0.0625 0.05
0 0.7375 0.353125 0.059375 0.046875
0 0.3625 0.78046875 0.046875 0.0359375
0 0.36953125 0.12734375 0.0484375 0.0390625
0 0.79140625 0.35390625 0.0609375 0.0484375
0 0.5796875 0.73828125 0.05 0.0390625
0 0.28359375 0.1875 0.0484375 0.0375
0 0.1 0.41328125 0.053125 0.0453125
0 0.26015625 0.15859375 0.0484375 0.0359375
0 0.38515625 0.69609375 0.0453125 0.0390625
0 0.2484375 0.60390625 0.046875 0.0359375
0 0.96171875 0.1671875 0.0671875 0.05625
0 0.23515625 0.30546875 0.0484375 0.0390625
0 0.8171875 0.82109375 0.05625 0.0484375
0 0.2421875 0.18984375 0.053125 0.0359375
0 0.659375 0.02734375 0.059375 0.0515625
0 0.8625 0.21171875 0.065625 0.0515625
0 0.875 0.4546875 0.0625 0.046875
0 0.4140625 0.1859375 0.05 0.040625
0 0.5734375 0.06796875 0.059375 0.0421875
0 0.765625 0.3875 0.0625 0.046875
0 0.446875 0.45625 0.059375 0.046875
0 0.17109375 0.70625 0.0421875 0.034375
0 0.6578125 0.10625 0.059375 0.046875
0 0.5953125 0.2578125 0.059375 0.05
0 0.284375 0.765625 0.04375 0.034375
0 0.74453125 0.6609375 0.0578125 0.040625
0 0.40078125 0.784375 0.0484375 0.0375
0 0.2453125 0.134375 0.046875 0.0375
0 0.63125 0.35859375 0.059375 0.0453125
0 0.4265625 0.75546875 0.05 0.0390625
0 0.365625 0.24296875 0.046875 0.0421875
0 0.93515625 0.12734375 0.0640625 0.0546875
0 0.22578125 0.37890625 0.0609375 0.0484375
0 0.3078125 0.6359375 0.046875 0.0375
0 0.25859375 0.27421875 0.0453125 0.0390625
0 0.575 0.41953125 0.059375 0.0453125
0 0.82890625 0.25390625 0.0640625 0.0546875
0 0.68046875 0.42109375 0.0578125 0.0484375
0 0.32109375 0.71953125 0.0453125 0.0359375
0 0.54609375 0.45703125 0.0578125 0.0453125
0 0.759375 0.528125 0.059375 0.046875
0 0.575 0.55859375 0.059375 0.0453125
0 0.3484375 0.15625 0.05 0.040625
0 0.17265625 0.653125 0.0421875 0.034375
0 0.65234375 0.25625 0.0609375 0.053125
0 0.32578125 0.13203125 0.0484375 0.0359375
0 0.21796875 0.21640625 0.0484375 0.0390625
0 0.28359375 0.38125 0.0609375 0.046875
0 0.4875 0.7328125 0.053125 0.040625
0 0.39375 0.63515625 0.053125 0.0390625
0 0.65 0.71484375 0.05 0.0390625
0 0.1390625 0.703125 0.040625 0.03125
0 0.2890625 0.60859375 0.046875 0.0390625
0 0.62890625 0.74375 0.0515625 0.040625
0 0.1421875 0.55859375 0.053125 0.0484375
0 0.4046875 0.29609375 0.05625 0.0421875
0 0.84765625 0.4203125 0.0609375 0.046875
0 0.215625 0.271875 0.046875 0.0375
0 0.6515625 0.4578125 0.059375 0.04375
0 0.3265625 0.66484375 0.046875 0.0359375
0 0.2890625 0.6640625 0.05 0.034375
0 0.3265625 0.60703125 0.046875 0.0359375
0 0.1984375 0.19296875 0.046875 0.0359375
0 0.40546875 0.72734375 0.0484375 0.0359375
0 0.3484375 0.63828125 0.046875 0.0359375
0 0.19765625 0.5578125 0.0546875 0.046875
0 0.67734375 0.68515625 0.0546875 0.0390625
0 0.65078125 0.65546875 0.0515625 0.0421875
0 0.58046875 0.62109375 0.0546875 0.0421875
0 0.434375 0.69375 0.053125 0.040625
0 0.53125 0.67890625 0.05 0.0390625
0 0.15078125 0.484375 0.0546875 0.04375
0 0.5984375 0.45703125 0.059375 0.0453125
0 0.1328125 0.275 0.046875 0.0375
0 0.33125 0.521875 0.059375 0.05
0 0.60234375 0.6546875 0.0515625 0.040625
0 0.73984375 0.14375 0.0546875 0.04375
0 0.5390625 0.09296875 0.0625 0.0546875
0 0.74140625 0.78046875 0.0515625 0.0421875
0 0.25 0.65703125 0.046875 0.0359375
0 0.178125 0.51953125 0.053125 0.0453125
0 0.321875 0.77265625 0.046875 0.0390625
0 0.21796875 0.1609375 0.0484375 0.0375
0 0.36796875 0.6640625 0.0484375 0.040625
0 0.6921875 0.775 0.05 0.040625
0 0.53359375 0.79921875 0.0515625 0.0359375
0 0.2671875 0.68828125 0.04375 0.0359375
0 0.3234375 0.2453125 0.05 0.040625
0 0.1921875 0.6796875 0.040625 0.034375
0 0.30703125 0.69140625 0.0453125 0.0359375
0 0.62578125 0.80546875 0.0515625 0.0421875
0 0.05390625 0.48203125 0.0515625 0.0453125
0 0.77421875 0.0234375 0.0609375 0.046875
0 0.36796875 0.609375 0.0484375 0.0375
0 0.55703125 0.709375 0.0515625 0.0375
0 0.26875 0.634375 0.046875 0.0375
0 0.0984375 0.55625 0.05 0.04375
0 0.38203125 0.52265625 0.0578125 0.0484375
0 0.56953125 0.2171875 0.0578125 0.05
0 0.3453125 0.74921875 0.046875 0.0359375
0 0.171875 0.75625 0.040625 0.034375
0 0.17265625 0.378125 0.0578125 0.046875
0 0.36953125 0.18515625 0.0515625 0.0390625
0 0.153125 0.30546875 0.046875 0.0359375
0 0.1921875 0.63125 0.04375 0.034375
0 0.3171875 0.3015625 0.05 0.0375
0 0.15625 0.73125 0.040625 0.03125
0 0.3875 0.27109375 0.046875 0.0390625
0 0.4359375 0.2125 0.05 0.034375
0 0.1046875 0.4828125 0.05625 0.04375
0 0.19609375 0.246875 0.0484375 0.0375
0 0.3609375 0.30234375 0.05 0.0390625
0 0.50859375 0.2296875 0.0609375 0.05
0 0.8734375 0.759375 0.05625 0.04375
0 0.70859375 0.52578125 0.0578125 0.0484375
0 0.2484375 0.76171875 0.04375 0.0328125
0 0.76953125 0.7515625 0.0546875 0.040625
0 0.628125 0.421875 0.059375 0.04375
0 0.896875 0.24921875 0.06875 0.0546875
0 0.24609375 0.559375 0.0546875 0.046875
0 0.60078125 0.521875 0.0578125 0.04375
0 0.50703125 0.70703125 0.0515625 0.0421875
0 0.228125 0.63203125 0.046875 0.0359375
0 0.66875 0.80703125 0.053125 0.0421875
0 0.7203125 0.74765625 0.05 0.0390625
0 0.34296875 0.27109375 0.0453125 0.0390625
0 0.228125 0.73671875 0.04375 0.0328125
0 0.18046875 0.1625 0.0484375 0.0375
0 0.19296875 0.73515625 0.0453125 0.0328125
0 0.553125 0.64921875 0.05 0.0390625
0 0.26796875 0.740625 0.0421875 0.03125
0 0.71484375 0.16796875 0.0671875 0.0515625
0 0.71640625 0.81171875 0.0546875 0.0421875
0 0.721875 0.62890625 0.05625 0.0421875
0 0.27734375 0.3046875 0.0484375 0.0375
0 0.62734375 0.62578125 0.0515625 0.0390625
0 0.653125 0.525 0.05625 0.04375
0 0.60234375 0.7109375 0.0515625 0.0375
0 0.30546875 0.74609375 0.0453125 0.0328125
0 0.228125 0.6859375 0.046875 0.034375
0 0.12265625 0.378125 0.0546875 0.05
0 0.24921875 0.71171875 0.0421875 0.0328125
0 0.21015625 0.759375 0.0484375 0.034375
0 0.15703125 0.24921875 0.0484375 0.0359375
0 0.3609375 0.72578125 0.04375 0.0359375
0 0.64609375 0.77578125 0.0515625 0.0390625
0 0.85234375 0.3546875 0.0640625 0.046875
0 0.15390625 0.68125 0.0453125 0.03125
0 0.55859375 0.76875 0.0578125 0.04375
0 0.60234375 0.76953125 0.0515625 0.0390625
0 0.34921875 0.2109375 0.0484375 0.040625
0 0.30625 0.1578125 0.046875 0.0375
0 0.32421875 0.1859375 0.0484375 0.0375
0 0.278125 0.24609375 0.046875 0.0390625
0 0.1140625 0.24921875 0.046875 0.0390625
0 0.3453125 0.69609375 0.046875 0.0359375
0 0.6703125 0.74609375 0.05 0.0390625
0 0.69765625 0.71796875 0.0515625 0.0421875
0 0.2828125 0.45 0.05625 0.046875
0 0.20078125 0.134375 0.0484375 0.0375
0 0.578125 0.803125 0.053125 0.04375
0 0.62734375 0.68203125 0.0546875 0.0390625
0 0.2265625 0.51953125 0.053125 0.0453125
0 0.7453125 0.7203125 0.05 0.040625
0 0.62578125 0.21015625 0.0609375 0.0546875
0 0.07734375 0.4453125 0.0578125 0.046875
0 0.54296875 0.52421875 0.0578125 0.0453125
0 0.67265625 0.62890625 0.0515625 0.0390625
0 0.7 0.65625 0.053125 0.040625
0 0.87421875 0.5265625 0.0640625 0.046875
0 0.81953125 0.75625 0.0546875 0.04375
0 0.2734375 0.5234375 0.059375 0.046875
0 0.6515625 0.184375 0.059375 0.046875
0 0.77109375 0.17890625 0.0671875 0.0515625
0 0.171875 0.453125 0.05625 0.04375
0 0.225 0.4546875 0.059375 0.046875
0 0.775 0.096875 0.06875 0.05
0 0.18046875 0.22109375 0.0484375 0.0359375
0 0.3015625 0.27265625 0.046875 0.0359375
0 0.3015625 0.21484375 0.05 0.0390625
0 0.171875 0.2734375 0.046875 0.0375
0 0.6265625 0.0765625 0.059375 0.046875
0 0.59765625 0.096875 0.0609375 0.053125
0 0.80078125 0.7234375 0.0578125 0.04375
0 0.128125 0.44921875 0.05625 0.0453125
0 0.8515625 0.72734375 0.053125 0.0421875