0 0.75256953125 0.80819609375 0.1207640625 0.1538921875
0 0.63923046875 0.8376187500000001 0.11283593750000001 0.1439875
0 0.53195859375 0.86365625 0.1045421875 0.1429375
0 0.42614140625 0.890096875 0.1116578125 0.14269375
0 0.326734375 0.91128515625 0.09409375 0.1256953125
0 0.78252421875 0.666 0.1181734375 0.132
0 0.6665625000000001 0.69722890625 0.108125 0.1319578125
0 0.55392578125 0.72290390625 0.0984765625 0.13330781249999998
0 0.45018906249999996 0.7454171875 0.103503125 0.137709375
0 0.352525 0.7774109375 0.0988 0.123571875
0 0.24376953124999998 0.805490625 0.09378906249999999 0.13598125
0 0.17104375 0.7132953125 0.0889625 0.126590625
0 0.2703953125 0.67192890625 0.097040625 0.1313578125
0 0.36896953125 0.64284609375 0.10043906250000001 0.12319218750000001
0 0.48126875 0.61225703125 0.1000375 0.1245140625
0 0.5778546875 0.5840085937499999 0.10258437499999999 0.1273921875
0 0.6912429687499999 0.54460078125 0.11061093749999999 0.1392015625
0 0.8087546874999999 0.5147765625 0.120634375 0.145178125
0 0.8331515625 0.370990625 0.11317812499999999 0.13573125
0 0.712053125 0.40315390625 0.11473124999999999 0.1406828125
0 0.60681875 0.44944609374999994 0.1073875 0.1270171875
0 0.5005859375 0.47990546875 0.098046875 0.1223109375
0 0.3982234375 0.51030234375 0.099571875 0.1206046875
0 0.30210859375 0.5393515625 0.0948421875 0.134953125
0 0.20223359375 0.57865 0.0919671875 0.12292499999999999
0 0.1143984375 0.61085546875 0.091296875 0.1310859375
0 0.0442421875 0.50116796875 0.085359375 0.1273359375
0 0.14031484375 0.48136093750000003 0.0868796875 0.11897187499999999
0 0.23576796875 0.45338984374999997 0.0965359375 0.1224046875
0 0.32091875000000003 0.41482343750000006 0.0949625 0.120271875
0 0.42062578124999994 0.37468984375000003 0.0975015625 0.1181296875
0 0.520440625 0.3451296875 0.10338125000000001 0.121509375
0 0.627234375 0.31275390625 0.10759375 0.1255078125
0 0.73387890625 0.269528125 0.1115078125 0.13280625
0 0.845334375 0.23385234375000002 0.11566875000000001 0.1302046875
0 0.76018671875 0.1202921875 0.11412343750000001 0.134334375
0 0.64556171875 0.16966484375 0.1067484375 0.1268296875
0 0.5418015625 0.21166562500000002 0.099228125 0.11395625000000001
0 0.4432953125 0.246653125 0.099090625 0.12455625
0 0.34240312500000003 0.2815984375 0.09730625000000001 0.128821875
0 0.24988984374999998 0.3142140625 0.08727968750000001 0.11905312500000001
0 0.16043984375 0.35656015625 0.0865046875 0.10999531250000001
0 0.07403515625 0.38946328125 0.0855703125 0.1226765625
0 0.08998906250000001 0.2539203125 0.089353125 0.117215625
0 0.18593671875 0.22942109375 0.0874984375 0.1244671875
0 0.27528437499999997 0.19131640625 0.08806875 0.1170078125
0 0.3684546875 0.15825 0.093159375 0.11962500000000001
0 0.46458984374999995 0.11123125 0.0979296875 0.12558750000000002
0 0.56554453125 0.07326640625 0.10608906250000001 0.1309078125
0 0.66963984375 0.046578125 0.1080296875 0.09315625