0 0.18659609375000002 0.7076640624999999 0.1575671875 0.124703125
0 0.19554609375 0.588190625 0.1629671875 0.12013125
0 0.19707734375000002 0.47259609375 0.1629046875 0.1139421875
0 0.20656406249999998 0.357640625 0.172503125 0.12778125
0 0.21240781250000002 0.23777109375 0.168565625 0.1317921875
0 0.32139140624999996 0.775240625 0.1552828125 0.13173125000000002
0 0.326021875 0.6474062500000001 0.14891875000000002 0.11668750000000001
0 0.32893125 0.52534140625 0.1578625 0.1131828125
0 0.33425390625 0.41530703124999996 0.1591328125 0.1149890625
0 0.3467546875 0.3014015625 0.162259375 0.118428125
0 0.34440703125 0.1793890625 0.1638140625 0.118153125
0 0.47621171875 0.12659453125 0.1555484375 0.1219390625
0 0.47544531249999994 0.24056015625000002 0.14776562499999998 0.12174531250000001
0 0.47626718749999997 0.36328515625 0.152534375 0.1203203125
0 0.4593421875 0.47578203124999996 0.140559375 0.1109390625
0 0.45992578125000005 0.58932578125 0.1542265625 0.1161515625
0 0.45416093750000003 0.7096281249999999 0.15519687499999998 0.11925625
0 0.43205703125 0.8321921874999999 0.1516140625 0.117509375
0 0.55589375 0.8787664062499999 0.14303749999999998 0.12315781249999999
0 0.5650070312500001 0.76439921875 0.1456390625 0.1131734375
0 0.5700093749999999 0.641921875 0.14314375 0.10884374999999999
0 0.5823796875 0.53372578125 0.136634375 0.11120156249999999
0 0.5847453125000001 0.42484296875 0.141365625 0.11218593750000001
0 0.5905734375 0.31237265625 0.143646875 0.1122453125
0 0.605509375 0.196934375 0.15476875 0.11886875
0 0.5969640625 0.0850734375 0.153303125 0.123271875
0 0.67991796875 0.809978125 0.1348359375 0.11370625000000001
0 0.6836546875 0.6960875 0.136059375 0.1078
0 0.6982328125 0.59323203125 0.140215625 0.1083390625
0 0.7040773437500001 0.47759921875 0.1362796875 0.1114484375
0 0.699975 0.37524921875 0.13745000000000002 0.1098734375
0 0.71025390625 0.25971953125 0.1361328125 0.1131890625
0 0.72244140625 0.15182578124999999 0.14488281249999999 0.1161515625
0 0.8493812500000001 0.1009484375 0.1268875 0.108146875
0 0.8420406249999999 0.20644374999999998 0.13095625 0.1128875
0 0.8309671875 0.3182734375 0.143184375 0.111546875
0 0.8260203125000001 0.43001328125000005 0.13641562499999998 0.11002656250000001
0 0.8180703125000001 0.53790546875 0.139265625 0.10706093750000001
0 0.8115796875000001 0.6433984374999999 0.132534375 0.108671875
0 0.8037289062499999 0.75220859375 0.1293328125 0.1075421875
0 0.79805234375 0.8625554687499999 0.1336046875 0.1063609375
0 0.9212984375 0.80678671875 0.126971875 0.10419843749999999
0 0.9201734375000001 0.692634375 0.127846875 0.11026875
0 0.9223343749999999 0.59505 0.12591875 0.1026
0 0.9274703125 0.49102187500000005 0.12369062500000001 0.10391874999999999
0 0.72350625 0.05144531249999999 0.1313875 0.10289062499999999
0 0.6885921875000001 0.9214273437499999 0.145934375 0.0991046875
0 0.94140625 0.3765625 0.1171875 0.10625
0 0.9390625 0.271875 0.121875 0.10625
0 0.94748125 0.165478125 0.1043375 0.10908124999999999