0 0.887034375 0.6899390624999999 0.16469375 0.126753125
0 0.8738046875000001 0.57209921875 0.160109375 0.13169843750000002
0 0.85526796875 0.45334609375 0.1574109375 0.1160671875
0 0.8449375 0.3445109375 0.158625 0.107771875
0 0.8340093749999999 0.24951015625 0.14614375 0.12402031250000001
0 0.70272734375 0.19525234375 0.1429546875 0.1061296875
0 0.712890625 0.3081609375 0.13828125 0.103821875
0 0.7196515625 0.413740625 0.148678125 0.11498125
0 0.7286828125 0.52332265625 0.154240625 0.1122703125
0 0.7412453125 0.63809296875 0.151240625 0.1105609375
0 0.7613515625 0.75811640625 0.160203125 0.1287328125
0 0.58473515625 0.1537203125 0.1382203125 0.101190625
0 0.5854953125 0.26005859375 0.139740625 0.1044921875
0 0.5864617187500001 0.3652984375 0.1416734375 0.11809687499999999
0 0.609996875 0.47634375 0.13874375 0.1058125
0 0.6144429687499999 0.5836671875 0.1445109375 0.11108437499999999
0 0.62244765625 0.7010132812500001 0.1448953125 0.1176515625
0 0.63169296875 0.8213898437499999 0.1571359375 0.1271546875
0 0.46526562499999996 0.12457343750000001 0.12740625 0.092896875
0 0.47386328125 0.22114375000000003 0.1321015625 0.0954125
0 0.470765625 0.33337343750000004 0.14153125 0.107371875
0 0.47241718749999995 0.430353125 0.12920937500000002 0.11070625
0 0.47902812499999997 0.5344218749999999 0.13618125 0.10946875
0 0.49192421875000003 0.6472148437499999 0.1369734375 0.1131796875
0 0.49334375 0.7592414062499999 0.1460625 0.1216078125
0 0.50925390625 0.89105078125 0.1497578125 0.1352265625
0 0.3485078125 0.09044609375 0.134515625 0.0902671875
0 0.356703125 0.1886546875 0.12903125 0.096059375
0 0.3678078125 0.28571171875 0.126240625 0.0964234375
0 0.3611734375 0.384565625 0.128596875 0.10038125
0 0.36284609375 0.4888640625 0.1350671875 0.112103125
0 0.36915859375000004 0.59747734375 0.1383171875 0.1043296875
0 0.36891875 0.703934375 0.1378375 0.12349375
0 0.373496875 0.82046796875 0.14074375 0.1159359375
0 0.38389453125 0.9351749999999999 0.1459140625 0.117225
0 0.24579296875 0.151465625 0.12596093749999998 0.09043124999999999
0 0.25041718749999997 0.24460546875000003 0.125834375 0.0985859375
0 0.24927656250000002 0.33635234375 0.129803125 0.10082968750000001
0 0.24967343749999998 0.43894374999999997 0.133721875 0.10288749999999999
0 0.24992578124999998 0.54752890625 0.1311015625 0.1044328125
0 0.249946875 0.6515429687500001 0.13114375 0.1093359375
0 0.2481203125 0.76302890625 0.13999062499999998 0.11355781250000001
0 0.23413124999999999 0.89127734375 0.1370125 0.11380468749999999
0 0.132203125 0.20797812499999999 0.12065624999999999 0.09408125
0 0.13999453125 0.30605078125 0.1206140625 0.09960156249999999
0 0.14549140624999998 0.39819375 0.1253578125 0.0963875
0 0.138775 0.49733671875 0.12442500000000001 0.1071734375
0 0.12351484374999999 0.60493046875 0.1251546875 0.10673593750000002
0 0.1239640625 0.7107929687500001 0.12605312500000002 0.1090859375
0 0.131240625 0.8259726562499999 0.13435625 0.11444531250000001