0 0.72775625 0.2438625 0.0680125 0.131475
0 0.799409375 0.2506171875 0.06444375 0.129359375
0 0.8551453125 0.25977656250000003 0.063415625 0.128928125
0 0.9629468750000001 0.2655875 0.054018750000000004 0.1093
0 0.9225914062499999 0.25835546875 0.0576828125 0.10108593749999999
0 0.68564453125 0.34513046875 0.0744140625 0.12463593749999999
0 0.75333125 0.34892500000000004 0.0722875 0.119725
0 0.8104265625 0.35272187499999996 0.07085312499999999 0.12106874999999999
0 0.8779476562499999 0.35175234375 0.0558953125 0.12225468749999999
0 0.9272820312500001 0.3522609375 0.0514390625 0.132646875
0 0.9765625 0.35625 0.046875 0.1
0 0.62986484375 0.44956953125 0.07847968749999999 0.1272640625
0 0.70563671875 0.45427578124999995 0.07064843750000001 0.1179265625
0 0.78297890625 0.4588984375 0.06908281250000001 0.114671875
0 0.8247085937499999 0.45451328125 0.0400421875 0.1152765625
0 0.8941968750000001 0.4472703125 0.05714375000000001 0.103915625
0 0.9466187500000001 0.44723046875000005 0.05261249999999999 0.0944609375
0 0.9840476562499999 0.44166249999999996 0.0305953125 0.09895000000000001
0 0.5674718750000001 0.5593265625 0.08494375 0.134278125
0 0.640903125 0.55902265625 0.07555625 0.1242953125
0 0.72327109375 0.552584375 0.0809171875 0.12391875000000001
0 0.77934921875 0.55097734375 0.0680734375 0.11132968750000001
0 0.83938984375 0.5379734375 0.0600296875 0.11344687499999999
0 0.888690625 0.53056015625 0.05863125 0.12362031250000001
0 0.955540625 0.52739765625 0.051706249999999995 0.1110453125
0 0.9871656249999999 0.521065625 0.02433125 0.08588124999999999
0 0.53983984375 0.6889578125 0.0796796875 0.127915625
0 0.60841015625 0.6702007812499999 0.0730703125 0.1216515625
0 0.66405078125 0.6397859375 0.0656015625 0.135821875
0 0.7420351562499999 0.64282265625 0.0840703125 0.11064531250000001
0 0.7989328125 0.6379015625 0.063490625 0.11017812499999999
0 0.8551570312500001 0.621721875 0.0509390625 0.12156875
0 0.9041148437500001 0.61253984375 0.061354687500000005 0.1000796875
0 0.95708671875 0.60771640625 0.0547984375 0.0935578125
0 0.54080234375 0.7829484375 0.07847968749999999 0.125271875
0 0.6332085937499999 0.765378125 0.0757921875 0.11513124999999999
0 0.70065546875 0.7514632812500001 0.0669359375 0.11855156250000001
0 0.76192578125 0.7346125 0.0676015625 0.112975
0 0.8254140624999999 0.7180546875 0.060203125 0.111109375
0 0.8789953125000001 0.70788359375 0.057990625 0.1001421875
0 0.9287546875 0.7008281249999999 0.051259374999999996 0.09853125
0 0.59772578125 0.8806578125 0.0735765625 0.117565625
0 0.6627265625 0.849421875 0.072328125 0.12384375
0 0.719903125 0.82032109375 0.07105625 0.13439218749999998
0 0.7833734375 0.80818125 0.06674687500000001 0.12261249999999999
0 0.84314375 0.8007226562499999 0.061287499999999995 0.1014453125
0 0.89785234375 0.78232109375 0.0644546875 0.1052671875
0 0.9444250000000001 0.771825 0.05134999999999999 0.09365
0 0.83515625 0.99453125 0.0265625 0.0109375
0 0.8796875 0.98359375 0.040625 0.0328125
0 0.91953125 0.96953125 0.0390625 0.0609375
0 0.97734375 0.68984375 0.0453125 0.0921875
0 0.9873531249999999 0.5991984375 0.02470625 0.07964687499999999