0 0.75062265625 0.88717265625 0.1293703125 0.1618453125
0 0.63189921875 0.8950898437499999 0.1262984375 0.1589296875
0 0.52044453125 0.8957 0.1252640625 0.157025
0 0.41419921875 0.8971609375 0.11589843749999999 0.159946875
0 0.30903203125 0.9035898437500001 0.12118906250000001 0.1478046875
0 0.2381234375 0.7938484375 0.104371875 0.14707187500000002
0 0.34649687500000004 0.7746601562500001 0.10549375000000001 0.13682031249999999
0 0.4469796875 0.76613359375 0.112709375 0.15101718749999998
0 0.5535289062500001 0.7576421875 0.1133078125 0.155909375
0 0.6678875 0.751928125 0.1139 0.15073125
0 0.7905625 0.7452687499999999 0.12175 0.1592875
0 0.17642890625000002 0.6749875000000001 0.0966078125 0.1406
0 0.279721875 0.6601390625 0.10319375 0.142153125
0 0.381384375 0.6402257812500001 0.11276875 0.14295156250000002
0 0.49338984375 0.6372 0.1055296875 0.140025
0 0.5898671875 0.62436796875 0.110984375 0.1456109375
0 0.7057898437500001 0.617134375 0.1209546875 0.14364375000000001
0 0.82620625 0.6072968750000001 0.1305375 0.15521875000000002
0 0.12669140625 0.57003203125 0.0940078125 0.1306890625
0 0.22070859375000002 0.55418359375 0.0945421875 0.1333671875
0 0.32923203125 0.5415328125000001 0.1115890625 0.145565625
0 0.41626015625 0.520190625 0.1137703125 0.13100625
0 0.5282914062499999 0.5110546874999999 0.10658281249999998 0.13773437500000002
0 0.63224140625 0.49813984375000003 0.1176078125 0.1369046875
0 0.74708671875 0.47741718750000006 0.1222984375 0.145459375
0 0.8670476562499999 0.47884140625000005 0.1247203125 0.1483078125
0 0.0682125 0.44615312500000004 0.08954999999999999 0.13605625
0 0.16500937499999999 0.43901484375 0.09876875 0.13115468749999998
0 0.26882890625 0.43734062500000004 0.09390781249999999 0.12780625
0 0.35990703125 0.41084296875000004 0.1010640625 0.1279359375
0 0.45785703125 0.40045078125 0.1094640625 0.1352765625
0 0.56248359375 0.377853125 0.1030921875 0.14008125
0 0.65751953125 0.36471640625 0.1337890625 0.1356828125
0 0.7743757812500001 0.3435078125 0.11750156249999999 0.140140625
0 0.88660546875 0.33331875 0.1200859375 0.1447625
0 0.11108984375 0.33983046875 0.0878046875 0.12966093750000002
0 0.19977265625 0.322171875 0.0932953125 0.12871875
0 0.29465390625 0.30398749999999997 0.09555781249999999 0.132975
0 0.39060937500000004 0.28988984375 0.09996875 0.1360296875
0 0.49252265624999997 0.268553125 0.1006703125 0.13398125
0 0.5928281249999999 0.25479921875 0.10753125 0.1314734375
0 0.699265625 0.23423984375 0.11415625 0.1403546875
0 0.8221828125 0.20842812500000002 0.11624062500000001 0.13560624999999998
0 0.14431171874999998 0.2175796875 0.0886234375 0.12265937499999999
0 0.23889765624999998 0.20829062499999998 0.0902953125 0.12595625
0 0.33019375 0.19578125 0.09163750000000001 0.1290625
0 0.42596796875000004 0.176065625 0.1019359375 0.12400625000000001
0 0.52940703125 0.14759609375 0.10256406250000001 0.1264421875
0 0.6306078125 0.12545 0.111215625 0.12589999999999998
0 0.739640625 0.10644140625000001 0.11365624999999999 0.13475781250000002