0 0.26998046875 0.73598359375 0.1305859375 0.0719671875
0 0.283775 0.81358046875 0.126925 0.07091093750000001
0 0.29618984375 0.86888359375 0.12675468750000002 0.0721421875
0 0.3167234375 0.9688140625000001 0.10844687500000001 0.059503125000000004
0 0.30600390625 0.9328359374999999 0.0995078125 0.065671875
0 0.3711609375 0.6848132812500001 0.123571875 0.0821265625
0 0.382521875 0.7511953124999999 0.11816875 0.08051562500000001
0 0.39362890625 0.80817734375 0.1185078125 0.07885468749999999
0 0.39731328125000004 0.87243125 0.1196265625 0.0636125
0 0.40711328125 0.92050078125 0.12985156250000002 0.0597515625
0 0.40729375 0.9701609375 0.0989625 0.05594687499999999
0 0.46845078124999995 0.613753125 0.1244015625 0.08688125
0 0.48144296875 0.68937265625 0.1160109375 0.0787453125
0 0.49030312499999995 0.7656609375000001 0.11185624999999999 0.075071875
0 0.489075 0.8063109374999999 0.11252500000000001 0.050121875
0 0.493003125 0.878253125 0.10163124999999999 0.06275625
0 0.49462734375000006 0.9313296875000001 0.0923796875 0.059534374999999994
0 0.49279453125000006 0.97570390625 0.0980890625 0.0451578125
0 0.57564140625 0.542965625 0.13253281249999999 0.09218125
0 0.5811484375 0.61954375 0.12167187500000001 0.07971249999999999
0 0.57870546875 0.69421171875 0.1199109375 0.08842343750000001
0 0.58352109375 0.7529125 0.1076671875 0.0777
0 0.57942578125 0.8119140625 0.11197656250000002 0.067578125
0 0.5721234374999999 0.8677421875 0.119246875 0.066734375
0 0.57558203125 0.9282726562500001 0.1074140625 0.0596703125
0 0.569615625 0.9658234374999999 0.08610625 0.047271875000000005
0 0.6987796875 0.4959546875 0.12568437500000001 0.08565937500000001
0 0.6856078125 0.56709609375 0.118090625 0.0810671875
0 0.66582890625 0.6249390625 0.1316578125 0.07487812499999999
0 0.67506640625 0.69910859375 0.1095078125 0.0919671875
0 0.6696765625000001 0.76218046875 0.10810312500000001 0.0712359375
0 0.6642515625 0.8158375 0.119128125 0.0598
0 0.65695234375 0.8653453125 0.0982796875 0.068190625
0 0.65622265625 0.9223523437500001 0.0905703125 0.0634546875
0 0.7935421875 0.49082499999999996 0.121459375 0.084775
0 0.78398046875 0.5834984375000001 0.11171093750000001 0.082621875
0 0.77368828125 0.65213515625 0.1161265625 0.07614531249999999
0 0.763234375 0.71897890625 0.11084374999999999 0.0754578125
0 0.7546328125 0.77479609375 0.109265625 0.0683421875
0 0.75076796875 0.8293968749999999 0.09841093749999999 0.06504375
0 0.7460640625 0.88373125 0.09525312500000001 0.0580875
0 0.8919640624999999 0.5253281249999999 0.11517812499999999 0.08190625
0 0.866828125 0.59401796875 0.12115625000000001 0.0817859375
0 0.84790546875 0.65528203125 0.13018593750000002 0.0793140625
0 0.8399828125 0.71462890625 0.11746562499999999 0.07613281250000001
0 0.8351960937499999 0.78011953125 0.0985171875 0.06961406249999999
0 0.8244421875000001 0.8378140625 0.102009375 0.072503125
0 0.8161546874999999 0.8884734375000001 0.091684375 0.058196875
0 0.988728125 0.8404718750000001 0.02120625 0.03719375
0 0.73737890625 0.9324328124999999 0.0966328125 0.055490625
0 0.648996875 0.95987734375 0.07611875 0.0447546875