0 0.29847421875 0.8187656249999999 0.12819843749999998 0.15940625
0 0.41590234375 0.79105 0.1255546875 0.16335
0 0.52609375 0.7642890625 0.11781250000000001 0.162953125
0 0.63764921875 0.739003125 0.12217343750000001 0.16863125
0 0.75152578125 0.7086218750000001 0.1280515625 0.16411875
0 0.20852500000000002 0.70984375 0.13892500000000002 0.15718749999999998
0 0.33636640624999997 0.6792734375 0.11960781250000001 0.149171875
0 0.451115625 0.65493828125 0.11785625 0.1567515625
0 0.55893203125 0.6219359375 0.1178640625 0.156371875
0 0.669125 0.59525546875 0.12262500000000001 0.1592609375
0 0.78922734375 0.57178359375 0.12220468749999999 0.1591921875
0 0.8227921874999999 0.43799687499999995 0.126834375 0.15099374999999998
0 0.7126812499999999 0.45651093750000005 0.1253625 0.144271875
0 0.5962757812499999 0.48653671875000004 0.1238015625 0.1511984375
0 0.48791953125000004 0.5170734375 0.1164640625 0.140396875
0 0.3755546875 0.54096640625 0.11673437499999999 0.1538078125
0 0.2670953125 0.57208671875 0.12169062500000001 0.1566734375
0 0.14222265625000002 0.606153125 0.1219453125 0.15293125000000002
0 0.08669375 0.4989671875 0.1327625 0.144809375
0 0.19584296875 0.47253437500000006 0.1135609375 0.14506875
0 0.31230390625000004 0.44041484375 0.11210781249999999 0.1433296875
0 0.41538593749999997 0.41113515625 0.11514687500000001 0.1347703125
0 0.52191640625 0.39300390625000003 0.11570781249999999 0.1391328125
0 0.6277664062499999 0.36637734375 0.1149078125 0.1390046875
0 0.74219609375 0.33078671875 0.1218921875 0.1490734375
0 0.846296875 0.31274609375 0.13009375 0.1473671875
0 0.13203359374999998 0.36719375 0.1140671875 0.13751249999999998
0 0.23803671875000001 0.34579765625 0.10419843749999999 0.1384703125
0 0.34441328125 0.3151984375 0.1138265625 0.139771875
0 0.45704296875 0.28573515625 0.1140859375 0.1339703125
0 0.5539531249999999 0.26907578125000003 0.11415625 0.1381515625
0 0.663475 0.24399375 0.11757500000000001 0.1317375
0 0.76930546875 0.20983125 0.1198609375 0.1384125
0 0.80701796875 0.07994296875 0.1109109375 0.1255109375
0 0.69581875 0.10673203125000001 0.11663749999999999 0.12908906250000002
0 0.58937578125 0.13432109374999998 0.11625156249999999 0.1405171875
0 0.48884531249999996 0.16340703125 0.11519062499999999 0.1330640625
0 0.38094765625 0.18753359375 0.1087703125 0.13756718750000002
0 0.27272421874999997 0.20970234375 0.10794843750000001 0.1319046875
0 0.172315625 0.24036328125 0.10713124999999998 0.1307265625
0 0.06289765625 0.26715859374999995 0.1070453125 0.1343171875
0 0.10856015625 0.13944140625 0.10462031249999999 0.1288828125
0 0.21841640624999997 0.1186390625 0.10558281249999998 0.127903125
0 0.3156796875 0.09779453125000001 0.10323437499999999 0.12683906250000002
0 0.4170296875 0.0755296875 0.105934375 0.122934375
0 0.8703125 0.18609765625 0.115625 0.1284453125
0 0.03823203125 0.388565625 0.0764640625 0.14588125000000002
0 0.523603125 0.050175000000000004 0.10658125 0.10035000000000001
0 0.628671875 0.039623437500000004 0.11046875 0.07924687500000001
0 0.72968515625 0.0250359375 0.1093703125 0.050071875