0 0.2756140625 0.25673203125 0.073103125 0.1353390625
0 0.19681171874999998 0.26855625 0.07799843749999999 0.1277375
0 0.142759375 0.27645 0.06676875 0.12165
0 0.08512890625 0.28483359375 0.06088281250000001 0.1102921875
0 0.0412921875 0.28932421875 0.060709374999999996 0.10677343749999998
0 0.32923046875 0.3673875 0.0834609375 0.1254
0 0.26789609375 0.364428125 0.08266718749999999 0.11948125000000001
0 0.20375937500000002 0.374140625 0.07939375 0.12015625
0 0.13949609375 0.3769 0.0633671875 0.11005000000000001
0 0.09143515625000001 0.37701875 0.0672453125 0.11028750000000001
0 0.04423125 0.37553828125 0.0572125 0.1010765625
0 0.40348671875 0.473134375 0.0913484375 0.13064375
0 0.32342421875 0.479803125 0.07809843749999999 0.12210625
0 0.24479140624999998 0.4736109375 0.0739578125 0.11909687499999999
0 0.20086953125 0.46905546875 0.0423640625 0.0974859375
0 0.135784375 0.47277734374999997 0.06844375 0.10492968750000001
0 0.08074609375 0.46913203125 0.058367187499999994 0.0976390625
0 0.037279687500000006 0.46241328125000003 0.037059375 0.0935765625
0 0.47330781250000004 0.581434375 0.08099062500000001 0.11286875
0 0.39124453125 0.5790992187499999 0.0824890625 0.1238234375
0 0.32014062499999996 0.5728859374999999 0.07465625000000001 0.117646875
0 0.25190390625000003 0.5692703124999999 0.0725578125 0.107290625
0 0.20181484374999997 0.5600367187499999 0.0630046875 0.10444843749999999
0 0.14872812500000002 0.5508328125 0.07245625 0.114165625
0 0.08487890625000001 0.54525 0.06350781250000001 0.131125
0 0.047078125000000005 0.54639375 0.047281250000000004 0.0927875
0 0.447328125 0.690584375 0.07903125 0.11866874999999999
0 0.3859640625 0.6679765625 0.078178125 0.117203125
0 0.309440625 0.6655953125 0.07513125000000001 0.109315625
0 0.248546875 0.6564132812500001 0.07209375 0.1065765625
0 0.19821249999999999 0.64474453125 0.0558 0.10198906249999999
0 0.14510390625 0.6346328125 0.062082812499999994 0.091140625
0 0.09302031250000001 0.6273109375 0.057915625000000005 0.085871875
0 0.055934375 0.62150390625 0.04311875 0.07425781249999999
0 0.52018828125 0.803609375 0.0935015625 0.12284375
0 0.4298375 0.78523671875 0.0878 0.1142234375
0 0.36065 0.77581875 0.07755 0.1110125
0 0.2922515625 0.75829765625 0.072003125 0.11034531249999999
0 0.2380359375 0.7475007812500001 0.060446875 0.1106265625
0 0.18196953124999998 0.72609453125 0.0670640625 0.0959390625
0 0.1276203125 0.7191671875 0.061490625 0.094584375
0 0.07950234375000001 0.7045078124999999 0.0558796875 0.102765625
0 0.4896296875 0.90074375 0.07925937499999999 0.11398749999999999
0 0.41730156249999995 0.86514140625 0.081478125 0.1302828125
0 0.35529062499999997 0.850178125 0.07308125 0.12535625
0 0.292803125 0.8340921874999999 0.06998125 0.111934375
0 0.23010000000000003 0.82098984375 0.06645 0.09510468749999999
0 0.17982031250000002 0.8074031250000001 0.062765625 0.09605625
0 0.12485859375000001 0.7936992187499999 0.0559671875 0.0905234375
0 0.52191328125 0.71378359375 0.0907015625 0.1369421875
0 0.1767390625 0.9801828125000001 0.047228124999999996 0.038490625