0 0.22517421875000002 0.28212109375 0.1315984375 0.06736718750000001
0 0.23970859375 0.2006546875 0.1294171875 0.063809375
0 0.245728125 0.14355546875 0.12895625 0.0621109375
0 0.2531390625 0.04215546875 0.109403125 0.0530609375
0 0.24588828124999998 0.08449296875000001 0.10115156249999999 0.05648593750000001
0 0.335821875 0.31952421875 0.12476875000000001 0.0734234375
0 0.33803515625 0.251140625 0.1198203125 0.07103125
0 0.3339859375 0.18972109375 0.12109687499999999 0.0700671875
0 0.33770859375 0.12590703125 0.1222921875 0.054939062500000004
0 0.3460296875 0.0782296875 0.13268437500000002 0.050209375
0 0.33916796875 0.02569609375 0.10021093750000001 0.048267187499999996
0 0.441771875 0.37313125 0.12729375 0.0775125
0 0.44334843749999997 0.29720625 0.117946875 0.0694125
0 0.4448171875 0.21860625000000003 0.114634375 0.06846250000000001
0 0.43421015625 0.17398359375 0.1152953125 0.0385921875
0 0.433221875 0.10484062499999999 0.10394375 0.056556249999999995
0 0.43161796875 0.05234765625 0.09448593749999999 0.05157031250000001
0 0.42765234375 0.01670234375 0.0990546875 0.0334046875
0 0.5484421875 0.43096249999999997 0.134384375 0.0838
0 0.5465421874999999 0.35197421875 0.124334375 0.07582343750000001
0 0.5416257812499999 0.278934375 0.12387656250000001 0.07974375
0 0.5384562500000001 0.21627265625 0.11128750000000001 0.0669203125
0 0.52395625 0.15913203125 0.1135375 0.0588890625
0 0.51802734375 0.1068640625 0.12355468750000001 0.057478125000000005
0 0.51175234375 0.0442359375 0.1110046875 0.050971875
0 0.51309765625 0.015811718750000002 0.0886953125 0.031623437500000004
0 0.68116015625 0.4628328125 0.12794531250000002 0.078790625
0 0.6639406250000001 0.38592265625 0.12163125 0.07184531250000001
0 0.6335195312499999 0.3290625 0.1357890625 0.064375
0 0.6303757812499999 0.25391875 0.1107515625 0.0828375
0 0.62228125 0.1968546875 0.1101875 0.062459375
0 0.6123703125000001 0.14513125 0.121615625 0.0496375
0 0.60005546875 0.0973421875 0.1001109375 0.060309375
0 0.59518984375 0.0408203125 0.0935046875 0.053515625
0 0.77199609375 0.45285234374999994 0.1252421875 0.07757968750000001
0 0.7528671874999999 0.36406015625 0.115109375 0.0749953125
0 0.738984375 0.292153125 0.11859375000000001 0.06555625000000001
0 0.7252625 0.23018671875000002 0.113025 0.06662343750000001
0 0.7134 0.174884375 0.111175 0.059143749999999995
0 0.6985359375 0.12066953124999999 0.100196875 0.0569640625
0 0.68830390625 0.06730390625 0.0984828125 0.0502328125
0 0.8712632812500001 0.401853125 0.1175265625 0.07245625
0 0.84318984375 0.335809375 0.1238796875 0.07161875
0 0.81561484375 0.27864921875 0.1343546875 0.0697984375
0 0.7956257812499999 0.21556250000000002 0.1225015625 0.0655
0 0.789778125 0.15189453125000002 0.10143125 0.0600390625
0 0.77136953125 0.10193749999999999 0.1052390625 0.06325
0 0.7593398437500001 0.054878125 0.0936796875 0.05038125
0 0.98037578125 0.16079765625 0.0232515625 0.0340953125
0 0.9724796874999999 0.11078125000000001 0.044959375 0.043437500000000004
0 0.95984921875 0.07491484374999999 0.0728234375 0.040454687499999996
0 0.5877484374999999 0.0171140625 0.087996875 0.034228125
0 0.675 0.02578125 0.1125 0.0484375