0 0.19609375 0.71640625 0.1640625 0.1859375
0 0.30390625 0.74609375 0.1546875 0.1890625
0 0.4125 0.77578125 0.153125 0.1890625
0 0.5234375 0.80390625 0.153125 0.1890625
0 0.634375 0.83671875 0.15 0.1828125
0 0.17265625 0.57578125 0.1515625 0.1796875
0 0.28515625 0.6046875 0.1453125 0.175
0 0.396875 0.63203125 0.146875 0.1765625
0 0.50234375 0.6625 0.1484375 0.178125
0 0.6109375 0.690625 0.146875 0.178125
0 0.7265625 0.7265625 0.15625 0.18125
0 0.15234375 0.43984375 0.1484375 0.1828125
0 0.26328125 0.46796875 0.1515625 0.1796875
0 0.37734375 0.496875 0.1515625 0.175
0 0.4828125 0.53046875 0.146875 0.1671875
0 0.58984375 0.55234375 0.1515625 0.1765625
0 0.6984375 0.58828125 0.146875 0.1734375
0 0.81484375 0.62578125 0.1484375 0.1765625
0 0.1421875 0.31484375 0.140625 0.1640625
0 0.2484375 0.33515625 0.146875 0.1671875
0 0.35546875 0.37109375 0.1421875 0.1671875
0 0.46015625 0.39921875 0.1421875 0.1703125
0 0.56640625 0.425 0.1421875 0.165625
0 0.6734375 0.45703125 0.14375 0.1671875
0 0.78125 0.4890625 0.140625 0.159375
0 0.8875 0.52109375 0.14375 0.1671875
0 0.1359375 0.18984375 0.134375 0.1578125
0 0.23671875 0.2171875 0.1421875 0.1625
0 0.34140625 0.2453125 0.1390625 0.159375
0 0.4421875 0.2765625 0.134375 0.159375
0 0.54609375 0.296875 0.1390625 0.1625
0 0.6484375 0.32890625 0.1375 0.1609375
0 0.75 0.3625 0.1375 0.1625
0 0.8546875 0.38203125 0.14375 0.1609375
0 0.21484375 0.07734375 0.1359375 0.1546875
0 0.32265625 0.1109375 0.1390625 0.153125
0 0.5265625 0.171875 0.140625 0.1625
0 0.42265625 0.14296875 0.1453125 0.1703125
0 0.628125 0.20078125 0.14375 0.1640625
0 0.934375 0.28671875 0.13125 0.1578125
0 0.728125 0.22890625 0.14375 0.1609375
0 0.83046875 0.2546875 0.1390625 0.153125
0 0.303125 0.03046875 0.128125 0.0609375
0 0.4046875 0.04765625 0.13125 0.0953125
0 0.50390625 0.059375 0.1265625 0.11875
0 0.60546875 0.08359375 0.1328125 0.1515625
0 0.7046875 0.109375 0.1375 0.153125
0 0.9125 0.1578125 0.1375 0.15625
0 0.803125 0.1328125 0.1375 0.15625
0 0.946875 0.40234375 0.103125 0.1609375