0 0.0640625 0.7625 0.05625 0.1125
0 0.11484375 0.7640625 0.0609375 0.115625
0 0.1703125 0.76640625 0.06875 0.1265625
0 0.22578125 0.7640625 0.0734375 0.13125
0 0.30625 0.7671875 0.08125 0.1375
0 0.046875 0.675 0.053125 0.109375
0 0.1 0.6703125 0.059375 0.1125
0 0.14609375 0.66484375 0.0640625 0.1171875
0 0.2078125 0.66015625 0.06875 0.1234375
0 0.27421875 0.6578125 0.0734375 0.125
0 0.3390625 0.6546875 0.08125 0.1375
0 0.02734375 0.58984375 0.0515625 0.1046875
0 0.07578125 0.58203125 0.0578125 0.1078125
0 0.1265625 0.57265625 0.0625 0.1140625
0 0.19765625 0.5671875 0.0546875 0.1125
0 0.234375 0.55703125 0.071875 0.1265625
0 0.3125 0.55 0.075 0.128125
0 0.39140625 0.54453125 0.0859375 0.1390625
0 0.0234375 0.51171875 0.046875 0.1015625
0 0.0578125 0.4984375 0.053125 0.10625
0 0.11875 0.49453125 0.059375 0.1140625
0 0.175 0.4796875 0.059375 0.1125
0 0.225 0.465625 0.065625 0.121875
0 0.290625 0.45546875 0.075 0.1265625
0 0.3640625 0.44375 0.08125 0.13125
0 0.44296875 0.43203125 0.0859375 0.1390625
0 0.0203125 0.4375 0.040625 0.096875
0 0.05390625 0.4234375 0.0484375 0.1
0 0.10390625 0.4109375 0.0515625 0.103125
0 0.1546875 0.396875 0.05625 0.109375
0 0.20234375 0.37890625 0.0640625 0.1140625
0 0.2640625 0.36484375 0.06875 0.1203125
0 0.3390625 0.35234375 0.071875 0.1234375
0 0.02890625 0.34453125 0.0453125 0.1015625
0 0.07109375 0.3296875 0.0515625 0.10625
0 0.12421875 0.315625 0.0578125 0.109375
0 0.05625 0.25859375 0.05 0.0984375
0 0.109375 0.23984375 0.053125 0.1015625
0 0.15546875 0.2171875 0.0578125 0.10625
0 0.1796875 0.29609375 0.059375 0.1078125
0 0.2328125 0.27578125 0.06875 0.1203125
0 0.2171875 0.20078125 0.0625 0.1140625
0 0.27421875 0.175 0.0671875 0.115625
0 0.396875 0.325 0.08125 0.13125
0 0.4640625 0.2984375 0.0875 0.140625
0 0.2953125 0.25546875 0.071875 0.1203125
0 0.36171875 0.23515625 0.0765625 0.1265625
0 0.4515625 0.20390625 0.084375 0.1328125
0 0.33671875 0.1484375 0.0734375 0.121875
0 0.3984375 0.11328125 0.078125 0.1328125