0 0.23631953125000002 0.2950328125 0.1320140625 0.068190625
0 0.234003125 0.218246875 0.13050625 0.06461875
0 0.2387578125 0.16003281249999998 0.130640625 0.063815625
0 0.23597734374999998 0.058403906250000005 0.10945468750000001 0.0543078125
0 0.23391328125 0.097775 0.10220156250000001 0.058050000000000004
0 0.34054921875 0.3373515625 0.1248484375 0.07470312500000001
0 0.34137968750000003 0.2722703125 0.12025937499999999 0.072665625
0 0.33783281249999997 0.20743359374999998 0.122540625 0.0711171875
0 0.33056484375 0.14373203125 0.1236296875 0.056214062499999995
0 0.3358296875 0.09622265625 0.134159375 0.0518203125
0 0.32841171875 0.04194765625 0.1005734375 0.049520312500000004
0 0.45815234374999997 0.3909421875 0.12880468750000001 0.07875937499999999
0 0.4550484375 0.31988515624999997 0.119471875 0.0710203125
0 0.43976875 0.23618828125000002 0.11703749999999999 0.0692515625
0 0.44121953124999996 0.19525234375 0.1168140625 0.0405046875
0 0.4309984375 0.13021640625 0.10574687499999999 0.0573078125
0 0.42122109375 0.07177734375 0.0955671875 0.0529296875
0 0.41197265625 0.02959453125 0.09894531250000001 0.0404390625
0 0.5798890625 0.45201328125 0.134778125 0.0852765625
0 0.56282421875 0.37365 0.12564843750000002 0.07542499999999999
0 0.5523109374999999 0.30000625 0.126496875 0.0812625
0 0.547475 0.240459375 0.1137 0.06841875
0 0.53193359375 0.18018828125 0.1138671875 0.060376562499999994
0 0.51326171875 0.1310546875 0.1265234375 0.058984375
0 0.5020078124999999 0.06658671875 0.113390625 0.0519234375
0 0.48941093750000003 0.02874453125 0.091321875 0.0356140625
0 0.7131695312499999 0.48527890625000003 0.1294640625 0.07993281249999999
0 0.6775515624999999 0.41328203124999996 0.12385312500000001 0.0734390625
0 0.65203515625 0.35642421875 0.1384453125 0.0659734375
0 0.6432226562500001 0.2812796875 0.1114453125 0.08443437499999999
0 0.630884375 0.22252421875 0.11176875 0.0637984375
0 0.6160789062500001 0.17098437500000002 0.1227828125 0.05134375
0 0.59600234375 0.11833437500000002 0.1013796875 0.06166875000000001
0 0.5854078125 0.06353515625 0.095815625 0.0551953125
0 0.806115625 0.48000468749999997 0.12785625 0.07875937499999999
0 0.7715429687500001 0.3880078125 0.1180859375 0.076015625
0 0.7507515625 0.3164921875 0.120253125 0.067359375
0 0.7335539062499999 0.2558203125 0.1139828125 0.06789062500000001
0 0.7144671875 0.20213671875 0.113309375 0.0605234375
0 0.691325 0.14477578124999999 0.1014 0.0583015625
0 0.68790078125 0.09453671875 0.10080156250000001 0.0515734375
0 0.8943671875 0.4307046875 0.119984375 0.073909375
0 0.85169140625 0.35822890625000003 0.1252578125 0.0727078125
0 0.8200960937499999 0.30134296875 0.1370671875 0.0714359375
0 0.7974789062500001 0.23981328125 0.1262078125 0.0671265625
0 0.78301015625 0.17927265625 0.1035203125 0.061670312500000005
0 0.7630390625000001 0.12616015625000002 0.107328125 0.0648203125
0 0.7488921875 0.080509375 0.094659375 0.05164375
0 0.9873859375 0.18920859375000001 0.024771875 0.0346671875
0 0.9741992187499999 0.14326796875 0.051523437500000005 0.0459109375
0 0.9578125 0.10390625 0.084375 0.0421875
0 0.99140625 0.0921875 0.0171875 0.028125
0 0.66047578125 0.0464171875 0.10220156250000001 0.045959375000000004
0 0.5674648437500001 0.03064296875 0.0974296875 0.0362859375