0 0.7858601562499999 0.7516406250000001 0.1342203125 0.15640625
0 0.6717328124999999 0.78836015625 0.130965625 0.1579703125
0 0.5647492187500001 0.8215726562500001 0.1326234375 0.1525203125
0 0.463175 0.8580789062499999 0.123225 0.15678281249999998
0 0.35901640625 0.89099765625 0.1274078125 0.14762031250000002
0 0.27206406250000004 0.79582109375 0.109753125 0.1478921875
0 0.38268593749999996 0.7515898437499999 0.109121875 0.1375546875
0 0.47918046875 0.7099875 0.1208609375 0.1481
0 0.5826765625 0.6757828124999999 0.11847812499999999 0.15156562499999998
0 0.691459375 0.63963046875 0.12041874999999999 0.1448859375
0 0.8041671875 0.5999054687500001 0.127084375 0.1591859375
0 0.1953921875 0.70400390625 0.10015937500000001 0.1423828125
0 0.29496484375 0.65744453125 0.10555468750000001 0.14301406249999998
0 0.3908 0.61139453125 0.11597500000000001 0.14153906249999998
0 0.5016 0.57909140625 0.11257500000000001 0.1394328125
0 0.5982734375 0.53740234375 0.11529687500000001 0.1435546875
0 0.7077289062500001 0.49358124999999997 0.1248328125 0.1434125
0 0.82066484375 0.44953046875 0.1350796875 0.1521859375
0 0.1338375 0.60646875 0.098925 0.1316875
0 0.2182171875 0.57211875 0.09893437499999999 0.1348625
0 0.32659609375 0.5244500000000001 0.11569218750000002 0.14265
0 0.40248203125000004 0.483078125 0.12058906250000001 0.13178125000000002
0 0.5038890625 0.43692265625 0.11090312499999999 0.13634531249999998
0 0.61005625 0.40105546875 0.1232375 0.1364859375
0 0.7153679687500001 0.35043437499999996 0.1244859375 0.14461875
0 0.83114765625 0.3098859375 0.1279203125 0.154146875
0 0.0564109375 0.5037921875 0.09094687500000001 0.132584375
0 0.14471484375000002 0.47299687500000004 0.1050546875 0.13036875
0 0.24339765624999998 0.43710078125 0.0992953125 0.12732656250000002
0 0.32731171875 0.39469374999999995 0.1077484375 0.1300125
0 0.423065625 0.3458421875 0.11175625 0.135434375
0 0.5274156249999999 0.30707109374999997 0.10795625 0.13914218750000001
0 0.619321875 0.26419140625000004 0.14176875 0.1346328125
0 0.73233125 0.2150125 0.1209125 0.1394
0 0.83524296875 0.17215703124999998 0.1236109375 0.14118906250000002
0 0.07865390624999999 0.3902640625 0.0916828125 0.130528125
0 0.15552187499999998 0.34380859375 0.09854375 0.1313671875
0 0.24432187499999997 0.30591640625 0.09801875 0.1337078125
0 0.33857890625 0.26137265625 0.1021578125 0.1352453125
0 0.44403359375000007 0.21620546875 0.1036921875 0.13553593749999998
0 0.53253828125 0.16693046875 0.1119515625 0.1338609375
0 0.63551015625 0.12066406249999999 0.1178953125 0.141328125
0 0.74421484375 0.0634859375 0.11967968749999999 0.126971875
0 0.08394375000000001 0.26187187500000003 0.0866375 0.12374375
0 0.18090546875 0.22177890625000002 0.0930609375 0.1279328125
0 0.2685421875 0.18259375 0.093334375 0.1276875
0 0.36177109375 0.139021875 0.10166718749999999 0.12491875
0 0.45621015624999994 0.08092421875 0.1030453125 0.1274734375
0 0.5534390625000001 0.0487265625 0.113128125 0.097453125
0 0.65207734375 0.02520859375 0.11040468750000001 0.0504171875