0 0.33684765625 0.13784999999999997 0.1268203125 0.16319999999999998
0 0.44882343750000003 0.14248515625 0.132021875 0.1599703125
0 0.56714296875 0.14758125 0.11553593749999999 0.15766249999999998
0 0.6723687500000001 0.15304375 0.10723750000000001 0.1592125
0 0.7729062499999999 0.15609921875000002 0.12393749999999999 0.14657343750000001
0 0.8218617187499999 0.27735 0.1062234375 0.14532499999999998
0 0.70991953125 0.28285 0.10421406250000001 0.137575
0 0.6046859375 0.28138515625 0.11562187500000001 0.1502703125
0 0.5048007812499999 0.27619375 0.11272656249999999 0.1555125
0 0.386571875 0.27414375 0.11064375 0.1514125
0 0.2631984375 0.2675984375 0.129521875 0.160196875
0 0.86480625 0.38704453125000005 0.1014875 0.1397140625
0 0.7540171875 0.40448515625 0.104909375 0.1402203125
0 0.6530890625 0.40720859374999996 0.118678125 0.1425421875
0 0.54536484375 0.39794687500000003 0.10635468749999999 0.13964375
0 0.4386078125 0.4024 0.11159062500000001 0.145425
0 0.31986640624999996 0.40323906249999997 0.1178578125 0.143978125
0 0.199578125 0.400184375 0.12728124999999998 0.15661875
0 0.8934695312500001 0.503746875 0.0931890625 0.12936875
0 0.7962984375 0.5116875000000001 0.095721875 0.13274999999999998
0 0.6848296875 0.5172890625 0.10715937499999999 0.143953125
0 0.58486328125 0.52298984375 0.1103515625 0.1303546875
0 0.48462812499999997 0.5201781249999999 0.10988125 0.13723125
0 0.37396093750000003 0.52270234375 0.113546875 0.1360296875
0 0.26086484374999996 0.533953125 0.12172968749999999 0.14603125
0 0.13201328125 0.5260171875 0.13590156250000002 0.148909375
0 0.92346484375 0.6256468749999999 0.0906796875 0.13566875
0 0.8276265625000001 0.61991796875 0.09587812500000001 0.1304609375
0 0.7281226562499999 0.62303359375 0.0968703125 0.1273171875
0 0.63164140625 0.6392125 0.10078281250000001 0.12842499999999998
0 0.52194921875 0.64245078125 0.1126484375 0.13490156250000002
0 0.419453125 0.643146875 0.10453125 0.13941874999999998
0 0.3146 0.64973203125 0.12295 0.13696406249999998
0 0.2018203125 0.6579195312499999 0.116140625 0.1408390625
0 0.08520156250000001 0.6586921875 0.11727812500000001 0.145509375
0 0.8579414062499999 0.73127265625 0.0908828125 0.1281703125
0 0.763653125 0.73878125 0.09918125 0.1275625
0 0.67563046875 0.7407265625 0.10126093750000001 0.131453125
0 0.5782453125 0.748815625 0.10336562499999999 0.13513124999999998
0 0.46328125 0.76174140625 0.1046875 0.1328578125
0 0.36105703125 0.77204296875 0.10961406250000001 0.1315859375
0 0.24900625 0.7826593749999999 0.11363749999999999 0.14031875
0 0.12881718749999999 0.79475078125 0.113884375 0.13637656250000002
0 0.8065374999999999 0.84991796875 0.094325 0.12171093749999999
0 0.7079078125 0.84594453125 0.100190625 0.1231390625
0 0.6124007812500001 0.84956328125 0.0966765625 0.1272515625
0 0.519471875 0.85896015625 0.10769375 0.12417031249999999
0 0.40818671875 0.8787015625000001 0.1069984375 0.126153125
0 0.3015375 0.8927804687500001 0.109325 0.1261859375
0 0.191609375 0.90015078125 0.11446875000000001 0.13467656249999999