0 0.25281484375 0.26925078125 0.13062968749999998 0.07287656249999999
0 0.26823203125 0.19223203125000002 0.12708906250000002 0.07196406250000001
0 0.28376328125 0.1366765625 0.1269015625 0.07335312499999999
0 0.30581796875 0.038370312499999996 0.1085109375 0.06111562499999999
0 0.29199609375 0.0755390625 0.09961718750000001 0.066703125
0 0.34932734375 0.32128671875000003 0.1236546875 0.0831984375
0 0.36070234375 0.25484453125 0.1182796875 0.0815640625
0 0.371828125 0.19936640625 0.11865624999999999 0.0799828125
0 0.37396250000000003 0.13393203125 0.11979999999999999 0.0647390625
0 0.38532578125 0.085103125 0.1300265625 0.06083125
0 0.38389843749999997 0.0362328125 0.099046875 0.056840625
0 0.44667031250000006 0.3940171875 0.124590625 0.088034375
0 0.45961718749999997 0.31801484375 0.116109375 0.0797796875
0 0.46850390624999994 0.24268359374999998 0.1120078125 0.0759921875
0 0.46728984375 0.20228828124999998 0.1127046875 0.051451562500000006
0 0.47120390624999997 0.13028359375 0.10178281250000001 0.0636921875
0 0.47282109375000003 0.0770875 0.0925171875 0.06042499999999999
0 0.46939062500000006 0.032567968749999995 0.09815625 0.0463859375
0 0.5553914062499999 0.46695000000000003 0.1326578125 0.093275
0 0.55936015625 0.39037968749999996 0.1218453125 0.080759375
0 0.55695859375 0.31655859375 0.1201671875 0.0893671875
0 0.56176328125 0.25668437499999996 0.1079015625 0.07899375
0 0.557603125 0.1967734375 0.11208125 0.068546875
0 0.55038671875 0.1418625 0.11952343750000001 0.06810000000000001
0 0.55226015625 0.08037187500000001 0.1076453125 0.06074375
0 0.54783984375 0.04454296875 0.0863046875 0.0484609375
0 0.67853359375 0.51527578125 0.12581718749999998 0.0868015625
0 0.6654093750000001 0.4441671875 0.11831875 0.082084375
0 0.6440875 0.386496875 0.13192500000000001 0.07611875
0 0.654796875 0.31366796875 0.10959375 0.0929609375
0 0.6478703125 0.25024609375 0.10824062500000001 0.0723671875
0 0.64089609375 0.1945828125 0.1192921875 0.061040625
0 0.63357578125 0.14546796875 0.0984015625 0.0690609375
0 0.6328625 0.0885390625 0.090725 0.064578125
0 0.7733515625 0.5226140625 0.121703125 0.085853125
0 0.76377734375 0.42937265625 0.11192968750000001 0.0837453125
0 0.75189375 0.36054140625 0.11628750000000002 0.0773328125
0 0.74143125 0.292934375 0.11098749999999999 0.07649375
0 0.7328210937499999 0.23784999999999998 0.10939218749999999 0.06945
0 0.72895234375 0.183059375 0.09852968749999999 0.06611875
0 0.7227234375 0.12948359375000001 0.095446875 0.0589671875
0 0.871728125 0.48996328125 0.11533125 0.0830515625
0 0.8466046875 0.42121875 0.121334375 0.0830625
0 0.82616484375 0.35893437499999997 0.1304546875 0.08036875
0 0.81826953125 0.2997109375 0.11778906250000001 0.077546875
0 0.813415625 0.23378125 0.09870625 0.0706875
0 0.8026710937500001 0.175853125 0.1022171875 0.07358125
0 0.7943453125 0.12646015625 0.091815625 0.0591703125
0 0.976825 0.1784359375 0.04115 0.041246875
0 0.7140492187499999 0.0799640625 0.0968484375 0.056803124999999996
0 0.6256132812499999 0.051045312499999995 0.0762265625 0.045840625