0 0.73515625 0.18046875 0.1390625 0.1765625
0 0.61796875 0.1625 0.1296875 0.175
0 0.50859375 0.146875 0.1265625 0.171875
0 0.775 0.321875 0.140625 0.171875
0 0.6546875 0.30390625 0.13125 0.1671875
0 0.54375 0.284375 0.128125 0.1625
0 0.440625 0.265625 0.121875 0.159375
0 0.81484375 0.46328125 0.1421875 0.1734375
0 0.69453125 0.44296875 0.1359375 0.1671875
0 0.57890625 0.42421875 0.1265625 0.1609375
0 0.8484375 0.6015625 0.1375 0.16875
0 0.72890625 0.58203125 0.1359375 0.1609375
0 0.61796875 0.55078125 0.1265625 0.1546875
0 0.875 0.740625 0.134375 0.159375
0 0.7609375 0.71328125 0.13125 0.1578125
0 0.8015625 0.86015625 0.134375 0.1609375
0 0.68359375 0.82578125 0.1296875 0.1515625
0 0.71796875 0.940625 0.1296875 0.11875
0 0.6109375 0.921875 0.125 0.15
0 0.6515625 0.68125 0.125 0.153125
0 0.57890625 0.78984375 0.1234375 0.1515625
0 0.50859375 0.89296875 0.1171875 0.1421875
0 0.5453125 0.65390625 0.11875 0.1484375
0 0.4765625 0.76171875 0.115625 0.1484375
0 0.40859375 0.8515625 0.1140625 0.140625
0 0.4015625 0.128125 0.125 0.171875
0 0.303125 0.11171875 0.115625 0.1578125
0 0.33828125 0.2453125 0.1203125 0.15625
0 0.23046875 0.2234375 0.1171875 0.15625
0 0.4796875 0.396875 0.11875 0.153125
0 0.3671875 0.378125 0.121875 0.153125
0 0.26796875 0.3546875 0.1140625 0.153125
0 0.16484375 0.32578125 0.1109375 0.1453125
0 0.5109375 0.52734375 0.121875 0.1515625
0 0.40859375 0.50625 0.1171875 0.146875
0 0.309375 0.47890625 0.1125 0.1421875
0 0.20625 0.453125 0.109375 0.14375
0 0.11640625 0.4296875 0.1078125 0.146875
0 0.44453125 0.63359375 0.1171875 0.1484375
0 0.34140625 0.6046875 0.1140625 0.14375
0 0.25078125 0.57578125 0.1078125 0.1390625
0 0.153125 0.56015625 0.10625 0.1390625
0 0.05625 0.540625 0.103125 0.1375
0 0.3703125 0.73359375 0.115625 0.1421875
0 0.27734375 0.70703125 0.1109375 0.1390625
0 0.18515625 0.68125 0.1078125 0.1375
0 0.0953125 0.65546875 0.103125 0.1328125
0 0.3140625 0.825 0.109375 0.134375
0 0.221875 0.79921875 0.10625 0.1359375
0 0.1234375 0.778125 0.103125 0.1375