0 0.3287203125 0.20512578125000003 0.069940625 0.1352515625
0 0.25416640625 0.19779296875000002 0.08333281249999999 0.12996093749999998
0 0.1923359375 0.1960484375 0.056546874999999996 0.123346875
0 0.13774765625000002 0.18697109374999998 0.0473703125 0.11144218749999998
0 0.08936015625 0.18934375 0.0505953125 0.1068125
0 0.3540921875 0.31678203125 0.070684375 0.1273140625
0 0.289484375 0.30878828125 0.06646875 0.1207015625
0 0.22891875 0.30180234375000003 0.0672125 0.1223546875
0 0.1642359375 0.29108828125 0.050346875 0.11342656250000001
0 0.114484375 0.2827796875 0.05084375 0.112434375
0 0.069171875 0.2740328125 0.05084375 0.101190625
0 0.398859375 0.43382109374999994 0.08209375 0.1332671875
0 0.32584296875 0.41685703125 0.0704359375 0.1243390625
0 0.2451640625 0.40138046875000005 0.068453125 0.1183859375
0 0.20585312500000003 0.3863671875 0.03670625 0.100859375
0 0.1392109375 0.3793984375 0.056546874999999996 0.10879687499999999
0 0.08412734375 0.3693453125 0.0463796875 0.101190625
0 0.03697890625 0.35806015625 0.0364578125 0.0942453125
0 0.44751953125000005 0.5468421875 0.0731640625 0.112434375
0 0.36552578125 0.5291171875 0.0716765625 0.12698437499999998
0 0.294121875 0.51569921875 0.06324375 0.1220234375
0 0.2294640625 0.4980734375 0.055803124999999995 0.111771875
0 0.17981171875 0.47791015625 0.0471234375 0.10582031249999999
0 0.128521875 0.45722578125 0.057043750000000004 0.1207015625
0 0.0669890625 0.436540625 0.049603125 0.13558125000000001
0 0.029736718750000002 0.43750859374999995 0.034473437499999995 0.0968921875
0 0.387921875 0.6505703125 0.06646875 0.123015625
0 0.33462265625 0.6170054687500001 0.0629953125 0.1183859375
0 0.262128125 0.60160390625 0.06175625 0.1094578125
0 0.20200859375000002 0.5840859375 0.0602671875 0.10879687499999999
0 0.155878125 0.56112734375 0.04613125 0.1035046875
0 0.10337265625 0.54087265625 0.0473703125 0.0942453125
0 0.05364609375 0.52745546875 0.0416671875 0.0892859375
0 0.022396093750000002 0.51073046875 0.0260421875 0.0777109375
0 0.43626015625000003 0.77525625 0.07564531249999999 0.12863750000000002
0 0.3540671875 0.73805390625 0.076884375 0.1167328125
0 0.2828125 0.71206171875 0.0625 0.1147484375
0 0.223015625 0.6874671875 0.05853125 0.112434375
0 0.1681796875 0.66575703125 0.048859375 0.1127640625
0 0.11884921875000001 0.6378390625 0.0533234375 0.09755312499999999
0 0.0654265625 0.61958515625 0.049603125 0.09854531250000001
0 0.026984374999999998 0.59871875 0.03521875 0.1068125
0 0.3802828125 0.8619875 0.069940625 0.117725
0 0.31686484375 0.8157328125 0.06497968750000001 0.13459062500000002
0 0.25771328125 0.7851273437499999 0.0560515625 0.12962968749999998
0 0.20260390624999997 0.7602593750000001 0.0520828125 0.11739375
0 0.14322890625 0.73504453125 0.0520828125 0.0982140625
0 0.0943703125 0.71021015625 0.048115625 0.09854531250000001
0 0.05163671875 0.69144375 0.0438984375 0.0922625
0 0.4584328125 0.6801421875 0.079365625 0.141534375
0 0.0830109375 0.936590625 0.044146875 0.09193124999999999
0 0.13045625 0.9540429687499999 0.042162500000000006 0.0674609375
0 0.048834375 0.9005046875 0.04141875 0.097884375
0 0.180059375 0.9719578125 0.03199375 0.031415625
0 0.031621875 0.95231484375 0.03199375 0.06712968750000001