0 0.96171875 0.10859375 0.0390625 0.0828125
0 0.8734375 0.11640625 0.021875 0.0609375
0 0.92890625 0.13046875 0.0296875 0.0765625
0 0.83125 0.146875 0.021875 0.053125
0 0.90234375 0.14921875 0.0265625 0.0671875
0 0.80859375 0.16015625 0.0203125 0.0515625
0 0.875 0.16328125 0.025 0.0671875
0 0.8578125 0.178125 0.025 0.0625
0 0.77734375 0.18203125 0.0140625 0.0453125
0 0.83203125 0.190625 0.0203125 0.0625
0 0.76171875 0.19140625 0.0140625 0.0453125
0 0.81015625 0.2015625 0.0140625 0.05625
0 0.7421875 0.209375 0.0125 0.04375
0 0.78203125 0.21875 0.0140625 0.053125
0 0.7703125 0.23046875 0.0125 0.0453125
0 0.746875 0.24375 0.0125 0.04375
0 0.97578125 0.29921875 0.0359375 0.0703125
0 0.94765625 0.31015625 0.0296875 0.0671875
0 0.8921875 0.32265625 0.025 0.0578125
0 0.87265625 0.328125 0.0203125 0.05625
0 0.98515625 0.3484375 0.0265625 0.053125
0 0.95234375 0.35625 0.0296875 0.04375
0 0.03984375 0.4015625 0.0546875 0.0875
0 0.08984375 0.40390625 0.0578125 0.0953125
0 0.209375 0.40625 0.0625 0.096875
0 0.6078125 0.409375 0.0625 0.096875
0 0.4046875 0.40859375 0.065625 0.1015625
0 0.678125 0.409375 0.0625 0.096875
0 0.27890625 0.40859375 0.0671875 0.1015625
0 0.47109375 0.4109375 0.0671875 0.103125
0 0.8171875 0.4109375 0.0625 0.096875
0 0.87890625 0.4109375 0.0609375 0.096875
0 0.01640625 0.478125 0.0265625 0.096875
0 0.05234375 0.48671875 0.0609375 0.1015625
0 0.115625 0.4890625 0.0625 0.096875
0 0.17734375 0.49140625 0.0640625 0.1015625
0 0.90234375 0.49375 0.0578125 0.09375
0 0.24375 0.49375 0.065625 0.103125
0 0.30703125 0.49375 0.0640625 0.103125
0 0.965625 0.4953125 0.05625 0.0875
0 0.37109375 0.496875 0.0671875 0.103125
0 0.5078125 0.49609375 0.0625 0.0984375
0 0.5734375 0.49765625 0.065625 0.1015625
0 0.43984375 0.4984375 0.0671875 0.10625
0 0.83984375 0.49765625 0.0578125 0.0921875
0 0.6421875 0.49765625 0.0625 0.1015625
0 0.709375 0.4984375 0.0625 0.09375
0 0.78125 0.5 0.0625 0.096875
0 0.95 0.05859375 0.034375 0.0765625
0 0.0515625 0.72265625 0.0625 0.0703125
0 0.11328125 0.7234375 0.0578125 0.071875
0 0.2234375 0.73046875 0.05625 0.0765625
0 0.2796875 0.734375 0.0625 0.084375
0 0.46875 0.7390625 0.0625 0.084375
0 0.4015625 0.74375 0.0625 0.090625
0 0.865625 0.75859375 0.0625 0.0890625
0 0.59609375 0.759375 0.0671875 0.09375
0 0.6671875 0.7640625 0.065625 0.096875
0 0.80625 0.765625 0.065625 0.09375
0 0.0234375 0.790625 0.040625 0.0875
0 0.07734375 0.7953125 0.0578125 0.0875
0 0.134375 0.796875 0.053125 0.084375
0 0.31328125 0.8046875 0.0578125 0.084375
0 0.18671875 0.80859375 0.0609375 0.0859375
0 0.25234375 0.809375 0.0609375 0.084375
0 0.36875 0.81640625 0.0625 0.0890625
0 0.49765625 0.81796875 0.0578125 0.0828125
0 0.43359375 0.8171875 0.0609375 0.0875
0 0.696875 0.8203125 0.0625 0.053125
0 0.5625 0.825 0.0625 0.0625
0 0.63125 0.8265625 0.065625 0.05625
0 0.89765625 0.10078125 0.0265625 0.0671875
0 0.984375 0.759375 0.03125 0.0875