0 0.96328125 0.107421875 0.0359375 0.08046875
0 0.873828125 0.115234375 0.02265625 0.05859375
0 0.928515625 0.130859375 0.02890625 0.07421875
0 0.831640625 0.147265625 0.02265625 0.05390625
0 0.903125 0.15 0.025 0.06875
0 0.807421875 0.1609375 0.01796875 0.053125
0 0.874609375 0.162890625 0.02421875 0.06640625
0 0.859375 0.17734375 0.021875 0.0609375
0 0.778125 0.181640625 0.015625 0.04453125
0 0.834765625 0.191015625 0.01953125 0.06015625
0 0.763671875 0.19140625 0.01171875 0.0453125
0 0.81171875 0.200390625 0.0171875 0.05390625
0 0.741796875 0.2109375 0.01171875 0.040625
0 0.78203125 0.221875 0.0140625 0.053125
0 0.769921875 0.23125 0.01171875 0.046875
0 0.747265625 0.244140625 0.01328125 0.04453125
0 0.975 0.299609375 0.0375 0.07109375
0 0.9484375 0.31015625 0.03125 0.0671875
0 0.894921875 0.32265625 0.02421875 0.0578125
0 0.87421875 0.326953125 0.0203125 0.05390625
0 0.98515625 0.3484375 0.0265625 0.053125
0 0.95234375 0.356640625 0.0296875 0.04453125
0 0.040625 0.400390625 0.05625 0.08515625
0 0.08984375 0.4046875 0.0578125 0.09375
0 0.2125 0.40546875 0.0625 0.0953125
0 0.6078125 0.409765625 0.0625 0.09765625
0 0.40546875 0.4078125 0.0640625 0.1
0 0.678125 0.40859375 0.0625 0.0953125
0 0.278515625 0.408203125 0.06640625 0.10078125
0 0.47421875 0.408984375 0.0671875 0.10234375
0 0.8171875 0.411328125 0.0625 0.09765625
0 0.877734375 0.41015625 0.05859375 0.0953125
0 0.0140625 0.47734375 0.028125 0.0953125
0 0.05234375 0.4859375 0.0609375 0.1
0 0.11484375 0.487890625 0.0609375 0.09765625
0 0.17578125 0.490234375 0.0640625 0.10234375
0 0.90234375 0.49453125 0.0578125 0.0921875
0 0.243359375 0.493359375 0.06484375 0.10234375
0 0.30703125 0.493359375 0.0640625 0.10234375
0 0.964453125 0.49609375 0.05390625 0.0890625
0 0.369140625 0.49765625 0.06640625 0.1046875
0 0.5078125 0.495703125 0.0625 0.09765625
0 0.57265625 0.498046875 0.0640625 0.10234375
0 0.43984375 0.498046875 0.0671875 0.10546875
0 0.83984375 0.4984375 0.0578125 0.09375
0 0.6421875 0.497265625 0.0625 0.10078125
0 0.709375 0.49921875 0.0625 0.0953125
0 0.78125 0.50234375 0.0625 0.0984375
0 0.94921875 0.056640625 0.0328125 0.07578125
0 0.051953125 0.723046875 0.06015625 0.07109375
0 0.113671875 0.723046875 0.05859375 0.07109375
0 0.2234375 0.73046875 0.05625 0.0765625
0 0.27890625 0.734375 0.0609375 0.084375
0 0.46875 0.7390625 0.0625 0.084375
0 0.40234375 0.74453125 0.0640625 0.0890625
0 0.86484375 0.759765625 0.0609375 0.09140625
0 0.59609375 0.759375 0.0671875 0.09375
0 0.666796875 0.76484375 0.06484375 0.0953125
0 0.805859375 0.76640625 0.06484375 0.0953125
0 0.021484375 0.791015625 0.04296875 0.08515625
0 0.078515625 0.795703125 0.06015625 0.08515625
0 0.13515625 0.796875 0.0515625 0.084375
0 0.3125 0.805078125 0.05625 0.08515625
0 0.186328125 0.809375 0.06015625 0.0875
0 0.251171875 0.809375 0.05859375 0.084375
0 0.3703125 0.81640625 0.0625 0.0890625
0 0.498046875 0.817578125 0.05859375 0.08203125
0 0.433984375 0.816015625 0.05859375 0.08515625
0 0.69765625 0.821484375 0.0609375 0.05546875
0 0.56328125 0.825 0.0640625 0.0625
0 0.63046875 0.825390625 0.0640625 0.05390625
0 0.896875 0.10078125 0.025 0.0671875