0 0.271875 0.33203125 0.075 0.0546875
0 0.3421875 0.3171875 0.075 0.059375
0 0.41796875 0.3140625 0.0796875 0.059375
0 0.496875 0.3140625 0.0625 0.053125
0 0.565625 0.31015625 0.065625 0.0515625
0 0.6484375 0.30234375 0.078125 0.0671875
0 0.22265625 0.37421875 0.0734375 0.0546875
0 0.290625 0.38671875 0.075 0.0546875
0 0.3640625 0.3734375 0.071875 0.053125
0 0.43671875 0.37265625 0.0828125 0.0546875
0 0.5234375 0.3640625 0.065625 0.046875
0 0.6140625 0.3609375 0.08125 0.059375
0 0.6921875 0.359375 0.078125 0.05625
0 0.1671875 0.41875 0.071875 0.053125
0 0.24375 0.4265625 0.078125 0.05625
0 0.3171875 0.440625 0.075 0.05625
0 0.390625 0.42890625 0.075 0.0515625
0 0.4828125 0.41328125 0.075 0.0546875
0 0.57265625 0.41171875 0.0734375 0.0546875
0 0.65625 0.41171875 0.078125 0.0578125
0 0.73203125 0.40859375 0.0828125 0.0546875
0 0.128125 0.4671875 0.071875 0.05625
0 0.1984375 0.47265625 0.075 0.0578125
0 0.2796875 0.47734375 0.075 0.0484375
0 0.34375 0.4921875 0.075 0.046875
0 0.41171875 0.4828125 0.0765625 0.05625
0 0.5328125 0.4578125 0.08125 0.053125
0 0.60546875 0.46015625 0.0859375 0.0515625
0 0.68984375 0.4609375 0.0796875 0.053125
0 0.771875 0.459375 0.075 0.053125
0 0.09375 0.51484375 0.06875 0.0515625
0 0.16015625 0.521875 0.0796875 0.05
0 0.253125 0.521875 0.065625 0.05625
0 0.31015625 0.5328125 0.0734375 0.046875
0 0.384375 0.534375 0.078125 0.05
0 0.4921875 0.50546875 0.071875 0.0515625
0 0.56875 0.50625 0.071875 0.05625
0 0.646875 0.5109375 0.08125 0.053125
0 0.725 0.51328125 0.075 0.0546875
0 0.80078125 0.51015625 0.0796875 0.0515625
0 0.825 0.56015625 0.075 0.0515625
0 0.4578125 0.54765625 0.065625 0.0515625
0 0.53046875 0.55078125 0.0703125 0.0515625
0 0.6046875 0.55625 0.071875 0.05
0 0.675 0.5578125 0.075 0.053125
0 0.7515625 0.5703125 0.078125 0.059375
0 0.0671875 0.559375 0.071875 0.05
0 0.1359375 0.5578125 0.071875 0.046875
0 0.20546875 0.57109375 0.0640625 0.0484375
0 0.271875 0.57734375 0.075 0.0546875
0 0.34921875 0.58046875 0.0765625 0.0546875
0 0.41796875 0.59375 0.0703125 0.05
0 0.490625 0.59375 0.06875 0.053125
0 0.5640625 0.61015625 0.078125 0.0578125
0 0.653125 0.61484375 0.075 0.0578125
0 0.72578125 0.62578125 0.0671875 0.0578125
0 0.796875 0.609375 0.0625 0.05625
0 0.0765625 0.61015625 0.078125 0.0484375
0 0.146875 0.61484375 0.071875 0.0515625
0 0.23046875 0.62109375 0.0703125 0.0484375
0 0.30859375 0.62421875 0.0765625 0.0515625
0 0.3828125 0.63515625 0.075 0.0515625
0 0.4546875 0.64140625 0.075 0.0484375
0 0.525 0.6453125 0.075 0.046875
0 0.6 0.65625 0.075 0.05
0 0.6734375 0.659375 0.078125 0.04375
0 0.75 0.66875 0.071875 0.05
0 0.109375 0.65859375 0.078125 0.0421875
0 0.1890625 0.6546875 0.071875 0.05
0 0.2765625 0.66171875 0.071875 0.0515625
0 0.34375 0.68125 0.071875 0.05
0 0.41171875 0.68828125 0.0765625 0.0546875
0 0.48359375 0.6890625 0.0671875 0.046875
0 0.55546875 0.6953125 0.0703125 0.053125
0 0.628125 0.69765625 0.075 0.0453125
0 0.70625 0.70859375 0.071875 0.0515625
0 0.16171875 0.690625 0.0671875 0.04375
0 0.234375 0.69375 0.0625 0.05
0 0.303125 0.73515625 0.065625 0.0484375
0 0.371875 0.72265625 0.071875 0.0453125
0 0.4453125 0.7296875 0.065625 0.046875
0 0.51484375 0.73515625 0.0703125 0.0515625
0 0.5828125 0.7375 0.06875 0.05
0 0.6625 0.74765625 0.06875 0.0484375
0 0.1953125 0.73984375 0.075 0.0484375
0 0.271875 0.75703125 0.071875 0.0609375
0 0.3375 0.7703125 0.059375 0.053125
0 0.4046875 0.771875 0.06875 0.05
0 0.47265625 0.775 0.0640625 0.05
0 0.540625 0.7890625 0.059375 0.053125
0 0.615625 0.790625 0.071875 0.04375