0 0.96015625 0.31953125 0.0765625 0.2078125
0 0.87890625 0.321875 0.1015625 0.21875
0 0.790625 0.35390625 0.165625 0.2484375
0 0.946875 0.52109375 0.10625 0.2078125
0 0.28359375 0.5515625 0.1828125 0.240625
0 0.8390625 0.553125 0.153125 0.221875
0 0.48828125 0.55625 0.1828125 0.240625
0 0.68203125 0.55859375 0.1640625 0.2359375
0 0.08984375 0.56796875 0.1796875 0.2671875
0 0.88671875 0.7265625 0.1390625 0.2
0 0.73984375 0.74609375 0.1546875 0.2109375
0 0.56484375 0.7453125 0.1640625 0.221875
0 0.1859375 0.76953125 0.190625 0.2359375
0 0.39296875 0.77578125 0.1828125 0.2359375
0 0.89921875 0.86015625 0.1109375 0.1640625
0 0.78515625 0.8984375 0.1390625 0.190625
0 0.63671875 0.9046875 0.1515625 0.1875
0 0.46015625 0.91015625 0.1609375 0.1765625
0 0.0921875 0.92265625 0.184375 0.1484375