0 0.45546875 0.24609375 0.2015625 0.1921875
0 0.66015625 0.242578125 0.1984375 0.19140625
0 0.86875 0.237890625 0.2 0.19140625
0 0.35 0.408984375 0.2 0.18671875
0 0.55546875 0.406640625 0.1984375 0.18828125
0 0.7578125 0.39921875 0.196875 0.1859375
0 0.2546875 0.576953125 0.2 0.17890625
0 0.4546875 0.564453125 0.19375 0.17890625
0 0.6578125 0.56015625 0.190625 0.1765625
0 0.8515625 0.554296875 0.1875 0.17734375
0 0.1609375 0.743359375 0.190625 0.17734375
0 0.3515625 0.728125 0.1875 0.175
0 0.55859375 0.710546875 0.1859375 0.15859375
0 0.75 0.703515625 0.184375 0.16953125
0 0.2671875 0.889453125 0.190625 0.16953125
0 0.46171875 0.861328125 0.1859375 0.16640625
0 0.64765625 0.84765625 0.1796875 0.1640625
0 0.8390625 0.8421875 0.18125 0.159375
0 0.0752421875 0.5536875 0.150484375 0.176125
0 0.0762578125 0.89528125 0.152515625 0.16243749999999998
0 0.9302734375 0.3895546875 0.138671875 0.179109375
0 0.92890625 0.703125 0.1421875 0.15625