0 0.46796875 0.3015625 0.1578125 0.240625
0 0.18046875 0.30390625 0.1578125 0.2359375
0 0.0609375 0.30234375 0.121875 0.2171875
0 0.33046875 0.309375 0.1390625 0.209375
0 0.757421875 0.31640625 0.15859375 0.2328125
0 0.609375 0.321484375 0.140625 0.21171875
0 0.890234375 0.324609375 0.13671875 0.21484375
0 0.058203125 0.513671875 0.11640625 0.23046875
0 0.3234375 0.51796875 0.15625 0.2328125
0 0.19296875 0.5203125 0.1359375 0.209375
0 0.4703125 0.518359375 0.140625 0.20546875
0 0.751171875 0.533984375 0.13671875 0.21171875
0 0.61484375 0.5359375 0.1578125 0.234375
0 0.90859375 0.5359375 0.1578125 0.234375
0 0.06015625 0.718359375 0.1203125 0.21484375
0 0.32578125 0.73515625 0.1421875 0.2140625
0 0.176171875 0.74296875 0.15859375 0.2359375
0 0.607421875 0.743359375 0.14296875 0.21171875
0 0.463671875 0.744140625 0.15859375 0.24140625
0 0.893359375 0.749609375 0.13671875 0.21484375
0 0.762109375 0.763671875 0.15859375 0.24296875
0 0.050390625 0.913671875 0.10078125 0.16796875
0 0.18359375 0.918359375 0.1421875 0.15859375
0 0.465625 0.92265625 0.15 0.1515625
0 0.31640625 0.923046875 0.1609375 0.14921875
0 0.750390625 0.928125 0.14453125 0.140625
0 0.61171875 0.931640625 0.1609375 0.13203125
0 0.9078125 0.93515625 0.1625 0.1296875
0 0.06015625 0.097265625 0.1203125 0.19453125
0 0.32421875 0.1 0.1578125 0.2
0 0.473046875 0.10234375 0.14296875 0.1984375
0 0.196484375 0.1046875 0.13671875 0.203125
0 0.61484375 0.10546875 0.1578125 0.2109375
0 0.908984375 0.107421875 0.15859375 0.21171875
0 0.7515625 0.114453125 0.140625 0.21015625