0 0.51328125 0.24140625 0.2265625 0.3296875
0 0.27734375 0.24453125 0.2265625 0.3296875
0 0.7390625 0.2484375 0.2 0.29375
0 0.8625 0.52265625 0.2 0.3015625
0 0.6234375 0.52265625 0.2 0.2953125
0 0.4 0.5234375 0.221875 0.321875
0 0.16640625 0.52890625 0.2234375 0.3203125
0 0.8609375 0.05625 0.19375 0.1125
0 0.6375 0.05625 0.21875 0.1125
0 0.390625 0.06015625 0.21875 0.1203125
0 0.16328125 0.06484375 0.2171875 0.1296875
0 0.7328125 0.7984375 0.2 0.290625
0 0.5078125 0.80234375 0.2 0.2984375
0 0.27578125 0.8109375 0.2265625 0.321875
0 0.83203125 0.95390625 0.1984375 0.0921875
0 0.61875 0.9625 0.196875 0.075
0 0.3984375 0.953125 0.190625 0.09375
0 0.1765625 0.9578125 0.209375 0.084375