0 0.51171875 0.24140625 0.2265625 0.3265625
0 0.27734375 0.24453125 0.2234375 0.3296875
0 0.7390625 0.2484375 0.2 0.29375
0 0.8625 0.521875 0.2 0.303125
0 0.6234375 0.52265625 0.2 0.2953125
0 0.4 0.521875 0.221875 0.321875
0 0.16640625 0.52890625 0.2265625 0.3171875
0 0.86171875 0.05859375 0.1953125 0.1109375
0 0.6390625 0.05859375 0.21875 0.1109375
0 0.390625 0.0609375 0.21875 0.11875
0 0.16171875 0.0671875 0.2171875 0.128125
0 0.7328125 0.79921875 0.196875 0.2890625
0 0.50625 0.80234375 0.2 0.2953125
0 0.27578125 0.8109375 0.2234375 0.321875