0 0.514453125 0.240625 0.22578125 0.328125
0 0.278515625 0.24375 0.22578125 0.328125
0 0.73828125 0.248046875 0.1984375 0.29296875
0 0.862109375 0.52109375 0.19921875 0.3015625
0 0.62421875 0.52265625 0.1984375 0.2953125
0 0.399609375 0.525 0.22109375 0.321875
0 0.16796875 0.5296875 0.2234375 0.31875
0 0.8609375 0.055859375 0.19375 0.11171875
0 0.63828125 0.055859375 0.2171875 0.11171875
0 0.390625 0.06015625 0.21875 0.1203125
0 0.162890625 0.06484375 0.21640625 0.1296875
0 0.73359375 0.798046875 0.1984375 0.28984375
0 0.508984375 0.803125 0.19921875 0.296875
0 0.2765625 0.808984375 0.225 0.32109375