0 0.15 0.196875 0.084375 0.13125
0 0.3671875 0.2125 0.084375 0.125
0 0.06640625 0.22109375 0.0890625 0.1296875
0 0.5109375 0.225 0.084375 0.121875
0 0.92265625 0.23125 0.0890625 0.125
0 0.8328125 0.246875 0.084375 0.128125
0 0.75 0.253125 0.0875 0.125
0 0.28828125 0.259375 0.0859375 0.125
0 0.66171875 0.2671875 0.0828125 0.125
0 0.43515625 0.28359375 0.0828125 0.1234375
0 0.2125 0.3078125 0.084375 0.125
0 0.1234375 0.33046875 0.0875 0.1296875
0 0.3578125 0.33828125 0.084375 0.1234375
0 0.04140625 0.3484375 0.0765625 0.128125
0 0.50625 0.353125 0.084375 0.125
0 0.9109375 0.3609375 0.0875 0.125
0 0.7484375 0.040625 0.0875 0.075
0 0.83125 0.38125 0.084375 0.128125
0 0.74375 0.3828125 0.084375 0.125
0 0.28203125 0.38671875 0.0828125 0.1234375
0 0.42578125 0.409375 0.0828125 0.125
0 0.2546875 0.0453125 0.0875 0.084375
0 0.57265625 0.43203125 0.0828125 0.1234375
0 0.2015625 0.4375 0.0875 0.125
0 0.671875 0.44140625 0.084375 0.1234375
0 0.09609375 0.45 0.0859375 0.125
0 0.3484375 0.4625 0.084375 0.125
0 0.02734375 0.4640625 0.0484375 0.125
0 0.49375 0.48046875 0.084375 0.1234375
0 0.9046875 0.4890625 0.084375 0.125
0 0.82421875 0.50859375 0.0828125 0.1234375
0 0.74375 0.509375 0.084375 0.125
0 0.2703125 0.509375 0.084375 0.125
0 0.41875 0.53359375 0.0875 0.1234375
0 0.56953125 0.55703125 0.0828125 0.1234375
0 0.16328125 0.05859375 0.0890625 0.1140625
0 0.196875 0.56875 0.0875 0.128125
0 0.1125 0.5734375 0.084375 0.128125
0 0.6703125 0.58515625 0.084375 0.1296875
0 0.03671875 0.5875 0.0671875 0.128125
0 0.3328125 0.59765625 0.0875 0.1234375
0 0.48828125 0.603125 0.0828125 0.121875
0 0.9375 0.60625 0.0875 0.125
0 0.821875 0.63203125 0.084375 0.1203125
0 0.73984375 0.634375 0.0796875 0.121875
0 0.40703125 0.6578125 0.0828125 0.121875
0 0.25625 0.6609375 0.084375 0.125
0 0.5609375 0.6828125 0.084375 0.125
0 0.8953125 0.7078125 0.0875 0.128125
0 0.13515625 0.721875 0.0828125 0.125
0 0.32734375 0.7265625 0.0859375 0.125
0 0.48125 0.7265625 0.0875 0.125
0 0.0484375 0.734375 0.0875 0.128125
0 0.7015625 0.7421875 0.084375 0.128125
0 0.78671875 0.74296875 0.0828125 0.1296875
0 0.39921875 0.7859375 0.0828125 0.128125
0 0.6375 0.81484375 0.0875 0.1296875
0 0.94453125 0.81875 0.0890625 0.128125
0 0.853125 0.8203125 0.084375 0.125
0 0.7390625 0.8484375 0.084375 0.125
0 0.10546875 0.853125 0.0890625 0.128125
0 0.03203125 0.85625 0.0578125 0.134375
0 0.4890625 0.8578125 0.084375 0.128125
0 0.0796875 0.090625 0.0875 0.128125
0 0.575 0.9 0.0875 0.128125
0 0.525 0.09140625 0.084375 0.1296875
0 0.809375 0.928125 0.084375 0.125
0 0.9046875 0.93046875 0.0875 0.1296875
0 0.65625 0.93671875 0.0875 0.1234375
0 0.4328125 0.940625 0.0875 0.115625
0 0.73515625 0.95625 0.0890625 0.084375
0 0.509375 0.95859375 0.0875 0.0796875
0 0.0921875 0.96484375 0.090625 0.0671875
0 0.3140625 0.11171875 0.084375 0.1328125
0 0.8890625 0.1140625 0.0875 0.13125
0 0.446875 0.1359375 0.084375 0.128125
0 0.78671875 0.1390625 0.0828125 0.125
0 0.025 0.14296875 0.04375 0.1296875
0 0.69921875 0.14375 0.0828125 0.128125
0 0.2296875 0.159375 0.084375 0.125
0 0.60859375 0.1640625 0.0828125 0.125