0 0.153125 0.196484375 0.084375 0.13359375
0 0.3671875 0.2125 0.084375 0.125
0 0.065625 0.22109375 0.0875 0.1296875
0 0.511328125 0.22578125 0.08515625 0.1234375
0 0.92265625 0.232421875 0.0890625 0.12734375
0 0.83203125 0.246484375 0.0828125 0.12734375
0 0.748828125 0.25390625 0.08515625 0.1265625
0 0.290625 0.261328125 0.084375 0.12265625
0 0.66171875 0.26796875 0.0828125 0.1265625
0 0.43671875 0.28359375 0.0828125 0.1234375
0 0.212890625 0.3109375 0.08515625 0.125
0 0.122265625 0.328515625 0.08515625 0.12890625
0 0.3578125 0.337890625 0.084375 0.12265625
0 0.03984375 0.34765625 0.0796875 0.1265625
0 0.50625 0.353125 0.084375 0.125
0 0.909765625 0.3609375 0.08515625 0.125
0 0.747265625 0.03828125 0.08515625 0.0765625
0 0.831640625 0.38046875 0.08515625 0.1265625
0 0.74375 0.38359375 0.084375 0.1265625
0 0.28203125 0.385546875 0.0828125 0.12109375
0 0.4265625 0.40859375 0.084375 0.1234375
0 0.25390625 0.04296875 0.0859375 0.0859375
0 0.57265625 0.43203125 0.0828125 0.1234375
0 0.201953125 0.439453125 0.08515625 0.12265625
0 0.671875 0.4421875 0.084375 0.125
0 0.096484375 0.44921875 0.08671875 0.1234375
0 0.35 0.462890625 0.084375 0.12265625
0 0.025 0.46484375 0.05 0.1265625
0 0.49453125 0.48046875 0.0828125 0.1234375
0 0.9046875 0.48828125 0.084375 0.1265625
0 0.826953125 0.51015625 0.08203125 0.1234375
0 0.74375 0.51015625 0.084375 0.1265625
0 0.2734375 0.5125 0.084375 0.125
0 0.4203125 0.53359375 0.084375 0.1234375
0 0.57109375 0.55703125 0.0828125 0.1234375
0 0.16328125 0.0578125 0.0890625 0.115625
0 0.197265625 0.56796875 0.08515625 0.1265625
0 0.1125 0.57265625 0.084375 0.1265625
0 0.6703125 0.58515625 0.084375 0.1296875
0 0.034375 0.58828125 0.06875 0.1265625
0 0.3328125 0.5984375 0.084375 0.125
0 0.487890625 0.601171875 0.08203125 0.12109375
0 0.936328125 0.60625 0.08515625 0.125
0 0.821875 0.63203125 0.084375 0.1203125
0 0.740234375 0.633203125 0.08046875 0.12265625
0 0.408203125 0.65859375 0.08203125 0.1234375
0 0.25625 0.66015625 0.084375 0.1234375
0 0.5609375 0.683984375 0.084375 0.12734375
0 0.894921875 0.707421875 0.08671875 0.12734375
0 0.134765625 0.721875 0.08203125 0.125
0 0.328125 0.7265625 0.084375 0.125
0 0.4828125 0.728125 0.084375 0.125
0 0.051171875 0.734765625 0.08671875 0.12890625
0 0.70078125 0.742578125 0.0828125 0.12890625
0 0.7875 0.742578125 0.084375 0.12890625
0 0.40078125 0.78515625 0.0828125 0.1265625
0 0.637109375 0.816796875 0.08671875 0.12734375
0 0.94375 0.819140625 0.0875 0.12890625
0 0.853515625 0.82109375 0.08515625 0.1265625
0 0.7390625 0.84765625 0.084375 0.1234375
0 0.1046875 0.853515625 0.0875 0.12890625
0 0.0296875 0.8546875 0.059375 0.134375
0 0.48828125 0.85703125 0.0828125 0.1265625
0 0.079296875 0.091015625 0.08671875 0.12890625
0 0.573828125 0.90078125 0.08515625 0.1265625
0 0.52578125 0.09140625 0.0828125 0.1296875
0 0.809375 0.92890625 0.084375 0.1265625
0 0.9046875 0.930078125 0.0875 0.12890625
0 0.655859375 0.936328125 0.08671875 0.12265625
0 0.432421875 0.941015625 0.08671875 0.11640625
0 0.73515625 0.95625 0.0890625 0.084375
0 0.509765625 0.958984375 0.08515625 0.08046875
0 0.091015625 0.96484375 0.09140625 0.0671875
0 0.314453125 0.1109375 0.08515625 0.13125
0 0.888671875 0.1140625 0.08671875 0.13125
0 0.44609375 0.135546875 0.0828125 0.12734375
0 0.7875 0.140234375 0.084375 0.12734375
0 0.021875 0.1421875 0.04375 0.128125
0 0.701953125 0.14296875 0.08203125 0.1265625
0 0.2296875 0.1609375 0.084375 0.125
0 0.611328125 0.165625 0.08203125 0.125