0 0.93125 0.228515625 0.09375 0.11640625
0 0.565234375 0.251953125 0.09609375 0.13203125
0 0.464453125 0.251171875 0.10078125 0.12734375
0 0.661328125 0.255859375 0.09765625 0.13359375
0 0.755078125 0.258203125 0.09140625 0.12265625
0 0.844921875 0.26015625 0.08984375 0.1203125
0 0.262109375 0.26171875 0.08984375 0.1203125
0 0.36015625 0.266015625 0.0984375 0.12890625
0 0.16484375 0.27265625 0.0984375 0.1265625
0 0.07109375 0.27734375 0.0890625 0.1203125
0 0.972265625 0.30546875 0.05390625 0.1296875
0 0.82890625 0.0390625 0.0953125 0.071875
0 0.416015625 0.366015625 0.10078125 0.13203125
0 0.51640625 0.36640625 0.0984375 0.1359375
0 0.1046875 0.366796875 0.09375 0.12734375
0 0.61328125 0.368359375 0.0921875 0.12734375
0 0.80859375 0.36796875 0.0921875 0.1234375
0 0.7125 0.370703125 0.09375 0.12265625
0 0.305078125 0.37578125 0.09140625 0.1265625
0 0.898046875 0.37578125 0.08984375 0.1296875
0 0.207421875 0.3796875 0.10234375 0.134375
0 0.02890625 0.38203125 0.0578125 0.1234375
0 0.95390625 0.042578125 0.0890625 0.08203125
0 0.35390625 0.465625 0.1046875 0.140625
0 0.96015625 0.472265625 0.0796875 0.14765625
0 0.562109375 0.478515625 0.09609375 0.12890625
0 0.462109375 0.47734375 0.10546875 0.1421875
0 0.6671875 0.481640625 0.09375 0.13203125
0 0.769921875 0.484765625 0.10546875 0.13828125
0 0.65859375 0.050390625 0.0890625 0.10078125
0 0.869921875 0.491796875 0.09609375 0.13359375
0 0.2546875 0.49765625 0.1 0.1390625
0 0.0546875 0.496484375 0.103125 0.13671875
0 0.156640625 0.50390625 0.10078125 0.1421875
0 0.565234375 0.0515625 0.09609375 0.103125
0 0.744921875 0.055859375 0.08671875 0.10546875
0 0.4640625 0.053125 0.096875 0.10625
0 0.364453125 0.05625 0.08515625 0.103125
0 0.269921875 0.056640625 0.08671875 0.10703125
0 0.616015625 0.5921875 0.10703125 0.15
0 0.513671875 0.6 0.09609375 0.140625
0 0.087890625 0.0609375 0.08515625 0.103125
0 0.723828125 0.60234375 0.10703125 0.1546875
0 0.825390625 0.609765625 0.09765625 0.13828125
0 0.400390625 0.611328125 0.10703125 0.14453125
0 0.091796875 0.61328125 0.09609375 0.1359375
0 0.925390625 0.615234375 0.10703125 0.15234375
0 0.200390625 0.61640625 0.09765625 0.1359375
0 0.29609375 0.618359375 0.0921875 0.13671875
0 0.182421875 0.06171875 0.08671875 0.1046875
0 0.56640625 0.72890625 0.1078125 0.1546875
0 0.45859375 0.73203125 0.1078125 0.1515625
0 0.675390625 0.73515625 0.10703125 0.1578125
0 0.345703125 0.737890625 0.10078125 0.13828125
0 0.138671875 0.7375 0.10546875 0.15625
0 0.972265625 0.73671875 0.05390625 0.1453125
0 0.784765625 0.737890625 0.10703125 0.16015625
0 0.24140625 0.74140625 0.0984375 0.1390625
0 0.04296875 0.7390625 0.0859375 0.15625
0 0.8890625 0.74453125 0.1 0.1421875
0 0.396484375 0.853125 0.11171875 0.165625
0 0.51171875 0.865625 0.1109375 0.1625
0 0.618359375 0.865234375 0.10234375 0.14921875
0 0.070703125 0.865625 0.11328125 0.1625
0 0.7375 0.865234375 0.103125 0.14921875
0 0.291015625 0.866015625 0.10703125 0.16015625
0 0.18671875 0.875 0.1078125 0.1625
0 0.8453125 0.876171875 0.109375 0.16484375
0 0.95 0.87734375 0.1 0.1609375
0 0.4515625 0.954296875 0.115625 0.08984375
0 0.6796875 0.95625 0.115625 0.0875
0 0.33359375 0.95625 0.1171875 0.0875
0 0.56640625 0.958984375 0.1140625 0.08046875
0 0.228125 0.960546875 0.103125 0.07421875
0 0.790625 0.963671875 0.103125 0.07109375
0 0.119921875 0.96484375 0.10546875 0.0671875
0 0.910546875 0.966015625 0.10546875 0.06640625
0 0.882421875 0.12109375 0.09609375 0.1203125
0 0.406640625 0.129296875 0.09765625 0.12734375
0 0.31015625 0.13515625 0.0953125 0.1296875
0 0.209765625 0.136328125 0.09765625 0.13203125
0 0.51328125 0.146875 0.0890625 0.115625
0 0.615625 0.146875 0.0875 0.115625
0 0.796875 0.148046875 0.0875 0.11796875
0 0.7046875 0.15078125 0.0875 0.1140625
0 0.9703125 0.15703125 0.05625 0.1296875
0 0.1234375 0.158984375 0.0875 0.12109375
0 0.03984375 0.16328125 0.0796875 0.1234375