0 0.096875 0.13671875 0.19375 0.2734375
0 0.2453125 0.12890625 0.15625 0.2578125
0 0.5046875 0.3484375 0.15625 0.271875
0 0.7328125 0.3578125 0.159375 0.275
0 0.96484375 0.58046875 0.0703125 0.2703125
0 0.78359375 0.12890625 0.1609375 0.2390625
0 0.38671875 0.84921875 0.1703125 0.2796875
0 0.1453125 0.64609375 0.190625 0.3015625
0 0.16015625 0.903125 0.1828125 0.178125
0 0.3859375 0.57421875 0.16875 0.2671875
0 0.571875 0.5671875 0.15625 0.2625
0 0.5171875 0.8109375 0.146875 0.271875
0 0.64921875 0.78359375 0.1453125 0.2578125
0 0.8578125 0.78984375 0.146875 0.2703125
0 0.15546875 0.359375 0.1609375 0.259375
0 0.5734375 0.12734375 0.15625 0.2390625
0 0.96484375 0.3234375 0.0703125 0.240625
0 0.38828125 0.12734375 0.1578125 0.2515625
0 0.0484375 0.38125 0.096875 0.321875
0 0.3015625 0.35 0.15 0.275
0 0.8359375 0.33515625 0.103125 0.2578125
0 0.24609375 0.59609375 0.1328125 0.2765625
0 0.71484375 0.57578125 0.1421875 0.2171875
0 0.06484375 0.9421875 0.1296875 0.115625
0 0.2359375 0.8703125 0.159375 0.253125
0 0.9578125 0.790625 0.084375 0.196875
0 0.73046875 0.940625 0.1421875 0.11875
0 0.6 0.94765625 0.146875 0.1015625