0 0.71875 0.58203125 0.059375 0.0453125
0 0.4890625 0.43046875 0.059375 0.0453125
0 0.6375 0.390625 0.0625 0.046875
0 0.77734375 0.58203125 0.0640625 0.0453125
0 0.8140625 0.54765625 0.0625 0.0453125
0 0.8484375 0.5109375 0.0625 0.046875
0 0.43046875 0.5796875 0.0578125 0.04375
0 0.4875 0.5796875 0.059375 0.04375
0 0.721875 0.50703125 0.0625 0.0453125
0 0.6015625 0.58125 0.059375 0.04375
0 0.603125 0.50546875 0.059375 0.0453125
0 0.6296875 0.61796875 0.059375 0.0453125
0 0.6625 0.50546875 0.059375 0.0453125
0 0.54375 0.5796875 0.059375 0.04375
0 0.74609375 0.61796875 0.0609375 0.0453125
0 0.2265625 0.390625 0.05625 0.046875
0 0.659375 0.58125 0.059375 0.04375
0 0.571875 0.6171875 0.059375 0.04375
0 0.80625 0.6203125 0.0625 0.04375
0 0.70078125 0.3921875 0.0640625 0.046875
0 0.74375 0.690625 0.059375 0.046875
0 0.6875 0.61796875 0.059375 0.0453125
0 0.63125 0.54375 0.059375 0.046875
0 0.4875 0.50546875 0.059375 0.0453125
0 0.690625 0.54375 0.059375 0.046875
0 0.546875 0.4296875 0.059375 0.046875
0 0.6 0.65234375 0.059375 0.0453125
0 0.8703125 0.6234375 0.0625 0.04375
0 0.8765625 0.54921875 0.0625 0.0453125
0 0.5453125 0.50546875 0.059375 0.0453125
0 0.5421875 0.65234375 0.059375 0.0453125
0 0.45859375 0.54296875 0.0578125 0.0453125
0 0.909375 0.5109375 0.0625 0.046875
0 0.77421875 0.65625 0.0609375 0.04375
0 0.37421875 0.57890625 0.0578125 0.0453125
0 0.6953125 0.46875 0.0625 0.046875
0 0.28515625 0.390625 0.0578125 0.046875
0 0.82890625 0.728125 0.0609375 0.04375
0 0.80078125 0.69140625 0.0609375 0.0453125
0 0.8875 0.7296875 0.0625 0.04375
0 0.93203125 0.62421875 0.0609375 0.0453125
0 0.2609375 0.50390625 0.059375 0.0453125
0 0.5734375 0.54375 0.059375 0.046875
0 0.78671875 0.509375 0.0640625 0.046875
0 0.43046875 0.43046875 0.0578125 0.0453125
0 0.45859375 0.61484375 0.0578125 0.0453125
0 0.51640625 0.54296875 0.0578125 0.0453125
0 0.40078125 0.390625 0.0578125 0.046875
0 0.2328125 0.540625 0.059375 0.04375
0 0.40234375 0.6140625 0.0578125 0.04375
0 0.8421875 0.5859375 0.0625 0.046875
0 0.290625 0.540625 0.059375 0.04375
0 0.1703125 0.3890625 0.059375 0.046875
0 0.3421875 0.390625 0.059375 0.046875
0 0.2046875 0.50390625 0.059375 0.0453125
0 0.40234375 0.5421875 0.0578125 0.04375
0 0.7703125 0.728125 0.059375 0.04375
0 0.29140625 0.61328125 0.0578125 0.0453125
0 0.85390625 0.83125 0.0578125 0.040625
0 0.715625 0.65546875 0.059375 0.0453125
0 0.20703125 0.57734375 0.0578125 0.0453125
0 0.896875 0.66015625 0.0625 0.0453125
0 0.7578125 0.4703125 0.0625 0.046875
0 0.88828125 0.3921875 0.0640625 0.046875
0 0.31796875 0.50390625 0.0578125 0.0453125
0 0.93828125 0.55 0.0609375 0.046875
0 0.43046875 0.50546875 0.0578125 0.0453125
0 0.1 0.6453125 0.05625 0.04375
0 0.17734375 0.540625 0.0578125 0.04375
0 0.925 0.69609375 0.0625 0.0421875
0 0.2921875 0.684375 0.05625 0.04375
0 0.834375 0.65625 0.0625 0.04375
0 0.7953125 0.83203125 0.059375 0.0421875
0 0.91796875 0.7640625 0.0609375 0.04375
0 0.7125 0.7265625 0.059375 0.04375
0 0.6859375 0.690625 0.059375 0.046875
0 0.5171875 0.4671875 0.059375 0.046875
0 0.31640625 0.4296875 0.0578125 0.046875
0 0.3484375 0.684375 0.05625 0.04375
0 0.6578125 0.65390625 0.059375 0.0453125
0 0.82578125 0.3921875 0.0640625 0.046875
0 0.25859375 0.428125 0.0578125 0.046875
0 0.7921875 0.4328125 0.0625 0.046875
0 0.23828125 0.6828125 0.0546875 0.04375
0 0.4859375 0.6515625 0.059375 0.04375
0 0.20078125 0.428125 0.0578125 0.046875
0 0.68203125 0.83046875 0.0578125 0.0421875
0 0.74921875 0.5453125 0.0640625 0.046875
0 0.903125 0.5859375 0.0625 0.046875
0 0.8203125 0.471875 0.0625 0.046875
0 0.8859375 0.79765625 0.059375 0.0421875
0 0.37421875 0.50546875 0.0578125 0.0453125
0 0.11875 0.540625 0.059375 0.04375
0 0.3734375 0.4296875 0.05625 0.046875
0 0.7625 0.3921875 0.0625 0.046875
0 0.7984375 0.7625 0.059375 0.04375
0 0.73828125 0.83203125 0.0578125 0.0421875
0 0.740625 0.7625 0.059375 0.04375
0 0.11796875 0.46640625 0.0578125 0.0453125
0 0.15078125 0.5765625 0.0578125 0.04375
0 0.6546875 0.796875 0.059375 0.04375
0 0.209375 0.6484375 0.05625 0.04375
0 0.459375 0.4671875 0.059375 0.046875
0 0.60625 0.4296875 0.059375 0.046875
0 0.146875 0.503125 0.059375 0.046875
0 0.9515625 0.3921875 0.0625 0.046875
0 0.62578125 0.82890625 0.0578125 0.0421875
0 0.08984375 0.50234375 0.0578125 0.0453125
0 0.31953125 0.578125 0.0578125 0.04375
0 0.43046875 0.65 0.0578125 0.04375
0 0.684375 0.7625 0.059375 0.04375
0 0.24140625 0.81875 0.0546875 0.040625
0 0.8828125 0.47265625 0.0625 0.0484375
0 0.5984375 0.7953125 0.059375 0.04375
0 0.31875 0.65 0.05625 0.04375
0 0.48671875 0.79140625 0.0578125 0.0421875
0 0.9453125 0.47265625 0.0625 0.0453125
0 0.86015625 0.69375 0.0609375 0.04375
0 0.23515625 0.61328125 0.0578125 0.0453125
0 0.459375 0.825 0.05625 0.040625
0 0.6671875 0.4296875 0.0625 0.046875
0 0.65546875 0.7265625 0.0578125 0.04375
0 0.825 0.7984375 0.059375 0.04375
0 0.1125 0.3890625 0.059375 0.046875
0 0.5140625 0.82578125 0.05625 0.0421875
0 0.5765625 0.46796875 0.059375 0.0484375
0 0.37578125 0.65 0.0578125 0.04375
0 0.51484375 0.61640625 0.0578125 0.0453125
0 0.1890625 0.815625 0.053125 0.040625
0 0.43125 0.78984375 0.05625 0.0421875
0 0.54296875 0.7234375 0.0578125 0.04375
0 0.45859375 0.6859375 0.0578125 0.04375
0 0.43046875 0.721875 0.0578125 0.04375
0 0.1046875 0.71484375 0.05625 0.0421875
0 0.628125 0.68984375 0.059375 0.0453125
0 0.26796875 0.78671875 0.0546875 0.0421875
0 0.85703125 0.7640625 0.0609375 0.04375
0 0.26328125 0.57734375 0.0578125 0.0453125
0 0.9171875 0.43359375 0.0625 0.0484375
0 0.40234375 0.4671875 0.0578125 0.046875
0 0.48671875 0.7234375 0.0578125 0.04375
0 0.1828125 0.68125 0.05625 0.04375
0 0.0609375 0.46484375 0.05625 0.0453125
0 0.853125 0.43203125 0.0625 0.0484375
0 0.2640625 0.6484375 0.05625 0.04375
0 0.14296875 0.428125 0.0578125 0.046875
0 0.76796875 0.796875 0.0578125 0.04375
0 0.45859375 0.75625 0.0578125 0.04375
0 0.51484375 0.6875 0.0578125 0.04375
0 0.56953125 0.82734375 0.0578125 0.0421875
0 0.18046875 0.6125 0.0578125 0.04375
0 0.265625 0.71796875 0.05625 0.0421875
0 0.34609375 0.46796875 0.0578125 0.0453125
0 0.29453125 0.75390625 0.0546875 0.0421875
0 0.59921875 0.725 0.0578125 0.04375
0 0.57109375 0.6890625 0.0578125 0.04375
0 0.1578125 0.71640625 0.05625 0.0421875
0 0.07109375 0.6109375 0.0546875 0.04375
0 0.51484375 0.75859375 0.0578125 0.0453125
0 0.2953125 0.8203125 0.05625 0.040625
0 0.23984375 0.75078125 0.0546875 0.0421875
0 0.0859375 0.428125 0.059375 0.046875
0 0.1296875 0.68125 0.05625 0.04375
0 0.3203125 0.71875 0.05625 0.04375
0 0.12578125 0.6109375 0.0578125 0.04375
0 0.54296875 0.79296875 0.0578125 0.0421875
0 0.10703125 0.78046875 0.0546875 0.0421875
0 0.32265625 0.78828125 0.0546875 0.0421875
0 0.0828125 0.8125 0.05 0.040625
0 0.09453125 0.575 0.0578125 0.04375
0 0.1328125 0.74921875 0.05625 0.0421875
0 0.7296875 0.43125 0.0625 0.046875
0 0.3484375 0.7546875 0.05625 0.04375
0 0.57109375 0.759375 0.0578125 0.04375
0 0.375 0.7203125 0.05625 0.04375
0 0.21484375 0.78359375 0.0546875 0.0421875
0 0.40234375 0.6859375 0.0578125 0.04375
0 0.1734375 0.465625 0.059375 0.046875
0 0.34765625 0.61484375 0.0578125 0.0453125
0 0.06171875 0.53984375 0.0578125 0.0453125
0 0.1546875 0.64609375 0.05625 0.0421875
0 0.07578125 0.68046875 0.0546875 0.0421875
0 0.35 0.82109375 0.05625 0.0390625
0 0.62734375 0.7609375 0.0578125 0.04375
0 0.05546875 0.3890625 0.0578125 0.046875
0 0.07890625 0.74765625 0.0546875 0.0390625
0 0.18671875 0.75078125 0.0546875 0.0421875
0 0.1609375 0.78203125 0.05625 0.0421875
0 0.134375 0.8140625 0.053125 0.040625
0 0.2125 0.71640625 0.05625 0.0421875
0 0.7109375 0.796875 0.059375 0.04375
0 0.5765625 0.390625 0.059375 0.046875
0 0.3453125 0.5421875 0.05625 0.04375
0 0.40390625 0.75625 0.0578125 0.04375
0 0.63515625 0.4671875 0.0609375 0.046875
0 0.23125 0.465625 0.059375 0.046875
0 0.2890625 0.46640625 0.059375 0.0453125
0 0.40390625 0.8234375 0.0546875 0.040625
0 0.37578125 0.78984375 0.0546875 0.0421875
0 0.91015625 0.82890625 0.0578125 0.0328125