0 0.09921875 0.13359375 0.0578125 0.0796875
0 0.31953125 0.14453125 0.0578125 0.0828125
0 0.26328125 0.14453125 0.0578125 0.0796875
0 0.37578125 0.1453125 0.0578125 0.08125
0 0.43125 0.14609375 0.05625 0.0796875
0 0.209375 0.13515625 0.05625 0.0796875
0 0.78046875 0.475 0.0578125 0.071875
0 0.215625 0.27890625 0.05625 0.0765625
0 0.60234375 0.14765625 0.0578125 0.0796875
0 0.8359375 0.4765625 0.05625 0.071875
0 0.78984375 0.3515625 0.0578125 0.075
0 0.671875 0.47265625 0.05625 0.0703125
0 0.1390625 0.33125 0.05625 0.078125
0 0.5421875 0.2828125 0.05625 0.078125
0 0.1625 0.26796875 0.05625 0.0765625
0 0.13046875 0.20078125 0.0546875 0.0796875
0 0.75703125 0.4125 0.0578125 0.071875
0 0.7265625 0.47421875 0.05625 0.0703125
0 0.771875 0.5921875 0.05625 0.06875
0 0.1703125 0.4046875 0.05625 0.075
0 0.74921875 0.53359375 0.0546875 0.0703125
0 0.803125 0.53515625 0.05625 0.0703125
0 0.11640625 0.39453125 0.0546875 0.0734375
0 0.82578125 0.59296875 0.0546875 0.0703125
0 0.35390625 0.3453125 0.0546875 0.075
0 0.934375 0.2890625 0.05625 0.078125
0 0.10859375 0.26640625 0.0546875 0.0734375
0 0.23984375 0.21171875 0.0578125 0.0796875
0 0.6171875 0.47265625 0.05625 0.0703125
0 0.92109375 0.415625 0.0546875 0.071875
0 0.4875 0.2828125 0.05625 0.078125
0 0.734375 0.35 0.059375 0.075
0 0.89140625 0.15 0.0609375 0.08125
0 0.7171875 0.14921875 0.059375 0.0796875
0 0.35 0.2140625 0.05625 0.08125
0 0.4046875 0.21484375 0.05625 0.0796875
0 0.40859375 0.46875 0.0546875 0.071875
0 0.88984375 0.47734375 0.0546875 0.0734375
0 0.696875 0.53203125 0.05625 0.0703125
0 0.81328125 0.4140625 0.0578125 0.075
0 0.70234375 0.4125 0.0578125 0.071875
0 0.56484375 0.47109375 0.0546875 0.0703125
0 0.9 0.353125 0.05625 0.075
0 0.775 0.15 0.059375 0.08125
0 0.29921875 0.34453125 0.0546875 0.0765625
0 0.4328125 0.28125 0.05625 0.078125
0 0.29375 0.21328125 0.05625 0.0796875
0 0.86875 0.415625 0.05625 0.075
0 0.8328125 0.15 0.059375 0.08125
0 0.37890625 0.28125 0.0578125 0.078125
0 0.51640625 0.21640625 0.0578125 0.0796875
0 0.35703125 0.46875 0.0546875 0.071875
0 0.3234375 0.2796875 0.05625 0.078125
0 0.71953125 0.58984375 0.0546875 0.0671875
0 0.4359375 0.52734375 0.053125 0.0703125
0 0.82265625 0.2875 0.0578125 0.078125
0 0.46015625 0.46875 0.0546875 0.071875
0 0.5125 0.58515625 0.053125 0.0671875
0 0.46015625 0.21484375 0.0578125 0.0796875
0 0.5625 0.58671875 0.053125 0.0671875
0 0.246875 0.34375 0.05625 0.075
0 0.66640625 0.58828125 0.0546875 0.0671875
0 0.7671875 0.2875 0.059375 0.078125
0 0.6421875 0.53125 0.05625 0.06875
0 0.66015625 0.14765625 0.0609375 0.0796875
0 0.5984375 0.284375 0.05625 0.078125
0 0.38203125 0.4078125 0.0546875 0.071875
0 0.91328125 0.2203125 0.0578125 0.08125
0 0.61328125 0.5875 0.0546875 0.06875
0 0.128125 0.5234375 0.053125 0.06875
0 0.43359375 0.4078125 0.0546875 0.071875
0 0.94921875 0.153125 0.0609375 0.08125
0 0.30390625 0.4671875 0.0546875 0.071875
0 0.51328125 0.46953125 0.0546875 0.0703125
0 0.709375 0.2859375 0.059375 0.078125
0 0.8 0.21953125 0.059375 0.0796875
0 0.6234375 0.34921875 0.05625 0.0765625
0 0.67890625 0.35 0.0578125 0.075
0 0.74140625 0.64609375 0.0546875 0.0671875
0 0.80625 0.81015625 0.05 0.0640625
0 0.79453125 0.64921875 0.0546875 0.0671875
0 0.75703125 0.81015625 0.0515625 0.0640625
0 0.4859375 0.52734375 0.053125 0.0703125
0 0.65390625 0.284375 0.0578125 0.078125
0 0.58984375 0.5296875 0.0546875 0.06875
0 0.68984375 0.6453125 0.0546875 0.06875
0 0.184375 0.20234375 0.05625 0.0828125
0 0.5375 0.52890625 0.053125 0.0703125
0 0.57265625 0.215625 0.0578125 0.078125
0 0.25234375 0.4671875 0.0546875 0.071875
0 0.56875 0.3484375 0.05625 0.075
0 0.59296875 0.41015625 0.0546875 0.0734375
0 0.27578125 0.40625 0.0546875 0.071875
0 0.14921875 0.4640625 0.0546875 0.071875
0 0.3609375 0.58359375 0.053125 0.0671875
0 0.646875 0.4125 0.05625 0.071875
0 0.32890625 0.4078125 0.0546875 0.071875
0 0.48671875 0.409375 0.0546875 0.071875
0 0.53984375 0.4109375 0.0546875 0.071875
0 0.26953125 0.28046875 0.0546875 0.0765625
0 0.8578125 0.5359375 0.05625 0.071875
0 0.33359375 0.5265625 0.0546875 0.06875
0 0.53671875 0.64140625 0.0515625 0.0671875
0 0.74375 0.21875 0.059375 0.08125
0 0.85625 0.22109375 0.059375 0.0828125
0 0.5140625 0.3484375 0.05625 0.075
0 0.628125 0.2171875 0.059375 0.08125
0 0.88046875 0.2875 0.0578125 0.078125
0 0.28203125 0.52578125 0.0546875 0.0703125
0 0.6859375 0.21875 0.059375 0.08125
0 0.15390625 0.13359375 0.0578125 0.0796875
0 0.46171875 0.58515625 0.0515625 0.0671875
0 0.71328125 0.7015625 0.0546875 0.065625
0 0.4109375 0.584375 0.053125 0.065625
0 0.28671875 0.6375 0.0515625 0.065625
0 0.22265625 0.40703125 0.0546875 0.0734375
0 0.43671875 0.63984375 0.0515625 0.0671875
0 0.30859375 0.58359375 0.0515625 0.0671875
0 0.2015625 0.46640625 0.053125 0.0703125
0 0.84609375 0.35234375 0.0578125 0.0765625
0 0.909375 0.5375 0.053125 0.06875
0 0.5875 0.64375 0.053125 0.065625
0 0.1796875 0.52421875 0.053125 0.0703125
0 0.33671875 0.63828125 0.0515625 0.0671875
0 0.8546875 0.81171875 0.05 0.0640625
0 0.38671875 0.63984375 0.0515625 0.0671875
0 0.63828125 0.64296875 0.0546875 0.0671875
0 0.384375 0.52578125 0.053125 0.0703125
0 0.56015625 0.69609375 0.0515625 0.0640625
0 0.78515625 0.7578125 0.0515625 0.065625
0 0.48671875 0.640625 0.0515625 0.065625
0 0.41328125 0.69375 0.0515625 0.065625
0 0.2296875 0.525 0.053125 0.06875
0 0.25859375 0.5828125 0.0515625 0.06875
0 0.81484375 0.70390625 0.0515625 0.0671875
0 0.6796875 0.8578125 0.05 0.0625
0 0.6625 0.69921875 0.053125 0.0671875
0 0.83515625 0.75859375 0.0515625 0.0640625
0 0.878125 0.5953125 0.053125 0.06875
0 0.51015625 0.69375 0.0515625 0.065625
0 0.20859375 0.58203125 0.0515625 0.0671875
0 0.4609375 0.346875 0.05625 0.075
0 0.4375 0.7484375 0.05 0.065625
0 0.15859375 0.58046875 0.0515625 0.0671875
0 0.6109375 0.6984375 0.053125 0.065625
0 0.7640625 0.703125 0.053125 0.065625
0 0.38828125 0.74765625 0.0515625 0.0640625
0 0.36328125 0.69375 0.0515625 0.065625
0 0.1921875 0.3421875 0.05625 0.078125
0 0.8453125 0.65078125 0.053125 0.0671875
0 0.2640625 0.6921875 0.05 0.065625
0 0.5359375 0.7484375 0.05 0.065625
0 0.72890625 0.859375 0.0515625 0.0625
0 0.68515625 0.75234375 0.0515625 0.0640625
0 0.73515625 0.75546875 0.0515625 0.0640625
0 0.86640625 0.7046875 0.0515625 0.065625
0 0.26796875 0.79765625 0.0484375 0.0640625
0 0.778125 0.8609375 0.05 0.0625
0 0.3390625 0.74609375 0.05 0.0640625
0 0.24140625 0.74453125 0.0484375 0.0640625
0 0.4859375 0.7484375 0.05 0.065625
0 0.24765625 0.84609375 0.0484375 0.0578125
0 0.1671875 0.68984375 0.05 0.0640625
0 0.290625 0.74609375 0.05 0.0640625
0 0.46171875 0.69375 0.0515625 0.065625
0 0.18671875 0.6359375 0.0515625 0.065625
0 0.215625 0.69140625 0.05 0.0640625
0 0.14609375 0.740625 0.0484375 0.0625
0 0.19453125 0.7421875 0.0484375 0.0625
0 0.23671875 0.6375 0.0515625 0.065625
0 0.8265625 0.86171875 0.05 0.0640625
0 0.70703125 0.80625 0.0515625 0.0625
0 0.65703125 0.80546875 0.0515625 0.0640625
0 0.22109375 0.7953125 0.0484375 0.0625
0 0.4140625 0.8 0.05 0.0625
0 0.3421875 0.84765625 0.046875 0.0578125
0 0.43828125 0.8515625 0.0484375 0.0625
0 0.31640625 0.7984375 0.0484375 0.0625
0 0.63125 0.85546875 0.05 0.0640625
0 0.89765625 0.65234375 0.0515625 0.0671875
0 0.20078125 0.84296875 0.0484375 0.0609375
0 0.38984375 0.8515625 0.0484375 0.0625
0 0.5109375 0.80078125 0.05 0.0640625
0 0.365625 0.79921875 0.05 0.0640625
0 0.58359375 0.853125 0.0484375 0.0625
0 0.53515625 0.85390625 0.0484375 0.0640625
0 0.48671875 0.853125 0.0484375 0.0625
0 0.6078125 0.80234375 0.05 0.0640625
0 0.40703125 0.34609375 0.0546875 0.0765625
0 0.87421875 0.86328125 0.0484375 0.0640625
0 0.1390625 0.6359375 0.05 0.065625
0 0.559375 0.80234375 0.05 0.0640625
0 0.2953125 0.8484375 0.046875 0.059375
0 0.3140625 0.69140625 0.05 0.0640625
0 0.63515625 0.75078125 0.0515625 0.0640625
0 0.4625 0.80078125 0.05 0.0640625
0 0.58515625 0.74921875 0.0515625 0.0640625
0 0.1546875 0.8421875 0.046875 0.0625
0 0.88515625 0.759375 0.0515625 0.065625
0 0.1734375 0.79375 0.05 0.0625