0 0.9 0.32109375 0.034375 0.0453125
0 0.9328125 0.32109375 0.034375 0.0453125
0 0.9671875 0.32265625 0.034375 0.0453125
0 0.14296875 0.34609375 0.0328125 0.0453125
0 0.11171875 0.34609375 0.0328125 0.0421875
0 0.1734375 0.346875 0.034375 0.04375
0 0.05 0.34609375 0.03125 0.0421875
0 0.08046875 0.34765625 0.0328125 0.0453125
0 0.20625 0.346875 0.03125 0.046875
0 0.2375 0.34765625 0.03125 0.0453125
0 0.26875 0.34765625 0.03125 0.0484375
0 0.3 0.3484375 0.03125 0.046875
0 0.33203125 0.35 0.0328125 0.046875
0 0.36328125 0.3515625 0.0328125 0.046875
0 0.39609375 0.35234375 0.0328125 0.0453125
0 0.42734375 0.35390625 0.0328125 0.0453125
0 0.45859375 0.35390625 0.0328125 0.0453125
0 0.48984375 0.35546875 0.0328125 0.0453125
0 0.52265625 0.35546875 0.0328125 0.0453125
0 0.55234375 0.35625 0.0328125 0.046875
0 0.584375 0.35625 0.034375 0.046875
0 0.6828125 0.35546875 0.034375 0.0484375
0 0.6171875 0.35703125 0.034375 0.0453125
0 0.65 0.35625 0.034375 0.046875
0 0.715625 0.35625 0.034375 0.046875
0 0.7484375 0.3578125 0.034375 0.046875
0 0.78125 0.3578125 0.034375 0.046875
0 0.815625 0.35703125 0.034375 0.0484375
0 0.8484375 0.35703125 0.034375 0.0484375
0 0.88125 0.35859375 0.034375 0.0484375
0 0.9140625 0.359375 0.034375 0.046875
0 0.946875 0.36015625 0.034375 0.0453125
0 0.12890625 0.38203125 0.0328125 0.0453125
0 0.09765625 0.38203125 0.0328125 0.0453125
0 0.06640625 0.3828125 0.0328125 0.04375
0 0.16015625 0.38359375 0.0328125 0.0453125
0 0.19296875 0.3828125 0.0328125 0.04375
0 0.22265625 0.38359375 0.0328125 0.0453125
0 0.2546875 0.38515625 0.034375 0.0421875
0 0.2859375 0.38515625 0.03125 0.0453125
0 0.31796875 0.38671875 0.0328125 0.0453125
0 0.34921875 0.38828125 0.0328125 0.0453125
0 0.3796875 0.38828125 0.03125 0.0453125
0 0.4109375 0.38984375 0.03125 0.0453125
0 0.47421875 0.39140625 0.0328125 0.0453125
0 0.50546875 0.39140625 0.0328125 0.0453125
0 0.44375 0.39140625 0.034375 0.0453125
0 0.53671875 0.39296875 0.0328125 0.0453125
0 0.56796875 0.39296875 0.0328125 0.0453125
0 0.6 0.39296875 0.034375 0.0453125
0 0.63125 0.39453125 0.034375 0.0453125
0 0.6640625 0.39453125 0.034375 0.0453125
0 0.696875 0.39453125 0.034375 0.0453125
0 0.72890625 0.39453125 0.0359375 0.0453125
0 0.7625 0.3953125 0.034375 0.046875
0 0.7953125 0.3953125 0.034375 0.046875
0 0.82890625 0.3953125 0.0359375 0.046875
0 0.8625 0.396875 0.034375 0.046875
0 0.8953125 0.396875 0.034375 0.046875
0 0.928125 0.396875 0.034375 0.046875
0 0.9609375 0.39765625 0.034375 0.0453125
0 0.08515625 0.41875 0.0328125 0.04375
0 0.11640625 0.41875 0.0328125 0.04375
0 0.146875 0.41875 0.03125 0.04375
0 0.0546875 0.41875 0.03125 0.04375
0 0.17890625 0.41953125 0.0328125 0.0453125
0 0.20859375 0.4203125 0.0328125 0.04375
0 0.23984375 0.42109375 0.0328125 0.0453125
0 0.271875 0.42109375 0.03125 0.0453125
0 0.303125 0.42265625 0.03125 0.0453125
0 0.334375 0.42421875 0.03125 0.0453125
0 0.365625 0.42421875 0.03125 0.0453125
0 0.39765625 0.425 0.0328125 0.04375
0 0.42734375 0.42734375 0.0328125 0.0453125
0 0.45859375 0.42734375 0.0328125 0.0453125
0 0.48984375 0.42734375 0.0328125 0.0453125
0 0.52109375 0.428125 0.0328125 0.04375
0 0.5515625 0.42890625 0.03125 0.0453125
0 0.58359375 0.4296875 0.0328125 0.04375
0 0.61484375 0.43046875 0.0328125 0.0453125
0 0.64609375 0.43046875 0.0328125 0.0453125
0 0.678125 0.43046875 0.034375 0.0453125
0 0.7109375 0.43046875 0.034375 0.0453125
0 0.74375 0.43203125 0.034375 0.0453125
0 0.7765625 0.43125 0.034375 0.046875
0 0.8109375 0.4328125 0.034375 0.046875
0 0.84375 0.4328125 0.034375 0.046875
0 0.8765625 0.4328125 0.034375 0.046875
0 0.909375 0.434375 0.034375 0.046875
0 0.94375 0.43515625 0.034375 0.0453125
0 0.10390625 0.453125 0.0328125 0.04375
0 0.07265625 0.45390625 0.0328125 0.0421875
0 0.13359375 0.45390625 0.0328125 0.0453125
0 0.165625 0.4546875 0.03125 0.04375
0 0.19609375 0.45546875 0.0328125 0.0453125
0 0.22734375 0.45625 0.0328125 0.04375
0 0.2578125 0.45625 0.03125 0.04375
0 0.2890625 0.45859375 0.03125 0.0421875
0 0.3203125 0.459375 0.03125 0.04375
0 0.35 0.459375 0.03125 0.04375
0 0.38125 0.46171875 0.03125 0.0421875
0 0.4109375 0.46171875 0.03125 0.0421875
0 0.44296875 0.46328125 0.0328125 0.0421875
0 0.47421875 0.4625 0.0328125 0.04375
0 0.5046875 0.4640625 0.03125 0.04375
0 0.53515625 0.4640625 0.0328125 0.04375
0 0.56640625 0.465625 0.0328125 0.04375
0 0.59765625 0.465625 0.0328125 0.04375
0 0.62890625 0.46640625 0.0328125 0.0453125
0 0.6609375 0.46640625 0.034375 0.0453125
0 0.69375 0.4671875 0.034375 0.04375
0 0.725 0.46796875 0.034375 0.0453125
0 0.7578125 0.46796875 0.034375 0.0453125
0 0.79140625 0.46953125 0.0359375 0.0453125
0 0.8234375 0.46953125 0.034375 0.0453125
0 0.8578125 0.46953125 0.034375 0.0453125
0 0.8890625 0.4703125 0.034375 0.046875
0 0.92265625 0.471875 0.0328125 0.04375
0 0.95546875 0.47109375 0.0328125 0.0453125
0 0.0609375 0.4890625 0.03125 0.040625
0 0.090625 0.48828125 0.03125 0.0421875
0 0.1203125 0.48828125 0.03125 0.0421875
0 0.15234375 0.4890625 0.0328125 0.04375
0 0.1828125 0.48984375 0.03125 0.0421875
0 0.21328125 0.49140625 0.0328125 0.0421875
0 0.24375 0.49140625 0.03125 0.0421875
0 0.27421875 0.4921875 0.0328125 0.04375
0 0.30546875 0.49375 0.0328125 0.04375
0 0.3359375 0.49453125 0.03125 0.0421875
0 0.3671875 0.49453125 0.03125 0.0421875
0 0.3984375 0.49609375 0.03125 0.0421875
0 0.42890625 0.496875 0.0328125 0.04375
0 0.45859375 0.49765625 0.0328125 0.0421875
0 0.48984375 0.4984375 0.0328125 0.04375
0 0.51953125 0.49921875 0.0328125 0.0421875
0 0.55 0.49921875 0.03125 0.0421875
0 0.58203125 0.5015625 0.0328125 0.040625
0 0.6125 0.50078125 0.03125 0.0453125
0 0.64375 0.5015625 0.03125 0.04375
0 0.6765625 0.503125 0.034375 0.04375
0 0.7078125 0.503125 0.034375 0.04375
0 0.73984375 0.503125 0.0328125 0.04375
0 0.771875 0.50390625 0.034375 0.0453125
0 0.8046875 0.50546875 0.034375 0.0453125
0 0.8375 0.50546875 0.034375 0.0453125
0 0.8703125 0.50703125 0.034375 0.0453125
0 0.9046875 0.50703125 0.034375 0.0453125
0 0.93671875 0.5078125 0.0328125 0.046875
0 0.07890625 0.52109375 0.0328125 0.0421875
0 0.10859375 0.52265625 0.0296875 0.0421875
0 0.1390625 0.5234375 0.03125 0.04375
0 0.16875 0.525 0.03125 0.04375
0 0.19921875 0.525 0.0328125 0.04375
0 0.2296875 0.5265625 0.03125 0.04375
0 0.2609375 0.52578125 0.03125 0.0421875
0 0.2921875 0.52734375 0.03125 0.0421875
0 0.321875 0.52890625 0.03125 0.0421875
0 0.353125 0.52890625 0.03125 0.0421875
0 0.38359375 0.53046875 0.0328125 0.0421875
0 0.4125 0.53046875 0.03125 0.0421875
0 0.44375 0.53203125 0.03125 0.0421875
0 0.4734375 0.53203125 0.03125 0.0421875
0 0.5046875 0.53359375 0.03125 0.0421875
0 0.534375 0.53359375 0.03125 0.0421875
0 0.565625 0.534375 0.03125 0.04375
0 0.596875 0.53671875 0.034375 0.0421875
0 0.62734375 0.53671875 0.0328125 0.0421875
0 0.65859375 0.53671875 0.0328125 0.0421875
0 0.68984375 0.53671875 0.0328125 0.0421875
0 0.72265625 0.53828125 0.0328125 0.0421875
0 0.7546875 0.5390625 0.034375 0.04375
0 0.78671875 0.53984375 0.0328125 0.0453125
0 0.81953125 0.540625 0.0328125 0.04375
0 0.85078125 0.540625 0.0328125 0.04375
0 0.8828125 0.5421875 0.034375 0.04375
0 0.915625 0.54296875 0.034375 0.0453125
0 0.9484375 0.54375 0.034375 0.04375
0 0.06640625 0.55546875 0.0296875 0.0421875
0 0.0953125 0.55703125 0.03125 0.0421875
0 0.125 0.55703125 0.03125 0.0421875
0 0.15625 0.55859375 0.03125 0.0421875
0 0.1859375 0.55859375 0.03125 0.0453125
0 0.2171875 0.559375 0.03125 0.04375
0 0.246875 0.559375 0.03125 0.04375
0 0.3078125 0.56015625 0.03125 0.0421875
0 0.278125 0.56171875 0.03125 0.0421875
0 0.3390625 0.56328125 0.03125 0.0421875
0 0.36875 0.56328125 0.03125 0.0421875
0 0.3984375 0.56484375 0.03125 0.0421875
0 0.42890625 0.56640625 0.0328125 0.0421875
0 0.45859375 0.56640625 0.0328125 0.0421875
0 0.4890625 0.56796875 0.03125 0.0421875
0 0.51953125 0.56796875 0.0328125 0.0421875
0 0.55 0.56953125 0.03125 0.0421875
0 0.58046875 0.56953125 0.0328125 0.0421875
0 0.6109375 0.57109375 0.03125 0.0421875
0 0.6421875 0.5703125 0.03125 0.04375
0 0.6734375 0.57109375 0.034375 0.0421875
0 0.7046875 0.571875 0.03125 0.04375
0 0.73671875 0.5734375 0.0328125 0.04375
0 0.7671875 0.57421875 0.034375 0.0421875
0 0.8 0.575 0.034375 0.04375
0 0.83125 0.5765625 0.034375 0.04375
0 0.865625 0.57890625 0.034375 0.0421875
0 0.89765625 0.57890625 0.0328125 0.0453125
0 0.9296875 0.5796875 0.034375 0.04375
0 0.08359375 0.58984375 0.0296875 0.0421875
0 0.11328125 0.590625 0.0296875 0.040625
0 0.14296875 0.59140625 0.0296875 0.0421875
0 0.171875 0.5921875 0.03125 0.040625
0 0.203125 0.5921875 0.03125 0.040625
0 0.2328125 0.59296875 0.03125 0.0421875
0 0.2640625 0.59453125 0.03125 0.0421875
0 0.29375 0.59453125 0.03125 0.0421875
0 0.35390625 0.59609375 0.0328125 0.0390625
0 0.325 0.596875 0.03125 0.040625
0 0.384375 0.5984375 0.03125 0.04375
0 0.4140625 0.59921875 0.03125 0.0421875
0 0.44375 0.59921875 0.03125 0.0421875
0 0.4734375 0.60078125 0.03125 0.0421875
0 0.503125 0.60078125 0.03125 0.0421875
0 0.53359375 0.60234375 0.0328125 0.0421875
0 0.56484375 0.60390625 0.0328125 0.0421875
0 0.5953125 0.60390625 0.03125 0.0421875
0 0.625 0.60390625 0.03125 0.0421875
0 0.65703125 0.60546875 0.0328125 0.0421875
0 0.68828125 0.60546875 0.0328125 0.0421875
0 0.71953125 0.60703125 0.0328125 0.0421875
0 0.75078125 0.60703125 0.0328125 0.0421875
0 0.78203125 0.60859375 0.0328125 0.0421875
0 0.81328125 0.61015625 0.0328125 0.0421875
0 0.94453125 0.61171875 0.0328125 0.0421875
0 0.84609375 0.61171875 0.0328125 0.0421875
0 0.87734375 0.61328125 0.0328125 0.0421875
0 0.91015625 0.61328125 0.0328125 0.0421875
0 0.071875 0.62265625 0.028125 0.0390625
0 0.10078125 0.6234375 0.0296875 0.040625
0 0.1296875 0.62421875 0.03125 0.0421875
0 0.159375 0.62421875 0.03125 0.0421875
0 0.1890625 0.62578125 0.03125 0.0421875
0 0.21875 0.62734375 0.03125 0.0421875
0 0.25 0.62734375 0.03125 0.0421875
0 0.27890625 0.62890625 0.0296875 0.0421875
0 0.309375 0.62890625 0.03125 0.0421875
0 0.33984375 0.6296875 0.0296875 0.040625
0 0.36875 0.63046875 0.03125 0.0421875
0 0.3984375 0.63125 0.03125 0.040625
0 0.428125 0.63203125 0.03125 0.0421875
0 0.459375 0.63359375 0.03125 0.0421875
0 0.4890625 0.63515625 0.03125 0.0421875
0 0.5171875 0.63515625 0.03125 0.0421875
0 0.5484375 0.63671875 0.03125 0.0421875
0 0.5796875 0.6375 0.03125 0.040625
0 0.609375 0.63828125 0.03125 0.0421875
0 0.63984375 0.63828125 0.0328125 0.0421875
0 0.67109375 0.63984375 0.0328125 0.0421875
0 0.70234375 0.63984375 0.0328125 0.0421875
0 0.73359375 0.64140625 0.0328125 0.0421875
0 0.76484375 0.64140625 0.0328125 0.0421875
0 0.79453125 0.64296875 0.0328125 0.0421875
0 0.92578125 0.64453125 0.0328125 0.0421875
0 0.82890625 0.64609375 0.0328125 0.0421875
0 0.85859375 0.64609375 0.0328125 0.0421875
0 0.89140625 0.64765625 0.0328125 0.0421875
0 0.0875 0.65546875 0.03125 0.0421875
0 0.11796875 0.65625 0.0328125 0.040625
0 0.146875 0.65703125 0.03125 0.0421875
0 0.17578125 0.6578125 0.0296875 0.040625
0 0.2046875 0.66015625 0.03125 0.0421875
0 0.2359375 0.6609375 0.03125 0.040625
0 0.265625 0.66171875 0.03125 0.0421875
0 0.2953125 0.66171875 0.03125 0.0421875
0 0.325 0.66328125 0.03125 0.0421875
0 0.35546875 0.66328125 0.0296875 0.0421875
0 0.4140625 0.6640625 0.03125 0.040625
0 0.384375 0.66484375 0.03125 0.0421875
0 0.44375 0.66640625 0.03125 0.0421875
0 0.47421875 0.6671875 0.0296875 0.040625
0 0.503125 0.66796875 0.03125 0.0421875
0 0.5328125 0.66875 0.03125 0.040625
0 0.56484375 0.66953125 0.0328125 0.0421875
0 0.59453125 0.67109375 0.0328125 0.0421875
0 0.62421875 0.67109375 0.0328125 0.0421875
0 0.65546875 0.67265625 0.0328125 0.0421875
0 0.68515625 0.67421875 0.0328125 0.0421875
0 0.71640625 0.67421875 0.0328125 0.0421875
0 0.74765625 0.67578125 0.0328125 0.0421875
0 0.77890625 0.67734375 0.0328125 0.0421875
0 0.93828125 0.67890625 0.0328125 0.0421875
0 0.90859375 0.67890625 0.0328125 0.0421875
0 0.81015625 0.67890625 0.0328125 0.0421875
0 0.84140625 0.67890625 0.0328125 0.0421875
0 0.87421875 0.68203125 0.0328125 0.0421875
0 0.0765625 0.68671875 0.03125 0.0421875
0 0.10546875 0.68671875 0.0296875 0.0390625
0 0.1328125 0.68828125 0.03125 0.0390625
0 0.16328125 0.68984375 0.0296875 0.0390625
0 0.19296875 0.690625 0.0296875 0.0375
0 0.22265625 0.69375 0.0296875 0.040625
0 0.2515625 0.69375 0.03125 0.040625
0 0.28203125 0.69453125 0.0296875 0.0421875
0 0.3109375 0.69609375 0.03125 0.0421875
0 0.33984375 0.69609375 0.0296875 0.0421875
0 0.36875 0.69765625 0.03125 0.0421875
0 0.3984375 0.69765625 0.03125 0.0421875
0 0.428125 0.6984375 0.03125 0.040625
0 0.459375 0.69921875 0.03125 0.0421875
0 0.51796875 0.70078125 0.0328125 0.0421875
0 0.4890625 0.7015625 0.03125 0.040625
0 0.54921875 0.70234375 0.0328125 0.0421875
0 0.57734375 0.70390625 0.0328125 0.0421875
0 0.60859375 0.70546875 0.0328125 0.0421875
0 0.63984375 0.70546875 0.0328125 0.0421875
0 0.66953125 0.70703125 0.0328125 0.0421875
0 0.69921875 0.70859375 0.0328125 0.0421875
0 0.73046875 0.70859375 0.0328125 0.0421875
0 0.76015625 0.71171875 0.0328125 0.0421875
0 0.79296875 0.71171875 0.0328125 0.0421875
0 0.88984375 0.71171875 0.0328125 0.0421875
0 0.92109375 0.71171875 0.0328125 0.0421875
0 0.82421875 0.71328125 0.0328125 0.0421875
0 0.85546875 0.71484375 0.0328125 0.0421875
0 0.09296875 0.71875 0.0296875 0.040625
0 0.12265625 0.71953125 0.0296875 0.0390625
0 0.15078125 0.7203125 0.0296875 0.040625
0 0.17890625 0.721875 0.0296875 0.040625
0 0.20859375 0.7234375 0.0296875 0.040625
0 0.2375 0.725 0.03125 0.040625
0 0.26796875 0.72578125 0.0296875 0.0390625
0 0.2953125 0.72734375 0.03125 0.0421875
0 0.3265625 0.72890625 0.03125 0.0390625
0 0.35546875 0.7296875 0.0296875 0.040625
0 0.384375 0.73046875 0.03125 0.0421875
0 0.44453125 0.73046875 0.0328125 0.0421875
0 0.41484375 0.73203125 0.0328125 0.0421875
0 0.4734375 0.73359375 0.03125 0.0421875
0 0.50390625 0.73359375 0.0296875 0.0421875
0 0.53359375 0.73359375 0.0296875 0.0421875
0 0.56484375 0.73515625 0.0296875 0.0421875
0 0.5921875 0.73671875 0.03125 0.0421875
0 0.6234375 0.73828125 0.03125 0.0421875
0 0.653125 0.73984375 0.03125 0.0421875
0 0.684375 0.73984375 0.03125 0.0421875
0 0.7140625 0.74140625 0.03125 0.0421875
0 0.74375 0.74296875 0.03125 0.0421875
0 0.775 0.74296875 0.03125 0.0421875
0 0.80625 0.74453125 0.03125 0.0421875
0 0.8359375 0.7453125 0.03125 0.040625
0 0.8703125 0.7453125 0.03125 0.040625
0 0.903125 0.7453125 0.03125 0.040625
0 0.9328125 0.746875 0.03125 0.040625
0 0.08125 0.74921875 0.03125 0.0421875
0 0.11015625 0.75078125 0.0328125 0.0421875
0 0.1390625 0.75234375 0.03125 0.0421875
0 0.165625 0.75390625 0.03125 0.0421875
0 0.19609375 0.75703125 0.0328125 0.0421875
0 0.22421875 0.75703125 0.0328125 0.0421875
0 0.253125 0.76015625 0.03125 0.0421875
0 0.2828125 0.76015625 0.03125 0.0421875
0 0.3109375 0.76171875 0.03125 0.0421875
0 0.33984375 0.76171875 0.0328125 0.0421875
0 0.4 0.76328125 0.03125 0.0421875
0 0.3703125 0.76328125 0.03125 0.0421875
0 0.42890625 0.76484375 0.0328125 0.0421875
0 0.45859375 0.76640625 0.0328125 0.0421875
0 0.48828125 0.76640625 0.0328125 0.0421875
0 0.51796875 0.76796875 0.0328125 0.0421875
0 0.54921875 0.76796875 0.0328125 0.0421875
0 0.578125 0.76953125 0.03125 0.0421875
0 0.60625 0.76953125 0.03125 0.0421875
0 0.63671875 0.77109375 0.0328125 0.0421875
0 0.66640625 0.77265625 0.0328125 0.0421875
0 0.6984375 0.77421875 0.03125 0.0421875
0 0.72890625 0.77421875 0.0328125 0.0421875
0 0.7578125 0.7765625 0.03125 0.040625
0 0.790625 0.778125 0.03125 0.040625
0 0.853125 0.778125 0.03125 0.040625
0 0.915625 0.7796875 0.03125 0.040625
0 0.8203125 0.7796875 0.03125 0.040625
0 0.8859375 0.7796875 0.03125 0.040625
0 0.15703125 0.31015625 0.0328125 0.0421875
0 0.1890625 0.31015625 0.03125 0.0421875
0 0.12578125 0.3109375 0.0328125 0.04375
0 0.0625 0.3109375 0.03125 0.04375
0 0.09453125 0.3109375 0.0328125 0.04375
0 0.25234375 0.31171875 0.0328125 0.0453125
0 0.22109375 0.3109375 0.0328125 0.04375
0 0.284375 0.31171875 0.03125 0.0453125
0 0.31640625 0.3125 0.0328125 0.046875
0 0.34765625 0.3125 0.0328125 0.046875
0 0.378125 0.3140625 0.03125 0.046875
0 0.41015625 0.315625 0.0328125 0.046875
0 0.6671875 0.31875 0.034375 0.046875
0 0.7 0.31953125 0.034375 0.0453125
0 0.734375 0.31875 0.034375 0.046875
0 0.634375 0.31875 0.034375 0.046875
0 0.765625 0.31953125 0.034375 0.0453125
0 0.8 0.31875 0.034375 0.046875
0 0.8328125 0.31953125 0.034375 0.0453125
0 0.865625 0.3203125 0.034375 0.046875