0 0.10546875 0.2578125 0.1859375 0.134375
0 0.2859375 0.265625 0.184375 0.134375
0 0.465625 0.278125 0.178125 0.134375
0 0.6421875 0.28203125 0.184375 0.1359375
0 0.8265625 0.30546875 0.184375 0.1328125
0 0.1015625 0.38984375 0.19375 0.1390625
0 0.28828125 0.39921875 0.1859375 0.1359375
0 0.4625 0.41171875 0.178125 0.1328125
0 0.6390625 0.415625 0.18125 0.134375
0 0.8171875 0.4359375 0.1875 0.134375
0 0.09765625 0.53125 0.1828125 0.14375
0 0.27890625 0.5328125 0.1890625 0.140625
0 0.45859375 0.540625 0.1828125 0.1375
0 0.63828125 0.56328125 0.1859375 0.1390625
0 0.82578125 0.57109375 0.1953125 0.1390625
0 0.0875 0.67421875 0.175 0.1484375
0 0.27421875 0.68046875 0.1921875 0.1484375
0 0.4625 0.68984375 0.190625 0.1484375
0 0.6453125 0.70546875 0.1875 0.1453125
0 0.83125 0.71015625 0.1875 0.1453125
0 0.10859375 0.12890625 0.1828125 0.1296875
0 0.28984375 0.13359375 0.1828125 0.1328125
0 0.46796875 0.14453125 0.1796875 0.1359375
0 0.6546875 0.15 0.18125 0.13125
0 0.83984375 0.17734375 0.1796875 0.1296875