0 0.23291015625 0.7493489583333334 0.0400390625 0.052083333333333336
0 0.3525390625 0.8489583333333334 0.0400390625 0.052083333333333336
0 0.392333984375 0.8528645833333334 0.04052734375 0.052083333333333336
0 0.411865234375 0.8131510416666666 0.04248046875 0.053385416666666664
0 0.2705078125 0.7552083333333334 0.0400390625 0.052083333333333336
0 0.371337890625 0.80859375 0.04150390625 0.05078125
0 0.39013671875 0.7685546875 0.04296875 0.054036458333333336
0 0.431640625 0.7708333333333334 0.04296875 0.053385416666666664
0 0.431640625 0.8597005208333334 0.041015625 0.054036458333333336
0 0.4521484375 0.8173828125 0.0419921875 0.055338541666666664
0 0.3095703125 0.7610677083333334 0.0419921875 0.053385416666666664
0 0.298583984375 0.4837239583333333 0.04443359375 0.05859375
0 0.349609375 0.7646484375 0.0419921875 0.052734375
0 0.3876953125 0.5865885416666666 0.0439453125 0.057291666666666664
0 0.289306640625 0.712890625 0.04150390625 0.053385416666666664
0 0.272705078125 0.43359375 0.04541015625 0.059895833333333336
0 0.331787109375 0.8050130208333334 0.04150390625 0.051432291666666664
0 0.239013671875 0.5279947916666666 0.04248046875 0.057291666666666664
0 0.47216796875 0.8642578125 0.0419921875 0.054036458333333336
0 0.303955078125 0.5791015625 0.04248046875 0.056640625
0 0.40966796875 0.6337890625 0.0439453125 0.056640625
0 0.29248046875 0.8004557291666666 0.041015625 0.051432291666666664
0 0.40771484375 0.5397135416666666 0.0439453125 0.057291666666666664
0 0.38232421875 0.38671875 0.046875 0.0625
0 0.59765625 0.8772786458333334 0.0439453125 0.052734375
0 0.248291015625 0.10774739583333333 0.04833984375 0.06705729166666667
0 0.2802734375 0.5309244791666666 0.04296875 0.057942708333333336
0 0.19921875 0.8291015625 0.0380859375 0.051432291666666664
0 0.317626953125 0.435546875 0.04541015625 0.061197916666666664
0 0.254150390625 0.794921875 0.03955078125 0.052083333333333336
0 0.367919921875 0.630859375 0.04345703125 0.0546875
0 0.2099609375 0.22395833333333334 0.0458984375 0.06510416666666667
0 0.229248046875 0.4329427083333333 0.04541015625 0.057291666666666664
0 0.345458984375 0.5830078125 0.04345703125 0.056640625
0 0.195556640625 0.744140625 0.03857421875 0.052083333333333336
0 0.8671875 0.1044921875 0.0556640625 0.07486979166666667
0 0.76025390625 0.10188802083333333 0.0537109375 0.07356770833333333
0 0.25634765625 0.4814453125 0.04296875 0.056640625
0 0.472900390625 0.7750651041666666 0.04248046875 0.055338541666666664
0 0.2958984375 0.10546875 0.05078125 0.06770833333333333
0 0.32568359375 0.162109375 0.0498046875 0.06901041666666667
0 0.914306640625 0.40625 0.05224609375 0.06640625
0 0.676025390625 0.16341145833333334 0.05419921875 0.07291666666666667
0 0.492431640625 0.8238932291666666 0.04248046875 0.054036458333333336
0 0.29150390625 0.3831380208333333 0.046875 0.06315104166666667
0 0.32958984375 0.7177734375 0.0419921875 0.055338541666666664
0 0.7080078125 0.09993489583333333 0.0546875 0.07486979166666667
0 0.729248046875 0.16536458333333334 0.05419921875 0.07291666666666667
0 0.406005859375 0.4401041666666667 0.04541015625 0.061197916666666664
0 0.348876953125 0.673828125 0.04248046875 0.053385416666666664
0 0.275390625 0.16536458333333334 0.048828125 0.06901041666666667
0 0.2275390625 0.16666666666666666 0.046875 0.06770833333333333
0 0.922119140625 0.10514322916666667 0.05615234375 0.07486979166666667
0 0.26318359375 0.5758463541666666 0.0419921875 0.055338541666666664
0 0.43017578125 0.5888671875 0.0439453125 0.057942708333333336
0 0.30517578125 0.220703125 0.048828125 0.06640625
0 0.347412109375 0.1015625 0.05126953125 0.06901041666666667
0 0.513427734375 0.8681640625 0.04248046875 0.051432291666666664
0 0.88720703125 0.16829427083333334 0.0546875 0.07486979166666667
0 0.833984375 0.16796875 0.0537109375 0.07421875
0 0.256103515625 0.22298177083333334 0.04736328125 0.06705729166666667
0 0.37548828125 0.16048177083333334 0.0498046875 0.06966145833333333
0 0.237060546875 0.2786458333333333 0.04736328125 0.06510416666666667
0 0.3701171875 0.7213541666666666 0.0419921875 0.055989583333333336
0 0.398193359375 0.09830729166666667 0.05126953125 0.07291666666666667
0 0.49755859375 0.09928385416666667 0.0517578125 0.07486979166666667
0 0.523681640625 0.035807291666666664 0.05224609375 0.07161458333333333
0 0.113037109375 0.11100260416666667 0.04443359375 0.06705729166666667
0 0.19970703125 0.3831380208333333 0.044921875 0.061848958333333336
0 0.781982421875 0.16666666666666666 0.05322265625 0.07421875
0 0.244140625 0.3831380208333333 0.0458984375 0.061848958333333336
0 0.813720703125 0.103515625 0.05517578125 0.07161458333333333
0 0.40087890625 0.22005208333333334 0.0478515625 0.06901041666666667
0 0.941162109375 0.1708984375 0.05517578125 0.076171875
0 0.21337890625 0.4801432291666667 0.0439453125 0.057942708333333336
0 0.55859375 0.6904296875 0.044921875 0.057942708333333336
0 0.80322265625 0.22884114583333334 0.052734375 0.072265625
0 0.164794921875 0.22493489583333334 0.04541015625 0.06575520833333333
0 0.17431640625 0.33203125 0.0439453125 0.0625
0 0.640869140625 0.8818359375 0.04443359375 0.054036458333333336
0 0.521728515625 0.16178385416666666 0.05126953125 0.07356770833333333
0 0.201171875 0.11002604166666667 0.046875 0.06770833333333333
0 0.57958984375 0.7395833333333334 0.044921875 0.055989583333333336
0 0.274169921875 0.8395182291666666 0.03955078125 0.052734375
0 0.472900390625 0.16178385416666666 0.04931640625 0.072265625
0 0.322021484375 0.5341796875 0.04345703125 0.057942708333333336
0 0.668701171875 0.2845052083333333 0.05224609375 0.06901041666666667
0 0.223388671875 0.5729166666666666 0.04150390625 0.0546875
0 0.341552734375 0.4866536458333333 0.04443359375 0.059244791666666664
0 0.843505859375 0.34765625 0.05224609375 0.06770833333333333
0 0.8125 0.4029947916666667 0.0517578125 0.06510416666666667
0 0.250732421875 0.708984375 0.04052734375 0.053385416666666664
0 0.6982421875 0.2255859375 0.052734375 0.07096354166666667
0 0.26513671875 0.330078125 0.0478515625 0.06380208333333333
0 0.4970703125 0.22233072916666666 0.0498046875 0.06966145833333333
0 0.86328125 0.404296875 0.052734375 0.06510416666666667
0 0.1484375 0.2796223958333333 0.04296875 0.06315104166666667
0 0.229248046875 0.6624348958333334 0.04150390625 0.054036458333333336
0 0.473388671875 0.591796875 0.04443359375 0.057291666666666664
0 0.75146484375 0.505859375 0.05078125 0.061197916666666664
0 0.447509765625 0.09928385416666667 0.05029296875 0.07356770833333333
0 0.600341796875 0.09928385416666667 0.05322265625 0.07356770833333333
0 0.427490234375 0.3893229166666667 0.04638671875 0.0625
0 0.183349609375 0.16796875 0.04443359375 0.06770833333333333
0 0.106201171875 0.279296875 0.04345703125 0.0625
0 0.156982421875 0.11067708333333333 0.04541015625 0.06770833333333333
0 0.097412109375 0.16927083333333334 0.04345703125 0.06640625
0 0.0869140625 0.4775390625 0.0400390625 0.056640625
0 0.572509765625 0.162109375 0.05224609375 0.07421875
0 0.353759765625 0.21907552083333334 0.04833984375 0.068359375
0 0.6240234375 0.16243489583333334 0.052734375 0.072265625
0 0.284912109375 0.2766927083333333 0.04833984375 0.06510416666666667
0 0.36181640625 0.4378255208333333 0.0458984375 0.060546875
0 0.308349609375 0.6705729166666666 0.04150390625 0.0546875
0 0.5458984375 0.22233072916666666 0.05078125 0.072265625
0 0.218994140625 0.3313802083333333 0.04541015625 0.0625
0 0.332275390625 0.2760416666666667 0.04736328125 0.06640625
0 0.425537109375 0.2796223958333333 0.04833984375 0.06705729166666667
0 0.357421875 0.33203125 0.046875 0.06510416666666667
0 0.58447265625 0.548828125 0.0458984375 0.059895833333333336
0 0.311767578125 0.3297526041666667 0.04638671875 0.064453125
0 0.422607421875 0.0361328125 0.05322265625 0.072265625
0 0.548095703125 0.0986328125 0.05224609375 0.07486979166666667
0 0.44873046875 0.2216796875 0.048828125 0.06966145833333333
0 0.451171875 0.5419921875 0.044921875 0.057942708333333336
0 0.23681640625 0.8336588541666666 0.0380859375 0.051432291666666664
0 0.246337890625 0.619140625 0.04052734375 0.0546875
0 0.10009765625 0.4309895833333333 0.0419921875 0.05859375
0 0.11669921875 0.3818359375 0.041015625 0.061848958333333336
0 0.646484375 0.22428385416666666 0.0517578125 0.07096354166666667
0 0.539794921875 0.546875 0.04638671875 0.05859375
0 0.595703125 0.22265625 0.0517578125 0.07161458333333333
0 0.560791015625 0.595703125 0.04541015625 0.05859375
0 0.06201171875 0.2786458333333333 0.044921875 0.0625
0 0.424072265625 0.16080729166666666 0.04931640625 0.07161458333333333
0 0.212158203125 0.7037760416666666 0.03955078125 0.052083333333333336
0 0.07958984375 0.224609375 0.041015625 0.06510416666666667
0 0.602294921875 0.6946614583333334 0.04541015625 0.057291666666666664
0 0.723388671875 0.5550130208333334 0.05029296875 0.060546875
0 0.451904296875 0.6370442708333334 0.04345703125 0.055338541666666664
0 0.156982421875 0.3831380208333333 0.04248046875 0.061848958333333336
0 0.312744140625 0.8470052083333334 0.04052734375 0.052083333333333336
0 0.8017578125 0.5087890625 0.0517578125 0.061848958333333336
0 0.285888671875 0.6236979166666666 0.04248046875 0.0546875
0 0.184814453125 0.4329427083333333 0.04443359375 0.05859375
0 0.753173828125 0.84765625 0.04541015625 0.0546875
0 0.472900390625 0.28125 0.04833984375 0.06770833333333333
0 0.77197265625 0.2880859375 0.0537109375 0.068359375
0 0.516845703125 0.5940755208333334 0.04638671875 0.057942708333333336
0 0.536376953125 0.7353515625 0.04443359375 0.055338541666666664
0 0.191650390625 0.2789713541666667 0.04443359375 0.064453125
0 0.37890625 0.2770182291666667 0.046875 0.06705729166666667
0 0.47265625 0.0361328125 0.0517578125 0.072265625
0 0.520751953125 0.2819010416666667 0.04931640625 0.06770833333333333
0 0.750732421875 0.22786458333333334 0.05322265625 0.07161458333333333
0 0.268310546875 0.6663411458333334 0.04150390625 0.054036458333333336
0 0.1416015625 0.4326171875 0.04296875 0.059244791666666664
0 0.1201171875 0.224609375 0.0439453125 0.06510416666666667
0 0.47314453125 0.3916015625 0.046875 0.06315104166666667
0 0.4521484375 0.7281901041666666 0.04296875 0.055338541666666664
0 0.4111328125 0.7255859375 0.0419921875 0.055338541666666664
0 0.127685546875 0.4791666666666667 0.04248046875 0.057291666666666664
0 0.14013671875 0.1689453125 0.0439453125 0.06705729166666667
0 0.3896484375 0.677734375 0.0419921875 0.0546875
0 0.43115234375 0.6813151041666666 0.04296875 0.055338541666666664
0 0.617919921875 0.2822265625 0.05126953125 0.068359375
0 0.84130859375 0.6139322916666666 0.05078125 0.059895833333333336
0 0.78466796875 0.7083333333333334 0.048828125 0.057291666666666664
0 0.569091796875 0.2815755208333333 0.04931640625 0.068359375
0 0.82373046875 0.2890625 0.052734375 0.0703125
0 0.697021484375 0.6041666666666666 0.04736328125 0.059895833333333336
0 0.54150390625 0.4459635416666667 0.046875 0.061197916666666664
0 0.070068359375 0.11165364583333333 0.04541015625 0.06705729166666667
0 0.076171875 0.3811848958333333 0.04296875 0.060546875
0 0.2158203125 0.7890625 0.0390625 0.052083333333333336
0 0.495361328125 0.5442708333333334 0.04541015625 0.05859375
0 0.626220703125 0.6490885416666666 0.04638671875 0.057291666666666664
0 0.67138671875 0.65234375 0.0478515625 0.05859375
0 0.19677734375 0.5263671875 0.0439453125 0.055338541666666664
0 0.7197265625 0.2854817708333333 0.052734375 0.068359375
0 0.4287109375 0.4918619791666667 0.044921875 0.060546875
0 0.6533203125 0.09993489583333333 0.0546875 0.07486979166666667
0 0.449462890625 0.3362630208333333 0.04736328125 0.06575520833333333
0 0.49609375 0.3375651041666667 0.0478515625 0.064453125
0 0.71337890625 0.75390625 0.0478515625 0.055989583333333336
0 0.1328125 0.3317057291666667 0.04296875 0.061848958333333336
0 0.0908203125 0.3304036458333333 0.0419921875 0.060546875
0 0.79248046875 0.6103515625 0.0498046875 0.060546875
0 0.76123046875 0.3994140625 0.052734375 0.064453125
0 0.906494140625 0.23177083333333334 0.05322265625 0.07161458333333333
0 0.882568359375 0.4606119791666667 0.05126953125 0.064453125
0 0.66748046875 0.7477213541666666 0.046875 0.056640625
0 0.9267578125 0.2919921875 0.0537109375 0.068359375
0 0.821044921875 0.5615234375 0.05126953125 0.060546875
0 0.740234375 0.3430989583333333 0.052734375 0.06770833333333333
0 0.81201171875 0.6617838541666666 0.048828125 0.057942708333333336
0 0.73779296875 0.7057291666666666 0.046875 0.05859375
0 0.581787109375 0.6448567708333334 0.04541015625 0.057942708333333336
0 0.89453125 0.349609375 0.052734375 0.06770833333333333
0 0.18994140625 0.6585286458333334 0.041015625 0.052734375
0 0.622802734375 0.7438151041666666 0.04541015625 0.056640625
0 0.47314453125 0.494140625 0.0458984375 0.059895833333333336
0 0.6435546875 0.7919921875 0.044921875 0.055338541666666664
0 0.650634765625 0.6022135416666666 0.04736328125 0.059895833333333336
0 0.744140625 0.6070963541666666 0.048828125 0.060546875
0 0.68994140625 0.341796875 0.0517578125 0.06640625
0 0.605224609375 0.5992838541666666 0.04638671875 0.057942708333333336
0 0.18212890625 0.5712890625 0.04296875 0.054036458333333336
0 0.832763671875 0.458984375 0.05224609375 0.06380208333333333
0 0.36474609375 0.537109375 0.0439453125 0.05859375
0 0.854736328125 0.23046875 0.05322265625 0.07161458333333333
0 0.166015625 0.6139322916666666 0.0419921875 0.053385416666666664
0 0.61328125 0.3948567708333333 0.048828125 0.064453125
0 0.7646484375 0.6591796875 0.048828125 0.057942708333333336
0 0.05126953125 0.16861979166666666 0.046875 0.06640625
0 0.49462890625 0.6396484375 0.044921875 0.056640625
0 0.49560546875 0.4443359375 0.046875 0.061848958333333336
0 0.703125 0.5026041666666666 0.0498046875 0.061197916666666664
0 0.77294921875 0.8935546875 0.044921875 0.054036458333333336
0 0.473388671875 0.6842447916666666 0.04345703125 0.055989583333333336
0 0.543701171875 0.3385416666666667 0.04833984375 0.06640625
0 0.517822265625 0.4964192708333333 0.04638671875 0.059244791666666664
0 0.09814453125 0.5699869791666666 0.041015625 0.054036458333333336
0 0.73291015625 0.80078125 0.046875 0.0546875
0 0.554931640625 0.8723958333333334 0.04345703125 0.052083333333333336
0 0.599609375 0.7880859375 0.044921875 0.056640625
0 0.56640625 0.3935546875 0.0478515625 0.064453125
0 0.5146484375 0.7802734375 0.0439453125 0.056640625
0 0.79248046875 0.345703125 0.052734375 0.06640625
0 0.1328125 0.6969401041666666 0.0400390625 0.050130208333333336
0 0.591064453125 0.3385416666666667 0.04931640625 0.06640625
0 0.6298828125 0.5504557291666666 0.046875 0.060546875
0 0.874755859375 0.2903645833333333 0.05322265625 0.06901041666666667
0 0.6201171875 0.8362630208333334 0.044921875 0.054036458333333336
0 0.71728515625 0.6549479166666666 0.0478515625 0.05859375
0 0.563232421875 0.498046875 0.04638671875 0.061197916666666664
0 0.676025390625 0.5524088541666666 0.04833984375 0.060546875
0 0.7978515625 0.8505859375 0.0458984375 0.056640625
0 0.646728515625 0.6985677083333334 0.04638671875 0.057291666666666664
0 0.403564453125 0.333984375 0.04638671875 0.06510416666666667
0 0.58740234375 0.4469401041666667 0.0478515625 0.061848958333333336
0 0.639892578125 0.33984375 0.05029296875 0.06770833333333333
0 0.17919921875 0.7838541666666666 0.0390625 0.052083333333333336
0 0.78125 0.4541015625 0.0517578125 0.06315104166666667
0 0.60888671875 0.4990234375 0.0478515625 0.060546875
0 0.710693359375 0.3974609375 0.05126953125 0.064453125
0 0.6845703125 0.88671875 0.044921875 0.053385416666666664
0 0.1240234375 0.61328125 0.041015625 0.053385416666666664
0 0.772216796875 0.55859375 0.05029296875 0.059895833333333336
0 0.576171875 0.0361328125 0.0537109375 0.072265625
0 0.38525390625 0.4895833333333333 0.044921875 0.059895833333333336
0 0.149658203125 0.65625 0.04150390625 0.052083333333333336
0 0.1171875 0.7360026041666666 0.0390625 0.048828125
0 0.85205078125 0.5126953125 0.0517578125 0.06315104166666667
0 0.336669921875 0.3841145833333333 0.04638671875 0.06380208333333333
0 0.6640625 0.8401692708333334 0.0458984375 0.055338541666666664
0 0.823974609375 0.8053385416666666 0.04736328125 0.055989583333333336
0 0.515869140625 0.6875 0.04443359375 0.055989583333333336
0 0.139404296875 0.5706380208333334 0.04345703125 0.054036458333333336
0 0.86083984375 0.6650390625 0.0498046875 0.059244791666666664
0 0.6611328125 0.3955078125 0.0498046875 0.064453125
0 0.682373046875 0.4498697916666667 0.04931640625 0.0625
0 0.75830078125 0.7545572916666666 0.0458984375 0.057291666666666664
0 0.326416015625 0.6272786458333334 0.04248046875 0.055338541666666664
0 0.778076171875 0.8033854166666666 0.04736328125 0.055989583333333336
0 0.556640625 0.7838541666666666 0.044921875 0.055989583333333336
0 0.708251953125 0.8440755208333334 0.04638671875 0.055338541666666664
0 0.1259765625 0.8154296875 0.037109375 0.050130208333333336
0 0.1572265625 0.7392578125 0.0400390625 0.050130208333333336
0 0.108154296875 0.6555989583333334 0.03955078125 0.052083333333333336
0 0.90283203125 0.5152994791666666 0.0517578125 0.06315104166666667
0 0.16943359375 0.4801432291666667 0.0439453125 0.056640625
0 0.161376953125 0.8212890625 0.03759765625 0.050130208333333336
0 0.88037109375 0.7145182291666666 0.048828125 0.057942708333333336
0 0.87158203125 0.5654296875 0.05078125 0.061848958333333336
0 0.153076171875 0.5260416666666666 0.04345703125 0.055989583333333336
0 0.537841796875 0.6416015625 0.04443359375 0.056640625
0 0.80419921875 0.7578125 0.0478515625 0.05859375
0 0.111572265625 0.5250651041666666 0.04150390625 0.055338541666666664
0 0.14111328125 0.7776692708333334 0.0380859375 0.050130208333333336
0 0.89111328125 0.6178385416666666 0.0498046875 0.059895833333333336
0 0.851318359375 0.7607421875 0.04833984375 0.057942708333333336
0 0.688232421875 0.7962239583333334 0.04638671875 0.055989583333333336
0 0.494140625 0.7314453125 0.04296875 0.055338541666666664
0 0.72900390625 0.890625 0.044921875 0.053385416666666664
0 0.817626953125 0.8977864583333334 0.04541015625 0.0546875
0 0.655029296875 0.5006510416666666 0.04833984375 0.061197916666666664
0 0.534423828125 0.8274739583333334 0.04345703125 0.053385416666666664
0 0.7314453125 0.4524739583333333 0.05078125 0.0625
0 0.634033203125 0.4482421875 0.04833984375 0.061848958333333336
0 0.69189453125 0.7018229166666666 0.046875 0.05859375
0 0.843017578125 0.8522135416666666 0.04638671875 0.057291666666666664
0 0.173583984375 0.7005208333333334 0.04052734375 0.05078125
0 0.831787109375 0.7119140625 0.04931640625 0.057942708333333336
0 0.57666015625 0.8313802083333334 0.0439453125 0.053385416666666664
0 0.86181640625 0.8984375 0.044921875 0.053385416666666664
0 0.4501953125 0.4423828125 0.0458984375 0.061848958333333336
0 0.206787109375 0.6162109375 0.04150390625 0.054036458333333336
0 0.51904296875 0.392578125 0.046875 0.06380208333333333
0 0.870849609375 0.8079427083333334 0.04638671875 0.0546875