0 0.90859375 0.346875 0.0453125 0.0625
0 0.8625 0.346875 0.046875 0.0625
0 0.8171875 0.34765625 0.046875 0.0640625
0 0.771875 0.34765625 0.046875 0.0640625
0 0.7265625 0.34765625 0.046875 0.0640625
0 0.6796875 0.34921875 0.046875 0.0640625
0 0.634375 0.35 0.046875 0.0625
0 0.58984375 0.35 0.0453125 0.0625
0 0.49921875 0.3515625 0.0453125 0.0625
0 0.54453125 0.3515625 0.0453125 0.0625
0 0.45703125 0.3515625 0.0453125 0.0625
0 0.41171875 0.3515625 0.0453125 0.0625
0 0.3671875 0.35234375 0.046875 0.0609375
0 0.31953125 0.35703125 0.0484375 0.0609375
0 0.271875 0.36015625 0.046875 0.0609375
0 0.2234375 0.36328125 0.046875 0.0609375
0 0.18046875 0.3640625 0.0453125 0.0625
0 0.13671875 0.3640625 0.0453125 0.0625
0 0.09375 0.36328125 0.04375 0.0609375
0 0.8375 0.4 0.046875 0.0625
0 0.8828125 0.4 0.046875 0.0625
0 0.7921875 0.4 0.046875 0.0625
0 0.746875 0.4015625 0.046875 0.0625
0 0.7015625 0.4015625 0.046875 0.0625
0 0.65625 0.40234375 0.046875 0.0640625
0 0.61171875 0.403125 0.0453125 0.0625
0 0.56640625 0.403125 0.0453125 0.0625
0 0.43515625 0.40234375 0.0453125 0.0609375
0 0.39140625 0.403125 0.0453125 0.0625
0 0.47890625 0.40390625 0.0453125 0.0609375
0 0.52265625 0.403125 0.0453125 0.0625
0 0.34765625 0.40390625 0.0453125 0.0609375
0 0.29921875 0.4078125 0.0484375 0.059375
0 0.253125 0.4109375 0.046875 0.059375
0 0.2046875 0.41328125 0.046875 0.0609375
0 0.1609375 0.41484375 0.04375 0.0609375
0 0.11875 0.41484375 0.04375 0.0609375
0 0.85859375 0.4515625 0.0453125 0.0625
0 0.90234375 0.453125 0.0453125 0.0625
0 0.8125 0.45234375 0.046875 0.0640625
0 0.7671875 0.453125 0.046875 0.0625
0 0.72265625 0.453125 0.0453125 0.0625
0 0.678125 0.453125 0.046875 0.0625
0 0.63203125 0.45390625 0.0453125 0.0609375
0 0.37109375 0.45390625 0.0453125 0.0609375
0 0.4140625 0.45390625 0.04375 0.0609375
0 0.45703125 0.45390625 0.0453125 0.0609375
0 0.5875 0.45390625 0.04375 0.0609375
0 0.54375 0.45390625 0.04375 0.0609375
0 0.32734375 0.45390625 0.0453125 0.0609375
0 0.50078125 0.45390625 0.0453125 0.0609375
0 0.278125 0.45859375 0.046875 0.0578125
0 0.2328125 0.4609375 0.046875 0.059375
0 0.18515625 0.46484375 0.0453125 0.0609375
0 0.1015625 0.46484375 0.040625 0.0578125
0 0.1421875 0.46484375 0.04375 0.0609375
0 0.30703125 0.50234375 0.0453125 0.0578125
0 0.48046875 0.503125 0.0453125 0.059375
0 0.87734375 0.50234375 0.0453125 0.0609375
0 0.39453125 0.50390625 0.0453125 0.0609375
0 0.4359375 0.50390625 0.04375 0.0609375
0 0.35 0.503125 0.04375 0.059375
0 0.69765625 0.50390625 0.0453125 0.0609375
0 0.7421875 0.50390625 0.046875 0.0609375
0 0.83203125 0.50390625 0.0453125 0.0609375
0 0.7875 0.50390625 0.046875 0.0609375
0 0.521875 0.503125 0.04375 0.059375
0 0.565625 0.50390625 0.04375 0.0609375
0 0.61015625 0.50390625 0.0453125 0.0609375
0 0.65390625 0.50390625 0.0453125 0.0609375
0 0.259375 0.50859375 0.046875 0.0578125
0 0.21484375 0.51015625 0.0453125 0.0578125
0 0.16640625 0.51328125 0.0453125 0.0578125
0 0.12421875 0.5140625 0.0421875 0.059375
0 0.33125 0.55078125 0.04375 0.0578125
0 0.2875 0.55234375 0.046875 0.0578125
0 0.415625 0.55234375 0.04375 0.0578125
0 0.3734375 0.5515625 0.04375 0.059375
0 0.4578125 0.55234375 0.04375 0.0578125
0 0.5015625 0.5515625 0.04375 0.059375
0 0.54375 0.553125 0.04375 0.059375
0 0.5875 0.553125 0.04375 0.059375
0 0.71953125 0.553125 0.0453125 0.059375
0 0.8953125 0.553125 0.04375 0.059375
0 0.76328125 0.553125 0.0453125 0.059375
0 0.80703125 0.553125 0.0453125 0.059375
0 0.85234375 0.553125 0.0453125 0.059375
0 0.63125 0.553125 0.04375 0.059375
0 0.675 0.5546875 0.046875 0.059375
0 0.240625 0.55703125 0.046875 0.0578125
0 0.19609375 0.5578125 0.0453125 0.05625
0 0.15 0.56015625 0.04375 0.0578125
0 0.10859375 0.56171875 0.0421875 0.0578125
0 0.3109375 0.59921875 0.04375 0.0578125
0 0.353125 0.59921875 0.04375 0.0578125
0 0.26953125 0.59921875 0.0453125 0.0578125
0 0.4796875 0.59921875 0.04375 0.0578125
0 0.4375 0.59921875 0.04375 0.0578125
0 0.3953125 0.59921875 0.04375 0.0578125
0 0.5234375 0.60078125 0.04375 0.0578125
0 0.565625 0.60078125 0.04375 0.0578125
0 0.6078125 0.60078125 0.04375 0.0578125
0 0.65234375 0.6015625 0.0453125 0.059375
0 0.69609375 0.60234375 0.0453125 0.0578125
0 0.7390625 0.603125 0.04375 0.059375
0 0.87265625 0.603125 0.0453125 0.059375
0 0.78359375 0.603125 0.0453125 0.059375
0 0.82890625 0.603125 0.0453125 0.059375
0 0.22109375 0.60390625 0.0453125 0.0578125
0 0.17734375 0.60546875 0.0453125 0.0578125
0 0.13125 0.6078125 0.04375 0.05625
0 0.2921875 0.64609375 0.04375 0.0578125
0 0.334375 0.646875 0.04375 0.059375
0 0.459375 0.64609375 0.04375 0.0578125
0 0.24921875 0.64765625 0.0453125 0.0578125
0 0.37578125 0.64765625 0.0421875 0.0578125
0 0.4171875 0.64765625 0.04375 0.0578125
0 0.5015625 0.64765625 0.04375 0.0578125
0 0.54375 0.64765625 0.04375 0.0578125
0 0.5859375 0.64765625 0.04375 0.0578125
0 0.6296875 0.64921875 0.04375 0.0578125
0 0.67265625 0.64921875 0.0453125 0.0578125
0 0.715625 0.65078125 0.04375 0.0578125
0 0.759375 0.65078125 0.04375 0.0578125
0 0.846875 0.6515625 0.04375 0.059375
0 0.20390625 0.6515625 0.0453125 0.05625
0 0.890625 0.6515625 0.04375 0.059375
0 0.8046875 0.6515625 0.04375 0.059375
0 0.15859375 0.65234375 0.0453125 0.0578125
0 0.11484375 0.6546875 0.0421875 0.05625
0 0.271875 0.6921875 0.04375 0.05625
0 0.31484375 0.69375 0.0421875 0.05625
0 0.23046875 0.69375 0.0453125 0.05625
0 0.396875 0.69296875 0.04375 0.0578125
0 0.35546875 0.69453125 0.0421875 0.0578125
0 0.4390625 0.69453125 0.04375 0.0578125
0 0.52421875 0.69453125 0.0421875 0.0578125
0 0.56484375 0.69453125 0.0421875 0.0578125
0 0.48203125 0.69609375 0.0421875 0.0578125
0 0.6078125 0.69609375 0.04375 0.0578125
0 0.65 0.69609375 0.04375 0.0578125
0 0.18515625 0.69765625 0.0453125 0.0546875
0 0.69375 0.696875 0.04375 0.059375
0 0.7359375 0.69765625 0.04375 0.0578125
0 0.14140625 0.69921875 0.0421875 0.0546875
0 0.86640625 0.69921875 0.0421875 0.0578125
0 0.78046875 0.69921875 0.0453125 0.0578125
0 0.82265625 0.6984375 0.0453125 0.059375
0 0.2125 0.7390625 0.040625 0.05625
0 0.25390625 0.7390625 0.0421875 0.05625
0 0.29453125 0.73984375 0.0421875 0.0578125
0 0.33671875 0.73984375 0.0421875 0.0578125
0 0.37734375 0.73984375 0.0421875 0.0578125
0 0.41875 0.73984375 0.04375 0.0578125
0 0.4609375 0.73984375 0.04375 0.0578125
0 0.5015625 0.74140625 0.04375 0.0578125
0 0.54453125 0.74140625 0.0421875 0.0578125
0 0.5859375 0.74140625 0.04375 0.0578125
0 0.16640625 0.7421875 0.0453125 0.05625
0 0.1234375 0.74375 0.040625 0.05625
0 0.628125 0.74296875 0.04375 0.0578125
0 0.6703125 0.74453125 0.04375 0.0578125
0 0.7140625 0.74453125 0.04375 0.0578125
0 0.75625 0.74453125 0.04375 0.0578125
0 0.7984375 0.74609375 0.04375 0.0578125
0 0.8421875 0.74609375 0.04375 0.0578125
0 0.8859375 0.74921875 0.04375 0.0578125
0 0.19296875 0.7828125 0.0421875 0.05625
0 0.23515625 0.784375 0.0421875 0.05625
0 0.275 0.784375 0.040625 0.05625
0 0.31640625 0.784375 0.0421875 0.05625
0 0.3578125 0.78515625 0.040625 0.0578125
0 0.39921875 0.78671875 0.0421875 0.0578125
0 0.43984375 0.78671875 0.0421875 0.0578125
0 0.48203125 0.78671875 0.0421875 0.0578125
0 0.1484375 0.78671875 0.04375 0.0546875
0 0.52265625 0.78671875 0.0421875 0.0578125
0 0.5640625 0.78828125 0.04375 0.0578125
0 0.6078125 0.78984375 0.04375 0.0578125
0 0.6484375 0.7890625 0.04375 0.05625
0 0.690625 0.790625 0.04375 0.05625
0 0.734375 0.79140625 0.04375 0.0578125
0 0.8609375 0.790625 0.04375 0.05625
0 0.77578125 0.79140625 0.0421875 0.0578125
0 0.81875 0.79140625 0.04375 0.0578125
0 0.1734375 0.828125 0.04375 0.053125
0 0.215625 0.82890625 0.040625 0.0546875
0 0.25625 0.82890625 0.040625 0.0546875
0 0.13046875 0.8296875 0.0421875 0.053125
0 0.296875 0.8296875 0.040625 0.05625
0 0.3375 0.83125 0.040625 0.05625
0 0.37890625 0.83125 0.0421875 0.05625
0 0.42109375 0.83125 0.0421875 0.05625
0 0.46171875 0.8328125 0.0421875 0.05625
0 0.50234375 0.8328125 0.0421875 0.05625
0 0.54453125 0.83359375 0.0421875 0.0578125
0 0.58515625 0.83515625 0.0421875 0.0578125
0 0.6265625 0.83515625 0.04375 0.0578125
0 0.66875 0.83671875 0.04375 0.0578125
0 0.88046875 0.8375 0.0421875 0.05625
0 0.7109375 0.83828125 0.04375 0.0578125
0 0.753125 0.83828125 0.04375 0.0578125
0 0.8390625 0.83828125 0.04375 0.0578125
0 0.796875 0.83828125 0.04375 0.0578125
0 0.15625 0.86953125 0.040625 0.0515625
0 0.19765625 0.871875 0.0421875 0.053125
0 0.23828125 0.87421875 0.0421875 0.0546875
0 0.278125 0.87421875 0.040625 0.0546875
0 0.31875 0.875 0.040625 0.05625
0 0.35859375 0.8765625 0.0421875 0.05625
0 0.40078125 0.87734375 0.0421875 0.0546875
0 0.44140625 0.87734375 0.0421875 0.0546875
0 0.48203125 0.878125 0.0421875 0.05625
0 0.52421875 0.87890625 0.0421875 0.0578125
0 0.56484375 0.87890625 0.0421875 0.0578125
0 0.60546875 0.88046875 0.0421875 0.0578125
0 0.64765625 0.8828125 0.0421875 0.05625
0 0.68984375 0.8828125 0.0421875 0.05625
0 0.73125 0.88203125 0.04375 0.0546875
0 0.8578125 0.88203125 0.04375 0.0546875
0 0.77421875 0.8828125 0.0421875 0.05625
0 0.81640625 0.884375 0.0421875 0.05625
0 0.1375 0.91328125 0.040625 0.0546875
0 0.178125 0.91328125 0.040625 0.0546875
0 0.21953125 0.91640625 0.0421875 0.0546875
0 0.259375 0.91796875 0.040625 0.0546875
0 0.29921875 0.91953125 0.0390625 0.0546875
0 0.3390625 0.91953125 0.040625 0.0546875
0 0.3796875 0.92109375 0.040625 0.0546875
0 0.42109375 0.92109375 0.0421875 0.0546875
0 0.50390625 0.92265625 0.0421875 0.0546875
0 0.46171875 0.921875 0.0421875 0.053125
0 0.54453125 0.9234375 0.0421875 0.053125
0 0.584375 0.92421875 0.040625 0.0546875
0 0.62578125 0.92421875 0.0421875 0.0546875
0 0.66796875 0.92578125 0.0421875 0.0546875
0 0.8765625 0.92578125 0.040625 0.0546875
0 0.79296875 0.92734375 0.0421875 0.0546875
0 0.83515625 0.92734375 0.0421875 0.0546875
0 0.71015625 0.92734375 0.0421875 0.0546875
0 0.75234375 0.92890625 0.0421875 0.0546875
0 0.5453125 0.12890625 0.046875 0.0671875
0 0.49921875 0.13125 0.0484375 0.065625
0 0.45234375 0.13203125 0.0484375 0.0640625
0 0.40078125 0.13828125 0.0484375 0.0640625
0 0.80234375 0.1828125 0.0484375 0.06875
0 0.89453125 0.1828125 0.0484375 0.065625
0 0.84921875 0.1828125 0.0484375 0.065625
0 0.7546875 0.1828125 0.046875 0.065625
0 0.7078125 0.1828125 0.046875 0.065625
0 0.6609375 0.184375 0.046875 0.065625
0 0.6140625 0.1859375 0.046875 0.065625
0 0.56796875 0.1859375 0.0484375 0.065625
0 0.521875 0.18671875 0.046875 0.0671875
0 0.4765625 0.18828125 0.046875 0.0671875
0 0.4296875 0.18984375 0.05 0.0640625
0 0.37890625 0.19609375 0.0515625 0.0640625
0 0.33046875 0.19921875 0.0484375 0.0640625
0 0.28125 0.203125 0.046875 0.0625
0 0.23671875 0.20390625 0.0453125 0.0640625
0 0.19296875 0.2046875 0.0453125 0.0625
0 0.14921875 0.20546875 0.0453125 0.0609375
0 0.10390625 0.2078125 0.0453125 0.0625
0 0.915625 0.23828125 0.046875 0.0640625
0 0.86953125 0.2390625 0.0484375 0.065625
0 0.821875 0.2390625 0.046875 0.065625
0 0.7765625 0.23984375 0.046875 0.0671875
0 0.7296875 0.23984375 0.046875 0.0671875
0 0.6828125 0.240625 0.046875 0.065625
0 0.63671875 0.2421875 0.0484375 0.065625
0 0.590625 0.2421875 0.046875 0.065625
0 0.5453125 0.24296875 0.046875 0.0671875
0 0.5 0.24453125 0.046875 0.0640625
0 0.4546875 0.24375 0.046875 0.065625
0 0.4078125 0.24453125 0.046875 0.0640625
0 0.35859375 0.2515625 0.0484375 0.0625
0 0.3109375 0.253125 0.046875 0.0625
0 0.2625 0.2578125 0.046875 0.0625
0 0.21796875 0.25859375 0.0453125 0.0640625
0 0.1734375 0.25859375 0.04375 0.0640625
0 0.13046875 0.2609375 0.0453125 0.0625
0 0.0859375 0.26171875 0.04375 0.0609375
0 0.8890625 0.29296875 0.046875 0.0640625
0 0.8421875 0.29453125 0.046875 0.0640625
0 0.796875 0.29375 0.046875 0.0625
0 0.7515625 0.29453125 0.046875 0.0640625
0 0.7046875 0.29609375 0.046875 0.0640625
0 0.659375 0.29609375 0.046875 0.0640625
0 0.6125 0.29765625 0.046875 0.0640625
0 0.5671875 0.29765625 0.046875 0.0640625
0 0.47734375 0.29765625 0.0453125 0.0640625
0 0.521875 0.2984375 0.046875 0.0625
0 0.43359375 0.2984375 0.0453125 0.0625
0 0.3875 0.3 0.046875 0.0625
0 0.33828125 0.3046875 0.0484375 0.0625
0 0.290625 0.3078125 0.046875 0.0625
0 0.2421875 0.3109375 0.046875 0.0625
0 0.19921875 0.3109375 0.0453125 0.0625
0 0.1546875 0.3125 0.04375 0.0625
0 0.1125 0.31328125 0.04375 0.0609375