0 0.528125 0.1640625 0.059375 0.084375
0 0.4703125 0.16015625 0.059375 0.0859375
0 0.58515625 0.1671875 0.0578125 0.084375
0 0.6421875 0.171875 0.059375 0.08125
0 0.46640625 0.3 0.0578125 0.078125
0 0.2140625 0.4796875 0.059375 0.075
0 0.40703125 0.54453125 0.0546875 0.0703125
0 0.3515625 0.15234375 0.0625 0.0859375
0 0.29765625 0.4203125 0.0578125 0.075
0 0.35390625 0.54140625 0.0546875 0.0703125
0 0.3546875 0.42265625 0.05625 0.0734375
0 0.46015625 0.54453125 0.0546875 0.0703125
0 0.43671875 0.36328125 0.0578125 0.0765625
0 0.32578125 0.35703125 0.0578125 0.0765625
0 0.43515625 0.4859375 0.0546875 0.071875
0 0.1546875 0.47890625 0.059375 0.0765625
0 0.10546875 0.13515625 0.0671875 0.0828125
0 0.409375 0.42421875 0.05625 0.0734375
0 0.52265625 0.303125 0.0578125 0.078125
0 0.38125 0.484375 0.05625 0.071875
0 0.48359375 0.6015625 0.0515625 0.06875
0 0.4625 0.42734375 0.05625 0.0734375
0 0.5109375 0.546875 0.053125 0.06875
0 0.6 0.3703125 0.05625 0.075
0 0.85 0.3203125 0.053125 0.075
0 0.240625 0.41796875 0.059375 0.0765625
0 0.41171875 0.15625 0.0609375 0.084375
0 0.48828125 0.48828125 0.0546875 0.0703125
0 0.54609375 0.36875 0.0546875 0.075
0 0.4109375 0.296875 0.059375 0.08125
0 0.4390625 0.22890625 0.059375 0.0828125
0 0.67578125 0.4359375 0.0546875 0.071875
0 0.2671875 0.35390625 0.059375 0.0765625
0 0.51640625 0.43046875 0.0546875 0.0734375
0 0.53984375 0.490625 0.0546875 0.071875
0 0.8109375 0.1875 0.05625 0.078125
0 0.0984375 0.47734375 0.059375 0.0765625
0 0.38203125 0.36015625 0.0578125 0.0765625
0 0.2734375 0.59921875 0.05625 0.0703125
0 0.56953125 0.43125 0.0546875 0.071875
0 0.38203125 0.22578125 0.0609375 0.0828125
0 0.3 0.540625 0.05625 0.071875
0 0.62265625 0.434375 0.0546875 0.071875
0 0.2359375 0.28671875 0.0625 0.0796875
0 0.83046875 0.25546875 0.0546875 0.0765625
0 0.3265625 0.4828125 0.05625 0.071875
0 0.353125 0.2921875 0.059375 0.078125
0 0.175 0.2828125 0.0625 0.08125
0 0.43046875 0.709375 0.0515625 0.065625
0 0.7484375 0.49765625 0.053125 0.0703125
0 0.38046875 0.6 0.0546875 0.06875
0 0.29453125 0.28984375 0.0609375 0.0796875
0 0.35390625 0.65546875 0.0546875 0.0671875
0 0.20703125 0.3515625 0.0609375 0.078125
0 0.18046875 0.415625 0.0609375 0.078125
0 0.81484375 0.38203125 0.0546875 0.0734375
0 0.0796875 0.20703125 0.0625 0.0828125
0 0.56328125 0.5484375 0.0515625 0.06875
0 0.71484375 0.55234375 0.0546875 0.0671875
0 0.4328125 0.60078125 0.053125 0.0671875
0 0.32265625 0.22109375 0.0609375 0.0828125
0 0.14765625 0.35 0.0609375 0.078125
0 0.053125 0.27734375 0.0625 0.0828125
0 0.4046875 0.65625 0.053125 0.06875
0 0.1140625 0.2796875 0.0625 0.08125
0 0.53359375 0.60234375 0.0515625 0.0671875
0 0.740625 0.3140625 0.05625 0.075
0 0.69453125 0.49453125 0.0546875 0.0703125
0 0.48046875 0.709375 0.0515625 0.065625
0 0.7203125 0.246875 0.05625 0.078125
0 0.27578125 0.71015625 0.0546875 0.0671875
0 0.496875 0.2328125 0.059375 0.08125
0 0.75546875 0.18203125 0.0578125 0.0796875
0 0.6875 0.31015625 0.05625 0.0765625
0 0.290625 0.14765625 0.0625 0.0859375
0 0.5921875 0.49140625 0.053125 0.0703125
0 0.2015625 0.21484375 0.0625 0.0828125
0 0.6140625 0.54921875 0.053125 0.0671875
0 0.45625 0.65546875 0.053125 0.0671875
0 0.64375 0.49296875 0.053125 0.0703125
0 0.2625 0.21953125 0.0625 0.0828125
0 0.76640625 0.5546875 0.0515625 0.06875
0 0.21875 0.5984375 0.05625 0.071875
0 0.69921875 0.17734375 0.0578125 0.0796875
0 0.55390625 0.2375 0.0578125 0.08125
0 0.9015625 0.32421875 0.05 0.0765625
0 0.2296875 0.14375 0.0625 0.084375
0 0.24453125 0.5390625 0.0578125 0.071875
0 0.50703125 0.65625 0.0515625 0.065625
0 0.72734375 0.4390625 0.0546875 0.071875
0 0.3015625 0.65546875 0.05625 0.0671875
0 0.49140625 0.36640625 0.0578125 0.0765625
0 0.79609375 0.3171875 0.0546875 0.075
0 0.70859375 0.37578125 0.0546875 0.0734375
0 0.60859375 0.23984375 0.0578125 0.0796875
0 0.27109375 0.48046875 0.0578125 0.0734375
0 0.58359375 0.60390625 0.0515625 0.0671875
0 0.52890625 0.7109375 0.0515625 0.065625
0 0.66484375 0.24296875 0.0578125 0.0796875
0 0.16796875 0.140625 0.0640625 0.084375
0 0.121875 0.41328125 0.059375 0.0765625
0 0.66484375 0.55078125 0.0515625 0.0671875
0 0.10703125 0.59765625 0.0578125 0.0703125
0 0.0640625 0.4125 0.059375 0.078125
0 0.16953125 0.71015625 0.0546875 0.0671875
0 0.32734375 0.59921875 0.0546875 0.0703125
0 0.78046875 0.440625 0.0546875 0.071875
0 0.328125 0.71015625 0.053125 0.0671875
0 0.68515625 0.60625 0.0515625 0.065625
0 0.76171875 0.378125 0.0546875 0.075
0 0.22265625 0.71015625 0.0546875 0.0671875
0 0.83359375 0.44375 0.0546875 0.071875
0 0.86484375 0.19140625 0.0546875 0.0765625
0 0.55546875 0.6578125 0.0515625 0.065625
0 0.16328125 0.59765625 0.0578125 0.0703125
0 0.60546875 0.659375 0.0515625 0.065625
0 0.85078125 0.5015625 0.0515625 0.06875
0 0.79921875 0.49921875 0.0515625 0.0703125
0 0.453125 0.76171875 0.05 0.0640625
0 0.14140625 0.2109375 0.0640625 0.084375
0 0.7765625 0.25234375 0.05625 0.0796875
0 0.78671875 0.61171875 0.0515625 0.0671875
0 0.3796875 0.7109375 0.053125 0.065625
0 0.1140625 0.71015625 0.05625 0.0671875
0 0.73515625 0.60859375 0.0515625 0.0671875
0 0.0890625 0.346875 0.059375 0.078125
0 0.303125 0.76328125 0.053125 0.0640625
0 0.81640625 0.55703125 0.0515625 0.0671875
0 0.63515625 0.60546875 0.0515625 0.0671875
0 0.70390625 0.6609375 0.0515625 0.065625
0 0.35390625 0.76328125 0.0515625 0.0640625
0 0.834375 0.6125 0.05 0.065625
0 0.7546875 0.66328125 0.05 0.0640625
0 0.5015625 0.76328125 0.05 0.0640625
0 0.24765625 0.6546875 0.0546875 0.06875
0 0.08125 0.65546875 0.05625 0.0703125
0 0.5515625 0.76171875 0.05 0.0640625
0 0.37890625 0.81640625 0.0515625 0.0640625
0 0.27734375 0.8171875 0.0515625 0.065625
0 0.67578125 0.71328125 0.0515625 0.0640625
0 0.1984375 0.7625 0.053125 0.065625
0 0.428125 0.81484375 0.05 0.0640625
0 0.0890625 0.76328125 0.05625 0.0671875
0 0.85234375 0.66640625 0.0484375 0.0640625
0 0.3515625 0.8671875 0.05 0.0625
0 0.6546875 0.66015625 0.05 0.0671875
0 0.25234375 0.86875 0.0515625 0.0625
0 0.884375 0.44609375 0.05 0.0703125
0 0.18828125 0.53984375 0.0578125 0.0734375
0 0.803125 0.66484375 0.05 0.0640625
0 0.1203125 0.815625 0.053125 0.0625
0 0.82109375 0.71640625 0.0484375 0.0609375
0 0.1375 0.65546875 0.05625 0.0671875
0 0.14453125 0.76328125 0.0546875 0.0640625
0 0.30234375 0.86875 0.0515625 0.0625
0 0.83984375 0.7671875 0.0453125 0.059375
0 0.19375 0.65546875 0.05625 0.0671875
0 0.22578125 0.81640625 0.0515625 0.0640625
0 0.77265625 0.71484375 0.0484375 0.0640625
0 0.20078125 0.86796875 0.0515625 0.0640625
0 0.4765625 0.81484375 0.05 0.0640625
0 0.725 0.71328125 0.05 0.0640625
0 0.25 0.7640625 0.053125 0.065625
0 0.64765625 0.7640625 0.0484375 0.0625
0 0.4015625 0.8671875 0.05 0.0625
0 0.52421875 0.81484375 0.0484375 0.0640625
0 0.74296875 0.765625 0.0484375 0.0625
0 0.79140625 0.76640625 0.0484375 0.0609375
0 0.6328125 0.30703125 0.05625 0.0765625
0 0.6 0.7625 0.05 0.0625
0 0.4515625 0.86796875 0.05 0.0640625
0 0.884375 0.25859375 0.053125 0.0765625
0 0.32734375 0.815625 0.0515625 0.065625
0 0.65390625 0.3734375 0.0546875 0.075
0 0.69453125 0.7640625 0.0484375 0.0625
0 0.17421875 0.81640625 0.0546875 0.0640625
0 0.57265625 0.81484375 0.0484375 0.0640625
0 0.57734375 0.7109375 0.0515625 0.065625
0 0.5765625 0.30625 0.05625 0.078125
0 0.6203125 0.8140625 0.046875 0.0625
0 0.0734375 0.5390625 0.05625 0.075
0 0.7140625 0.81484375 0.046875 0.0609375
0 0.78203125 0.8625 0.0453125 0.059375
0 0.7625 0.8140625 0.046875 0.059375
0 0.6671875 0.815625 0.046875 0.0625
0 0.734375 0.8640625 0.046875 0.059375
0 0.8671875 0.55859375 0.05 0.0671875
0 0.825 0.8609375 0.04375 0.059375
0 0.59453125 0.86484375 0.0484375 0.0609375
0 0.6875 0.86484375 0.046875 0.0609375
0 0.809375 0.8140625 0.046875 0.059375
0 0.6421875 0.86484375 0.046875 0.0609375
0 0.86796875 0.384375 0.0515625 0.071875
0 0.6265625 0.71171875 0.05 0.0640625
0 0.40390625 0.76328125 0.0515625 0.0640625
0 0.14921875 0.865625 0.0515625 0.0625
0 0.54609375 0.865625 0.0484375 0.0625
0 0.13046875 0.5390625 0.0578125 0.075
0 0.0984375 0.865625 0.053125 0.0625
0 0.49921875 0.865625 0.0484375 0.0625