0 0.31171875 0.4265625 0.0578125 0.075
0 0.50390625 0.4890625 0.0546875 0.071875
0 0.53125 0.4296875 0.05625 0.075
0 0.2796875 0.3625 0.05625 0.078125
0 0.36796875 0.428125 0.0578125 0.075
0 0.5875 0.4296875 0.05625 0.075
0 0.3375 0.3640625 0.05625 0.078125
0 0.3921875 0.36484375 0.05625 0.0765625
0 0.4515625 0.4890625 0.05625 0.071875
0 0.4765625 0.428125 0.05625 0.075
0 0.421875 0.42890625 0.05625 0.0765625
0 0.63671875 0.55078125 0.0546875 0.0703125
0 0.6421875 0.43046875 0.05625 0.0734375
0 0.69765625 0.43046875 0.0578125 0.0734375
0 0.75625 0.43203125 0.059375 0.0734375
0 0.225 0.3609375 0.05625 0.078125
0 0.66640625 0.49140625 0.0546875 0.0734375
0 0.7203125 0.49296875 0.05625 0.0734375
0 0.8125 0.43203125 0.05625 0.0765625
0 0.234375 0.48671875 0.05625 0.0734375
0 0.42421875 0.54765625 0.0546875 0.0703125
0 0.5296875 0.54765625 0.053125 0.0703125
0 0.8671875 0.43359375 0.05625 0.0765625
0 0.25625 0.425 0.05625 0.075
0 0.47734375 0.546875 0.0546875 0.071875
0 0.8890625 0.49453125 0.05625 0.0734375
0 0.1140625 0.36015625 0.05625 0.0765625
0 0.24765625 0.2953125 0.0578125 0.078125
0 0.37265625 0.546875 0.0546875 0.06875
0 0.34296875 0.48828125 0.0546875 0.0734375
0 0.6125 0.490625 0.05625 0.071875
0 0.39609375 0.4890625 0.0546875 0.071875
0 0.31953125 0.54609375 0.0546875 0.0703125
0 0.3046875 0.296875 0.059375 0.078125
0 0.5828125 0.54921875 0.053125 0.0703125
0 0.50390625 0.60546875 0.0546875 0.0671875
0 0.33046875 0.22734375 0.0609375 0.0828125
0 0.74375 0.55234375 0.05625 0.0703125
0 0.271875 0.22734375 0.059375 0.0828125
0 0.2140625 0.22734375 0.059375 0.0828125
0 0.59140625 0.29921875 0.0578125 0.0796875
0 0.53359375 0.29921875 0.0578125 0.0796875
0 0.36171875 0.29765625 0.0578125 0.0796875
0 0.41953125 0.29765625 0.0578125 0.0796875
0 0.26484375 0.54609375 0.0546875 0.0703125
0 0.18046875 0.4859375 0.0546875 0.071875
0 0.19140625 0.2953125 0.0578125 0.078125
0 0.77734375 0.49375 0.0546875 0.071875
0 0.6484375 0.29921875 0.059375 0.0796875
0 0.7671875 0.30234375 0.059375 0.0796875
0 0.834375 0.49453125 0.05625 0.0734375
0 0.9015625 0.36875 0.05625 0.078125
0 0.47578125 0.29921875 0.0578125 0.0796875
0 0.4 0.6046875 0.053125 0.06875
0 0.4484375 0.365625 0.05625 0.078125
0 0.66015625 0.6078125 0.0546875 0.06875
0 0.915625 0.23515625 0.059375 0.0796875
0 0.9375 0.30390625 0.05625 0.0796875
0 0.18984375 0.6015625 0.0515625 0.06875
0 0.5578125 0.490625 0.05625 0.071875
0 0.50390625 0.365625 0.0578125 0.078125
0 0.3890625 0.22890625 0.059375 0.0828125
0 0.7078125 0.30078125 0.059375 0.0796875
0 0.55546875 0.60625 0.0546875 0.06875
0 0.71328125 0.609375 0.0546875 0.06875
0 0.68984375 0.55 0.0546875 0.06875
0 0.29453125 0.603125 0.0546875 0.06875
0 0.82421875 0.30234375 0.0578125 0.0796875
0 0.50625 0.22890625 0.059375 0.0828125
0 0.16875 0.3609375 0.05625 0.078125
0 0.15703125 0.2265625 0.0578125 0.08125
0 0.4515625 0.6046875 0.053125 0.06875
0 0.9078125 0.5546875 0.053125 0.071875
0 0.1 0.2265625 0.059375 0.08125
0 0.1390625 0.60078125 0.053125 0.0671875
0 0.8 0.55390625 0.05625 0.0703125
0 0.5953125 0.1578125 0.0625 0.084375
0 0.6078125 0.60703125 0.053125 0.0671875
0 0.346875 0.603125 0.053125 0.06875
0 0.3234375 0.65859375 0.053125 0.0671875
0 0.446875 0.228125 0.059375 0.08125
0 0.271875 0.65859375 0.053125 0.0671875
0 0.4265625 0.66015625 0.053125 0.0671875
0 0.15859375 0.54453125 0.0546875 0.0703125
0 0.41640625 0.15625 0.0609375 0.084375
0 0.5640625 0.22890625 0.059375 0.0828125
0 0.56015625 0.36640625 0.0578125 0.0765625
0 0.35703125 0.15625 0.0609375 0.084375
0 0.134375 0.2953125 0.05625 0.078125
0 0.88046875 0.30390625 0.0578125 0.0796875
0 0.125 0.484375 0.05625 0.071875
0 0.58046875 0.66171875 0.0515625 0.0671875
0 0.478125 0.66171875 0.053125 0.0671875
0 0.37421875 0.66015625 0.0515625 0.0671875
0 0.89453125 0.1625 0.0609375 0.0875
0 0.78984375 0.36796875 0.0578125 0.0765625
0 0.6734375 0.36640625 0.059375 0.0765625
0 0.28828125 0.48671875 0.0546875 0.0734375
0 0.50234375 0.71640625 0.0515625 0.0671875
0 0.52890625 0.66171875 0.0515625 0.0671875
0 0.24296875 0.603125 0.0546875 0.06875
0 0.684375 0.6640625 0.053125 0.065625
0 0.14765625 0.425 0.0546875 0.075
0 0.078125 0.2953125 0.05625 0.078125
0 0.12109375 0.15703125 0.0609375 0.0828125
0 0.859375 0.234375 0.059375 0.084375
0 0.23828125 0.15625 0.0609375 0.084375
0 0.65625 0.16015625 0.0625 0.0828125
0 0.80078125 0.23359375 0.0578125 0.0828125
0 0.85546875 0.55390625 0.0546875 0.0703125
0 0.76640625 0.609375 0.0546875 0.06875
0 0.95546875 0.1640625 0.0609375 0.084375
0 0.2015625 0.42421875 0.05625 0.0734375
0 0.4515625 0.71484375 0.053125 0.0671875
0 0.77578125 0.1609375 0.0609375 0.084375
0 0.63203125 0.66328125 0.0515625 0.0671875
0 0.7328125 0.3671875 0.059375 0.078125
0 0.16953125 0.65703125 0.0515625 0.0671875
0 0.621875 0.2296875 0.059375 0.084375
0 0.29765625 0.15625 0.0609375 0.084375
0 0.40078125 0.71484375 0.0515625 0.0671875
0 0.71640625 0.16015625 0.0609375 0.0828125
0 0.10703125 0.54375 0.0515625 0.071875
0 0.06171875 0.15859375 0.0609375 0.0828125
0 0.73671875 0.66484375 0.0546875 0.0671875
0 0.2203125 0.65703125 0.053125 0.0671875
0 0.55390625 0.71640625 0.0515625 0.0671875
0 0.8359375 0.16171875 0.059375 0.0859375
0 0.87578125 0.61171875 0.0546875 0.0703125
0 0.61640625 0.365625 0.0578125 0.078125
0 0.82109375 0.6109375 0.0546875 0.06875
0 0.2125 0.54453125 0.053125 0.0703125
0 0.7421875 0.23203125 0.059375 0.0828125
0 0.921875 0.43359375 0.05625 0.0765625
0 0.35078125 0.71328125 0.0515625 0.0671875
0 0.60390625 0.7171875 0.0515625 0.065625
0 0.65546875 0.71953125 0.0515625 0.0671875
0 0.78984375 0.66640625 0.0546875 0.0671875
0 0.6828125 0.23203125 0.059375 0.0828125
0 0.14921875 0.709375 0.0515625 0.0625
0 0.1796875 0.15625 0.059375 0.084375
0 0.75859375 0.7203125 0.0515625 0.065625
0 0.12890625 0.75859375 0.0484375 0.0609375
0 0.84296875 0.6671875 0.0546875 0.065625
0 0.8109375 0.7203125 0.053125 0.065625
0 0.7078125 0.71953125 0.053125 0.0671875
0 0.27734375 0.76640625 0.0515625 0.0640625
0 0.47734375 0.87578125 0.0484375 0.0640625
0 0.8953125 0.66875 0.053125 0.06875
0 0.8640625 0.72109375 0.053125 0.0640625
0 0.09296875 0.4234375 0.0546875 0.075
0 0.29921875 0.7140625 0.0515625 0.065625
0 0.24921875 0.7125 0.0515625 0.065625
0 0.15703125 0.81171875 0.0484375 0.0609375
0 0.84609375 0.36875 0.0578125 0.078125
0 0.11875 0.65546875 0.05 0.0671875
0 0.228125 0.765625 0.05 0.0625
0 0.8328125 0.77421875 0.053125 0.0640625
0 0.37734375 0.76875 0.0515625 0.065625
0 0.178125 0.7625 0.05 0.0625
0 0.553125 0.82421875 0.05 0.0640625
0 0.428125 0.87578125 0.05 0.0640625
0 0.78046875 0.7734375 0.0515625 0.0625
0 0.67890625 0.77265625 0.0515625 0.0640625
0 0.6515625 0.82421875 0.05 0.0640625
0 0.453125 0.82265625 0.05 0.0640625
0 0.3046875 0.81875 0.05 0.0625
0 0.5265625 0.87578125 0.05 0.0640625
0 0.20625 0.81484375 0.05 0.0609375
0 0.50234375 0.8234375 0.0515625 0.0625
0 0.25546875 0.81640625 0.0484375 0.0609375
0 0.52890625 0.771875 0.0515625 0.065625
0 0.37890625 0.8734375 0.0484375 0.0625
0 0.2828125 0.86875 0.046875 0.0625
0 0.80234375 0.82421875 0.0515625 0.0609375
0 0.72890625 0.77265625 0.0515625 0.0640625
0 0.19765625 0.71171875 0.0515625 0.0640625
0 0.57734375 0.77109375 0.0515625 0.0671875
0 0.353125 0.82109375 0.05 0.0640625
0 0.33046875 0.87265625 0.0484375 0.0640625
0 0.57578125 0.87734375 0.0484375 0.0640625
0 0.62734375 0.771875 0.0515625 0.065625
0 0.75078125 0.825 0.0515625 0.0625
0 0.62578125 0.8765625 0.0484375 0.0625
0 0.875 0.8703125 0.05 0.0625
0 0.77265625 0.8765625 0.0515625 0.0625
0 0.825 0.87265625 0.05 0.0609375
0 0.7234375 0.87578125 0.05 0.0609375
0 0.18515625 0.86328125 0.0484375 0.0609375
0 0.70234375 0.82578125 0.0515625 0.0640625
0 0.13671875 0.86015625 0.0484375 0.0609375
0 0.6015625 0.82421875 0.05 0.0640625
0 0.234375 0.86640625 0.05 0.0609375
0 0.403125 0.82265625 0.05 0.0640625
0 0.853125 0.821875 0.05 0.059375
0 0.47890625 0.76953125 0.0515625 0.0671875
0 0.88671875 0.77109375 0.0515625 0.0640625
0 0.32734375 0.7671875 0.0515625 0.065625
0 0.67421875 0.8765625 0.0484375 0.0625
0 0.4265625 0.76875 0.05 0.065625