0 0.3875 0.28671875 0.053125 0.0703125
0 0.3625 0.22421875 0.053125 0.0703125
0 0.259375 0.21796875 0.053125 0.0703125
0 0.31171875 0.21953125 0.0546875 0.0703125
0 0.6140625 0.2359375 0.05 0.071875
0 0.209375 0.33515625 0.053125 0.0703125
0 0.4640625 0.23046875 0.053125 0.0703125
0 0.38671875 0.403125 0.0515625 0.06875
0 0.2859375 0.28046875 0.053125 0.0703125
0 0.71328125 0.240625 0.0515625 0.06875
0 0.4140625 0.22734375 0.053125 0.0703125
0 0.56484375 0.23359375 0.0515625 0.0703125
0 0.7828125 0.3046875 0.05 0.06875
0 0.36171875 0.34453125 0.0515625 0.0703125
0 0.3125 0.34140625 0.053125 0.0703125
0 0.3375 0.2828125 0.053125 0.071875
0 0.2609375 0.33828125 0.053125 0.0703125
0 0.66484375 0.23828125 0.0515625 0.0703125
0 0.53828125 0.29453125 0.0515625 0.0703125
0 0.58671875 0.29609375 0.0515625 0.0703125
0 0.6078125 0.35625 0.05 0.06875
0 0.48828125 0.29140625 0.0515625 0.0703125
0 0.3625 0.4578125 0.05 0.065625
0 0.234375 0.27734375 0.053125 0.0703125
0 0.684375 0.2984375 0.05 0.06875
0 0.4109375 0.46015625 0.05 0.0671875
0 0.8125 0.2484375 0.05 0.071875
0 0.2875 0.3984375 0.053125 0.06875
0 0.80234375 0.36328125 0.0484375 0.0671875
0 0.65703125 0.35625 0.0515625 0.06875
0 0.73359375 0.3015625 0.0515625 0.06875
0 0.23671875 0.3953125 0.0515625 0.06875
0 0.43359375 0.515625 0.0484375 0.065625
0 0.76328125 0.24453125 0.0515625 0.0703125
0 0.26328125 0.45390625 0.0515625 0.0671875
0 0.5109375 0.3515625 0.05 0.06875
0 0.1828125 0.2734375 0.053125 0.071875
0 0.484375 0.4078125 0.05 0.06875
0 0.559375 0.353125 0.05 0.06875
0 0.63671875 0.29765625 0.0515625 0.0703125
0 0.1328125 0.271875 0.053125 0.071875
0 0.8203125 0.421875 0.05 0.065625
0 0.4390625 0.2890625 0.053125 0.071875
0 0.11484375 0.446875 0.0515625 0.06875
0 0.3375 0.5125 0.05 0.065625
0 0.70625 0.3578125 0.05 0.06875
0 0.33828125 0.4 0.0515625 0.06875
0 0.159375 0.33359375 0.053125 0.0703125
0 0.5328125 0.41015625 0.05 0.0671875
0 0.95078125 0.2578125 0.0484375 0.06875
0 0.2078125 0.21484375 0.053125 0.0703125
0 0.50625 0.4640625 0.05 0.065625
0 0.58125 0.41171875 0.05 0.0671875
0 0.08671875 0.38828125 0.0515625 0.0703125
0 0.1375 0.390625 0.053125 0.06875
0 0.109375 0.33046875 0.053125 0.0703125
0 0.6296875 0.41328125 0.05 0.0671875
0 0.43671875 0.40625 0.0515625 0.06875
0 0.3859375 0.5140625 0.05 0.065625
0 0.31328125 0.45546875 0.0515625 0.0671875
0 0.21328125 0.45078125 0.0515625 0.0671875
0 0.1875 0.39375 0.053125 0.06875
0 0.6765625 0.41484375 0.05 0.0671875
0 0.3125 0.56484375 0.05 0.0640625
0 0.45703125 0.57109375 0.0484375 0.0640625
0 0.16328125 0.44921875 0.0515625 0.0671875
0 0.18984375 0.50546875 0.0515625 0.0671875
0 0.36171875 0.56640625 0.0484375 0.0640625
0 0.771875 0.41796875 0.05 0.0671875
0 0.21640625 0.5609375 0.0515625 0.065625
0 0.409375 0.56953125 0.05 0.0640625
0 0.55078125 0.57421875 0.0484375 0.0640625
0 0.7546875 0.36015625 0.05 0.0671875
0 0.23984375 0.50859375 0.0515625 0.0671875
0 0.36015625 0.671875 0.0484375 0.0625
0 0.3375 0.61875 0.05 0.0625
0 0.93984375 0.37109375 0.0453125 0.0671875
0 0.87734375 0.3109375 0.0484375 0.06875
0 0.50390625 0.57265625 0.0484375 0.0640625
0 0.5546875 0.46640625 0.05 0.0671875
0 0.459375 0.4625 0.05 0.065625
0 0.43203125 0.621875 0.0484375 0.0625
0 0.69765625 0.4703125 0.0484375 0.065625
0 0.72578125 0.41484375 0.0484375 0.0671875
0 0.06484375 0.44453125 0.0515625 0.0671875
0 0.47890625 0.62421875 0.0484375 0.0640625
0 0.84765625 0.36640625 0.0484375 0.0671875
0 0.2640625 0.5640625 0.05 0.065625
0 0.90234375 0.53203125 0.0453125 0.0640625
0 0.6015625 0.46875 0.05 0.065625
0 0.059375 0.32734375 0.053125 0.0703125
0 0.515625 0.2328125 0.053125 0.071875
0 0.74453125 0.471875 0.0484375 0.065625
0 0.8390625 0.47578125 0.046875 0.0640625
0 0.0703125 0.55703125 0.05 0.0640625
0 0.81015625 0.52890625 0.0484375 0.0640625
0 0.89375 0.36875 0.046875 0.065625
0 0.62265625 0.5234375 0.0484375 0.065625
0 0.14140625 0.50390625 0.0515625 0.0671875
0 0.8578125 0.53046875 0.046875 0.0640625
0 0.64921875 0.4703125 0.0484375 0.065625
0 0.57578125 0.52265625 0.0484375 0.0640625
0 0.38359375 0.7234375 0.0484375 0.0625
0 0.90546875 0.2546875 0.0484375 0.06875
0 0.571875 0.62734375 0.046875 0.0640625
0 0.52578125 0.62578125 0.0484375 0.0640625
0 0.3140625 0.6703125 0.05 0.0625
0 0.9140625 0.425 0.046875 0.065625
0 0.16796875 0.559375 0.0515625 0.065625
0 0.92890625 0.47890625 0.0453125 0.0640625
0 0.79140625 0.4734375 0.0484375 0.065625
0 0.2890625 0.61796875 0.05 0.0640625
0 0.83125 0.5828125 0.046875 0.0625
0 0.91953125 0.584375 0.0453125 0.0625
0 0.71796875 0.52578125 0.0484375 0.0640625
0 0.61796875 0.628125 0.0484375 0.0625
0 0.17109375 0.665625 0.0484375 0.0625
0 0.14375 0.61328125 0.05 0.0640625
0 0.521875 0.728125 0.046875 0.0625
0 0.45390625 0.675 0.0484375 0.0625
0 0.52890625 0.52109375 0.0484375 0.0640625
0 0.1234375 0.6640625 0.05 0.0625
0 0.33671875 0.721875 0.0484375 0.0625
0 0.265625 0.66875 0.05 0.0625
0 0.66484375 0.6296875 0.0484375 0.0625
0 0.69140625 0.57890625 0.0484375 0.0640625
0 0.546875 0.678125 0.046875 0.0625
0 0.66953125 0.525 0.0484375 0.065625
0 0.48125 0.51875 0.05 0.065625
0 0.9234375 0.3140625 0.046875 0.06875
0 0.7375 0.58046875 0.046875 0.0640625
0 0.76484375 0.52734375 0.0484375 0.0640625
0 0.1265625 0.76640625 0.05 0.0609375
0 0.475 0.7265625 0.046875 0.0625
0 0.6859375 0.6828125 0.046875 0.0625
0 0.359375 0.77265625 0.046875 0.0609375
0 0.6390625 0.68125 0.046875 0.0625
0 0.5671875 0.7296875 0.046875 0.0625
0 0.59296875 0.6796875 0.0484375 0.0625
0 0.10234375 0.7140625 0.0484375 0.0625
0 0.09140625 0.50234375 0.0515625 0.0671875
0 0.28984375 0.7203125 0.0484375 0.0625
0 0.45 0.87421875 0.046875 0.0609375
0 0.075 0.6625 0.05 0.0625
0 0.87578125 0.58359375 0.0453125 0.0640625
0 0.21796875 0.6671875 0.0484375 0.0625
0 0.803125 0.6328125 0.046875 0.0625
0 0.24296875 0.71875 0.0484375 0.0625
0 0.78515625 0.58046875 0.0484375 0.0640625
0 0.15078125 0.81640625 0.0484375 0.0609375
0 0.31328125 0.77109375 0.0484375 0.0609375
0 0.45078125 0.77578125 0.0484375 0.0609375
0 0.19609375 0.71796875 0.0484375 0.0609375
0 0.49453125 0.87578125 0.0453125 0.0609375
0 0.08203125 0.26953125 0.0546875 0.0703125
0 0.85859375 0.25078125 0.0484375 0.0703125
0 0.42890625 0.725 0.0484375 0.0625
0 0.40546875 0.77421875 0.0484375 0.0609375
0 0.75625 0.63125 0.046875 0.0625
0 0.14921875 0.715625 0.0484375 0.0625
0 0.38125 0.8234375 0.046875 0.059375
0 0.17421875 0.86796875 0.0484375 0.0609375
0 0.496875 0.7765625 0.046875 0.0625
0 0.5421875 0.77890625 0.046875 0.0609375
0 0.11796875 0.55703125 0.0515625 0.0671875
0 0.4265625 0.82578125 0.046875 0.0609375
0 0.10234375 0.81484375 0.0484375 0.0609375
0 0.59765625 0.57578125 0.0484375 0.0640625
0 0.3359375 0.82265625 0.046875 0.0609375
0 0.82109375 0.6828125 0.0453125 0.0625
0 0.5890625 0.78125 0.046875 0.0625
0 0.1984375 0.81875 0.046875 0.0625
0 0.24453125 0.8203125 0.0484375 0.0625
0 0.3125 0.87109375 0.046875 0.0609375
0 0.2671875 0.86953125 0.046875 0.0609375
0 0.4734375 0.82578125 0.046875 0.0609375
0 0.7765625 0.6828125 0.046875 0.0625
0 0.22109375 0.76875 0.0484375 0.0625
0 0.3578125 0.87265625 0.046875 0.0609375
0 0.221875 0.86953125 0.046875 0.0609375
0 0.41328125 0.34765625 0.0515625 0.0703125
0 0.6296875 0.878125 0.046875 0.059375
0 0.290625 0.82109375 0.046875 0.0609375
0 0.07890625 0.8640625 0.0484375 0.0625
0 0.83828125 0.7328125 0.0453125 0.059375
0 0.0953125 0.61015625 0.05 0.0640625
0 0.846875 0.634375 0.046875 0.0625
0 0.12734375 0.86484375 0.0484375 0.0609375
0 0.8296875 0.8296875 0.04375 0.059375
0 0.7046875 0.73203125 0.046875 0.0609375
0 0.609375 0.83125 0.046875 0.059375
0 0.90859375 0.68515625 0.0453125 0.0609375
0 0.659375 0.73203125 0.046875 0.0609375
0 0.540625 0.8765625 0.046875 0.059375
0 0.58515625 0.878125 0.0453125 0.059375
0 0.38515625 0.6203125 0.0484375 0.0625
0 0.26640625 0.7703125 0.0484375 0.0625
0 0.67578125 0.87890625 0.0453125 0.0578125
0 0.2890625 0.509375 0.05 0.065625
0 0.07890625 0.76328125 0.0484375 0.0609375
0 0.5640625 0.82890625 0.046875 0.0609375
0 0.74453125 0.83125 0.0453125 0.059375
0 0.79453125 0.73359375 0.0453125 0.0609375
0 0.240625 0.61484375 0.05 0.0640625
0 0.88203125 0.7328125 0.0453125 0.059375
0 0.72421875 0.78203125 0.0453125 0.0609375
0 0.86484375 0.68359375 0.0453125 0.0609375
0 0.884375 0.478125 0.046875 0.065625
0 0.80625 0.87890625 0.04375 0.0609375
0 0.7625 0.8796875 0.04375 0.059375
0 0.8734375 0.8296875 0.04375 0.059375
0 0.4078125 0.6734375 0.046875 0.0625
0 0.69921875 0.83125 0.0453125 0.059375
0 0.8484375 0.878125 0.04375 0.059375
0 0.7875 0.83125 0.04375 0.059375
0 0.68046875 0.7828125 0.0453125 0.0625
0 0.71953125 0.8796875 0.0453125 0.059375
0 0.6546875 0.83125 0.046875 0.059375
0 0.81328125 0.78125 0.0453125 0.059375
0 0.40390625 0.87265625 0.0453125 0.0609375
0 0.73125 0.6828125 0.046875 0.0625
0 0.51875 0.828125 0.046875 0.059375
0 0.89140625 0.8765625 0.0453125 0.059375
0 0.896875 0.78125 0.04375 0.059375
0 0.8546875 0.78125 0.04375 0.059375
0 0.86875 0.42265625 0.046875 0.0671875
0 0.71171875 0.63203125 0.0484375 0.0640625
0 0.64453125 0.57734375 0.0484375 0.0640625
0 0.6359375 0.78203125 0.046875 0.0609375
0 0.46171875 0.35 0.0515625 0.06875
0 0.75 0.7328125 0.046875 0.059375
0 0.76953125 0.78203125 0.0453125 0.0609375
0 0.8296875 0.3078125 0.05 0.06875
0 0.89296875 0.63515625 0.0453125 0.0609375
0 0.19296875 0.61328125 0.0515625 0.0640625
0 0.17421875 0.7671875 0.0484375 0.0625
0 0.5 0.6765625 0.046875 0.0625
0 0.61328125 0.73125 0.0484375 0.0625