0 0.2328125 0.74921875 0.040625 0.0515625
0 0.35234375 0.8484375 0.0390625 0.053125
0 0.3921875 0.853125 0.040625 0.053125
0 0.41171875 0.8125 0.0421875 0.053125
0 0.27109375 0.75546875 0.0390625 0.0515625
0 0.37109375 0.80859375 0.0421875 0.0515625
0 0.390625 0.76796875 0.04375 0.0546875
0 0.43125 0.771875 0.04375 0.053125
0 0.43125 0.86015625 0.040625 0.0546875
0 0.45234375 0.8171875 0.0421875 0.05625
0 0.31015625 0.7609375 0.0421875 0.053125
0 0.29921875 0.484375 0.0453125 0.059375
0 0.35078125 0.765625 0.0421875 0.053125
0 0.3875 0.58671875 0.04375 0.0578125
0 0.28984375 0.7125 0.0421875 0.053125
0 0.27265625 0.43359375 0.0453125 0.0609375
0 0.33203125 0.80546875 0.0421875 0.0515625
0 0.23984375 0.52890625 0.0421875 0.0578125
0 0.47265625 0.86484375 0.0421875 0.0546875
0 0.30390625 0.5796875 0.0421875 0.05625
0 0.409375 0.634375 0.04375 0.05625
0 0.2921875 0.80078125 0.040625 0.0515625
0 0.4078125 0.53984375 0.04375 0.0578125
0 0.3828125 0.3875 0.046875 0.0625
0 0.5984375 0.8765625 0.04375 0.053125
0 0.24921875 0.10859375 0.0484375 0.0671875
0 0.28125 0.53046875 0.04375 0.0578125
0 0.19921875 0.82890625 0.0390625 0.0515625
0 0.31796875 0.43515625 0.0453125 0.0609375
0 0.2546875 0.79453125 0.040625 0.0515625
0 0.36875 0.63046875 0.04375 0.0546875
0 0.209375 0.22421875 0.046875 0.0640625
0 0.22890625 0.43359375 0.0453125 0.0578125
0 0.3453125 0.5828125 0.04375 0.05625
0 0.19609375 0.74453125 0.0390625 0.0515625
0 0.8671875 0.1046875 0.05625 0.075
0 0.76015625 0.10234375 0.0546875 0.0734375
0 0.25625 0.48125 0.04375 0.05625
0 0.47265625 0.775 0.0421875 0.05625
0 0.29609375 0.10625 0.0515625 0.06875
0 0.3265625 0.1625 0.05 0.06875
0 0.9140625 0.40703125 0.053125 0.0671875
0 0.67578125 0.1640625 0.0546875 0.071875
0 0.49296875 0.82421875 0.0421875 0.0546875
0 0.2921875 0.38359375 0.046875 0.0640625
0 0.33046875 0.71796875 0.0421875 0.0546875
0 0.70859375 0.1 0.0546875 0.075
0 0.72890625 0.16640625 0.0546875 0.0734375
0 0.40546875 0.43984375 0.0453125 0.0609375
0 0.34921875 0.6734375 0.0421875 0.053125
0 0.27578125 0.165625 0.0484375 0.06875
0 0.228125 0.16640625 0.046875 0.0671875
0 0.921875 0.1046875 0.05625 0.075
0 0.26328125 0.5765625 0.0421875 0.05625
0 0.43125 0.58828125 0.04375 0.0578125
0 0.30546875 0.22109375 0.0484375 0.0671875
0 0.34765625 0.1015625 0.0515625 0.06875
0 0.51328125 0.86796875 0.0421875 0.0515625
0 0.88671875 0.16875 0.0546875 0.075
0 0.83515625 0.16875 0.0546875 0.075
0 0.25703125 0.22265625 0.0484375 0.0671875
0 0.375 0.16015625 0.05 0.0703125
0 0.23671875 0.278125 0.0484375 0.065625
0 0.37109375 0.721875 0.0421875 0.05625
0 0.39765625 0.09921875 0.0515625 0.0734375
0 0.49765625 0.1 0.0515625 0.075
0 0.5234375 0.0359375 0.053125 0.071875
0 0.11328125 0.11171875 0.0453125 0.0671875
0 0.19921875 0.3828125 0.0453125 0.0625
0 0.7828125 0.1671875 0.053125 0.075
0 0.24375 0.3828125 0.046875 0.0625
0 0.8140625 0.103125 0.05625 0.071875
0 0.40078125 0.2203125 0.0484375 0.06875
0 0.940625 0.17109375 0.05625 0.0765625
0 0.2140625 0.48046875 0.04375 0.0578125
0 0.55859375 0.68984375 0.0453125 0.0578125
0 0.803125 0.2296875 0.053125 0.071875
0 0.16484375 0.225 0.0453125 0.065625
0 0.175 0.3328125 0.04375 0.0625
0 0.64140625 0.88203125 0.0453125 0.0546875
0 0.52265625 0.16171875 0.0515625 0.0734375
0 0.2015625 0.109375 0.046875 0.06875
0 0.58046875 0.740625 0.0453125 0.05625
0 0.27421875 0.840625 0.0390625 0.053125
0 0.4734375 0.1625 0.05 0.071875
0 0.321875 0.53359375 0.04375 0.0578125
0 0.66953125 0.284375 0.0515625 0.06875
0 0.22421875 0.57265625 0.0421875 0.0546875
0 0.34140625 0.4859375 0.0453125 0.059375
0 0.84375 0.3484375 0.053125 0.06875
0 0.81328125 0.403125 0.0515625 0.065625
0 0.2515625 0.709375 0.040625 0.053125
0 0.6984375 0.225 0.053125 0.071875
0 0.265625 0.33046875 0.046875 0.0640625
0 0.496875 0.22265625 0.05 0.0703125
0 0.8640625 0.4046875 0.053125 0.065625
0 0.1484375 0.28046875 0.04375 0.0640625
0 0.22890625 0.66328125 0.0421875 0.0546875
0 0.47421875 0.59140625 0.0453125 0.0578125
0 0.75234375 0.50546875 0.0515625 0.0609375
0 0.4484375 0.09921875 0.05 0.0734375
0 0.6 0.09921875 0.053125 0.0734375
0 0.428125 0.3890625 0.046875 0.0625
0 0.18359375 0.16875 0.0453125 0.06875
0 0.10625 0.2796875 0.04375 0.0625
0 0.15703125 0.1109375 0.0453125 0.06875
0 0.096875 0.16953125 0.04375 0.0671875
0 0.0875 0.478125 0.040625 0.05625
0 0.57265625 0.1625 0.0515625 0.075
0 0.35390625 0.21875 0.0484375 0.06875
0 0.625 0.1625 0.053125 0.071875
0 0.28515625 0.2765625 0.0484375 0.065625
0 0.3625 0.43828125 0.046875 0.0609375
0 0.30859375 0.67109375 0.0421875 0.0546875
0 0.54609375 0.2234375 0.0515625 0.071875
0 0.21953125 0.33125 0.0453125 0.0625
0 0.33203125 0.27578125 0.0484375 0.0671875
0 0.42578125 0.28046875 0.0484375 0.0671875
0 0.3578125 0.3328125 0.046875 0.065625
0 0.584375 0.5484375 0.046875 0.059375
0 0.3125 0.33046875 0.046875 0.0640625
0 0.4234375 0.0359375 0.053125 0.071875
0 0.54921875 0.0984375 0.0515625 0.075
0 0.44921875 0.22265625 0.0484375 0.0703125
0 0.45078125 0.54296875 0.0453125 0.0578125
0 0.23671875 0.83359375 0.0390625 0.0515625
0 0.246875 0.61953125 0.040625 0.0546875
0 0.10078125 0.43125 0.0421875 0.059375
0 0.1171875 0.3828125 0.040625 0.0625
0 0.64765625 0.225 0.0515625 0.071875
0 0.540625 0.546875 0.046875 0.059375
0 0.59609375 0.2234375 0.0515625 0.071875
0 0.56171875 0.5953125 0.0453125 0.059375
0 0.06171875 0.278125 0.0453125 0.0625
0 0.42421875 0.1609375 0.0484375 0.071875
0 0.2125 0.70390625 0.040625 0.0515625
0 0.0796875 0.225 0.040625 0.065625
0 0.60234375 0.69453125 0.0453125 0.0578125
0 0.7234375 0.55546875 0.05 0.0609375
0 0.4515625 0.6375 0.04375 0.05625
0 0.15703125 0.3828125 0.0421875 0.0625
0 0.3125 0.846875 0.040625 0.053125
0 0.80234375 0.509375 0.0515625 0.0625
0 0.28671875 0.62421875 0.0421875 0.0546875
0 0.18515625 0.4328125 0.0453125 0.059375
0 0.75390625 0.84765625 0.0453125 0.0546875
0 0.47265625 0.28125 0.0484375 0.06875
0 0.77265625 0.2875 0.0546875 0.06875
0 0.5171875 0.59453125 0.046875 0.0578125
0 0.5359375 0.73515625 0.04375 0.0546875
0 0.19140625 0.27890625 0.0453125 0.0640625
0 0.3796875 0.27734375 0.046875 0.0671875
0 0.47265625 0.0359375 0.0515625 0.071875
0 0.5203125 0.28125 0.05 0.06875
0 0.7515625 0.228125 0.053125 0.071875
0 0.26875 0.66640625 0.040625 0.0546875
0 0.1421875 0.4328125 0.04375 0.059375
0 0.1203125 0.225 0.04375 0.065625
0 0.4734375 0.3921875 0.046875 0.0625
0 0.453125 0.728125 0.04375 0.05625
0 0.41171875 0.725 0.0421875 0.05625
0 0.12734375 0.47890625 0.0421875 0.0578125
0 0.140625 0.16953125 0.04375 0.0671875
0 0.38984375 0.67734375 0.0421875 0.0546875
0 0.43125 0.68125 0.04375 0.05625
0 0.61796875 0.2828125 0.0515625 0.06875
0 0.84140625 0.6140625 0.0515625 0.059375
0 0.78515625 0.70859375 0.0484375 0.0578125
0 0.56875 0.28125 0.05 0.06875
0 0.8234375 0.28984375 0.053125 0.0703125
0 0.69765625 0.6046875 0.0484375 0.059375
0 0.5421875 0.44609375 0.046875 0.0609375
0 0.06953125 0.11171875 0.0453125 0.0671875
0 0.0765625 0.38203125 0.04375 0.0609375
0 0.21640625 0.7890625 0.0390625 0.053125
0 0.49609375 0.5453125 0.0453125 0.059375
0 0.6265625 0.64921875 0.046875 0.0578125
0 0.671875 0.653125 0.046875 0.059375
0 0.196875 0.52734375 0.04375 0.0546875
0 0.7203125 0.2859375 0.053125 0.06875
0 0.42890625 0.49296875 0.0453125 0.0609375
0 0.65390625 0.1 0.0546875 0.075
0 0.44921875 0.3359375 0.0484375 0.065625
0 0.49609375 0.33828125 0.0484375 0.0640625
0 0.71328125 0.7546875 0.0484375 0.05625
0 0.1328125 0.33125 0.04375 0.0625
0 0.09140625 0.33046875 0.0421875 0.0609375
0 0.7921875 0.61015625 0.05 0.0609375
0 0.7609375 0.39921875 0.053125 0.0640625
0 0.90625 0.2328125 0.053125 0.071875
0 0.88359375 0.46171875 0.0515625 0.0640625
0 0.6671875 0.7484375 0.046875 0.05625
0 0.92734375 0.2921875 0.0546875 0.06875
0 0.82109375 0.56171875 0.0515625 0.0609375
0 0.740625 0.34375 0.053125 0.06875
0 0.81171875 0.66171875 0.0484375 0.0578125
0 0.7375 0.70625 0.046875 0.059375
0 0.58203125 0.64453125 0.0453125 0.0578125
0 0.8953125 0.35 0.053125 0.06875
0 0.190625 0.6578125 0.040625 0.053125
0 0.62265625 0.74375 0.0453125 0.05625
0 0.4734375 0.49453125 0.046875 0.0609375
0 0.64453125 0.79296875 0.0453125 0.0546875
0 0.65078125 0.603125 0.0484375 0.059375
0 0.74453125 0.60703125 0.0484375 0.0609375
0 0.68984375 0.34140625 0.0515625 0.0671875
0 0.60625 0.59921875 0.046875 0.0578125
0 0.1828125 0.57109375 0.04375 0.0546875
0 0.8328125 0.45859375 0.053125 0.0640625
0 0.365625 0.5375 0.04375 0.059375
0 0.8546875 0.23125 0.053125 0.071875
0 0.16640625 0.6140625 0.0421875 0.053125
0 0.61328125 0.39453125 0.0484375 0.0640625
0 0.76484375 0.65859375 0.0484375 0.0578125
0 0.0515625 0.16796875 0.046875 0.0671875
0 0.49453125 0.640625 0.0453125 0.05625
0 0.4953125 0.44375 0.046875 0.0625
0 0.703125 0.50234375 0.05 0.0609375
0 0.77265625 0.89453125 0.0453125 0.0546875
0 0.4734375 0.684375 0.04375 0.05625
0 0.54453125 0.33828125 0.0484375 0.0671875
0 0.51875 0.496875 0.046875 0.059375
0 0.0984375 0.56953125 0.040625 0.0546875
0 0.7328125 0.80078125 0.046875 0.0546875
0 0.5546875 0.871875 0.04375 0.053125
0 0.60078125 0.7875 0.0453125 0.05625
0 0.56640625 0.39453125 0.0484375 0.0640625
0 0.5140625 0.78125 0.04375 0.05625
0 0.7921875 0.34609375 0.053125 0.0671875
0 0.1328125 0.696875 0.040625 0.05
0 0.5921875 0.33828125 0.05 0.0671875
0 0.6296875 0.55078125 0.046875 0.0609375
0 0.875 0.290625 0.053125 0.06875
0 0.62109375 0.83671875 0.0453125 0.0546875
0 0.71796875 0.6546875 0.0484375 0.059375
0 0.5640625 0.49921875 0.046875 0.0609375
0 0.67578125 0.55234375 0.0484375 0.0609375
0 0.7984375 0.85 0.046875 0.05625
0 0.646875 0.69921875 0.046875 0.0578125
0 0.403125 0.33359375 0.046875 0.0640625
0 0.58828125 0.446875 0.0484375 0.0625
0 0.640625 0.340625 0.05 0.06875
0 0.17890625 0.784375 0.0390625 0.053125
0 0.78203125 0.45390625 0.0515625 0.0640625
0 0.609375 0.49921875 0.046875 0.0609375
0 0.71171875 0.39765625 0.0515625 0.0640625
0 0.68515625 0.8875 0.0453125 0.053125
0 0.1234375 0.6140625 0.040625 0.053125
0 0.771875 0.55859375 0.05 0.0609375
0 0.57734375 0.0359375 0.0546875 0.071875
0 0.38515625 0.48984375 0.0453125 0.0609375
0 0.15 0.65625 0.040625 0.053125
0 0.11796875 0.73671875 0.0390625 0.0484375
0 0.85234375 0.5125 0.0515625 0.0625
0 0.3375 0.38515625 0.046875 0.0640625
0 0.6640625 0.840625 0.046875 0.05625
0 0.82421875 0.80625 0.0484375 0.05625
0 0.51640625 0.6875 0.0453125 0.05625
0 0.1390625 0.57109375 0.04375 0.0546875
0 0.8609375 0.665625 0.05 0.059375
0 0.6609375 0.39609375 0.05 0.0640625
0 0.6828125 0.45 0.05 0.0625
0 0.759375 0.75546875 0.046875 0.0578125
0 0.32734375 0.628125 0.0421875 0.05625
0 0.77890625 0.803125 0.0484375 0.05625
0 0.55703125 0.784375 0.0453125 0.05625
0 0.709375 0.84375 0.046875 0.05625
0 0.1265625 0.815625 0.0375 0.05
0 0.1578125 0.7390625 0.040625 0.05
0 0.1078125 0.65546875 0.040625 0.0515625
0 0.90390625 0.51640625 0.0515625 0.0640625
0 0.1703125 0.48125 0.04375 0.05625
0 0.1609375 0.821875 0.0375 0.05
0 0.88046875 0.71484375 0.0484375 0.0578125
0 0.87109375 0.565625 0.0515625 0.0625
0 0.153125 0.5265625 0.04375 0.05625
0 0.5375 0.6421875 0.04375 0.05625
0 0.8046875 0.7578125 0.046875 0.059375
0 0.1109375 0.525 0.040625 0.05625
0 0.1421875 0.778125 0.0375 0.05
0 0.890625 0.61796875 0.05 0.0609375
0 0.85234375 0.76015625 0.0484375 0.0578125
0 0.6890625 0.796875 0.046875 0.05625
0 0.49375 0.73203125 0.04375 0.0546875
0 0.72890625 0.890625 0.0453125 0.053125
0 0.81796875 0.89765625 0.0453125 0.0546875
0 0.65546875 0.50078125 0.0484375 0.0609375
0 0.534375 0.828125 0.04375 0.053125
0 0.73203125 0.453125 0.0515625 0.0625
0 0.63515625 0.4484375 0.0484375 0.0625
0 0.6921875 0.7015625 0.046875 0.059375
0 0.84375 0.85234375 0.046875 0.0578125
0 0.1734375 0.70078125 0.040625 0.0515625
0 0.8328125 0.71171875 0.05 0.0578125
0 0.5765625 0.83125 0.04375 0.053125
0 0.86171875 0.8984375 0.0453125 0.053125
0 0.45 0.4421875 0.046875 0.0625
0 0.20703125 0.61640625 0.0421875 0.0546875
0 0.51875 0.39296875 0.046875 0.0640625
0 0.8703125 0.80859375 0.046875 0.0546875