0 0.35078125 0.3390625 0.0546875 0.075
0 0.67578125 0.209375 0.0546875 0.078125
0 0.37890625 0.40234375 0.0546875 0.0734375
0 0.6390625 0.4140625 0.053125 0.071875
0 0.45625 0.46796875 0.053125 0.0703125
0 0.43046875 0.4078125 0.0546875 0.071875
0 0.4828125 0.4109375 0.053125 0.071875
0 0.48671875 0.28515625 0.0546875 0.0765625
0 0.378125 0.52265625 0.053125 0.0703125
0 0.71171875 0.46953125 0.0546875 0.0734375
0 0.4296875 0.52421875 0.053125 0.0703125
0 0.815625 0.14375 0.05625 0.08125
0 0.51015625 0.35078125 0.0546875 0.0734375
0 0.62265625 0.21953125 0.0546875 0.0765625
0 0.27421875 0.51640625 0.0546875 0.0703125
0 0.1359375 0.453125 0.05625 0.071875
0 0.759375 0.14296875 0.05625 0.0765625
0 0.91171875 0.26640625 0.0515625 0.0765625
0 0.215625 0.39453125 0.05625 0.0734375
0 0.53046875 0.528125 0.0515625 0.06875
0 0.7734375 0.33984375 0.053125 0.0734375
0 0.5640625 0.3515625 0.053125 0.075
0 0.70078125 0.2734375 0.0546875 0.078125
0 0.35234375 0.46171875 0.0546875 0.0703125
0 0.09921875 0.26015625 0.0578125 0.0765625
0 0.45390625 0.58203125 0.0515625 0.0671875
0 0.6609375 0.47421875 0.053125 0.0703125
0 0.534375 0.41328125 0.053125 0.0703125
0 0.45859375 0.3484375 0.0546875 0.075
0 0.29921875 0.4578125 0.0546875 0.071875
0 0.24453125 0.45625 0.0546875 0.071875
0 0.240625 0.3328125 0.05625 0.075
0 0.79453125 0.4015625 0.0515625 0.071875
0 0.32421875 0.39921875 0.0546875 0.0734375
0 0.74296875 0.40078125 0.0546875 0.0734375
0 0.2703125 0.39609375 0.05625 0.0734375
0 0.58671875 0.4140625 0.0515625 0.071875
0 0.721875 0.33828125 0.053125 0.0765625
0 0.32578125 0.51875 0.0546875 0.071875
0 0.61015625 0.47265625 0.0515625 0.0703125
0 0.353125 0.5796875 0.053125 0.06875
0 0.2953125 0.3359375 0.05625 0.075
0 0.50703125 0.47109375 0.0515625 0.0703125
0 0.19140625 0.4546875 0.0546875 0.071875
0 0.66796875 0.34765625 0.0546875 0.0765625
0 0.40546875 0.3421875 0.0546875 0.075
0 0.53984375 0.28828125 0.0546875 0.0765625
0 0.646875 0.284375 0.05625 0.078125
0 0.68984375 0.4109375 0.0515625 0.071875
0 0.75234375 0.27578125 0.0546875 0.0765625
0 0.7328125 0.52890625 0.053125 0.0703125
0 0.29140625 0.203125 0.0578125 0.08125
0 0.2203125 0.51484375 0.053125 0.0703125
0 0.55859375 0.47265625 0.0515625 0.0703125
0 0.40390625 0.465625 0.0546875 0.071875
0 0.378125 0.27578125 0.05625 0.0765625
0 0.56796875 0.2203125 0.0546875 0.078125
0 0.459375 0.21328125 0.05625 0.0796875
0 0.75390625 0.584375 0.0546875 0.06875
0 0.184375 0.3296875 0.05625 0.075
0 0.16015625 0.39296875 0.0578125 0.0734375
0 0.40234375 0.20859375 0.0578125 0.0765625
0 0.21015625 0.2671875 0.0578125 0.078125
0 0.4328125 0.27890625 0.05625 0.0765625
0 0.26875 0.1296875 0.059375 0.08125
0 0.68203125 0.53203125 0.0515625 0.0703125
0 0.321875 0.271875 0.05625 0.078125
0 0.921875 0.1328125 0.05625 0.08125
0 0.17734375 0.1953125 0.0578125 0.08125
0 0.80703125 0.27734375 0.0546875 0.0765625
0 0.50390625 0.58359375 0.0515625 0.0671875
0 0.92890625 0.3296875 0.0515625 0.075
0 0.3015625 0.57421875 0.053125 0.0703125
0 0.58046875 0.53046875 0.0515625 0.0671875
0 0.51328125 0.21875 0.0546875 0.078125
0 0.16640625 0.51328125 0.0546875 0.0703125
0 0.10546875 0.390625 0.0546875 0.075
0 0.11328125 0.5109375 0.0546875 0.06875
0 0.1203125 0.190625 0.059375 0.084375
0 0.76328125 0.46015625 0.0515625 0.0703125
0 0.890625 0.2015625 0.053125 0.078125
0 0.1953125 0.571875 0.053125 0.06875
0 0.63046875 0.53125 0.0515625 0.06875
0 0.12890625 0.32734375 0.0578125 0.0765625
0 0.70234375 0.58828125 0.0515625 0.0671875
0 0.23359375 0.1984375 0.0578125 0.08125
0 0.21171875 0.12578125 0.0578125 0.0828125
0 0.878125 0.3421875 0.053125 0.071875
0 0.42890625 0.63671875 0.0515625 0.0671875
0 0.859375 0.278125 0.053125 0.078125
0 0.60234375 0.58671875 0.0515625 0.0671875
0 0.48046875 0.5265625 0.0515625 0.06875
0 0.32734375 0.63359375 0.0515625 0.0703125
0 0.24921875 0.57265625 0.0546875 0.0671875
0 0.89765625 0.40390625 0.0515625 0.0765625
0 0.4046875 0.58046875 0.053125 0.0703125
0 0.40390625 0.690625 0.0515625 0.065625
0 0.14296875 0.57109375 0.0546875 0.0703125
0 0.553125 0.58515625 0.05 0.0671875
0 0.78359375 0.5203125 0.0515625 0.071875
0 0.86796875 0.1359375 0.0546875 0.08125
0 0.47890625 0.63671875 0.0515625 0.0671875
0 0.77421875 0.63984375 0.0515625 0.0671875
0 0.7234375 0.6421875 0.05 0.065625
0 0.52734375 0.63828125 0.0515625 0.0671875
0 0.825 0.34140625 0.053125 0.0734375
0 0.91484375 0.46484375 0.0515625 0.0703125
0 0.27578125 0.6296875 0.0515625 0.06875
0 0.35390625 0.6890625 0.0515625 0.065625
0 0.09609375 0.1171875 0.0578125 0.078125
0 0.871875 0.6328125 0.05 0.065625
0 0.65234375 0.58671875 0.0515625 0.0671875
0 0.78359375 0.2109375 0.0546875 0.078125
0 0.625 0.64140625 0.05 0.0671875
0 0.73046875 0.20703125 0.0546875 0.0765625
0 0.34765625 0.20625 0.0578125 0.078125
0 0.83828125 0.2109375 0.0546875 0.08125
0 0.8234375 0.63203125 0.05 0.0671875
0 0.303125 0.6875 0.053125 0.065625
0 0.803125 0.57578125 0.05 0.0671875
0 0.59296875 0.2875 0.0546875 0.078125
0 0.25234375 0.68359375 0.0515625 0.0671875
0 0.225 0.62734375 0.053125 0.0671875
0 0.378125 0.63515625 0.053125 0.0671875
0 0.453125 0.690625 0.05 0.065625
0 0.2671875 0.26875 0.05625 0.078125
0 0.4765625 0.74453125 0.05 0.0640625
0 0.20078125 0.6828125 0.0515625 0.065625
0 0.74375 0.696875 0.05 0.065625
0 0.12109375 0.62578125 0.0515625 0.0671875
0 0.153125 0.1234375 0.059375 0.08125
0 0.7921875 0.69375 0.05 0.065625
0 0.69375 0.696875 0.05 0.065625
0 0.5765625 0.63984375 0.05 0.0671875
0 0.378125 0.74296875 0.05 0.0640625
0 0.5984375 0.69375 0.05 0.065625
0 0.27890625 0.740625 0.0515625 0.065625
0 0.9421875 0.20078125 0.053125 0.0765625
0 0.22890625 0.73828125 0.0515625 0.0640625
0 0.83359375 0.5203125 0.0515625 0.06875
0 0.4265625 0.74375 0.05 0.065625
0 0.171875 0.62734375 0.053125 0.0671875
0 0.328125 0.74140625 0.05 0.0640625
0 0.5015625 0.6921875 0.05 0.065625
0 0.5234375 0.74453125 0.05 0.0640625
0 0.4015625 0.7953125 0.05 0.0625
0 0.15 0.68125 0.053125 0.065625
0 0.840625 0.68671875 0.05 0.0671875
0 0.12734375 0.73515625 0.0515625 0.0640625
0 0.8890625 0.68671875 0.046875 0.0640625
0 0.9015625 0.578125 0.05 0.06875
0 0.81171875 0.7453125 0.0484375 0.065625
0 0.646875 0.6953125 0.05 0.0625
0 0.15625 0.7859375 0.05 0.0625
0 0.66796875 0.7484375 0.0484375 0.065625
0 0.49765625 0.79609375 0.0484375 0.0640625
0 0.17890625 0.73515625 0.0515625 0.0640625
0 0.6734375 0.6421875 0.05 0.065625
0 0.45078125 0.79609375 0.0484375 0.0640625
0 0.55 0.69296875 0.05 0.0640625
0 0.57265625 0.7453125 0.0484375 0.0625
0 0.15390625 0.2640625 0.0578125 0.078125
0 0.3046875 0.7921875 0.05 0.0625
0 0.35390625 0.79375 0.0484375 0.0625
0 0.32890625 0.84375 0.0484375 0.0625
0 0.61953125 0.74609375 0.0484375 0.0640625
0 0.86484375 0.46328125 0.0515625 0.0703125
0 0.86015625 0.7390625 0.0484375 0.065625
0 0.37734375 0.84375 0.0484375 0.0625
0 0.54609375 0.796875 0.0484375 0.0625
0 0.884375 0.521875 0.05 0.06875
0 0.18359375 0.83671875 0.0484375 0.0609375
0 0.83046875 0.796875 0.0484375 0.0625
0 0.71484375 0.74921875 0.0484375 0.0640625
0 0.64140625 0.7984375 0.0484375 0.0625
0 0.2546875 0.7921875 0.05 0.0625
0 0.59296875 0.79765625 0.0484375 0.0640625
0 0.68984375 0.8015625 0.0484375 0.0625
0 0.28046875 0.84296875 0.0484375 0.0609375
0 0.7828125 0.8 0.046875 0.0625
0 0.6625 0.84921875 0.046875 0.0609375
0 0.7640625 0.75 0.05 0.0625
0 0.8515625 0.8453125 0.046875 0.0625
0 0.81328125 0.46171875 0.0515625 0.0703125
0 0.7359375 0.8015625 0.046875 0.0625
0 0.20625 0.7875 0.05 0.0625
0 0.56796875 0.8484375 0.0484375 0.0625
0 0.7546875 0.85 0.046875 0.059375
0 0.47421875 0.8484375 0.0484375 0.0625
0 0.23203125 0.84140625 0.0484375 0.0609375
0 0.61484375 0.35234375 0.0546875 0.0734375
0 0.853125 0.57734375 0.05 0.0671875
0 0.8046875 0.8484375 0.046875 0.059375
0 0.5203125 0.84765625 0.046875 0.0640625
0 0.6140625 0.8484375 0.046875 0.0625
0 0.42578125 0.8453125 0.0484375 0.0625
0 0.7078125 0.85078125 0.046875 0.0609375
0 0.846875 0.403125 0.053125 0.071875
0 0.8765625 0.78984375 0.046875 0.0640625
0 0.13515625 0.83515625 0.0515625 0.0609375