0 0.956640625 0.276171875 0.08203125 0.14921875
0 0.86953125 0.28359375 0.0921875 0.1421875
0 0.773046875 0.28828125 0.08984375 0.1421875
0 0.68359375 0.29375 0.0890625 0.140625
0 0.592578125 0.296484375 0.08515625 0.13671875
0 0.506640625 0.303125 0.08203125 0.134375
0 0.420703125 0.303125 0.08203125 0.134375
0 0.341015625 0.31015625 0.07578125 0.1296875
0 0.17890625 0.309375 0.0765625 0.13125
0 0.10078125 0.308203125 0.0765625 0.13203125
0 0.26328125 0.3109375 0.0796875 0.13125
0 0.03046875 0.310546875 0.0609375 0.12734375
0 0.9109375 0.40546875 0.09375 0.1421875
0 0.81328125 0.40859375 0.0921875 0.1421875
0 0.72265625 0.411328125 0.0890625 0.14453125
0 0.628515625 0.41328125 0.08515625 0.1421875
0 0.369921875 0.417578125 0.08046875 0.13203125
0 0.5421875 0.41640625 0.084375 0.1390625
0 0.291015625 0.420703125 0.08203125 0.12890625
0 0.4578125 0.420703125 0.084375 0.13828125
0 0.046875 0.419921875 0.078125 0.13359375
0 0.208984375 0.421875 0.08046875 0.13125
0 0.126171875 0.421875 0.08046875 0.13125
0 0.959375 0.048046875 0.078125 0.09609375
0 0.87265625 0.05234375 0.0953125 0.1046875
0 0.76328125 0.5328125 0.0890625 0.140625
0 0.671875 0.53359375 0.0875 0.1390625
0 0.862890625 0.53515625 0.09140625 0.1421875
0 0.954296875 0.53515625 0.08984375 0.1515625
0 0.079296875 0.53671875 0.08046875 0.1296875
0 0.5828125 0.534765625 0.0875 0.13828125
0 0.49609375 0.5375 0.0828125 0.140625
0 0.411328125 0.5390625 0.08203125 0.134375
0 0.17890625 0.544140625 0.0796875 0.13203125
0 0.340234375 0.54296875 0.07421875 0.1296875
0 0.258984375 0.54296875 0.08046875 0.1296875
0 0.777734375 0.055859375 0.08984375 0.11171875
0 0.68828125 0.058203125 0.0921875 0.11640625
0 0.597265625 0.060546875 0.08515625 0.12109375
0 0.5375 0.654296875 0.0875 0.13671875
0 0.291015625 0.65546875 0.08203125 0.1359375
0 0.5140625 0.066015625 0.084375 0.13203125
0 0.628125 0.655078125 0.0875 0.13828125
0 0.20546875 0.654296875 0.0796875 0.13671875
0 0.4484375 0.654296875 0.084375 0.13671875
0 0.12421875 0.65625 0.0796875 0.134375
0 0.72109375 0.65859375 0.0890625 0.1421875
0 0.051171875 0.657421875 0.07421875 0.12734375
0 0.808984375 0.657421875 0.08984375 0.14296875
0 0.373828125 0.657421875 0.07578125 0.13359375
0 0.90390625 0.658203125 0.0953125 0.14453125
0 0.4296875 0.0703125 0.084375 0.134375
0 0.34296875 0.073046875 0.0828125 0.13671875
0 0.261328125 0.0734375 0.08203125 0.13125
0 0.18203125 0.074609375 0.0796875 0.13359375
0 0.02734375 0.0765625 0.0546875 0.13125
0 0.07890625 0.76953125 0.0796875 0.1359375
0 0.16015625 0.7703125 0.0796875 0.13125
0 0.241015625 0.771484375 0.08203125 0.13359375
0 0.318359375 0.775390625 0.08046875 0.13828125
0 0.40546875 0.775390625 0.0828125 0.13828125
0 0.492578125 0.77734375 0.08515625 0.1390625
0 0.58828125 0.78046875 0.0828125 0.1421875
0 0.6671875 0.780859375 0.0875 0.14296875
0 0.10078125 0.080078125 0.0796875 0.13203125
0 0.76328125 0.7828125 0.0921875 0.140625
0 0.8578125 0.786328125 0.09375 0.14453125
0 0.95625 0.7921875 0.0875 0.153125
0 0.034375 0.88984375 0.06875 0.1390625
0 0.122265625 0.8921875 0.08203125 0.134375
0 0.275390625 0.8953125 0.08515625 0.134375
0 0.19921875 0.893359375 0.0765625 0.13671875
0 0.362890625 0.895703125 0.08515625 0.13828125
0 0.447265625 0.896875 0.08203125 0.140625
0 0.5328125 0.9 0.0875 0.140625
0 0.6234375 0.9046875 0.0875 0.140625
0 0.712109375 0.90703125 0.08671875 0.1453125
0 0.80703125 0.9109375 0.0921875 0.146875
0 0.9046875 0.9203125 0.09375 0.146875
0 0.975 0.923046875 0.046875 0.14921875
0 0.91640625 0.151953125 0.0953125 0.14453125
0 0.823828125 0.162890625 0.09140625 0.14453125
0 0.732421875 0.16953125 0.08984375 0.1421875
0 0.551171875 0.174609375 0.08671875 0.13671875
0 0.6421875 0.176171875 0.0875 0.13671875
0 0.461328125 0.18203125 0.08515625 0.1359375
0 0.38203125 0.1921875 0.0796875 0.134375
0 0.22421875 0.195703125 0.0828125 0.13203125
0 0.314453125 0.203125 0.07578125 0.13125
0 0.07890625 0.20546875 0.0796875 0.1265625