0 0.95703125 0.2765625 0.0828125 0.15
0 0.86875 0.28359375 0.09375 0.1421875
0 0.77421875 0.28828125 0.0921875 0.1421875
0 0.68359375 0.29453125 0.0890625 0.1421875
0 0.59375 0.296875 0.0875 0.1375
0 0.50703125 0.303125 0.0828125 0.134375
0 0.42109375 0.303125 0.0828125 0.134375
0 0.34140625 0.31015625 0.0765625 0.1296875
0 0.17890625 0.30859375 0.0765625 0.1328125
0 0.10078125 0.30859375 0.0765625 0.1328125
0 0.26328125 0.31171875 0.0796875 0.1328125
0 0.03125 0.31171875 0.0625 0.1265625
0 0.9109375 0.40546875 0.09375 0.1421875
0 0.81484375 0.40859375 0.0921875 0.1421875
0 0.72265625 0.41171875 0.0890625 0.1453125
0 0.63046875 0.41328125 0.0859375 0.1421875
0 0.37109375 0.41796875 0.0828125 0.1328125
0 0.5421875 0.41640625 0.084375 0.1390625
0 0.29140625 0.41953125 0.0828125 0.1265625
0 0.4578125 0.42109375 0.084375 0.1390625
0 0.04765625 0.4203125 0.0796875 0.134375
0 0.21015625 0.42265625 0.0828125 0.1328125
0 0.12734375 0.42265625 0.0828125 0.1328125
0 0.96015625 0.0484375 0.0796875 0.096875
0 0.8734375 0.053125 0.096875 0.10625
0 0.76328125 0.53359375 0.0890625 0.1421875
0 0.67265625 0.53359375 0.0890625 0.1390625
0 0.86328125 0.53515625 0.0921875 0.1421875
0 0.95390625 0.53515625 0.0921875 0.1515625
0 0.08046875 0.53671875 0.0828125 0.1296875
0 0.58359375 0.5375 0.0890625 0.1375
0 0.496875 0.53828125 0.084375 0.1421875
0 0.41171875 0.5390625 0.0828125 0.134375
0 0.17890625 0.54453125 0.0796875 0.1328125
0 0.340625 0.54296875 0.075 0.1296875
0 0.26171875 0.54296875 0.0796875 0.1296875
0 0.778125 0.05625 0.090625 0.1125
0 0.6890625 0.05859375 0.09375 0.1171875
0 0.59765625 0.0609375 0.0859375 0.121875
0 0.53828125 0.6546875 0.0859375 0.1375
0 0.29140625 0.6546875 0.0828125 0.1375
0 0.5140625 0.06640625 0.084375 0.1328125
0 0.62890625 0.6546875 0.0890625 0.1375
0 0.20546875 0.6546875 0.0796875 0.1375
0 0.4484375 0.6546875 0.084375 0.1375
0 0.12421875 0.65625 0.0796875 0.134375
0 0.72109375 0.65859375 0.0890625 0.1421875
0 0.0515625 0.6578125 0.075 0.128125
0 0.8109375 0.65859375 0.090625 0.1453125
0 0.37578125 0.65859375 0.0765625 0.1328125
0 0.9046875 0.65859375 0.096875 0.1453125
0 0.4296875 0.0703125 0.084375 0.134375
0 0.3421875 0.0734375 0.084375 0.1375
0 0.26171875 0.07421875 0.0828125 0.1328125
0 0.18203125 0.075 0.0796875 0.134375
0 0.02734375 0.07734375 0.0546875 0.1328125
0 0.07890625 0.7703125 0.0796875 0.1375
0 0.16015625 0.77109375 0.0796875 0.1328125
0 0.24140625 0.77265625 0.0828125 0.1328125
0 0.31953125 0.775 0.0828125 0.1375
0 0.4046875 0.775 0.084375 0.1375
0 0.49375 0.77734375 0.0875 0.1390625
0 0.5875 0.78046875 0.084375 0.1421875
0 0.66796875 0.78203125 0.0890625 0.1453125
0 0.10078125 0.08046875 0.0796875 0.1328125
0 0.7640625 0.78359375 0.09375 0.1421875
0 0.8578125 0.78671875 0.09375 0.1453125
0 0.95625 0.7921875 0.0875 0.153125
0 0.03515625 0.88984375 0.0703125 0.1390625
0 0.12265625 0.8921875 0.0828125 0.134375
0 0.275 0.8953125 0.084375 0.134375
0 0.19921875 0.89375 0.0765625 0.1375
0 0.3640625 0.8984375 0.0875 0.1375
0 0.44765625 0.89765625 0.0828125 0.1421875
0 0.53359375 0.90078125 0.0890625 0.1421875
0 0.62421875 0.90546875 0.0890625 0.1421875
0 0.71171875 0.9078125 0.0859375 0.146875
0 0.80625 0.9109375 0.09375 0.146875
0 0.9046875 0.9203125 0.09375 0.146875
0 0.97578125 0.9234375 0.0484375 0.15
0 0.915625 0.15234375 0.096875 0.1453125
0 0.82421875 0.16328125 0.0921875 0.1453125
0 0.7328125 0.16953125 0.090625 0.1421875
0 0.5515625 0.175 0.0875 0.1375
0 0.6421875 0.1765625 0.0875 0.1375
0 0.4625 0.18125 0.0875 0.134375
0 0.38203125 0.1921875 0.0796875 0.134375
0 0.225 0.196875 0.084375 0.13125
0 0.31484375 0.20390625 0.0765625 0.1328125
0 0.07890625 0.2046875 0.0796875 0.125