0 0.06640625 0.4083333333333333 0.05 0.06666666666666667
0 0.07109375 0.4888888888888889 0.0515625 0.06388888888888888
0 0.075 0.5638888888888889 0.0453125 0.06111111111111111
0 0.05078125 0.6729166666666667 0.0546875 0.06527777777777778
0 0.103515625 0.5840277777777778 0.05390625 0.06527777777777778
0 0.1109375 0.4083333333333333 0.0421875 0.06666666666666667
0 0.141796875 0.41875 0.05390625 0.07083333333333333
0 0.1328125 0.47708333333333336 0.04375 0.05694444444444444
0 0.141796875 0.625 0.04453125 0.05555555555555555
0 0.16328125 0.6611111111111111 0.053125 0.06388888888888888
0 0.169140625 0.5659722222222222 0.04765625 0.0625
0 0.15234375 0.5027777777777778 0.053125 0.06666666666666667
0 0.19609375 0.4201388888888889 0.0546875 0.07083333333333333
0 0.22265625 0.4847222222222222 0.05 0.06388888888888888
0 0.19921875 0.5923611111111111 0.05625 0.06805555555555555
0 0.233203125 0.6291666666666667 0.04921875 0.058333333333333334
0 0.271875 0.41597222222222224 0.0515625 0.06805555555555555
0 0.26875 0.5034722222222222 0.0515625 0.06805555555555555
0 0.27578125 0.5833333333333334 0.053125 0.06666666666666667
0 0.28046875 0.6548611111111111 0.0515625 0.0625
0 0.32265625 0.41875 0.0484375 0.06805555555555555
0 0.3171875 0.5152777777777777 0.0546875 0.06944444444444445
0 0.33125 0.5798611111111112 0.0515625 0.06527777777777778
0 0.3375 0.6326388888888889 0.0484375 0.05694444444444444
0 0.368359375 0.4305555555555556 0.05390625 0.06944444444444445
0 0.37578125 0.5118055555555555 0.053125 0.06805555555555555
0 0.381640625 0.5777777777777777 0.05078125 0.06111111111111111
0 0.3859375 0.6291666666666667 0.046875 0.05555555555555555
0 0.431640625 0.6388888888888888 0.04921875 0.058333333333333334
0 0.43125 0.5798611111111112 0.05 0.0625
0 0.430859375 0.49930555555555556 0.05078125 0.06527777777777778
0 0.431640625 0.4215277777777778 0.05234375 0.07083333333333333
0 0.483984375 0.42291666666666666 0.05234375 0.07083333333333333
0 0.48203125 0.5013888888888889 0.0515625 0.06666666666666667
0 0.480078125 0.5618055555555556 0.04765625 0.059722222222222225
0 0.480078125 0.6395833333333333 0.04765625 0.059722222222222225
0 0.5359375 0.42291666666666666 0.0515625 0.07083333333333333
0 0.531640625 0.49930555555555556 0.04921875 0.06527777777777778
0 0.52734375 0.5611111111111111 0.0484375 0.06111111111111111
0 0.528125 0.6388888888888888 0.0484375 0.06111111111111111
0 0.58359375 0.41805555555555557 0.0484375 0.06666666666666667
0 0.584765625 0.5069444444444444 0.05078125 0.06666666666666667
0 0.57578125 0.5673611111111111 0.0484375 0.059722222222222225
0 0.57578125 0.6423611111111112 0.0484375 0.059722222222222225
0 0.643359375 0.40555555555555556 0.04609375 0.06388888888888888
0 0.653515625 0.4930555555555556 0.04921875 0.06388888888888888
0 0.658984375 0.5708333333333333 0.04921875 0.06388888888888888
0 0.634375 0.6201388888888889 0.0453125 0.05694444444444444
0 0.6828125 0.61875 0.0453125 0.05694444444444444
0 0.68828125 0.5479166666666667 0.0421875 0.05694444444444444
0 0.704296875 0.49444444444444446 0.04921875 0.06388888888888888
0 0.703515625 0.4152777777777778 0.04921875 0.06666666666666667
0 0.7640625 0.6631944444444444 0.05 0.0625
0 0.75703125 0.5729166666666666 0.0484375 0.0625
0 0.735546875 0.48333333333333334 0.03984375 0.06111111111111111
0 0.7515625 0.4166666666666667 0.0484375 0.06666666666666667
0 0.790625 0.4888888888888889 0.046875 0.06388888888888888
0 0.78203125 0.55 0.040625 0.058333333333333334
0 0.772265625 0.6125 0.04140625 0.05
0 0.8140625 0.6125 0.04375 0.05555555555555555
0 0.7875 0.4083333333333333 0.040625 0.06388888888888888
0 0.8296875 0.4076388888888889 0.0453125 0.0625
0 0.869921875 0.5090277777777777 0.05078125 0.06805555555555555
0 0.86640625 0.5784722222222223 0.05 0.06527777777777778
0 0.86171875 0.6201388888888889 0.04375 0.043055555555555555
0 0.949609375 0.6444444444444445 0.04765625 0.06111111111111111
0 0.919140625 0.5472222222222223 0.04453125 0.058333333333333334
0 0.912109375 0.4986111111111111 0.04609375 0.06666666666666667
0 0.87109375 0.40347222222222223 0.04375 0.0625
0 0.94609375 0.41180555555555554 0.046875 0.06527777777777778
0 0.952734375 0.49444444444444446 0.04453125 0.06388888888888888
0 0.96015625 0.5423611111111111 0.0421875 0.05694444444444444
0 0.94609375 0.5965277777777778 0.0375 0.0375
0 0.98203125 0.6041666666666666 0.0359375 0.05555555555555555
0 0.993359375 0.4965277777777778 0.01328125 0.0625
0 0.983203125 0.41041666666666665 0.03359375 0.06527777777777778