0 0.6352921874999999 0.45975 0.6219203125 0.49813906250000006 0.61421875 0.538903125 0.6268625 0.603809375 0.64266875 0.637053125 0.6690109375 0.66713125 0.7153734375 0.670296875 0.7438234375 0.6433859375 0.7670046875 0.57373125 0.7511984375 0.505659375 0.7332859375 0.4692484375 0.7027296875 0.43917031250000005 0.6742796875 0.4360046875 0.6352921874999999 0.45975
0 0.673225 0.69404375 0.6637421875 0.6607984375 0.6405609375 0.6338874999999999 0.6237015625 0.6243890624999999 0.59630625 0.6291375 0.563421875 0.64781875 0.5488890625 0.6797953125 0.5425671875 0.713040625 0.538353125 0.7510328125 0.5467828124999999 0.7906093750000001 0.5625875 0.8301859374999999 0.5889296875000001 0.861846875 0.61421875 0.8681796875 0.654259375 0.8539328125000001 0.6795484375 0.83176875 0.6837625 0.7747796874999999 0.6795484375 0.7367859375 0.673225 0.69404375
0 0.5236015625 0.7858609375000001 0.52886875 0.7526171875000001 0.5309765625 0.730453125 0.52886875 0.700375 0.522546875 0.66713125 0.520734375 0.6335625 0.5014734375 0.6291375 0.481453125 0.6196390625 0.45511093750000003 0.6148906249999999 0.424553125 0.6291375 0.40031875 0.67188125 0.40980156250000005 0.757365625 0.41823125 0.8048578125000001 0.46564843749999996 0.839684375 0.49093593750000003 0.8270203125 0.5120109375 0.8111890624999999 0.5236015625 0.7858609375000001
0 0.3170765625 0.3046109375 0.3118078125 0.2634515625 0.29495 0.22070937499999999 0.2812515625 0.2191265625 0.282 0.22016249999999998 0.262284375 0.2191265625 0.23383437499999998 0.228625 0.2232984375 0.2602859375 0.22119062500000003 0.28403125 0.21802968749999999 0.33468906249999997 0.2232984375 0.3869296875 0.244371875 0.42650625 0.2707140625 0.4360046875 0.303378125 0.40909375 0.3128625 0.3869296875 0.31918437499999996 0.3568515625 0.3170765625 0.3046109375
0 0.166584375 0.951928125 0.19379531249999998 0.9269437500000001 0.198009375 0.8667875 0.19695625 0.8177125000000001 0.1706140625 0.7638890625 0.14532499999999998 0.746475 0.12214375 0.7559734375 0.10423125 0.7781359375 0.10106875 0.8192953125000001 0.1031765625 0.8667875 0.11898281250000001 0.907946875 0.1316265625 0.930109375 0.166584375 0.951928125
0 0.2981109375 0.6182484374999999 0.2865203125 0.5865859375 0.2633390625 0.567590625 0.23615 0.5694140625 0.21592187499999999 0.5834203125 0.2022234375 0.611915625 0.2022234375 0.6435765625000001 0.2022234375 0.6736546875 0.21170781249999998 0.7148140625 0.2201375 0.7448921875 0.245425 0.7686375 0.273875 0.7607234375 0.2981109375 0.727478125 0.30548593749999997 0.6847359375 0.3044328125 0.649909375 0.2981109375 0.6182484374999999
0 0.299390625 0.8521421874999999 0.2981109375 0.8828093750000001 0.2928421875 0.92871875 0.302325 0.97779375 0.3339359375 0.9952062500000001 0.4045328125 0.9967890625000001 0.4140171875 0.9477156250000001 0.40558750000000005 0.890725 0.3855671875 0.8242359374999999 0.349740625 0.7989078125 0.32339843749999997 0.8099890625 0.3107546875 0.82581875 0.299390625 0.8521421874999999
0 0.35500937499999996 0.436196875 0.38978125 0.43777968749999996 0.42271093750000005 0.40310468750000006 0.43825156249999997 0.349128125 0.43509062500000006 0.2953046875 0.42033906249999997 0.25889375000000003 0.401371875 0.2351484375 0.37608437499999997 0.22248281250000002 0.3455265625 0.23039843750000003 0.33182812500000003 0.2604765625 0.3223453125 0.2794734375 0.3170765625 0.3127171875 0.3212921875 0.36495781250000003 0.3286671875 0.393453125 0.35500937499999996 0.436196875
0 0.0905328125 0.2412890625 0.12425 0.2333734375 0.146378125 0.1748 0.1358421875 0.084565625 0.11687499999999999 0.0592375 0.082103125 0.052904687500000006 0.06313593749999999 0.0750671875 0.0526 0.11147812500000001 0.051545312499999996 0.144721875 0.0526 0.182715625 0.074884375 0.23441874999999998 0.0905328125 0.2412890625
0 0.14532499999999998 0.22545781250000002 0.13373437500000002 0.2507875 0.12073437499999999 0.2890625 0.12425 0.31727500000000003 0.12530468749999998 0.35843437499999997 0.1305734375 0.39167968750000004 0.15059375 0.40592656250000003 0.1716671875 0.42334062499999997 0.20643906250000002 0.41067656250000006 0.21592187499999999 0.3679328125 0.21802968749999999 0.329940625 0.21065312500000002 0.2776984375 0.1990625 0.23970625 0.164290625 0.2191265625 0.14532499999999998 0.22545781250000002
0 0.5394062500000001 1 0.543621875 0.9902656249999999 0.544675 0.9522734375 0.54286875 0.9091625000000001 0.5130640625 0.8572890624999999 0.4793453125 0.841459375 0.43825156249999997 0.8541234375 0.4140171875 0.8936999999999999 0.41717812500000007 0.9601875 0.42033906249999997 1 0.5394062500000001 1
0 0.7153734375 1 0.7153734375 0.9823515625000001 0.7136203125 0.9448015625 0.7048359375000001 0.919028125 0.6742796875 0.8857843750000001 0.6331859375 0.8652046875 0.5868218749999999 0.8842015625 0.5720703125 0.919028125 0.5762859375 0.9665203124999999 0.58576875 1 0.7153734375 1
0 0.7511984375 0.901615625 0.7954546875 0.8873671875 0.8302265625 0.8572890624999999 0.8354953125 0.7892187500000001 0.823903125 0.732228125 0.8017765625 0.6799875 0.7691125000000001 0.6609906249999999 0.73539375 0.6657390624999999 0.707996875 0.6863187500000001 0.6942999999999999 0.7068984375 0.6827093750000001 0.7480578125 0.68903125 0.8050484375 0.69956875 0.8351265625 0.7195875 0.8810359375000001 0.7511984375 0.901615625
0 0.516225 0.5246562499999999 0.5067421875 0.4866625 0.49831250000000005 0.445503125 0.47962812499999996 0.41973593749999993 0.447734375 0.41542500000000004 0.42771406250000005 0.42492343750000006 0.4076953125 0.4470859375 0.3918890625 0.4771640625 0.3982109375 0.5563171875 0.41823125 0.59589375 0.43614375 0.6148906249999999 0.47407656249999997 0.6133078125 0.494096875 0.59589375 0.5077953125 0.5531515625 0.516225 0.5246562499999999
0 0.0842109375 0.46449999999999997 0.0778875 0.4407546875 0.0685609375 0.398353125 0.0684046875 0.40276093749999997 0.0336328125 0.3758484375 0.0104515625 0.3948453125 0 0.4328390625 0.0030765625000000003 0.4850796875 0.01888125 0.5183234375 0.0420625 0.5531515625 0.0610296875 0.5373203125 0.0778875 0.5119921875 0.08315625 0.4882453125 0.0842109375 0.46449999999999997
0 0.973528125 0.71620625 0.9461328124999999 0.686128125 0.8997703125 0.7019578125 0.8765890625000001 0.713040625 0.8607828124999999 0.7367859375 0.8523531249999999 0.779528125 0.8559125 0.82125625 0.8723734375 0.8745125 0.9008234375 0.8998406250000001 0.9282203125 0.9251703125 0.9524546875000001 0.9283359375 0.9777437499999999 0.910921875 0.989334375 0.891925 0.989334375 0.8586812500000001 0.9914406250000001 0.8206875 1 0.78269375 0.994603125 0.746284375 0.973528125 0.71620625
0 0.8495874999999999 0.8877796874999999 0.8175812499999999 0.8792609375 0.7859703125 0.891925 0.7554140625 0.9315015624999999 0.752253125 0.994825 0.8523531249999999 0.9916578125 0.873428125 0.990075 0.8829109374999999 0.9805765624999999 0.8923937499999999 0.9631624999999999 0.8829109374999999 0.9283359375 0.8649984375 0.9061734375 0.8495874999999999 0.8877796874999999
0 0.3310109375 0.607428125 0.35817031250000003 0.5990593750000001 0.3929421875 0.56898125 0.3929421875 0.47083281250000003 0.3813515625 0.44392031249999997 0.3518484375 0.43917031250000005 0.3286671875 0.412259375 0.303378125 0.41700781249999996 0.285465625 0.46449999999999997 0.285465625 0.5072421874999999 0.290734375 0.549984375 0.29705625 0.587978125 0.3310109375 0.607428125
0 0.051545312499999996 0.25237031249999997 0.0378484375 0.231790625 0.0157203125 0.223875 0 0.231790625 0.00096875 0.3805984375 0.017828125 0.3805984375 0.0378484375 0.3695171875 0.055760937499999996 0.3489375 0.05275 0.346084375 0.059975 0.2903640625 0.051545312499999996 0.25237031249999997
0 0 0.22704062500000002 0.032579687499999996 0.22070937499999999 0.043115625000000005 0.21121093750000003 0.051545312499999996 0.182715625 0.048384375 0.127309375 0.041009375 0.09248125 0.02941875 0.0798171875 0.014667187500000001 0.0639859375 0.0021578125 0.060979687500000004 0 0.0750671875 0 0.22704062500000002
0 0.1982046875 0.6003015625 0.18641875000000002 0.570565625 0.1611296875 0.554734375 0.1316265625 0.5673984375 0.12214375 0.59589375 0.11898281250000001 0.6307203125 0.12425 0.6845453125 0.13794843750000002 0.708290625 0.156915625 0.7272875 0.1959015625 0.724121875 0.20327812500000003 0.6576328124999999 0.1990625 0.6006421875 0.1982046875 0.6003015625
0 0.40347968749999996 0.700375 0.42271093750000005 0.61693125 0.40558750000000005 0.5911453125 0.37924531250000004 0.587978125 0.360278125 0.5974765625 0.3444734375 0.6354703125000001 0.33604375000000003 0.652884375 0.33182812500000003 0.71620625 0.3465796875 0.7494500000000001 0.3634390625 0.779528125 0.38978125 0.78269375 0.4087484375 0.773196875 0.40347968749999996 0.7336203125 0.40347968749999996 0.700375
0 0.23488906250000002 0.581646875 0.2709328125 0.5456562500000001 0.2812515625 0.4961609375 0.273875 0.42808906249999995 0.24647968750000002 0.4217578125 0.2285671875 0.40276093749999997 0.21592187499999999 0.40276093749999997 0.1959015625 0.42492343750000006 0.180096875 0.461334375 0.180096875 0.50249375 0.18115 0.5341546875 0.1948484375 0.56898125 0.21065312500000002 0.5895609375 0.23488906250000002 0.581646875
0 0.073303125 0.7024625 0.0989625 0.6987921874999999 0.112659375 0.6782125 0.12214375 0.6275546875 0.11792812500000001 0.5943109375 0.1021234375 0.5579 0.0842109375 0.5373203125 0.06313593749999999 0.543653125 0.0389015625 0.56265 0.035740625 0.6022265625000001 0.041009375 0.6592156250000001 0.05470625 0.686128125 0.073303125 0.7024625
0 0.09685468750000001 0.8412671875 0.0915859375 0.8127734375 0.10106875 0.7716125 0.1144109375 0.7499796875 0.10528437500000001 0.7320375 0.0842109375 0.71620625 0.053653125 0.7146234375 0.0336328125 0.74311875 0.032579687499999996 0.7779453125 0.032579687499999996 0.8111890624999999 0.045223437500000005 0.8428515624999999 0.057868750000000004 0.8745125 0.07578125 0.904590625 0.10423125 0.8982578125 0.1031765625 0.8665968749999999 0.09685468750000001 0.8412671875
0 0.088425 1 0.0979078125 0.964746875 0.094746875 0.933084375 0.088425 0.9140890625000001 0.064190625 0.8982578125 0.047331250000000005 0.8697625 0.029034375 0.8545187500000001 0.01888125 0.8840109375 0.0167734375 0.904590625 0.01888125 0.9584140624999999 0.0273109375 0.9726609375 0.032579687499999996 0.990075 0.034687499999999996 1 0.088425 1
0 0.24015781249999998 0.9346687499999999 0.2654453125 0.9568312499999999 0.2883234375 0.9733109375 0.2928421875 0.9251703125 0.29495 0.8824265625000001 0.30548593749999997 0.855515625 0.3128625 0.8254374999999999 0.306540625 0.8111890624999999 0.30021718750000004 0.7763625000000001 0.273875 0.76053125 0.2285671875 0.7700296875 0.2138140625 0.8286031250000001 0.21592187499999999 0.8950921875000001 0.24015781249999998 0.9346687499999999
0 0.20643906250000002 0.9235875 0.18115 0.9346687499999999 0.16323749999999998 0.9663296875 0.164290625 1 0.2630265625 0.9970703125 0.2538546875 0.971078125 0.24647968750000002 0.95208125 0.2306734375 0.9378343750000001 0.20643906250000002 0.9235875