0 0.28828125 0.19765625 0.0828125 0.1109375
0 0.37578125 0.19921875 0.0828125 0.1078125
0 0.11796875 0.025 0.0828125 0.04375
0 0.13359375 0.21953125 0.0796875 0.1109375
0 0.22578125 0.2328125 0.0703125 0.10625
0 0.75625 0.2359375 0.084375 0.115625
0 0.6625 0.2375 0.084375 0.11875
0 0.83046875 0.240625 0.0765625 0.115625
0 0.57734375 0.24140625 0.0828125 0.1140625
0 0.20546875 0.02734375 0.0828125 0.0484375
0 0.49140625 0.24765625 0.0828125 0.1109375
0 0.075 0.246875 0.071875 0.103125
0 0.96953125 0.259375 0.0609375 0.115625
0 0.41796875 0.303125 0.0796875 0.115625
0 0.33984375 0.31796875 0.0765625 0.1109375
0 0.17734375 0.32109375 0.0796875 0.1140625
0 0.2703125 0.3328125 0.071875 0.096875
0 0.1046875 0.33515625 0.075 0.1109375
0 0.80625 0.33828125 0.084375 0.1234375
0 0.03671875 0.346875 0.0671875 0.10625
0 0.53203125 0.3640625 0.0828125 0.115625
0 0.69296875 0.36640625 0.0765625 0.1109375
0 0.95859375 0.3703125 0.0828125 0.125
0 0.61171875 0.37265625 0.0765625 0.1109375
0 0.46015625 0.41171875 0.0796875 0.1203125
0 0.40078125 0.04296875 0.0796875 0.0828125
0 0.2921875 0.41484375 0.084375 0.1234375
0 0.38203125 0.4234375 0.0765625 0.115625
0 0.2234375 0.43046875 0.071875 0.1109375
0 0.15234375 0.43359375 0.0765625 0.1078125
0 0.05859375 0.43515625 0.0765625 0.1109375
0 0.57265625 0.04921875 0.0828125 0.0921875
0 0.75234375 0.45234375 0.0796875 0.1203125
0 0.66796875 0.4546875 0.0828125 0.125
0 0.8375 0.45546875 0.084375 0.1203125
0 0.57734375 0.45859375 0.0828125 0.1171875
0 0.34140625 0.52265625 0.0828125 0.1109375
0 0.50703125 0.52734375 0.0765625 0.1109375
0 0.42890625 0.5296875 0.0765625 0.115625
0 0.18671875 0.5328125 0.0796875 0.11875
0 0.26875 0.534375 0.075 0.115625
0 0.10390625 0.53671875 0.0828125 0.1203125
0 0.03359375 0.53828125 0.0609375 0.1203125
0 0.72578125 0.55546875 0.0859375 0.1296875
0 0.625 0.5625 0.0875 0.125
0 0.8453125 0.5796875 0.084375 0.125
0 0.79765625 0.0609375 0.0453125 0.0875
0 0.74921875 0.0609375 0.0796875 0.103125
0 0.55390625 0.6296875 0.0828125 0.128125
0 0.4671875 0.63125 0.0875 0.1375
0 0.36328125 0.63203125 0.1015625 0.1484375
0 0.2953125 0.6359375 0.0625 0.121875
0 0.22265625 0.6390625 0.0796875 0.125
0 0.14296875 0.64296875 0.0828125 0.1203125
0 0.0390625 0.64609375 0.071875 0.1328125
0 0.78828125 0.65859375 0.0859375 0.1328125
0 0.66640625 0.6625 0.0765625 0.121875
0 0.8796875 0.7125 0.0875 0.1375
0 0.51171875 0.73671875 0.0828125 0.1203125
0 0.61015625 0.7359375 0.0890625 0.134375
0 0.33828125 0.74765625 0.0796875 0.1296875
0 0.94921875 0.0765625 0.0828125 0.103125
0 0.26171875 0.7515625 0.0765625 0.128125
0 0.15625 0.7625 0.096875 0.15
0 0.4140625 0.76171875 0.096875 0.1546875
0 0.07265625 0.76484375 0.0765625 0.1390625
0 0.75625 0.784375 0.09375 0.15
0 0.6515625 0.08046875 0.071875 0.1015625
0 0.8375 0.83515625 0.0875 0.1390625
0 0.24296875 0.08515625 0.0828125 0.1078125
0 0.56328125 0.85078125 0.0921875 0.1390625
0 0.47265625 0.86171875 0.0890625 0.1453125
0 0.66875 0.8640625 0.096875 0.159375
0 0.37734375 0.87578125 0.0921875 0.1453125
0 0.284375 0.88515625 0.0875 0.1453125
0 0.19609375 0.88828125 0.0890625 0.1421875
0 0.10625 0.88984375 0.0875 0.1390625
0 0.32734375 0.0921875 0.0765625 0.10625
0 0.753125 0.90390625 0.0875 0.1296875
0 0.89375 0.94296875 0.09375 0.1109375
0 0.59921875 0.9609375 0.0859375 0.075
0 0.33515625 0.9625 0.0859375 0.071875
0 0.4203125 0.96328125 0.0875 0.0703125
0 0.51171875 0.9640625 0.0890625 0.071875
0 0.6921875 0.965625 0.090625 0.065625
0 0.0203125 0.1015625 0.034375 0.10625
0 0.08046875 0.10234375 0.0828125 0.1140625
0 0.534375 0.11875 0.0875 0.11875
0 0.62109375 0.1203125 0.0859375 0.115625
0 0.18125 0.13125 0.075 0.103125
0 0.7078125 0.14140625 0.084375 0.1140625
0 0.80078125 0.15 0.0765625 0.1
0 0.44921875 0.15234375 0.0796875 0.1078125
0 0.93046875 0.16484375 0.0828125 0.1078125