0 0.287890625 0.196875 0.08203125 0.109375
0 0.37578125 0.2 0.0828125 0.109375
0 0.11796875 0.021875 0.0828125 0.04375
0 0.13359375 0.21953125 0.0796875 0.1109375
0 0.224609375 0.23359375 0.07109375 0.1046875
0 0.757421875 0.23515625 0.08671875 0.1140625
0 0.6625 0.236328125 0.084375 0.11640625
0 0.828515625 0.23984375 0.07578125 0.1140625
0 0.57734375 0.24296875 0.0828125 0.1140625
0 0.203125 0.025 0.08125 0.05
0 0.49140625 0.24765625 0.0828125 0.1109375
0 0.075 0.246875 0.071875 0.103125
0 0.969921875 0.260546875 0.05859375 0.11796875
0 0.41796875 0.303515625 0.0796875 0.11640625
0 0.340625 0.31796875 0.078125 0.1109375
0 0.17734375 0.319921875 0.0796875 0.11171875
0 0.268359375 0.333984375 0.07109375 0.09609375
0 0.104296875 0.33515625 0.07421875 0.1078125
0 0.806640625 0.337109375 0.08515625 0.12109375
0 0.034765625 0.346484375 0.06953125 0.10546875
0 0.53359375 0.3640625 0.0796875 0.115625
0 0.69296875 0.36640625 0.0765625 0.1109375
0 0.95859375 0.37109375 0.0828125 0.1265625
0 0.609765625 0.371875 0.07578125 0.109375
0 0.460546875 0.41328125 0.08046875 0.1203125
0 0.401171875 0.04140625 0.08046875 0.0828125
0 0.2921875 0.414453125 0.084375 0.12265625
0 0.38203125 0.4234375 0.0765625 0.115625
0 0.2234375 0.430859375 0.071875 0.11171875
0 0.150390625 0.43359375 0.07578125 0.1078125
0 0.059375 0.436328125 0.078125 0.11328125
0 0.571484375 0.04609375 0.08046875 0.0921875
0 0.75234375 0.45234375 0.0796875 0.1203125
0 0.66953125 0.45390625 0.0828125 0.1234375
0 0.83828125 0.45546875 0.0828125 0.1203125
0 0.57734375 0.457421875 0.0828125 0.11796875
0 0.34296875 0.521484375 0.0828125 0.11171875
0 0.50703125 0.526953125 0.0765625 0.11328125
0 0.42890625 0.52890625 0.0765625 0.1140625
0 0.187109375 0.532421875 0.08046875 0.11796875
0 0.269921875 0.535546875 0.07421875 0.11796875
0 0.103515625 0.5359375 0.08203125 0.11875
0 0.03125 0.53828125 0.0625 0.1203125
0 0.725390625 0.555859375 0.08515625 0.12734375
0 0.6265625 0.56328125 0.084375 0.1265625
0 0.84453125 0.58046875 0.0828125 0.1265625
0 0.7984375 0.059765625 0.046875 0.08515625
0 0.749609375 0.060546875 0.08046875 0.10234375
0 0.55390625 0.63046875 0.0828125 0.1296875
0 0.4671875 0.631640625 0.0875 0.13828125
0 0.3625 0.6328125 0.1 0.15
0 0.2953125 0.636328125 0.0625 0.12265625
0 0.223046875 0.6390625 0.08046875 0.125
0 0.14296875 0.642578125 0.0796875 0.12265625
0 0.037109375 0.645703125 0.07421875 0.13203125
0 0.7890625 0.658203125 0.0875 0.13203125
0 0.6671875 0.662109375 0.078125 0.12109375
0 0.88203125 0.712890625 0.0890625 0.13828125
0 0.512109375 0.73671875 0.08046875 0.1203125
0 0.609375 0.7390625 0.0875 0.134375
0 0.338671875 0.75078125 0.08046875 0.1296875
0 0.948828125 0.074609375 0.08203125 0.10234375
0 0.261328125 0.751953125 0.07578125 0.12890625
0 0.156640625 0.762109375 0.09765625 0.14921875
0 0.415234375 0.762109375 0.09609375 0.15234375
0 0.07265625 0.765625 0.0765625 0.140625
0 0.75625 0.783203125 0.09375 0.14765625
0 0.65234375 0.0796875 0.0734375 0.1
0 0.8375 0.83515625 0.0875 0.1390625
0 0.242578125 0.0859375 0.08203125 0.109375
0 0.562109375 0.8515625 0.08984375 0.140625
0 0.47265625 0.861328125 0.0890625 0.14453125
0 0.66953125 0.8640625 0.0984375 0.15625
0 0.3796875 0.8765625 0.09375 0.146875
0 0.283203125 0.88671875 0.08515625 0.1421875
0 0.1953125 0.8875 0.0875 0.140625
0 0.10703125 0.889453125 0.0890625 0.13828125
0 0.32890625 0.091796875 0.0796875 0.10546875
0 0.752734375 0.903515625 0.08671875 0.12890625
0 0.89375 0.94296875 0.09375 0.1109375
0 0.6 0.960546875 0.0875 0.07421875
0 0.334375 0.96328125 0.0875 0.0734375
0 0.419921875 0.962890625 0.08671875 0.06953125
0 0.5109375 0.963671875 0.0875 0.07109375
0 0.69296875 0.966015625 0.0921875 0.06640625
0 0.0171875 0.09921875 0.034375 0.1046875
0 0.080078125 0.105078125 0.08203125 0.11328125
0 0.533984375 0.118359375 0.08671875 0.11796875
0 0.619140625 0.11953125 0.08515625 0.1140625
0 0.18203125 0.13125 0.0734375 0.103125
0 0.70703125 0.140234375 0.0828125 0.11171875
0 0.80078125 0.148828125 0.0765625 0.10078125
0 0.449609375 0.151953125 0.08046875 0.10703125
0 0.93203125 0.164453125 0.0828125 0.10703125