0 0.71640625 0.95078125 0.0484375 0.0828125
0 0.816015625 0.9515625 0.05078125 0.084375
0 0.765234375 0.951953125 0.04921875 0.08515625
0 0.61640625 0.953125 0.0484375 0.084375
0 0.976171875 0.951953125 0.04296875 0.09140625
0 0.663671875 0.951953125 0.04921875 0.08515625
0 0.56796875 0.953125 0.0484375 0.0875
0 0.92109375 0.954296875 0.0515625 0.08671875
0 0.869140625 0.953515625 0.05078125 0.08515625
0 0.519921875 0.953515625 0.04921875 0.08515625
0 0.47109375 0.9578125 0.0484375 0.084375
0 0.42421875 0.958984375 0.0484375 0.08046875
0 0.324609375 0.961328125 0.04921875 0.07578125
0 0.37265625 0.961328125 0.0484375 0.07578125
0 0.274609375 0.96328125 0.04921875 0.0734375
0 0.225390625 0.964453125 0.05078125 0.06953125
0 0.1765625 0.965234375 0.053125 0.06484375
0 0.123828125 0.966796875 0.05078125 0.06484375
0 0.075390625 0.96796875 0.05078125 0.0609375
0 0.0234375 0.971875 0.046875 0.05625
0 0.155078125 0.373046875 0.05078125 0.08671875
0 0.1015625 0.37734375 0.053125 0.0890625
0 0.0515625 0.37578125 0.053125 0.0921875
0 0.01328125 0.3765625 0.0265625 0.09375
0 0.955859375 0.40234375 0.05546875 0.0890625
0 0.875 0.4140625 0.053125 0.0875
0 0.183203125 0.45078125 0.05078125 0.0890625
0 0.1296875 0.45078125 0.053125 0.0890625
0 0.075390625 0.451171875 0.05390625 0.08984375
0 0.024609375 0.456640625 0.04921875 0.09140625
0 0.9328125 0.484375 0.05625 0.09375
0 0.980859375 0.486328125 0.03359375 0.10078125
0 0.853125 0.49375 0.053125 0.0875
0 0.258203125 0.52734375 0.05078125 0.0890625
0 0.20703125 0.527734375 0.0515625 0.08984375
0 0.105078125 0.530859375 0.05078125 0.08984375
0 0.15546875 0.530859375 0.0515625 0.08984375
0 0.0515625 0.533203125 0.053125 0.09140625
0 0.01328125 0.537890625 0.0265625 0.09140625
0 0.946875 0.557421875 0.053125 0.08671875
0 0.894921875 0.558203125 0.05546875 0.09140625
0 0.77578125 0.57109375 0.0515625 0.0890625
0 0.8265625 0.571484375 0.053125 0.08984375
0 0.28515625 0.6046875 0.0515625 0.0875
0 0.2328125 0.60703125 0.053125 0.0890625
0 0.181640625 0.607421875 0.05078125 0.08984375
0 0.12890625 0.60859375 0.0515625 0.0921875
0 0.07734375 0.611328125 0.0515625 0.09140625
0 0.02578125 0.61484375 0.0515625 0.0890625
0 0.974609375 0.63359375 0.04921875 0.0921875
0 0.924609375 0.63515625 0.05546875 0.0921875
0 0.8703125 0.637109375 0.053125 0.08984375
0 0.81953125 0.658984375 0.0515625 0.08671875
0 0.767578125 0.659375 0.05078125 0.0875
0 0.71640625 0.6625 0.0515625 0.0875
0 0.614453125 0.6640625 0.05078125 0.0875
0 0.66640625 0.6671875 0.0515625 0.0875
0 0.564453125 0.6671875 0.05078125 0.0875
0 0.512109375 0.669921875 0.04921875 0.08984375
0 0.462890625 0.67265625 0.05078125 0.0890625
0 0.412890625 0.67421875 0.05078125 0.0890625
0 0.363671875 0.6765625 0.04921875 0.0875
0 0.314453125 0.678125 0.05078125 0.0875
0 0.26171875 0.68125 0.0515625 0.0875
0 0.208984375 0.683984375 0.04921875 0.08984375
0 0.16015625 0.683984375 0.0515625 0.08984375
0 0.1078125 0.688671875 0.053125 0.08984375
0 0.05546875 0.68984375 0.0515625 0.0890625
0 0.0140625 0.69296875 0.028125 0.0921875
0 0.950390625 0.713671875 0.05390625 0.08984375
0 0.89921875 0.714453125 0.0515625 0.09140625
0 0.84609375 0.736328125 0.0515625 0.09140625
0 0.741015625 0.73671875 0.05078125 0.0890625
0 0.79296875 0.737109375 0.0515625 0.08984375
0 0.691015625 0.73984375 0.05078125 0.0890625
0 0.590234375 0.74140625 0.04921875 0.0890625
0 0.641015625 0.740625 0.05078125 0.0875
0 0.538671875 0.74375 0.04921875 0.0875
0 0.488671875 0.746484375 0.04921875 0.08984375
0 0.439453125 0.7515625 0.05078125 0.0875
0 0.387109375 0.751171875 0.04921875 0.08984375
0 0.339453125 0.754296875 0.05078125 0.08984375
0 0.28828125 0.75625 0.0515625 0.0875
0 0.236328125 0.762109375 0.05078125 0.08984375
0 0.13671875 0.76328125 0.0515625 0.0890625
0 0.186328125 0.764453125 0.05078125 0.09140625
0 0.08359375 0.76640625 0.0515625 0.0890625
0 0.03125 0.768359375 0.053125 0.08984375
0 0.9265625 0.79453125 0.053125 0.0921875
0 0.97734375 0.79921875 0.0453125 0.0921875
0 0.875 0.81171875 0.053125 0.0890625
0 0.76953125 0.8109375 0.0515625 0.0875
0 0.716796875 0.81484375 0.04921875 0.0890625
0 0.821875 0.813671875 0.053125 0.08984375
0 0.615234375 0.815625 0.04921875 0.0875
0 0.667578125 0.816796875 0.05078125 0.08671875
0 0.565234375 0.819921875 0.04921875 0.08671875
0 0.515234375 0.819921875 0.04921875 0.08671875
0 0.464453125 0.82578125 0.05078125 0.0890625
0 0.413671875 0.82890625 0.04921875 0.0890625
0 0.363671875 0.83359375 0.04921875 0.0890625
0 0.31484375 0.83515625 0.0484375 0.0890625
0 0.265234375 0.834375 0.04921875 0.0875
0 0.21328125 0.83828125 0.0515625 0.0890625
0 0.162890625 0.83984375 0.05078125 0.0890625
0 0.111328125 0.841015625 0.05078125 0.09140625
0 0.0609375 0.844140625 0.053125 0.09140625
0 0.01640625 0.848828125 0.0328125 0.09140625
0 0.955078125 0.871484375 0.05390625 0.08984375
0 0.68984375 0.873828125 0.0484375 0.08515625
0 0.64296875 0.8765625 0.0484375 0.084375
0 0.59140625 0.8796875 0.0484375 0.084375
0 0.54375 0.8796875 0.046875 0.084375
0 0.49296875 0.884375 0.0484375 0.084375
0 0.443359375 0.886328125 0.04921875 0.08515625
0 0.744140625 0.8875 0.05078125 0.0875
0 0.79609375 0.889453125 0.0515625 0.09140625
0 0.84765625 0.888671875 0.0515625 0.08984375
0 0.39765625 0.88984375 0.0484375 0.0828125
0 0.9015625 0.89140625 0.053125 0.0953125
0 0.34921875 0.89296875 0.0484375 0.0796875
0 0.29921875 0.89453125 0.0484375 0.0828125
0 0.248046875 0.90078125 0.04921875 0.0828125
0 0.198046875 0.90234375 0.04921875 0.0828125
0 0.147265625 0.90546875 0.05078125 0.0828125
0 0.09609375 0.909765625 0.0515625 0.08515625
0 0.047265625 0.9125 0.05078125 0.078125