0 0.43359375 0.221875 0.0796875 0.109375
0 0.06875 0.353125 0.090625 0.115625
0 0.50859375 0.39765625 0.0796875 0.1015625
0 0.64296875 0.3984375 0.0671875 0.096875
0 0.43671875 0.4 0.0765625 0.115625
0 0.5421875 0.48046875 0.08125 0.0984375
0 0.03828125 0.44765625 0.0734375 0.1140625
0 0.128125 0.43203125 0.0875 0.1015625
0 0.0234375 0.54921875 0.04375 0.1109375
0 0.05390625 0.6171875 0.0796875 0.09375
0 0.1296875 0.60859375 0.084375 0.1046875
0 0.0859375 0.53359375 0.084375 0.1109375
0 0.165625 0.52265625 0.0875 0.1015625
0 0.21484375 0.4421875 0.0859375 0.10625
0 0.25703125 0.52265625 0.0859375 0.0984375
0 0.21171875 0.60234375 0.0828125 0.1046875
0 0.07578125 0.8734375 0.1015625 0.11875
0 0.0453125 0.96171875 0.078125 0.0765625
0 0.1296875 0.9515625 0.09375 0.096875
0 0.1671875 0.859375 0.096875 0.115625
0 0.2203125 0.94453125 0.0875 0.1109375
0 0.353125 0.9734375 0.084375 0.053125
0 0.37734375 0.88203125 0.0828125 0.1015625
0 0.415625 0.796875 0.084375 0.109375
0 0.425 0.9578125 0.078125 0.084375
0 0.45546875 0.86640625 0.0796875 0.0984375
0 0.4984375 0.94375 0.075 0.096875
0 0.575 0.92890625 0.078125 0.0984375
0 0.53359375 0.86015625 0.0796875 0.0984375
0 0.49453125 0.78359375 0.0828125 0.0984375
0 0.56953125 0.775 0.0796875 0.096875
0 0.61171875 0.84140625 0.0765625 0.0984375
0 0.61640625 0.97734375 0.0703125 0.0453125
0 0.64375 0.9125 0.078125 0.09375
0 0.51640625 0.225 0.0796875 0.109375
0 0.39765625 0.31015625 0.0828125 0.1109375
0 0.36171875 0.40234375 0.0859375 0.1140625
0 0.39296875 0.490625 0.0796875 0.109375
0 0.46484375 0.48125 0.0828125 0.096875
0 0.43046875 0.56953125 0.0828125 0.1015625
0 0.50625 0.56796875 0.075 0.1046875
0 0.57265625 0.5625 0.0734375 0.096875
0 0.5421875 0.478125 0.075 0.103125
0 0.58046875 0.396875 0.0734375 0.103125
0 0.61484375 0.48125 0.0703125 0.096875
0 0.59140625 0.2265625 0.0796875 0.10625
0 0.47109375 0.3078125 0.0796875 0.10625
0 0.54921875 0.31484375 0.0734375 0.1015625
0 0.6171875 0.31171875 0.075 0.1015625
0 0.659375 0.47890625 0.04375 0.0765625
0 0.6984375 0.47734375 0.04375 0.0703125
0 0.68984375 0.4171875 0.0484375 0.071875
0 0.721875 0.35546875 0.05 0.0828125
0 0.76640625 0.359375 0.0484375 0.075
0 0.784375 0.4203125 0.053125 0.071875
0 0.728125 0.415625 0.04375 0.065625
0 0.7453125 0.4765625 0.05 0.075
0 0.92890625 0.29296875 0.0515625 0.0828125
0 0.97421875 0.22421875 0.0515625 0.0828125
0 0.91953125 0.36328125 0.0515625 0.0796875
0 0.9625 0.35546875 0.046875 0.0765625
0 0.98515625 0.2875 0.0296875 0.075
0 0.94375 0.425 0.046875 0.075
0 0.98046875 0.415625 0.0390625 0.075
0 0.94921875 0.48046875 0.0515625 0.0671875
0 0.63125 0.76640625 0.053125 0.0765625
0 0.65859375 0.8140625 0.0484375 0.075
0 0.690625 0.87109375 0.053125 0.0765625
0 0.728125 0.85234375 0.04375 0.0703125
0 0.71484375 0.80625 0.0484375 0.065625
0 0.671875 0.74453125 0.046875 0.0703125
0 0.65 0.6953125 0.053125 0.075
0 0.72890625 0.73203125 0.0515625 0.0671875
0 0.77890625 0.83203125 0.0484375 0.0765625
0 0.75234375 0.77890625 0.0421875 0.0671875
0 0.7953125 0.7671875 0.05 0.059375
0 0.821875 0.71015625 0.046875 0.0671875
0 0.76796875 0.71171875 0.0421875 0.0703125
0 0.69765625 0.67890625 0.0484375 0.0671875
0 0.6734375 0.625 0.053125 0.075
0 0.728125 0.6125 0.053125 0.075
0 0.74453125 0.66484375 0.0515625 0.0703125
0 0.775 0.60078125 0.053125 0.0765625
0 0.78515625 0.64765625 0.0484375 0.0640625
0 0.94375 0.80390625 0.046875 0.0640625
0 0.928125 0.7625 0.046875 0.065625
0 0.90859375 0.71171875 0.0484375 0.0703125
0 0.9109375 0.63828125 0.046875 0.0703125
0 0.94921875 0.58359375 0.0515625 0.0703125
0 0.946875 0.69453125 0.04375 0.0671875
0 0.97578125 0.64140625 0.0484375 0.0703125
0 0.9828125 0.7234375 0.034375 0.05625
0 0.98046875 0.684375 0.0390625 0.05625
0 0.96875 0.78203125 0.025 0.0640625