0 0.36171875 0.57421875 0.1015625 0.1453125
0 0.28984375 0.4375 0.0921875 0.1375
0 0.43125 0.7125 0.09375 0.1375
0 0.20625 0.44453125 0.090625 0.1390625
0 0.1234375 0.45078125 0.0875 0.1296875
0 0.2734375 0.57734375 0.09375 0.1390625
0 0.0953125 0.58671875 0.090625 0.1359375
0 0.19609375 0.58515625 0.0828125 0.1390625
0 0.34609375 0.71484375 0.0984375 0.1453125
0 0.24140625 0.7234375 0.0984375 0.140625
0 0.153125 0.72890625 0.09375 0.1421875
0 0.0765625 0.72421875 0.0875 0.1421875
0 0.77265625 0.63046875 0.1015625 0.1453125
0 0.675 0.6296875 0.10625 0.153125
0 0.5765625 0.62578125 0.096875 0.1453125
0 0.95546875 0.79296875 0.0890625 0.1484375
0 0.8546875 0.7828125 0.1125 0.15625
0 0.7515625 0.78125 0.10625 0.15
0 0.65390625 0.7765625 0.1046875 0.15625
0 0.56015625 0.771875 0.0984375 0.146875
0 0.04453125 0.44453125 0.0828125 0.1296875
0 0.040625 0.57890625 0.065625 0.1359375