0 0.33203125 0.1875 0.2046875 0.28125
0 0.0921875 0.19453125 0.16875 0.2390625
0 0.51953125 0.20078125 0.1734375 0.2453125
0 0.7125 0.2125 0.2 0.271875
0 0.9 0.228125 0.178125 0.240625
0 0.20234375 0.371875 0.1765625 0.24375
0 0.03828125 0.4015625 0.0765625 0.271875
0 0.4265625 0.40546875 0.178125 0.2359375
0 0.60390625 0.41953125 0.1765625 0.2390625
0 0.78046875 0.4359375 0.1703125 0.23125
0 0.93984375 0.453125 0.1203125 0.25
0 0.1140625 0.58515625 0.15625 0.2390625
0 0.2796875 0.58515625 0.209375 0.2890625
0 0.49765625 0.62421875 0.2015625 0.2765625
0 0.6828125 0.63359375 0.16875 0.2359375
0 0.87734375 0.6609375 0.2140625 0.290625