0 0.8328125 0.29296875 0.09375 0.1546875
0 0.9046875 0.29609375 0.065625 0.1296875
0 0.42578125 0.2984375 0.1203125 0.178125
0 0.3015625 0.3 0.11875 0.165625
0 0.6421875 0.3 0.10625 0.165625
0 0.72578125 0.3 0.0765625 0.1375
0 0.5359375 0.3015625 0.103125 0.16875
0 0.165625 0.3015625 0.15 0.2
0 0.734375 0.5640625 0.065625 0.128125
0 0.66875 0.578125 0.096875 0.15625
0 0.57421875 0.58984375 0.0828125 0.1421875
0 0.48125 0.60703125 0.115625 0.1765625
0 0.36015625 0.615625 0.1078125 0.153125
0 0.24296875 0.63203125 0.1203125 0.1609375