0 0.13125 0.1859375 0.2625 0.2
0 0.7078125 0.1859375 0.303125 0.203125
0 0.40859375 0.196875 0.2859375 0.203125
0 0.05 0.3515625 0.1 0.18125
0 0.85078125 0.36171875 0.2953125 0.2078125
0 0.25 0.3640625 0.303125 0.2
0 0.5515625 0.3671875 0.303125 0.203125
0 0.115625 0.5296875 0.23125 0.2
0 0.38359375 0.53671875 0.3078125 0.2078125
0 0.69453125 0.53984375 0.3109375 0.2046875
0 0.92890625 0.54296875 0.1421875 0.2140625
0 0.228125 0.7078125 0.30625 0.196875
0 0.5328125 0.7140625 0.3125 0.2
0 0.84453125 0.721875 0.3109375 0.209375
0 0.28515625 0.0734375 0.2953125 0.146875
0 0.8296875 0.08203125 0.29375 0.1640625
0 0.103125 0.8625 0.20625 0.190625
0 0.38046875 0.865625 0.2703125 0.178125
0 0.55703125 0.0875 0.2484375 0.165625
0 0.6859375 0.8796875 0.284375 0.1875
0 0.915625 0.8859375 0.16875 0.2
0 0.071875 0.05859375 0.14375 0.0953125