0 0.86875 0.8140625 0.2625 0.2
0 0.290625 0.81328125 0.303125 0.2015625
0 0.58984375 0.80390625 0.2859375 0.2015625
0 0.94921875 0.64765625 0.1015625 0.1796875
0 0.14765625 0.63671875 0.2953125 0.2078125
0 0.75 0.6359375 0.303125 0.2
0 0.446875 0.63203125 0.303125 0.2015625
0 0.884375 0.4703125 0.23125 0.2
0 0.61640625 0.46484375 0.3078125 0.2078125
0 0.30703125 0.46015625 0.3109375 0.2046875
0 0.07109375 0.45859375 0.1421875 0.2140625
0 0.77265625 0.29375 0.3046875 0.196875
0 0.4671875 0.2859375 0.3125 0.2
0 0.15546875 0.278125 0.3109375 0.209375
0 0.71484375 0.9265625 0.2953125 0.146875
0 0.1703125 0.91796875 0.29375 0.1640625
0 0.896875 0.13671875 0.20625 0.1890625
0 0.62109375 0.134375 0.2703125 0.178125
0 0.44375 0.9125 0.246875 0.165625
0 0.3125 0.1203125 0.284375 0.1875
0 0.084375 0.1140625 0.16875 0.2