0 0.0703125 0.2390625 0.125 0.190625
0 0.3234375 0.23828125 0.125 0.1953125
0 0.196875 0.2390625 0.128125 0.19375
0 0.453125 0.2421875 0.125 0.19375
0 0.58125 0.24375 0.128125 0.19375
0 0.8421875 0.24375 0.128125 0.19375
0 0.7125 0.2453125 0.128125 0.19375
0 0.95234375 0.2453125 0.0921875 0.19375
0 0.03359375 0.403125 0.0671875 0.1875
0 0.1328125 0.40625 0.128125 0.190625
0 0.2609375 0.40625 0.128125 0.190625
0 0.3890625 0.4078125 0.128125 0.1875
0 0.5171875 0.409375 0.128125 0.1875
0 0.6453125 0.4109375 0.128125 0.190625
0 0.775 0.41328125 0.128125 0.1921875
0 0.9046875 0.41328125 0.128125 0.1921875
0 0.0671875 0.571875 0.128125 0.190625
0 0.1953125 0.575 0.125 0.19375
0 0.4515625 0.5765625 0.128125 0.19375
0 0.3234375 0.5765625 0.125 0.190625
0 0.709375 0.5796875 0.128125 0.19375
0 0.95234375 0.58125 0.0921875 0.19375
0 0.5796875 0.58046875 0.125 0.1921875
0 0.840625 0.5828125 0.128125 0.190625
0 0.128125 0.7390625 0.128125 0.19375
0 0.03125 0.73984375 0.0625 0.1953125
0 0.2578125 0.74375 0.128125 0.190625
0 0.3875 0.74453125 0.128125 0.1921875
0 0.515625 0.746875 0.128125 0.190625
0 0.64375 0.74921875 0.128125 0.1953125
0 0.9046875 0.74921875 0.128125 0.1921875
0 0.775 0.75078125 0.128125 0.1953125
0 0.134375 0.0828125 0.128125 0.165625
0 0.0359375 0.084375 0.071875 0.16875
0 0.390625 0.0828125 0.128125 0.165625
0 0.26328125 0.084375 0.1265625 0.16875
0 0.51953125 0.0859375 0.1296875 0.171875
0 0.90625 0.0859375 0.128125 0.171875
0 0.6484375 0.0859375 0.128125 0.171875
0 0.7765625 0.08671875 0.128125 0.1734375
0 0.0640625 0.90546875 0.128125 0.1859375
0 0.1921875 0.90703125 0.125 0.1828125
0 0.31953125 0.90703125 0.1296875 0.1828125
0 0.446875 0.90703125 0.128125 0.1828125
0 0.9515625 0.909375 0.09375 0.178125
0 0.58046875 0.909375 0.1328125 0.178125
0 0.83984375 0.9109375 0.1296875 0.175
0 0.71015625 0.9109375 0.1296875 0.175