0 0.2984375 0.1890625 0.0625 0.096875
0 0.16015625 0.18984375 0.0609375 0.0984375
0 0.56484375 0.28125 0.0671875 0.09375
0 0.640625 0.28359375 0.0875 0.1328125
0 0.4328125 0.28359375 0.084375 0.1296875
0 0.78671875 0.28359375 0.0796875 0.1296875
0 0.14296875 0.28359375 0.0796875 0.1203125
0 0.93203125 0.28359375 0.0828125 0.1265625
0 0.28828125 0.284375 0.0796875 0.125
0 0.84921875 0.28671875 0.0609375 0.1015625
0 0.7078125 0.2875 0.065625 0.103125
0 0.36640625 0.290625 0.0609375 0.09375
0 0.23046875 0.2921875 0.0609375 0.096875
0 0.09140625 0.29765625 0.0578125 0.1015625
0 0.56796875 0.38828125 0.0890625 0.1265625
0 0.8578125 0.390625 0.0875 0.128125
0 0.715625 0.39140625 0.0875 0.1328125
0 0.21875 0.390625 0.084375 0.125
0 0.36015625 0.390625 0.0796875 0.125
0 0.43984375 0.39296875 0.0671875 0.0921875
0 0.6375 0.39296875 0.065625 0.1015625
0 0.07421875 0.3953125 0.0828125 0.125
0 0.78046875 0.39609375 0.0609375 0.0984375
0 0.29765625 0.3953125 0.0609375 0.096875
0 0.92109375 0.3953125 0.0578125 0.096875
0 0.1609375 0.39765625 0.05625 0.0984375
0 0.43359375 0.49921875 0.0828125 0.1296875
0 0.28984375 0.4984375 0.0828125 0.128125
0 0.36640625 0.50078125 0.0578125 0.0984375
0 0.14765625 0.50078125 0.0796875 0.1234375
0 0.23046875 0.50078125 0.0578125 0.0984375
0 0.7875 0.5 0.084375 0.128125
0 0.9296875 0.5015625 0.084375 0.128125
0 0.6421875 0.5015625 0.084375 0.128125
0 0.09296875 0.50234375 0.0515625 0.1015625
0 0.7078125 0.503125 0.0625 0.096875
0 0.565625 0.50234375 0.065625 0.1015625
0 0.84921875 0.50390625 0.0609375 0.0984375
0 0.78828125 0.05859375 0.0796875 0.1171875
0 0.63828125 0.0609375 0.0859375 0.121875
0 0.565625 0.06171875 0.065625 0.0890625
0 0.9359375 0.0625 0.084375 0.125
0 0.13515625 0.0640625 0.0828125 0.128125
0 0.42890625 0.0640625 0.0828125 0.128125
0 0.284375 0.06640625 0.084375 0.1328125
0 0.44609375 0.67265625 0.0703125 0.1015625
0 0.30390625 0.671875 0.0609375 0.103125
0 0.15703125 0.67578125 0.0578125 0.1015625
0 0.603125 0.67578125 0.065625 0.1015625
0 0.89140625 0.6765625 0.0609375 0.103125
0 0.746875 0.678125 0.0625 0.103125
0 0.96953125 0.684375 0.0609375 0.1375
0 0.36484375 0.68515625 0.0796875 0.1203125
0 0.53046875 0.6859375 0.0828125 0.125
0 0.8265625 0.68515625 0.0875 0.1296875
0 0.21796875 0.6859375 0.0828125 0.121875
0 0.67734375 0.6875 0.0859375 0.128125
0 0.06484375 0.6875 0.0890625 0.128125
0 0.709375 0.07109375 0.065625 0.1015625
0 0.85 0.07109375 0.065625 0.1015625
0 0.3640625 0.0765625 0.065625 0.09375
0 0.2328125 0.778125 0.0625 0.09375
0 0.37578125 0.7796875 0.0671875 0.09375
0 0.090625 0.78125 0.0625 0.096875
0 0.52734375 0.7828125 0.0703125 0.090625
0 0.67265625 0.78515625 0.0671875 0.0921875
0 0.815625 0.78671875 0.065625 0.1015625
0 0.29453125 0.790625 0.0828125 0.128125
0 0.440625 0.78984375 0.084375 0.1203125
0 0.1453125 0.79375 0.084375 0.128125
0 0.6 0.7953125 0.0875 0.128125
0 0.7484375 0.7953125 0.0875 0.125
0 0.9015625 0.80234375 0.084375 0.1234375
0 0.22734375 0.08203125 0.0640625 0.1015625
0 0.44609375 0.88046875 0.0671875 0.0890625
0 0.165625 0.8796875 0.0625 0.096875
0 0.30859375 0.88203125 0.0671875 0.0921875
0 0.88359375 0.8890625 0.0671875 0.096875
0 0.73984375 0.8890625 0.0703125 0.09375
0 0.59765625 0.88984375 0.0671875 0.0890625
0 0.2234375 0.89921875 0.084375 0.1234375
0 0.36875 0.90078125 0.084375 0.1203125
0 0.52578125 0.9046875 0.0828125 0.125
0 0.075 0.90546875 0.0875 0.1234375
0 0.6734375 0.90859375 0.084375 0.1234375
0 0.96484375 0.91015625 0.0671875 0.1234375
0 0.82578125 0.91328125 0.0828125 0.1203125
0 0.56953125 0.1625 0.0828125 0.128125
0 0.8578125 0.17109375 0.084375 0.1328125
0 0.71328125 0.17421875 0.0828125 0.1328125
0 0.3578125 0.17421875 0.084375 0.1296875
0 0.215625 0.17421875 0.084375 0.1296875
0 0.6375 0.1765625 0.065625 0.09375
0 0.0671875 0.1765625 0.084375 0.128125
0 0.778125 0.17890625 0.065625 0.0984375
0 0.9203125 0.17890625 0.0625 0.0984375
0 0.43671875 0.18359375 0.0671875 0.0921875