0 0.93125 0.23984375 0.125 0.1890625
0 0.6765625 0.2390625 0.125 0.19375
0 0.8015625 0.24140625 0.128125 0.1921875
0 0.5453125 0.24296875 0.125 0.1921875
0 0.4171875 0.24296875 0.128125 0.1921875
0 0.1578125 0.24609375 0.128125 0.1921875
0 0.28828125 0.24609375 0.1265625 0.1921875
0 0.04921875 0.24609375 0.0921875 0.1921875
0 0.96640625 0.4046875 0.0671875 0.1875
0 0.8671875 0.4078125 0.128125 0.190625
0 0.7390625 0.4078125 0.128125 0.190625
0 0.609375 0.409375 0.128125 0.1875
0 0.4828125 0.4109375 0.128125 0.1875
0 0.3546875 0.4125 0.128125 0.190625
0 0.225 0.41328125 0.128125 0.1921875
0 0.0953125 0.41328125 0.128125 0.1921875
0 0.93125 0.5734375 0.128125 0.190625
0 0.80625 0.57421875 0.125 0.1921875
0 0.546875 0.57578125 0.128125 0.1953125
0 0.6765625 0.5765625 0.125 0.190625
0 0.290625 0.58046875 0.128125 0.1953125
0 0.04921875 0.58046875 0.0921875 0.1953125
0 0.4203125 0.58203125 0.125 0.1921875
0 0.1609375 0.5828125 0.128125 0.190625
0 0.871875 0.73828125 0.128125 0.1921875
0 0.96875 0.73984375 0.0625 0.1953125
0 0.7421875 0.74375 0.128125 0.190625
0 0.6125 0.74609375 0.128125 0.1921875
0 0.484375 0.746875 0.128125 0.190625
0 0.3546875 0.74921875 0.128125 0.1953125
0 0.0953125 0.75078125 0.128125 0.1921875
0 0.225 0.75234375 0.128125 0.1953125
0 0.8640625 0.0828125 0.128125 0.165625
0 0.9640625 0.084375 0.071875 0.16875
0 0.609375 0.0828125 0.128125 0.165625
0 0.7375 0.084375 0.128125 0.16875
0 0.48046875 0.08515625 0.1296875 0.1703125
0 0.0921875 0.08515625 0.128125 0.1703125
0 0.353125 0.08515625 0.128125 0.1703125
0 0.2234375 0.08671875 0.128125 0.1734375
0 0.9359375 0.90546875 0.128125 0.1859375
0 0.8078125 0.90703125 0.125 0.1828125
0 0.68046875 0.90703125 0.1296875 0.1828125
0 0.5515625 0.90703125 0.128125 0.1828125
0 0.05 0.909375 0.09375 0.178125
0 0.41953125 0.9109375 0.1328125 0.178125
0 0.16171875 0.91171875 0.1296875 0.1765625
0 0.28828125 0.91171875 0.1296875 0.1765625