0 0.136328125 0.277734375 0.18515625 0.18046875
0 0.331640625 0.284765625 0.19140625 0.18515625
0 0.553125 0.29140625 0.19375 0.1859375
0 0.748828125 0.29140625 0.19453125 0.1828125
0 0.071875 0.41875 0.14375 0.165625
0 0.4421875 0.428125 0.18125 0.1625
0 0.243359375 0.43359375 0.18046875 0.1609375
0 0.6375 0.442578125 0.18125 0.16328125
0 0.825 0.44375 0.1875 0.165625
0 0.35078125 0.559375 0.1671875 0.15
0 0.163671875 0.56171875 0.16796875 0.1453125
0 0.5265625 0.56953125 0.171875 0.1515625
0 0.890234375 0.5828125 0.17421875 0.146875
0 0.71640625 0.58203125 0.1765625 0.1453125
0 0.086328125 0.6734375 0.15390625 0.134375
0 0.26640625 0.678515625 0.1609375 0.13203125
0 0.434765625 0.68828125 0.16328125 0.1359375
0 0.6046875 0.69609375 0.165625 0.1359375
0 0.77734375 0.708203125 0.1703125 0.12890625
0 0.92890625 0.712109375 0.1390625 0.13671875
0 0.046875 0.77734375 0.09375 0.1203125
0 0.184765625 0.787109375 0.15390625 0.12109375
0 0.51484375 0.788671875 0.1546875 0.12109375
0 0.348828125 0.799609375 0.15390625 0.11796875
0 0.669140625 0.813671875 0.16015625 0.12109375
0 0.837109375 0.827734375 0.16484375 0.12109375
0 0.958984375 0.834765625 0.08046875 0.12265625
0 0.107421875 0.896484375 0.14921875 0.11171875
0 0.265625 0.905078125 0.146875 0.11328125
0 0.427734375 0.91171875 0.15234375 0.1109375
0 0.73515625 0.93203125 0.1515625 0.1078125
0 0.581640625 0.9421875 0.15390625 0.115625
0 0.9078125 0.950390625 0.1625 0.09765625