0 0.45789375000000004 0.7805015625 0.4596890625 0.8134390625 0.47315625 0.8518640625 0.497396875 0.8616234374999999 0.517596875 0.8408859375000001 0.51625 0.8122187500000001 0.5018859375 0.7768421875 0.496946875 0.7603734375 0.48852812500000004 0.7552578125 0.4722578125 0.7585437500000001 0.45789375000000004 0.7805015625
0 0.5216359374999999 0.8225875 0.5418359374999999 0.8238078124999999 0.5548546875 0.7805015625 0.5458765624999999 0.737196875 0.525228125 0.7152390625 0.5166984375 0.7195078125000001 0.502 0.7430656250000001 0.4991921875 0.7615937500000001 0.5104140625 0.7951406249999999 0.5216359374999999 0.8225875
0 0.370809375 0.7737921875 0.370809375 0.808559375 0.383378125 0.8274671874999999 0.3968453125 0.8347859375000001 0.4103109375 0.8268578124999999 0.4183921875 0.80185 0.4165953125 0.768303125 0.3946 0.74085625 0.39254687499999996 0.7468765625 0.3788890625 0.750615625 0.370809375 0.7737921875
0 0.42961406249999995 0.6798625 0.423778125 0.7085296875 0.42602343749999994 0.7396359375 0.43545 0.7585437500000001 0.44981406249999994 0.7664734375 0.46552499999999997 0.7646437500000001 0.469565625 0.7561046874999999 0.47360468750000007 0.742075 0.47180937500000003 0.701209375 0.4637296875 0.6804718750000001 0.44306406249999997 0.6699171875000001 0.42961406249999995 0.6798625
0 0.48572499999999996 0.6591234375 0.5000890625000001 0.6823015625 0.5261250000000001 0.6816921875 0.5382453125 0.66339375 0.53869375 0.6274078125 0.5243296875000001 0.5963 0.502 0.5937218750000001 0.49021406250000005 0.6017890625 0.4825828125 0.6359468749999999 0.48572499999999996 0.6591234375
0 0.5602406249999999 0.551165625 0.5633828125 0.5871515625 0.575503125 0.6115484375 0.5903171875 0.6170390625 0.60468125 0.6127687500000001 0.6172500000000001 0.5877609374999999 0.620840625 0.55604375 0.6091703125000001 0.515178125 0.58001875 0.513715625 0.56921875 0.5188375 0.5602406249999999 0.551165625
0 0.5696671875 0.4383265625 0.5719125 0.4822421875 0.585828125 0.501759375 0.606028125 0.50846875 0.6221875 0.4962703125 0.6334109375 0.46699375 0.6280234375 0.4218578125 0.6176984375 0.40660937500000005 0.5940515625 0.398659375 0.5772984375 0.40782968750000004 0.5696671875 0.4383265625
0 0.6253296875000001 0.521278125 0.64014375 0.5298171875000001 0.6527125 0.5237171875 0.6648328125 0.513959375 0.6648328125 0.481021875 0.6524265625 0.46571093750000003 0.6248812499999999 0.4999296875 0.620840625 0.50725 0.6253296875000001 0.521278125
0 0.54408125 0.5261578124999999 0.55889375 0.50541875 0.5602406249999999 0.44991562500000004 0.5418359374999999 0.42063750000000005 0.520521875 0.4230421875 0.5077203124999999 0.4462546875 0.5090671875 0.49078125000000006 0.517146875 0.5157890625 0.54408125 0.5261578124999999
0 0.69086875 0.42429843749999996 0.684134375 0.4529640625 0.6877265625 0.50115 0.7034374999999999 0.5231078124999999 0.7204953125 0.5298171875000001 0.7456328125 0.5127390625 0.7555078125 0.46699375 0.7456328125 0.41941875 0.733253125 0.4138984375 0.7079265625 0.40660937500000005 0.69086875 0.42429843749999996
0 0.6307171874999999 0.5633640625 0.6280234375 0.5963 0.63475625 0.625578125 0.6558546875 0.649365625 0.68548125 0.640215625 0.691765625 0.6145984375 0.69086875 0.5712921875 0.676953125 0.5475046875 0.6580390625 0.5304781249999999 0.6396953125 0.5407953125 0.6307171874999999 0.5633640625
0 0.5930093750000001 0.6353359375000001 0.587175 0.667053125 0.590765625 0.7018203125 0.6055796875 0.7268265625 0.6253296875000001 0.7274375 0.6513656250000001 0.7097484374999999 0.656753125 0.6737625 0.64014375 0.6414359375 0.6249234375 0.6226765624999999 0.6091703125000001 0.6200875 0.5930093750000001 0.6353359375000001
0 0.648671875 0.7298765625 0.6383484375 0.7530546874999999 0.63475625 0.7774515625 0.6387968749999999 0.8091687500000001 0.6545078125 0.8317375 0.6729125 0.839665625 0.6890734375 0.83295625 0.7038859375000001 0.8000203125 0.6949078125 0.750615625 0.6783 0.7304875 0.6658968749999999 0.725540625 0.648671875 0.7298765625
0 0.697153125 0.6621734375 0.6877265625 0.6829109375 0.6863796875 0.7140187499999999 0.6976015624999999 0.7432953125 0.7137609375 0.7554937500000001 0.7330640625 0.7603734375 0.7456328125 0.748784375 0.7537125 0.7182875 0.748775 0.68108125 0.734859375 0.6518046875 0.70855625 0.6485828125 0.697153125 0.6621734375
0 0.456546875 0.5749531250000001 0.4709125 0.59325 0.487071875 0.59508125 0.505028125 0.5798328125000001 0.5041296875 0.542015625 0.49425468749999996 0.5035890625 0.46888281249999997 0.504571875 0.4560984375 0.51456875 0.45295625 0.5426265625 0.456546875 0.5749531250000001
0 0.40761875 0.588371875 0.39639531250000004 0.589590625 0.38786718750000004 0.612159375 0.388315625 0.640215625 0.40178281250000003 0.6792515625 0.4197375 0.6798625 0.4345515625 0.6658328124999999 0.4345515625 0.6450953125 0.43275625 0.6188687500000001 0.42961406249999995 0.60545 0.418928125 0.5960078125 0.40761875 0.588371875
0 0.3690140625 0.5200578124999999 0.368115625 0.552384375 0.3775421875 0.5755625 0.38966249999999997 0.58593125 0.404925 0.5834921875 0.4179421875 0.5621437499999999 0.416146875 0.5371359375 0.41210781250000006 0.515178125 0.3936703125 0.496190625 0.37574687500000004 0.501759375 0.3690140625 0.5200578124999999
0 0.3712578125 0.5023703125 0.386071875 0.49200156249999993 0.3905609375 0.4694328125 0.3851734375 0.4322265625 0.35157343750000003 0.42075625 0.3407328125 0.44259531250000006 0.3411828125 0.4730921875 0.3537515625 0.501759375 0.3712578125 0.5023703125
0 0.4170453125 0.4663828125 0.423778125 0.50725 0.436346875 0.5194484375 0.44801875 0.5157890625 0.46328125 0.5042 0.4677703125 0.47004375 0.45924062499999996 0.43283750000000004 0.456546875 0.416978125 0.443978125 0.413928125 0.43275625 0.42063750000000005 0.42117343749999997 0.43599531249999995 0.4170453125 0.4663828125
0 0.2751953125 0.4962703125 0.29315156249999996 0.4968796875 0.30616875 0.47980156249999995 0.3066171875 0.4493046875 0.2985375 0.42124843749999996 0.2864171875 0.41514843749999997 0.2786046875 0.4138984375 0.263525 0.42124843749999996 0.2590359375 0.46577343750000005 0.2751953125 0.4962703125
0 0.30616875 0.5786125 0.32008437500000003 0.5737328125000001 0.3335515625 0.548115625 0.3290625 0.515178125 0.31172187500000004 0.4893328125 0.289559375 0.501759375 0.28462187499999997 0.5249375 0.292253125 0.5621437499999999 0.30616875 0.5786125
0 0.3537515625 0.6450953125 0.3559953125 0.6109390625 0.33585625 0.575434375 0.3205328125 0.5773921875 0.31379999999999997 0.606059375 0.31604375 0.63960625 0.332653125 0.66339375 0.3537515625 0.6450953125
0 0.3591375 0.737196875 0.37170625 0.7390265625 0.388315625 0.7304875 0.3914578125 0.7006 0.38427656250000003 0.6743718750000001 0.37170625 0.65729375 0.35157343750000003 0.66839375 0.3447734375 0.6945 0.3483640625 0.7195078125000001 0.3591375 0.737196875
0 0.2953953125 0.8012390625 0.31110625000000003 0.8134390625 0.3268171875 0.8067296875000001 0.3331015625 0.78538125 0.32861406249999997 0.754275 0.3209828125 0.73780625 0.311159375 0.7308749999999999 0.29629374999999997 0.7329265625 0.290009375 0.7634234375 0.2953953125 0.8012390625
0 0.251853125 0.7097484374999999 0.26576875 0.7268265625 0.279684375 0.7256078125000001 0.2882125 0.7030390625 0.289559375 0.6713234375 0.2774390625 0.649975 0.26737968749999996 0.6485828125 0.25544375 0.653634375 0.2514046875 0.6804718750000001 0.251853125 0.7097484374999999
0 0.251853125 0.6487546875 0.2639734375 0.6408265625 0.267115625 0.6152078125 0.2662171875 0.5908109375 0.2499796875 0.5662906249999999 0.23569374999999998 0.568853125 0.2276125 0.6139890625 0.23569374999999998 0.6457046875 0.251853125 0.6487546875
0 0.1813765625 0.664003125 0.186315625 0.687790625 0.1970890625 0.7067 0.2078625 0.7115781250000001 0.22043125 0.7018203125 0.22043125 0.6737625 0.2159421875 0.6475359375 0.2092078125 0.6347265625 0.2033921875 0.6348671875 0.1903546875 0.637165625 0.1813765625 0.664003125
0 0.175990625 0.6182578125 0.18811093750000002 0.6274078125 0.2042703125 0.6274078125 0.2096578125 0.6109390625 0.20292343750000003 0.5731234374999999 0.198434375 0.558484375 0.18655312500000001 0.5556234375 0.1737453125 0.562753125 0.1692578125 0.59508125 0.175990625 0.6182578125
0 0.1818265625 0.5475046875 0.1975375 0.53225625 0.1930484375 0.4981 0.1854171875 0.4791921875 0.1725203125 0.477903125 0.1575859375 0.49200156249999993 0.1611765625 0.5298171875000001 0.1665640625 0.5468953125 0.1818265625 0.5475046875
0 0.1890078125 0.47004375 0.1943953125 0.49078125000000006 0.2074125 0.49200156249999993 0.22312343750000002 0.48468125000000006 0.2280625 0.44991562500000004 0.2222265625 0.42429843749999996 0.2033921875 0.4085640625 0.1894578125 0.41636875 0.188559375 0.4413765625 0.1890078125 0.47004375
0 0.22357343749999997 0.5475046875 0.23389687499999998 0.558484375 0.25005781250000003 0.5572640625 0.2581375 0.545065625 0.26038125 0.5157890625 0.24736406249999998 0.48590156249999994 0.2393140625 0.48476093750000004 0.2276125 0.4901703125 0.2195328125 0.5157890625 0.22357343749999997 0.5475046875
0 0.0411671875 0.52866875 0.030393750000000004 0.5298875 0.022314062500000002 0.550015625 0.017825 0.5817328125000001 0.0236609375 0.6128390625 0.035779687500000004 0.6293078125 0.051940625 0.6286984375 0.06450937500000001 0.609790625 0.066753125 0.5750234375 0.0573265625 0.5475765625 0.0546484375 0.54343125 0.0411671875 0.52866875
0 0.1385765625 0.6927421875 0.14800312499999999 0.6805421875000001 0.15204375 0.6488265625 0.1435140625 0.6250390625 0.1298625 0.6165796875 0.1210703125 0.6293078125 0.1179265625 0.661025 0.12600781249999998 0.6884718750000001 0.1385765625 0.6927421875
0 0.19532812500000002 0.75005 0.19782968750000002 0.7177484375 0.1781328125 0.699634375 0.168203125 0.7006703125 0.16102031249999998 0.7220187499999999 0.160571875 0.75190625 0.1673046875 0.765325 0.1848125 0.7738640625000001 0.19532812500000002 0.75005
0 0.21488749999999998 0.789721875 0.226109375 0.7952109375 0.24002500000000002 0.789721875 0.24451406250000002 0.773253125 0.24271875 0.7415375 0.2319453125 0.7226281250000001 0.2168625 0.7194453125 0.20725625 0.7323875 0.20635937499999998 0.765325 0.21488749999999998 0.789721875
0 0.24541249999999998 0.914759375 0.256634375 0.9171984375 0.2647140625 0.894021875 0.26247031249999997 0.8653546875 0.2466109375 0.8497406249999999 0.23688281249999998 0.85315625 0.22970156249999998 0.87389375 0.231496875 0.9025609375 0.24541249999999998 0.914759375
0 0.3082578125 0.9476953124999999 0.3284578125 0.9495265625 0.337434375 0.9361078125000001 0.337884375 0.90805 0.3212625 0.8687906249999999 0.30421718750000004 0.87389375 0.29344375 0.90073125 0.29748437499999997 0.9239078125000001 0.3082578125 0.9476953124999999
0 0.079771875 0.8171687500000001 0.08111874999999999 0.850715625 0.0918921875 0.8659640625 0.1040125 0.86474375 0.1143359375 0.8525453125 0.118825 0.8348578124999999 0.1143359375 0.80375 0.11568281250000001 0.79338125 0.1046046875 0.788021875 0.0932390625 0.7885015625 0.079771875 0.8171687500000001
0 0.10625625000000001 0.9269578125000001 0.11568281250000001 0.9483062500000001 0.12151875000000001 0.951965625 0.137678125 0.9428593749999999 0.1412703125 0.9141921875 0.13633125 0.8897953125000001 0.1220046875 0.88021875 0.11164218749999999 0.8873125 0.1080515625 0.9068296874999999 0.10625625000000001 0.9269578125000001
0 0.1843078125 0.9059890625 0.17269218749999998 0.911753125 0.165959375 0.9373703125 0.16999843750000002 0.9507890625 0.208603125 0.9507890625 0.2018703125 0.9233421875 0.1843078125 0.9059890625
0 0.150696875 0.891625 0.15967343750000002 0.9056531250000001 0.17224375 0.9038234375 0.179425 0.8928453125000001 0.18122031249999998 0.8641781249999999 0.1767328125 0.841 0.1534359375 0.8275062500000001 0.1435140625 0.844659375 0.14620781249999998 0.8690562500000001 0.150696875 0.891625
0 0.41509375000000004 0.894675 0.39938125 0.8922343749999999 0.3846890625 0.8991312499999999 0.3827734375 0.9282203125 0.3863640625 0.9465187500000001 0.4245203125 0.9507890625 0.423621875 0.9215109375000001 0.41509375000000004 0.894675
0 0.47928437500000004 0.92578125 0.47928437500000004 0.9513984375 0.5304578125 0.9513984375 0.5070515624999999 0.9059890625 0.4882625 0.9050437499999999 0.47928437500000004 0.92578125
0 0.6161375 0.914803125 0.62870625 0.9044328125 0.6318484375 0.884915625 0.6305015625 0.8605171875 0.622871875 0.8361203125 0.6027296875 0.8159921875 0.590609375 0.8178218749999999 0.5784890625 0.8355109374999999 0.5771421875 0.877596875 0.593490625 0.9075124999999999 0.6161375 0.914803125
0 0.711803125 0.8480796875 0.6969375 0.85441875 0.6879609375 0.8794265625 0.6875109375 0.912971875 0.6870625 0.912971875 0.698734375 0.9361499999999999 0.7113031249999999 0.9477390625 0.7323999999999999 0.9495687500000001 0.7494578125 0.939809375 0.7548453125 0.9074828125 0.74003125 0.8647875 0.7220765625000001 0.8495390625000001 0.711803125 0.8480796875
0 0.7422765625000001 0.8391703125 0.761578125 0.8727171874999999 0.784471875 0.8745468750000001 0.810059375 0.8623468750000001 0.81365 0.8233109375 0.80601875 0.7885453124999999 0.777475 0.76655 0.7521515625 0.770246875 0.742725 0.8001343750000001 0.7422765625000001 0.8391703125
0 0.783403125 0.6561375 0.8094390625000001 0.6518671875 0.82515 0.6177109375 0.8112343750000001 0.564646875 0.7798390625 0.5548609375 0.763653125 0.5634265625 0.7564703125000001 0.5939234375 0.758265625 0.636009375 0.783403125 0.6561375
0 0.7524515625 0.3465515625 0.7563359375 0.389534375 0.7740953125 0.41592812500000004 0.792965625 0.4234703125 0.8162750000000001 0.4121578125 0.8312593749999999 0.369928125 0.8246 0.328453125 0.8062859375 0.3058296875 0.78859375 0.306359375 0.767990625 0.3088453125 0.7524515625 0.3465515625
0 0.8162750000000001 0.4197 0.8023999999999999 0.431765625 0.7985156250000001 0.4498640625 0.799625 0.48832343749999996 0.815165625 0.504159375 0.8390296875000001 0.508684375 0.8556796875 0.49435624999999994 0.8634499999999999 0.46343750000000006 0.8552140625 0.425059375 0.8356999999999999 0.41366718750000003 0.8162750000000001 0.4197
0 0.6542171875 0.299796875 0.6381234375 0.321665625 0.6364578125 0.352584375 0.6392328125 0.3804859375 0.6508875 0.40235468750000003 0.6680921875 0.40687968750000003 0.688071875 0.3993390625 0.70028125 0.38425625 0.7036125 0.33599375 0.6869625 0.3058296875 0.6740890625 0.298821875 0.6542171875 0.299796875
0 0.7205843749999999 0.1933109375 0.70305625 0.2062875 0.6925125000000001 0.22815625 0.6919562499999999 0.25756718749999996 0.69473125 0.28622187499999996 0.710271875 0.30281250000000004 0.7335812500000001 0.312615625 0.75023125 0.3035671875 0.76410625 0.2801890625 0.76688125 0.24776250000000002 0.7580015625 0.218353125 0.7480109374999999 0.20176249999999998 0.7205843749999999 0.1933109375
0 0.8140546875 0.093171875 0.7872046874999999 0.0821484375 0.7657703125 0.090909375 0.75578125 0.10976250000000001 0.75023125 0.136909375 0.751896875 0.170090625 0.75855625 0.185171875 0.7757609375000001 0.1995 0.7913 0.20251718749999997 0.8057296875000001 0.1979921875 0.8190500000000001 0.1814015625 0.827375 0.145959375 0.8240453125 0.1157953125 0.8140546875 0.093171875
0 0.878434375 0.21759843750000002 0.8614593749999999 0.20179062499999997 0.8279296875 0.213075 0.8196046875 0.22589375 0.8201609375000001 0.24550156250000002 0.8246 0.26661562499999997 0.829040625 0.2869765625 0.842359375 0.2967796875 0.8579000000000001 0.2960265625 0.8712203125 0.28622187499999996 0.8817640625 0.2726484375 0.8817640625 0.244746875 0.878434375 0.21759843750000002
0 0.6397875 0.1067453125 0.635921875 0.1273671875 0.6336828125 0.158025 0.6375671875 0.18064843749999998 0.6514421875 0.1934671875 0.6669828125 0.198746875 0.6847421875 0.1912046875 0.6958421875 0.1670734375 0.6969515625 0.13389374999999998 0.693621875 0.10146718749999999 0.6791921875 0.08336875 0.6597671875 0.084121875 0.651996875 0.093171875 0.6397875 0.1067453125
0 0.5998281249999999 0.1979921875 0.5898390625000001 0.2153359375 0.5826234375 0.24172968749999998 0.5826234375 0.2703859375 0.59316875 0.293009375 0.6059328125000001 0.302059375 0.6253578125 0.2982875 0.638678125 0.2922546875 0.6492218750000001 0.24700937500000003 0.6353484375 0.20855 0.6192656249999999 0.1914265625 0.5998281249999999 0.1979921875
0 0.5365593750000001 0.321665625 0.531009375 0.34051875 0.532675 0.36691250000000003 0.5454390625000001 0.39104375 0.572634375 0.394059375 0.588728125 0.376715625 0.5909484375 0.3465515625 0.5853984375 0.3111078125 0.5616671875 0.28940156250000004 0.5393343749999999 0.2960265625 0.5365593750000001 0.321665625
0 0.4777296875 0.22740156250000002 0.47606562500000005 0.2553046875 0.48605468749999997 0.2726484375 0.50215 0.2892390625 0.522684375 0.28320625 0.532675 0.2553046875 0.5304546875 0.22287812499999998 0.52101875 0.198746875 0.5005984375 0.19236875 0.482725 0.1995 0.4777296875 0.22740156250000002
0 0.5187999999999999 0.12861406250000001 0.517134375 0.1693359375 0.5315640625 0.191959375 0.55154375 0.20176249999999998 0.5670843750000001 0.1927140625 0.583178125 0.16632031249999998 0.5809578125 0.1240890625 0.5637531250000001 0.0946796875 0.5477875 0.09533749999999999 0.5299 0.0992046875 0.5187999999999999 0.12861406250000001
0 0.4927140625 0.013990625000000001 0.4849453125 0.037367187499999996 0.48439062499999996 0.06753125 0.493825 0.09392500000000001 0.510475 0.1075 0.52934375 0.09618750000000001 0.5415546875 0.081859375 0.5443296875 0.0494328125 0.5387796875 0.013990625000000001 0.5232390625 0.004940625 0.5047625 0.0048984375 0.4927140625 0.013990625000000001
0 0.396146875 0.0826140625 0.40891093749999996 0.1044828125 0.4283359375 0.110515625 0.44221093749999996 0.10071250000000001 0.45220000000000005 0.0758265625 0.45220000000000005 0.0471703125 0.42773281250000006 0.019971875 0.41113125000000006 0.0222859375 0.39947656249999997 0.044909375 0.396146875 0.0826140625
0 0.45220000000000005 0.1112703125 0.4449859375 0.14067968749999998 0.44387499999999996 0.16858125 0.454975 0.1912046875 0.46885000000000004 0.198746875 0.486609375 0.1912046875 0.4960453125 0.17310625 0.499375 0.14218906250000002 0.4954890625 0.117303125 0.48105937499999996 0.10222031250000001 0.4672890625 0.1028734375 0.45220000000000005 0.1112703125
0 0.34897187500000004 0.1512375 0.354521875 0.1768765625 0.3634015625 0.1972375 0.3811609375 0.20025468750000003 0.39947656249999997 0.1881890625 0.40502656249999996 0.1617953125 0.39725625 0.1278609375 0.382271875 0.1075 0.370828125 0.110409375 0.35729687499999996 0.12258125 0.34897187500000004 0.1512375
0 0.387265625 0.2153359375 0.3867109375 0.2530421875 0.3922609375 0.2703859375 0.406690625 0.2816984375 0.4283359375 0.2771734375 0.437215625 0.25756718749999996 0.43333125 0.23041874999999998 0.42944531250000006 0.20100781250000002 0.413853125 0.194253125 0.40003124999999995 0.1957296875 0.387265625 0.2153359375
0 0.44369375 0.28280781250000003 0.4200109375 0.2839609375 0.41113125000000006 0.2922546875 0.40835625000000003 0.3111078125 0.41002031250000004 0.33071562499999996 0.415015625 0.3473046875 0.42334062499999997 0.3608796875 0.43444062499999997 0.367665625 0.449425 0.3638953125 0.45775 0.33599375 0.4560859375 0.30432187499999996 0.44369375 0.28280781250000003
0 0.36118125 0.2794359375 0.3539671875 0.2945171875 0.35119218750000003 0.3201578125 0.35563125 0.34278125 0.3672859375 0.3608796875 0.385046875 0.3608796875 0.3950359375 0.35333749999999997 0.398921875 0.32694375 0.3950359375 0.30281250000000004 0.3867109375 0.2839609375 0.373603125 0.2733875 0.36118125 0.2794359375
0 0.291253125 0.30281250000000004 0.2901421875 0.32694375 0.296803125 0.350321875 0.3117875 0.363140625 0.3245515625 0.3586171875 0.33620625 0.3375015625 0.3328765625 0.299796875 0.3223328125 0.27868125 0.310453125 0.2790390625 0.296803125 0.28320625 0.291253125 0.30281250000000004
0 0.31289687499999996 0.22589375 0.3123421875 0.2530421875 0.318446875 0.271140625 0.3334328125 0.2869765625 0.3478625 0.2892390625 0.3589609375 0.273403125 0.36118125 0.24172968749999998 0.35563125 0.2153359375 0.3368234375 0.2036734375 0.3245515625 0.2077953125 0.31289687499999996 0.22589375
0 0.23686406249999997 0.26887812499999997 0.24907343750000002 0.28471406250000003 0.26461250000000003 0.28546875 0.2784875 0.26661562499999997 0.274603125 0.2243859375 0.2651671875 0.2070421875 0.25007812500000004 0.2036734375 0.23908281250000002 0.2145828125 0.235753125 0.24550156250000002 0.23686406249999997 0.26887812499999997
0 0.2812625 0.194975 0.299021875 0.2077953125 0.31456249999999997 0.198746875 0.32177656250000003 0.17612343749999998 0.3201125 0.13766406250000002 0.307903125 0.121828125 0.2951859375 0.11512031250000002 0.280153125 0.13163125 0.277378125 0.163303125 0.2812625 0.194975
0 0.3117875 0.1142859375 0.3262171875 0.1255984375 0.34175625 0.12031875 0.3534125 0.0969421875 0.35008125 0.0539578125 0.337871875 0.033596875 0.32294375 0.036928125 0.30512812500000003 0.0509421875 0.3034625 0.0901546875 0.3117875 0.1142859375
0 0.235753125 0.08110625 0.23686406249999997 0.10825312499999999 0.2479625 0.121828125 0.2668328125 0.1278609375 0.280153125 0.11654843749999999 0.285703125 0.0946796875 0.28292812500000003 0.0592359375 0.271828125 0.0486796875 0.2563234375 0.04258125 0.24074843750000002 0.055465625 0.235753125 0.08110625
0 0.1907984375 0.172353125 0.194684375 0.1957296875 0.20689375000000002 0.2047796875 0.22021406250000003 0.20251718749999997 0.2313140625 0.1889421875 0.230203125 0.148975 0.21746249999999998 0.1320765625 0.21077812499999998 0.12861406250000001 0.19301875 0.14218906250000002 0.1907984375 0.172353125
0 0.17359375 0.250025 0.17914375 0.2771734375 0.1969046875 0.28622187499999996 0.2091140625 0.2726484375 0.21466406249999997 0.24776250000000002 0.20966875 0.22966406250000002 0.1973375 0.208384375 0.186359375 0.2062875 0.175259375 0.21910781250000003 0.17359375 0.250025
0 0.21688437500000002 0.3586171875 0.23852812499999998 0.3540921875 0.244078125 0.32694375 0.24019374999999998 0.2982875 0.22301406250000003 0.281865625 0.208003125 0.28546875 0.20023437500000002 0.3111078125 0.205228125 0.34278125 0.21688437500000002 0.3586171875
0 0.1483796875 0.33599375 0.15781406250000002 0.3563546875 0.17723906250000002 0.354846875 0.185009375 0.34278125 0.18611875 0.3103546875 0.1783484375 0.28773125 0.167496875 0.2856328125 0.154725 0.2869765625 0.146159375 0.2945171875 0.1483796875 0.33599375
0 0.024615625 0.341271875 0.0112953125 0.345796875 0.0035265625 0.36465000000000003 0.0018609375000000002 0.40084687499999994 0.005190625 0.4385515625 0.024060937499999997 0.451371875 0.0407109375 0.43779843749999997 0.046815625 0.41668281250000005 0.04515 0.37973124999999996 0.0396 0.3608796875 0.0329640625 0.35157812499999996 0.024615625 0.341271875
0 0.0656859375 0.3442890625 0.085665625 0.3593703125 0.10508906250000001 0.3465515625 0.11285937500000001 0.31563281249999997 0.1078640625 0.28094375 0.09732031249999999 0.2658609375 0.08570625 0.263965625 0.066240625 0.2816984375 0.05902500000000001 0.317140625 0.0656859375 0.3442890625
0 0.079559375 0.46192968749999996 0.076784375 0.49586406250000004 0.08344531250000001 0.5296203125 0.0995390625 0.5492265625 0.11618906250000001 0.54771875 0.1272890625 0.530375 0.12840000000000001 0.4911609375 0.115634375 0.46175 0.10860624999999999 0.449553125 0.093434375 0.44383125 0.079559375 0.46192968749999996
0 0.13616875 0.20459999999999998 0.1494890625 0.21214218749999997 0.1633640625 0.2000765625 0.168359375 0.1691578125 0.1594796875 0.144271875 0.1539296875 0.1337140625 0.14399843750000002 0.1338734375 0.13394999999999999 0.146534375 0.12950937499999998 0.1789609375 0.13616875 0.20459999999999998
0 0.1842484375 0.1310484375 0.1933328125 0.131021875 0.2016578125 0.12423593749999999 0.20554375 0.1129234375 0.20776406249999999 0.0880390625 0.2016578125 0.06164531250000001 0.19055781249999998 0.05938281250000001 0.176684375 0.06390781250000001 0.1716890625 0.082759375 0.16946875 0.1099078125 0.17279843749999999 0.12423593749999999 0.1842484375 0.1310484375
0 0.15781406250000002 0.060890625 0.1661390625 0.0427921875 0.168359375 0.017153124999999998 0.1644734375 0.005840625 0.1335890625 0.0012078125000000001 0.12950937499999998 0.0216765625 0.13339375 0.0465625 0.1439390625 0.065415625 0.15781406250000002 0.060890625
0 0.2310734375 0.026956249999999998 0.23329218749999997 0.003578125 0.19535156250000002 0.0012078125000000001 0.19444375 0.027709375 0.20276875 0.049579687500000004 0.22052812500000002 0.053349999999999995 0.2294078125 0.043546875 0.2310734375 0.026956249999999998
0 0.2876828125 0.026201562499999997 0.292121875 0.008103125 0.24948125000000002 0.00215 0.24883281249999997 0.019414062500000002 0.2543828125 0.0337421875 0.2654828125 0.0382671875 0.2771375 0.0375140625 0.2876828125 0.026201562499999997
0 0.11285937500000001 0.02243125 0.1134140625 0.0646609375 0.1173 0.1031203125 0.132284375 0.11141562499999999 0.146159375 0.10840000000000001 0.1550390625 0.085021875 0.15781406250000002 0.067678125 0.1428296875 0.07144843749999999 0.132284375 0.058628124999999996 0.126734375 0.0329890625 0.1245671875 0.0153390625 0.11285937500000001 0.02243125
0 0.036825000000000004 0.1061375 0.049590625 0.12574375 0.066240625 0.11971093749999999 0.074565625 0.085021875 0.07289999999999999 0.048070312500000004 0.0640203125 0.02469375 0.051007812500000006 0.018165624999999998 0.0323859375 0.034496874999999996 0.0296109375 0.07144843749999999 0.036825000000000004 0.1061375
0 0.007965625 0.190596875 0.007965625 0.22528593749999998 0.015181249999999999 0.23659687499999998 0.0323859375 0.24036718750000002 0.04515 0.2396140625 0.046815625 0.20945 0.0490359375 0.18531875 0.0396 0.173253125 0.030189062500000002 0.1698375 0.017401562500000002 0.1724984375 0.007965625 0.190596875
0 0.7929015625 0.6895359375 0.8 0.7146140625 0.8035484374999999 0.732940625 0.8163265624999999 0.7425859375 0.8418828125 0.7396921875 0.8503999999999999 0.71365 0.8489812499999999 0.6789265624999999 0.836465625 0.65333125 0.79148125 0.6760328125 0.7929015625 0.6895359375
0 0.787221875 0.8920921875 0.787221875 0.9113843749999999 0.79503125 0.9345328125 0.812778125 0.947071875 0.8333640625 0.9432140625000001 0.8404624999999999 0.9200640625000001 0.8390421874999999 0.8834109375000001 0.8258140624999999 0.861790625 0.78793125 0.882446875 0.787221875 0.8920921875
0 0.029695312499999998 0.7970828125 0.0431828125 0.78165 0.043893749999999995 0.74403125 0.038923437500000005 0.7073796875 0.0260625 0.6906859375 0.0147875 0.686159375 0.0020109374999999997 0.69098125 0 0.7739328125 0.029695312499999998 0.7970828125
0 0.021176562500000003 0.952375 0.044603125 0.9504468749999999 0.0453125 0.9282625 0.038923437500000005 0.894503125 0.0242875 0.8774546875 0.0069796875 0.8761765625000001 0.0034296874999999996 0.9118640625 0.0069796875 0.944659375 0.021176562500000003 0.952375