0 0.2993390625 0.046998437500000004 0.2970671875 0.0030328125 0.23519218749999998 0.0045484375 0.232921875 0.0394171875 0.2420046875 0.0644328125 0.2681171875 0.075803125 0.2908234375 0.065190625 0.2993390625 0.046998437500000004
0 0.3084203125 0.0128859375 0.3021765625 0.031837500000000005 0.301040625 0.0538203125 0.30671875000000004 0.0720140625 0.317503125 0.0894484375 0.337371875 0.0962703125 0.36461875 0.08414218749999999 0.368025 0.0629171875 0.3640515625 0.017434375 0.3509953125 0 0.31816875 0.0030328125 0.3084203125 0.0128859375
0 0.37029531250000003 0.04245 0.3685921875 0.0750453125 0.3788109375 0.09247968749999999 0.3998140625 0.10688281250000001 0.42422343749999997 0.0947546875 0.43671249999999995 0.06670781249999999 0.4344421875 0.025015625000000003 0.4111671875 0.00530625 0.3880078125 0.00530625 0.3748375 0.022740625 0.37029531250000003 0.04245
0 0.45955 0.017434375 0.448065625 0.025773437500000003 0.44068593749999996 0.04775625 0.44238906250000004 0.0803515625 0.44692968750000006 0.09854531250000001 0.45885156250000003 0.1106734375 0.48042187500000005 0.109915625 0.4991546875 0.09247968749999999 0.503128125 0.0735296875 0.5042640625 0.037143749999999996 0.49347812500000005 0.018951562499999998 0.486665625 0.0166765625 0.45955 0.017434375
0 0.5071015625 0.0720140625 0.5082375 0.09399687500000001 0.522428125 0.109915625 0.542296875 0.115221875 0.561596875 0.099303125 0.5706796875 0.0750453125 0.5672734375 0.031837500000000005 0.551946875 0.0204671875 0.522575 0.022740625 0.5122109375 0.040934375 0.5071015625 0.0720140625
0 0.5718156249999999 0.056853125000000004 0.57635625 0.0977859375 0.5933859375 0.11143125000000001 0.6126875 0.1144640625 0.626878125 0.1030921875 0.643340625 0.06367500000000001 0.6376640625000001 0.030321874999999998 0.620065625 0.015918750000000002 0.5941171875 0.021225 0.5797625 0.031837500000000005 0.5718156249999999 0.056853125000000004
0 0.6654796875 0.0644328125 0.6796703125 0.086415625 0.708053125 0.08717343749999999 0.7341656249999999 0.06367500000000001 0.743815625 0.0379015625 0.74268125 0.003790625 0.66395625 0.0022734375000000003 0.6558296875 0.022740625 0.6569640625 0.0507890625 0.6654796875 0.0644328125
0 0.6666140625 0.1409953125 0.6649109375 0.162978125 0.669453125 0.1743484375 0.68364375 0.1773796875 0.6910234375 0.187234375 0.7035125 0.1970890625 0.719975 0.1773796875 0.7284890625 0.1569125 0.727921875 0.1265921875 0.7142984375 0.1137046875 0.680990625 0.12204375 0.6666140625 0.1409953125
0 0.112578125 0.194815625 0.12393125 0.20845937499999997 0.161396875 0.2077015625 0.154584375 0.18344375 0.15685625 0.160703125 0.16082968749999998 0.1493328125 0.11717031250000001 0.14175312499999998 0.10519843749999999 0.15463906249999998 0.102928125 0.178896875 0.112578125 0.194815625
0 0.1619640625 0.187234375 0.1625328125 0.2016375 0.1750203125 0.21831406250000002 0.194321875 0.22589375 0.22043437500000002 0.21528125 0.22611093750000003 0.2008796875 0.22383906250000002 0.16373593749999998 0.2062421875 0.13568906249999999 0.1722453125 0.13796250000000002 0.16082968749999998 0.1569125 0.1619640625 0.187234375
0 0.2368953125 0.17662187499999998 0.23803125 0.20239531249999998 0.24484374999999997 0.229684375 0.25846718750000003 0.2410546875 0.27663125 0.2357484375 0.2959328125 0.23650625 0.3004734375 0.23271718749999998 0.301040625 0.1902671875 0.2896875 0.16449375 0.27209062500000003 0.155396875 0.24889843749999999 0.15918749999999998 0.2368953125 0.17662187499999998
0 0.3158984375 0.1690421875 0.3072859375 0.18117031249999999 0.305015625 0.20391093749999997 0.3055828125 0.2304421875 0.31920625 0.24939375 0.33680468750000003 0.2463609375 0.35383437500000003 0.2395390625 0.35951093749999996 0.2395390625 0.36178125 0.23650625 0.3640515625 0.19405624999999999 0.3555375 0.1743484375 0.34248124999999996 0.1667671875 0.3158984375 0.1690421875
0 0.3657546875 0.234990625 0.37824375 0.2569734375 0.405490625 0.256215625 0.4304671875 0.23195937500000002 0.428196875 0.200121875 0.4191140625 0.1781375 0.392434375 0.16828437499999999 0.382784375 0.1698 0.3749484375 0.1804125 0.3674578125 0.1993625 0.3657546875 0.234990625
0 0.43841562500000003 0.19405624999999999 0.4321703125 0.21452343749999997 0.44011875 0.2440875 0.46395937500000006 0.2607640625 0.47985468750000004 0.2516671875 0.49518125 0.2433296875 0.4963171875 0.229684375 0.499721875 0.2008796875 0.48382812499999994 0.178896875 0.4685015625 0.17207343749999998 0.45955 0.1758640625 0.43841562500000003 0.19405624999999999
0 0.5371875 0.173590625 0.5310921875 0.1758640625 0.5110750000000001 0.1849609375 0.501425 0.20845937499999997 0.5025609375 0.2289265625 0.5059671875 0.2463609375 0.5190234375 0.258490625 0.5315109375 0.2653125 0.55705625 0.253184375 0.5633 0.23878125 0.5644359375 0.216040625 0.561596875 0.1902671875 0.5377562499999999 0.173590625 0.5371875 0.173590625
0 0.6100156250000001 0.1781375 0.5871421875 0.18117031249999999 0.5701125 0.2016375 0.56670625 0.2289265625 0.5718156249999999 0.2440875 0.578059375 0.253184375 0.59565625 0.2675859375 0.6115515625 0.26000625 0.62858125 0.2410546875 0.6325546875 0.2167984375 0.6308515625 0.1955734375 0.6212015625 0.1864765625 0.6100156250000001 0.1781375
0 0.6399343749999999 0.1970890625 0.63539375 0.22816874999999998 0.6393671875 0.245603125 0.6546937500000001 0.25394218749999997 0.662640625 0.266828125 0.6779671875 0.2675859375 0.6932953125 0.24711875 0.698403125 0.2304421875 0.7040796874999999 0.1993625 0.6785359375 0.178896875 0.6554390625 0.1804125 0.6399343749999999 0.1970890625
0 0.6087125 0.1698 0.62858125 0.192540625 0.6393671875 0.1955734375 0.65753125 0.16752499999999998 0.6558296875 0.1334140625 0.6359609374999999 0.109915625 0.606609375 0.12735000000000002 0.6001984375 0.14857499999999998 0.601334375 0.166009375 0.6087125 0.1698
0 0.545703125 0.12128593750000001 0.5394593750000001 0.150090625 0.5417296875 0.1652515625 0.5434328125000001 0.171315625 0.55989375 0.1849609375 0.5695453125000001 0.1917828125 0.5945218750000001 0.1705578125 0.5950890625 0.155396875 0.5945218750000001 0.12735000000000002 0.58600625 0.11143125000000001 0.5668624999999999 0.1091578125 0.545703125 0.12128593750000001
0 0.47644843750000004 0.16449375 0.4912078125 0.1849609375 0.512778125 0.1826859375 0.5303765625 0.166009375 0.53435 0.152365625 0.5281046875000001 0.123559375 0.5049734375 0.109915625 0.4832609375 0.11597968750000001 0.47644843750000004 0.134171875 0.47644843750000004 0.16449375
0 0.4225203125 0.1743484375 0.44465937499999997 0.1758640625 0.46679843749999994 0.1667671875 0.47247500000000003 0.1584296875 0.4702046875 0.1349296875 0.4565796875 0.1137046875 0.42832187499999996 0.1083984375 0.41570937499999994 0.12204375 0.411734375 0.1440265625 0.4225203125 0.1743484375
0 0.3651875 0.173590625 0.38732500000000003 0.162978125 0.40832968750000004 0.157671875 0.40889687500000005 0.12431718750000001 0.3817625 0.10688281250000001 0.358375 0.1121890625 0.3515625 0.1349296875 0.35213125 0.1599453125 0.3651875 0.173590625
0 0.3396421875 0.16221875 0.347021875 0.15084843750000002 0.343615625 0.1137046875 0.31920625 0.0977859375 0.290346875 0.0932390625 0.285146875 0.1144640625 0.2845796875 0.14857499999999998 0.3055828125 0.16221875 0.3396421875 0.16221875
0 0.2516546875 0.150090625 0.27663125 0.152365625 0.2794703125 0.14630156249999998 0.282309375 0.10385156250000001 0.28174062499999997 0.081109375 0.25506093750000003 0.0750453125 0.2341359375 0.08414218749999999 0.22781250000000003 0.106125 0.2340578125 0.139478125 0.2516546875 0.150090625
0 0.0989546875 0.29260156249999997 0.11087499999999999 0.25924843750000004 0.0983875 0.21755624999999998 0.0751125 0.2016375 0.0569828125 0.20997499999999997 0.0433234375 0.23347500000000002 0.043890625 0.2653125 0.060353124999999994 0.2910859375 0.0989546875 0.29260156249999997
0 0.1137140625 0.2312 0.1137140625 0.2698609375 0.12109375 0.293359375 0.13528437499999998 0.30169843749999997 0.157990625 0.3032140625 0.1750203125 0.2910859375 0.1755890625 0.252425 0.164803125 0.22210468749999998 0.14783125 0.21528125 0.12336406250000001 0.21300781249999998 0.1137140625 0.2312
0 0.177859375 0.2842625 0.1801296875 0.303971875 0.2062421875 0.3267125 0.2403015625 0.31837499999999996 0.245978125 0.2835046875 0.232921875 0.2410546875 0.2057453125 0.23347500000000002 0.1892125 0.23650625 0.1772921875 0.25015156250000004 0.177859375 0.2842625
0 0.2505203125 0.30169843749999997 0.265846875 0.330503125 0.29536406249999997 0.33201875 0.314096875 0.314584375 0.3186390625 0.2857796875 0.31182656249999996 0.2554578125 0.2976359375 0.2395390625 0.28174062499999997 0.2395390625 0.260821875 0.2448453125 0.252221875 0.261521875 0.2505203125 0.30169843749999997
0 0.32545 0.316859375 0.3475890625 0.33277812500000004 0.3856234375 0.3259546875 0.3901640625 0.298665625 0.379378125 0.258490625 0.36178125 0.24257187500000002 0.3340671875 0.252425 0.32374843750000004 0.261521875 0.3203421875 0.294875 0.32545 0.316859375
0 0.39357031249999996 0.2622796875 0.39073125000000003 0.285021875 0.3941375 0.319890625 0.4094640625 0.337325 0.43727968749999996 0.33429375 0.45430937499999996 0.322165625 0.4565796875 0.30245625 0.45544531250000003 0.269103125 0.43172812499999996 0.245603125 0.4145734375 0.253184375 0.39357031249999996 0.2622796875
0 0.45941875000000004 0.274409375 0.45885156250000003 0.31306875 0.47531249999999997 0.33277812500000004 0.49291093750000003 0.343390625 0.5184546875 0.33201875 0.5286734375 0.3077625 0.5275375 0.279715625 0.5173203125 0.26379687500000004 0.50043125 0.252425 0.47474531249999996 0.2569734375 0.45941875000000004 0.274409375
0 0.544 0.2622796875 0.5337828124999999 0.2781984375 0.5320796875 0.31306875 0.54059375 0.3403578125 0.571246875 0.3456640625 0.59565625 0.31837499999999996 0.59565625 0.2865375 0.5894125 0.272134375 0.5702703125 0.256215625 0.5445671875 0.2622796875 0.544 0.2622796875
0 0.604171875 0.27895625 0.5996312500000001 0.3085203125 0.6047390625 0.3289875 0.6189312499999999 0.3418734375 0.6450437499999999 0.3456640625 0.6609375 0.32747187499999997 0.6717234375000001 0.2979078125 0.669453125 0.2781984375 0.6423796875 0.25470000000000004 0.6160921874999999 0.25924843750000004 0.604171875 0.27895625
0 0.7097562500000001 0.35324374999999997 0.7290578125 0.3441484375 0.7416343750000001 0.3153421875 0.7421140625 0.2781984375 0.7065406249999999 0.2516671875 0.6802390625 0.269103125 0.672859375 0.303971875 0.6808062500000001 0.335809375 0.7097562500000001 0.35324374999999997
0 0.7763796875 0.25773125 0.7569609374999999 0.2622796875 0.7484453125 0.279715625 0.7439046874999999 0.303971875 0.7456078125000001 0.3244390625 0.7535546875 0.346421875 0.7847765625 0.357034375 0.7955609375 0.3502125 0.8108890625 0.32747187499999997 0.8148624999999999 0.30169843749999997 0.809753125 0.277440625 0.7915875 0.25924843750000004 0.7763796875 0.25773125
0 0.740040625 0.18117031249999999 0.7155218750000001 0.1849609375 0.70416875 0.2092171875 0.702465625 0.24181249999999999 0.7143859375 0.250909375 0.731984375 0.261521875 0.74276875 0.272134375 0.7569609374999999 0.2607640625 0.7660437499999999 0.2440875 0.7734234375 0.2205875 0.767746875 0.1955734375 0.7507171875 0.1804125 0.740040625 0.18117031249999999
0 0.8466515625 0.2440875 0.829621875 0.23878125 0.8059046875 0.252425 0.7995359375 0.2607640625 0.81145625 0.2728921875 0.816565625 0.29260156249999997 0.8148624999999999 0.31382656249999996 0.816565625 0.3312609375 0.8239453125 0.33201875 0.8477859375 0.3206484375 0.861978125 0.30169843749999997 0.86651875 0.2766828125 0.8574359375 0.25394218749999997 0.8466515625 0.2440875
0 0.765590625 0.1796546875 0.7739906249999999 0.1933734375 0.7779640624999999 0.22066249999999998 0.7739906249999999 0.23582343749999998 0.7637734375 0.253259375 0.7870468749999999 0.2555328125 0.8052125 0.2441625 0.8171328125 0.2236953125 0.8177 0.187309375 0.8091859375 0.17518125 0.7751265625 0.1652515625 0.765590625 0.1796546875
0 0.8382687499999999 0.20550312499999998 0.8290531250000001 0.2305171875 0.8631125000000001 0.2525 0.8727640624999999 0.24037187499999998 0.8727640624999999 0.2145984375 0.8614109375 0.20095468749999998 0.8382687499999999 0.20550312499999998
0 0.8676546875 0.28509687499999997 0.865384375 0.30253125000000003 0.8574359375 0.3207234375 0.869925 0.319965625 0.9056875 0.3229984375 0.9096609375 0.3048046875 0.914203125 0.273725 0.903984375 0.25932343750000003 0.8835484375 0.253259375 0.8706328125 0.2608390625 0.8676546875 0.28509687499999997
0 0.9249875 0.3207234375 0.9318 0.3267875 0.96131875 0.3283046875 0.9777812499999999 0.3101109375 0.9811859374999999 0.273725 0.9698328125 0.2570484375 0.9489890624999999 0.253259375 0.9232859375 0.26841875000000004 0.9176078125 0.2994984375 0.9249875 0.3207234375
0 0.8704921875 0.41699374999999994 0.9068234374999999 0.40865625000000005 0.9181765625 0.383640625 0.9176078125 0.357109375 0.907390625 0.32754531249999996 0.88014375 0.3260296875 0.8604125 0.335884375 0.8449484375 0.36620625 0.84721875 0.40335 0.8704921875 0.41699374999999994
0 0.98061875 0.3654484375 0.9584796875 0.33285156250000003 0.933090625 0.33740000000000003 0.9210140625 0.3472546875 0.9153375 0.41017187499999996 0.9511 0.42609062499999995 0.9749421875 0.4025921875 0.98061875 0.3654484375
0 0.9085265625 0.5034109375 0.9249875 0.5026515625 0.9323671875 0.495071875 0.9340703124999999 0.48066875 0.9340703124999999 0.4639921875 0.9238531249999999 0.45565468750000004 0.9103796875000001 0.457928125 0.8971734375 0.4776375 0.8966046875 0.4996203125 0.9085265625 0.5034109375
0 0.81145625 0.4715734375 0.8177 0.4988625 0.845515625 0.5087171875000001 0.8710609375 0.4988625 0.8829812499999999 0.473846875 0.881278125 0.44655781250000004 0.868221875 0.42154218749999994 0.8449484375 0.41472031249999997 0.8320234375 0.42533281250000005 0.8159968750000001 0.43973593749999995 0.81145625 0.4715734375
0 0.9669953124999999 0.40562343749999996 0.965859375 0.3616578125 0.9501250000000001 0.36014218750000004 0.9306640625 0.3616578125 0.9232859375 0.3897046875 0.927259375 0.41168750000000004 0.9459921874999999 0.41623593750000004 0.9669953124999999 0.40562343749999996
0 0.7376609375000001 0.4715734375 0.7387953125 0.489765625 0.7535546875 0.5034109375 0.7756937500000001 0.5102328125 0.8040765625 0.4927984375 0.80805 0.4624765625 0.8006703125 0.4336703125 0.783640625 0.41547812500000003 0.757075 0.42002656250000003 0.7393625 0.44049375 0.7376609375000001 0.4715734375
0 0.7984 0.41472031249999997 0.8159968750000001 0.39652656249999996 0.82110625 0.3593828125 0.8125921875 0.339675 0.7915875 0.35559375000000004 0.7745578125 0.35559375000000004 0.7593453125 0.357109375 0.757528125 0.3912203125 0.7717203125000001 0.41320468750000006 0.7984 0.41472031249999997
0 0.9471265624999999 0.5276671875 0.93520625 0.5087171875000001 0.9132171874999999 0.5208453125 0.9062546875 0.537521875 0.9130671875 0.5610203125 0.9323671875 0.5610203125 0.943153125 0.5451015625 0.9471265624999999 0.5276671875
0 0.9972515625 0.4268484375 0.9709687499999999 0.44580000000000003 0.9652921875 0.473846875 0.9675625 0.51478125 1 0.5246359375 0.998784375 0.457928125 0.9972515625 0.4268484375
0 0.978915625 0.4988625 0.98743125 0.5102328125 0.9965140625 0.5132640625 0.9961156250000001 0.45868593750000003 0.9845921875 0.47233125 0.978915625 0.4988625
0 0.993675 0.6535015625 0.99991875 0.6459203125 0.983625 0.569359375 0.949396875 0.5822453125 0.93804375 0.6125671875 0.943153125 0.6481953125000001 0.9709687499999999 0.659565625 0.993675 0.6535015625
0 0.9817546875 0.648953125 0.9891343750000001 0.63151875 0.985728125 0.613325 0.975509375 0.6049875 0.963184375 0.6034703125 0.9522359375 0.6140828125 0.95166875 0.6444046875 0.9630218749999999 0.654259375 0.9817546875 0.648953125
0 0.9970812499999999 0.6852578125 0.9914046875 0.66858125 0.9705656250000001 0.6694203125 0.96075 0.6769999999999999 0.959615625 0.6951937499999999 0.9704015625 0.7087578125 0.9897015625 0.7057249999999999 0.9970812499999999 0.6852578125
0 0.855165625 0.576859375 0.851759375 0.6026328125 0.852328125 0.629921875 0.8676546875 0.64205 0.888090625 0.6549375000000001 0.910796875 0.6465984375 0.9249875 0.619309375 0.9113640625 0.57534375 0.8954703125 0.5586671875 0.8869546875 0.55715 0.866090625 0.56473125 0.855165625 0.576859375
0 0.901146875 0.6412921875 0.9085265625 0.6337125 0.9096609375 0.6162765625 0.9096609375 0.5973265624999999 0.888234375 0.5942937500000001 0.877871875 0.6033906250000001 0.87616875 0.624615625 0.879575 0.6435671875 0.901146875 0.6412921875
0 0.9147703125 0.7224015625 0.9346390625 0.7193703124999999 0.93804375 0.7087578125 0.940315625 0.6966296875 0.9313874999999999 0.68146875 0.9113640625 0.6845 0.9068234374999999 0.6996609375 0.9068234374999999 0.7155796875 0.9147703125 0.7224015625
0 0.9552343750000001 0.7239187499999999 0.9386125 0.7261921874999999 0.933503125 0.7496921875 0.946559375 0.7762234375 0.9681296875 0.7610625 0.965859375 0.7345312500000001 0.9552343750000001 0.7239187499999999
0 0.9601828125 0.7777390625 0.9709687499999999 0.7383203125 0.959615625 0.7034515625 0.949396875 0.6943546875 0.907540625 0.7224015625 0.9085265625 0.75348125 0.9181765625 0.783803125 0.9391796875 0.7800125 0.9601828125 0.7777390625
0 0.85005625 0.77698125 0.87333125 0.7868359375 0.8937671875 0.7656109375 0.9102296875 0.7352890624999999 0.8734718750000001 0.70041875 0.8528953125 0.7140640625 0.840975 0.7277078125 0.84040625 0.7603046875 0.85005625 0.77698125
0 0.851759375 0.7072421875 0.8591390625 0.6943546875 0.843946875 0.67085625 0.826215625 0.6807109375 0.8239453125 0.6966296875 0.826215625 0.709515625 0.838703125 0.7170953124999999 0.851759375 0.7072421875
0 0.8284859375 0.6663078125 0.84040625 0.6556953125 0.8460828125000001 0.635228125 0.839271875 0.6223421874999999 0.8212359375 0.6177937499999999 0.8103203125 0.6276484375 0.8086171875 0.6503890625000001 0.8154296875 0.667065625 0.8284859375 0.6663078125
0 0.8443796875 0.5973265624999999 0.838703125 0.571553125 0.83756875 0.55411875 0.8188359374999999 0.5548765625 0.7978328125 0.5639734375 0.7871671874999999 0.5791328124999999 0.845515625 0.6223421874999999 0.8460828125000001 0.61551875 0.8443796875 0.5973265624999999
0 0.71665625 0.6162765625 0.7359578124999999 0.6321953125 0.7552578125 0.6337125 0.7819375 0.619309375 0.7830734374999999 0.5670046875 0.7666109375 0.5563921875 0.740040625 0.5548765625 0.721765625 0.5677625 0.7143859375 0.5912625 0.71665625 0.6162765625
0 0.62583125 0.385834375 0.6286703124999999 0.396446875 0.6377515625 0.408575 0.6593234375 0.41539843750000005 0.67465 0.40175312500000004 0.6854359375 0.38204375 0.6860031249999999 0.3494484375 0.67474375 0.332771875 0.622425 0.35248124999999997 0.62583125 0.385834375
0 0.561753125 0.3547546875 0.5628203125 0.3865921875 0.5679296875000001 0.40326874999999995 0.5957453125 0.409334375 0.6122078125 0.3979625 0.6218578124999999 0.353996875 0.561753125 0.3547546875
0 0.49872812499999997 0.347175 0.4929984375 0.37446406250000003 0.5015140625 0.396446875 0.5293296875 0.40781718749999996 0.5503328125 0.3888671875 0.55714375 0.3585453125 0.49872812499999997 0.347175
0 0.464615625 0.40175312500000004 0.4833484375 0.391140625 0.49186406250000003 0.3676421875 0.49129531249999997 0.347175 0.4447875 0.3365625 0.43055625 0.3464171875 0.43566562500000006 0.37901250000000003 0.44474843750000004 0.393415625 0.464615625 0.40175312500000004
0 0.47369843749999996 0.40630156250000005 0.4629125 0.41918749999999994 0.4555328125 0.4472359375 0.45666874999999996 0.47225 0.470859375 0.49044375 0.49186406250000003 0.494234375 0.5111640625 0.4805890625 0.523084375 0.46239687500000004 0.52195 0.42525312499999995 0.5094609375 0.40554375 0.4902109375 0.40175312500000004 0.47369843749999996 0.40630156250000005
0 0.5242203125 0.4684609375 0.536709375 0.493475 0.56395625 0.494234375 0.5877984374999999 0.47983125 0.5906359375 0.44875156250000003 0.5775796875 0.41160781249999995 0.5572109375000001 0.408575 0.536140625 0.41615624999999995 0.5287609375 0.43131718750000003 0.5242203125 0.4684609375
0 0.595178125 0.4472359375 0.5957453125 0.478315625 0.612775 0.5040875 0.633778125 0.5033296875 0.65194375 0.4896859375 0.6593234375 0.473009375 0.659890625 0.451784375 0.657053125 0.41918749999999994 0.6253453125 0.41388125000000003 0.6002859375 0.42449375 0.595178125 0.4472359375
0 0.6940484375 0.4100921875 0.6786234375 0.42373593749999994 0.6689734374999999 0.4449609375 0.6661343750000001 0.476040625 0.6757859374999999 0.491959375 0.6843 0.5063625 0.7104125 0.5033296875 0.7246046875000001 0.491959375 0.728009375 0.4737671875 0.73311875 0.4426875 0.7223328125 0.41842968750000004 0.6996265625 0.414640625 0.6940484375 0.4100921875
0 0.6923453125 0.35020625 0.6882734375 0.3812859375 0.6882734375 0.408575 0.7268749999999999 0.417671875 0.7541218749999999 0.382803125 0.7484453125 0.33883593749999996 0.6923453125 0.35020625
0 0.3028328125 0.3979625 0.2801265625 0.393415625 0.2699640625 0.3956890625 0.2614484375 0.41539843750000005 0.257475 0.43283281249999994 0.26088125 0.4540578125 0.2682609375 0.47225 0.3079421875 0.47755625 0.318159375 0.467703125 0.3221328125 0.4502671875 0.3227 0.41994687500000005 0.31305 0.40630156250000005 0.3028328125 0.3979625
0 0.19219375 0.451784375 0.2012765625 0.46997656250000003 0.220009375 0.47755625 0.2438515625 0.470734375 0.25463749999999996 0.4555734375 0.25463749999999996 0.42146249999999996 0.24441875 0.3979625 0.23079531250000002 0.38734999999999997 0.1984546875 0.3956890625 0.18992343750000001 0.41615624999999995 0.19219375 0.451784375
0 0.1995734375 0.55715 0.1995734375 0.58595625 0.2092234375 0.60490625 0.23079531250000002 0.614003125 0.255771875 0.6011171875 0.25861093749999997 0.576859375 0.256340625 0.545021875 0.243284375 0.534409375 0.2234375 0.536684375 0.2092234375 0.536684375 0.1995734375 0.55715
0 0.2648546875 0.5920203125 0.276775 0.6124875000000001 0.29664375 0.6170359375000001 0.31878281249999996 0.6117296875 0.32559375 0.5942937500000001 0.3267296875 0.5563921875 0.2989546875 0.5298609375 0.2745046875 0.5374421875000001 0.26371875 0.560940625 0.2648546875 0.5920203125
0 0.33013593750000003 0.56245625 0.32956875 0.5988421875000001 0.3414890625 0.6147609375 0.3658984375 0.6177937499999999 0.38690156249999996 0.5996 0.389740625 0.5685203125 0.3800890625 0.5427484375 0.3647625 0.534409375 0.35459843750000003 0.5374421875000001 0.33978593749999997 0.5427484375 0.33013593750000003 0.56245625
0 0.3920109375 0.5761015625 0.3954171875 0.6026328125 0.4147171875 0.61551875 0.438559375 0.6177937499999999 0.45388593750000006 0.598084375 0.4550203125 0.5685203125 0.44593906250000004 0.5427484375 0.422096875 0.5321359375 0.40910624999999995 0.535925 0.3976875 0.550328125 0.3920109375 0.5761015625
0 0.33637968749999997 0.4009953125 0.3261625 0.417671875 0.324459375 0.4593640625 0.3380828125 0.47755625 0.3596546875 0.47983125 0.38122500000000004 0.46921875 0.3851984375 0.45784843750000004 0.38746875 0.42373593749999994 0.3755484375 0.40554375 0.363628125 0.396446875 0.3534625 0.3994796875 0.33637968749999997 0.4009953125
0 0.3965515625 0.4737671875 0.42323125 0.4912015625 0.4504796875 0.4684609375 0.4567234375 0.42222031250000003 0.4306828125 0.4009953125 0.4073375 0.40023749999999997 0.39428125 0.41842968750000004 0.3903078125 0.449509375 0.3965515625 0.4737671875
0 0.524275 0.5677625 0.524275 0.5996 0.536196875 0.6147609375 0.56060625 0.624615625 0.575365625 0.6162765625 0.58274375 0.5935359375 0.5776359375 0.5563921875 0.5679859375 0.5419890625 0.56344375 0.5404734375 0.5430078125 0.5457796874999999 0.5328859375 0.55184375 0.524275 0.5677625
0 0.58671875 0.5670046875 0.585015625 0.5882296874999999 0.591259375 0.6109703125 0.6060187499999999 0.6238578125 0.6264546875 0.6253734375 0.6451875 0.6094546875 0.648025 0.5844390625 0.6423484375 0.5579078125 0.6197578125 0.5412312499999999 0.59920625 0.5480546875 0.58671875 0.5670046875
0 0.6502953125000001 0.60490625 0.6622171875 0.6238578125 0.6849234375 0.6314375 0.71046875 0.6200671875 0.7144421875 0.5935359375 0.71046875 0.560940625 0.690165625 0.5495703125 0.6673265625 0.550328125 0.649728125 0.5685203125 0.6502953125000001 0.60490625
0 0.7780203125 0.7368046875 0.7598546875000001 0.6966296875 0.7303359375 0.6966296875 0.7179875 0.71103125 0.70649375 0.7489328125 0.7121703125 0.77470625 0.7598546875000001 0.7807703125 0.7780203125 0.7368046875
0 0.7871015625 0.76409375 0.7888046875 0.7792546875 0.8012937499999999 0.7845609375 0.8166203124999999 0.7762234375 0.8183234374999999 0.7603046875 0.8171875 0.7436265625 0.80713125 0.7421109375 0.7956171875 0.7383203125 0.7893734375 0.7436265625 0.7871015625 0.76409375
0 0.6457546875 0.7102734374999999 0.64461875 0.7413531250000001 0.65143125 0.7565140625 0.6713 0.7671265625 0.70025 0.7595453125 0.70649375 0.729225 0.7013859375 0.7019359374999999 0.6928703125 0.693596875 0.6759703125 0.6966296875 0.6571078124999999 0.6951125 0.6457546875 0.7102734374999999
0 0.8018609375000001 0.855815625 0.8075374999999999 0.8429296875000001 0.8064031249999999 0.8201890625000001 0.7973203125 0.81185 0.786121875 0.8133671874999999 0.7740453125 0.8254953125 0.7751812499999999 0.85126875 0.7876703125 0.85960625 0.8018609375000001 0.855815625
0 0.8501125 0.8482359374999999 0.8472734375 0.8292859375000001 0.834384375 0.820946875 0.8166203124999999 0.8217046874999999 0.8109437500000001 0.8459625000000001 0.8194593749999999 0.8649125 0.8432999999999999 0.866428125 0.8501125 0.8482359374999999
0 0.9051750000000001 0.8095765625 0.8915515624999999 0.80654375 0.8815125 0.8057859374999999 0.8739546875 0.814125 0.8716828124999999 0.8414140625 0.8870109375 0.85126875 0.9074453124999999 0.842171875 0.9051750000000001 0.8095765625
0 0.60885625 0.7671265625 0.637240625 0.75575625 0.6429171874999999 0.6981453125 0.6275890625 0.68146875 0.604428125 0.6837421875 0.5838796875 0.6973874999999999 0.5776359375 0.7307406249999999 0.5810421875 0.7542390625000001 0.60885625 0.7671265625
0 0.533925 0.6882906249999999 0.5254109375 0.693596875 0.5185984375 0.7102734374999999 0.516328125 0.7345312500000001 0.5305203125 0.7610625 0.5515234375 0.7686421875 0.568553125 0.75575625 0.5770671875 0.7314984375 0.574796875 0.70269375 0.562309375 0.6837421875 0.5397000000000001 0.69208125 0.533925 0.6882906249999999
0 0.46126562499999996 0.75575625 0.47999843750000004 0.7648515625 0.4981625 0.7587875000000001 0.5123546875 0.7421109375 0.5117875 0.6996609375 0.4975953125 0.6784359375 0.46702187500000003 0.686775 0.45785937499999996 0.698903125 0.45275 0.7352890624999999 0.46126562499999996 0.75575625
0 0.3937140625 0.7368046875 0.40109374999999997 0.746659375 0.418690625 0.75575625 0.4391265625 0.7527234375 0.45275 0.7284671875 0.451046875 0.7019359374999999 0.43458593749999996 0.6837421875 0.4192578125 0.67919375 0.40229375 0.6875328125 0.3931453125 0.71103125 0.3937140625 0.7368046875
0 0.343759375 0.7459015625000001 0.36533125 0.748175 0.38463125 0.7383203125 0.3903078125 0.7049671875 0.379521875 0.677678125 0.3562484375 0.6693390625 0.34381093749999997 0.6754046875 0.32956875 0.693596875 0.327296875 0.7299828125000001 0.343759375 0.7459015625000001
0 0.272234375 0.6769203125 0.2631515625 0.708 0.2665578125 0.7390796875000001 0.28869687499999996 0.7542390625000001 0.3097 0.746659375 0.31934999999999997 0.7345312500000001 0.3233234375 0.7170953124999999 0.3238921875 0.68980625 0.3108359375 0.6716140625 0.29948281250000003 0.6700984375 0.2944125 0.6678234375 0.272234375 0.6769203125
0 0.2029796875 0.6852578125 0.2001421875 0.7178546875 0.2131984375 0.7413531250000001 0.230228125 0.7489328125 0.25520468749999997 0.7405953125 0.2597453125 0.7261921874999999 0.2631515625 0.69208125 0.2472578125 0.67085625 0.24047187499999997 0.6700984375 0.216603125 0.6693390625 0.2029796875 0.6852578125
0 0.142240625 0.682984375 0.1376984375 0.709515625 0.14280781250000002 0.7299828125000001 0.1592703125 0.7436265625 0.1791375 0.746659375 0.19900625 0.7277078125 0.1984390625 0.6996609375 0.1865171875 0.672371875 0.17574375 0.6663078125 0.15416093749999998 0.667065625 0.142240625 0.682984375
0 0.1348609375 0.5548765625 0.133725 0.5791328124999999 0.141671875 0.6018749999999999 0.16324375 0.6132453124999999 0.180840625 0.6079390625000001 0.19503281249999999 0.5874718750000001 0.19503281249999999 0.550328125 0.181409375 0.5298609375 0.1558703125 0.5275875 0.1411046875 0.535925 0.1348609375 0.5548765625
0 0.1791796875 0.4714921875 0.186559375 0.41085000000000005 0.16892968749999998 0.38356093750000003 0.148484375 0.3812859375 0.13429375 0.389625 0.1218453125 0.41994687500000005 0.127521875 0.4525421875 0.1383078125 0.465428125 0.1791796875 0.4714921875
0 0.0503203125 0.43510625 0.069621875 0.44875156250000003 0.0997078125 0.44875156250000003 0.10935781250000001 0.43586562500000003 0.1104921875 0.3994796875 0.09403125 0.3638515625 0.0707765625 0.36081875 0.0486171875 0.3691578125 0.0423734375 0.40554375 0.0503203125 0.43510625
0 0.0015015624999999999 0.3494484375 0.0015015624999999999 0.4381390625 0.025910937499999998 0.43662343750000004 0.033290625000000004 0.41539843750000005 0.033868749999999996 0.3797703125 0.0015015624999999999 0.3494484375
0 0.0361296875 0.5738265625000001 0.034993750000000004 0.535925 0.0191 0.523796875 0.0020734374999999998 0.5124265625 0.0026375 0.60490625 0.0145578125 0.60490625 0.0327234375 0.5897453125000001 0.0361296875 0.5738265625000001
0 0.058835937500000005 0.66024375 0.082678125 0.6625171875 0.10424843749999999 0.6428078125 0.1087890625 0.61551875 0.098571875 0.5912625 0.079271875 0.5851984375 0.06225937499999999 0.5920203125 0.050889062500000005 0.6033906250000001 0.0486171875 0.6329546875000001 0.058835937500000005 0.66024375
0 0.06791875 0.7148218749999999 0.08721875 0.7375625 0.11389843749999999 0.736046875 0.13490156250000002 0.7216437499999999 0.1337671875 0.6905640625 0.1173046875 0.663275 0.10427656249999999 0.6647921875 0.085515625 0.6678234375 0.07189218750000001 0.6852578125 0.06791875 0.7148218749999999
0 0.031587500000000004 0.778496875 0.036696875000000004 0.751965625 0.027046874999999998 0.7261921874999999 0.0043437499999999995 0.7163375000000001 0.0003671875 0.7929 0.0100171875 0.7913828125 0.020234375 0.790625 0.031587500000000004 0.778496875
0 0.034993750000000004 0.7813984375 0.025910937499999998 0.798834375 0.01853125 0.8132359375 0.028749999999999998 0.8405250000000001 0.0452125 0.8503796875 0.066215625 0.8526546875 0.079271875 0.83004375 0.0781359375 0.8133671874999999 0.07075624999999999 0.790625 0.05317499999999999 0.7822875 0.034993750000000004 0.7813984375
0 0.0015015624999999999 0.9072328125 0.00604375 0.907990625 0.0191 0.90950625 0.0378328125 0.899653125 0.040103125 0.8928296874999999 0.044643749999999996 0.8837343750000001 0.046346874999999996 0.8534124999999999 0.030453124999999998 0.8443156249999999 0.01853125 0.8329453125 0.0015046875 0.8253656250000001 0.0015015624999999999 0.9072328125
0 0.038400000000000004 0.9375546874999999 0.0491859375 0.9572625 0.0656484375 0.968634375 0.08721875 0.9565046875000001 0.0974359375 0.93073125 0.090625 0.889040625 0.0781578125 0.889040625 0.0548625 0.889040625 0.0389671875 0.906475 0.038400000000000004 0.9375546874999999
0 0.09800468749999999 0.9140546875 0.09403125 0.9549890624999999 0.1087890625 0.9693921874999999 0.1331984375 0.97015 0.14625468749999998 0.9549890624999999 0.154203125 0.9375546874999999 0.1479578125 0.907990625 0.137740625 0.899653125 0.1269875 0.89889375 0.10651875 0.9034421874999999 0.09800468749999999 0.9140546875
0 0.1564734375 0.920878125 0.1547703125 0.950440625 0.1627171875 0.961053125 0.180315625 0.9709078124999999 0.203021875 0.968634375 0.212671875 0.9587796875000001 0.21210468750000003 0.9322484375 0.203021875 0.907990625 0.1837671875 0.9011687500000001 0.1661234375 0.90950625 0.1564734375 0.920878125
0 0.24843437499999999 0.9891 0.2700046875 0.971665625 0.2722765625 0.9360375 0.26376093749999996 0.918603125 0.244521875 0.9140546875 0.22345781250000002 0.915571875 0.21437499999999998 0.93300625 0.21607812499999998 0.9724234375 0.24843437499999999 0.9891
0 0.2717078125 0.955746875 0.27511406250000003 0.9769718749999999 0.290440625 0.9891 0.3142828125 0.9906171875 0.3313125 0.967875 0.3301765625 0.9390703125 0.314359375 0.9170875 0.2915765625 0.9148125 0.27511406250000003 0.9277 0.2717078125 0.955746875
0 0.3517484375 0.9193609374999999 0.3420984375 0.9246671875000001 0.3369890625 0.93073125 0.3341515625 0.947409375 0.3352859375 0.9724234375 0.33755625 0.9868265624999999 0.36026250000000004 0.991375 0.381834375 0.9853109375000001 0.391484375 0.9534734374999999 0.384671875 0.9246671875000001 0.3734109375 0.9163296875 0.3517484375 0.9193609374999999
0 0.40964999999999996 0.989859375 0.4334921875 0.991375 0.44768281249999997 0.9762140625000001 0.45165625 0.94665 0.43973593749999995 0.9231515625 0.42838281250000004 0.9170875 0.4103171875 0.92239375 0.39659374999999997 0.93300625 0.3920515625 0.97318125 0.40964999999999996 0.989859375
0 0.45165625 0.97015 0.46244218750000005 0.9951656249999999 0.48401249999999996 0.9989546875 0.5044484375 0.987584375 0.508990625 0.947409375 0.4976375 0.9299734374999999 0.4875375 0.9261843750000001 0.46130625 0.9246671875000001 0.45676562499999995 0.945134375 0.45165625 0.97015
0 0.5402109375 0.99668125 0.5646203125 0.9891 0.5680265624999999 0.96256875 0.5629171875 0.9284578124999999 0.5278515625 0.9246671875000001 0.518640625 0.939828125 0.5123968750000001 0.9671171875000001 0.5163703125 0.991375 0.5402109375 0.99668125
0 0.58165 0.992890625 0.596409375 1 0.6185484375 0.99668125 0.63046875 0.9807625 0.6287671875 0.948925 0.6196843750000001 0.9383125 0.59485 0.9337640625000001 0.577109375 0.947409375 0.573703125 0.979246875 0.58165 0.992890625
0 0.6497703125000001 0.998196875 0.6855328125 0.9921328125000001 0.6906421875000001 0.961053125 0.6860999999999999 0.9360375 0.6703671875 0.93300625 0.6401203125 0.9352796874999999 0.633875 0.96256875 0.6367140625000001 0.9883421875 0.6497703125000001 0.998196875
0 0.7212953125 0.9057171875 0.7508140625 0.899653125 0.7638703125 0.8693312499999999 0.7542187499999999 0.8321875000000001 0.7203328124999999 0.8253656250000001 0.70596875 0.8405250000000001 0.7008593750000001 0.8738796875 0.7054 0.8875234375 0.7212953125 0.9057171875
0 0.7731375 0.8488640625 0.765571875 0.8655406250000001 0.7672749999999999 0.89055625 0.7894140625 0.9019265624999999 0.8234734375 0.8958625 0.8285828125 0.8647828125 0.7731375 0.8488640625
0 0.6395515625 0.86175 0.6406875000000001 0.8837343750000001 0.6611234375 0.9034421874999999 0.6883703125 0.8981359375 0.69631875 0.8784281249999999 0.6991562499999999 0.8405250000000001 0.6860999999999999 0.8215749999999999 0.6650968749999999 0.8230906250000001 0.6504953125 0.8283968749999999 0.642390625 0.8397671875 0.6395515625 0.86175
0 0.6361453125 0.8465906249999999 0.616278125 0.8155109375 0.5908765625 0.8215749999999999 0.577109375 0.8443156249999999 0.5782453125 0.8852499999999999 0.6003828125 0.8951046874999999 0.629334375 0.8837343750000001 0.6361453125 0.8465906249999999
0 0.518640625 0.8420421875 0.5192078125 0.8678156250000001 0.52999375 0.8844921875 0.5617828125 0.8860078124999999 0.5714328125 0.8723625 0.5748390624999999 0.8481062500000001 0.5697296875 0.8170265625 0.547590625 0.8177843749999999 0.5352328125 0.8162687500000001 0.52318125 0.8246078125 0.518640625 0.8420421875
0 0.4556296875 0.8662984375 0.46641562499999994 0.8791859375 0.49196093750000003 0.886765625 0.5050171875 0.8700890625 0.515234375 0.8443156249999999 0.5072875 0.8132359375 0.4807234375 0.8132359375 0.46641562499999994 0.8132359375 0.4556296875 0.8329453125 0.4556296875 0.8662984375
0 0.3960265625 0.873121875 0.41475937500000004 0.8807015625 0.4408703125 0.8769109374999999 0.44995312500000006 0.8579609375 0.44825 0.8200593749999999 0.434059375 0.8026234375 0.41940156249999994 0.80565625 0.3971609375 0.8162687500000001 0.3920515625 0.8511374999999999 0.3960265625 0.873121875
0 0.3307453125 0.8321875000000001 0.3313125 0.864025 0.3438015625 0.8753953125 0.365371875 0.8753953125 0.3812671875 0.8655406250000001 0.388646875 0.8412843750000001 0.3858078125 0.8170265625 0.3682109375 0.7980765625 0.359215625 0.796559375 0.33925937500000003 0.8086890625 0.3307453125 0.8321875000000001
0 0.2768171875 0.8033828125 0.2688703125 0.8230906250000001 0.2700046875 0.8473484375 0.284196875 0.864025 0.3046328125 0.870846875 0.32279843750000003 0.864025 0.326771875 0.8481062500000001 0.326771875 0.8215749999999999 0.31825625 0.8011078125 0.3052 0.798834375 0.2899453125 0.7980765625 0.2768171875 0.8033828125
0 0.2166453125 0.8556859375 0.23481093749999998 0.8700890625 0.254678125 0.8678156250000001 0.26319375 0.8564437500000001 0.26432812499999997 0.8314296875 0.254678125 0.8079296875 0.22919062499999998 0.7950437499999999 0.21210468750000003 0.8033828125 0.2075625 0.830671875 0.2166453125 0.8556859375
0 0.1513640625 0.8564437500000001 0.1740703125 0.8670562500000001 0.1973453125 0.8609921875 0.20018281249999997 0.8162687500000001 0.173546875 0.791253125 0.1564734375 0.7950437499999999 0.143984375 0.8117203125 0.144553125 0.8390093750000001 0.1513640625 0.8564437500000001
0 0.0866515625 0.7973171875 0.0866515625 0.8238484375 0.09289531250000001 0.854928125 0.11616875 0.8609921875 0.1286578125 0.8541703125 0.1371734375 0.8428000000000001 0.13944375 0.814753125 0.13263125 0.798834375 0.12074218750000001 0.782915625 0.09403125 0.7874640625 0.0866515625 0.7973171875
0 0.7022578125 0.990009375 0.727328125 1 0.7464296874999999 0.9857578124999999 0.7452359375000001 0.9384625 0.7313453125 0.9320859374999999 0.7062375000000001 0.93474375 0.694696875 0.9496234375 0.694696875 0.9777875 0.7022578125 0.990009375
0 0.7786640625000001 0.9995749999999999 0.8053265625 0.9916031249999999 0.8089078125 0.9538734375000001 0.79458125 0.9304921875 0.765975 0.9416515625 0.7567765625 0.944840625 0.7508078125 0.9730046874999999 0.7575734375 0.9926671875 0.7786640625000001 0.9995749999999999
0 0.8689984374999999 0.9751296875 0.8642218749999999 0.9400578124999999 0.8276718750000001 0.9358062500000001 0.8156734374999999 0.948559375 0.8101015625000001 0.97938125 0.8136828125 0.9953234375 0.863825 0.9974500000000001 0.8689984374999999 0.9751296875
0 0.8705890625 0.9862890625 0.8900890625000001 0.9942609375 0.9239140625 0.9916031249999999 0.928690625 0.9740671875 0.9294859375 0.9459031250000001 0.9115781249999999 0.9331484375000001 0.893746875 0.9379312499999999 0.8809359375 0.9437765625000001 0.8725796875 0.9629078124999999 0.8705890625 0.9862890625
0 0.9797234375 0.9379312499999999 0.950975 0.9405890625 0.939434375 0.9634390625 0.9366484375 0.9862890625 0.9923609375 0.988415625 0.993953125 0.9613140625 0.9797234375 0.9379312499999999
0 0.8869796875 0.8635343750000001 0.8689984374999999 0.8683171875 0.863825 0.8800078125 0.8670078125 0.9017968749999999 0.8924765625 0.8975453124999999 0.8968546875 0.8789453125 0.8869796875 0.8635343750000001
0 0.941909375 0.8688484375 0.9374453125000001 0.8869171874999999 0.941425 0.9033906249999999 0.9633109375 0.902328125 0.9700765625000001 0.885321875 0.9653015625 0.8683171875 0.941909375 0.8688484375
0 0.9828109375 0.8438734374999999 0.9923609375 0.859284375 0.9987281250000001 0.859284375 0.999625 0.8141140625000001 0.9859937499999999 0.819428125 0.9828109375 0.8438734374999999
0 0.9851984375 0.902859375 0.9883828125 0.9225203125 0.9991265625000001 0.9262406249999999 1 0.882134375 0.9911671875 0.8890421875 0.9851984375 0.902859375