0 0.700646875 1 0.7105734375 0.969071875 0.7105734375 0.9013249999999999 0.67528125 0.8571421875 0.6245484375 0.858615625 0.61595 0.8733437500000001 0.5914609375000001 0.8777609375000001 0.5649921875 0.93814375 0.5826390625 1 0.700646875 1
0 0.16658125 0.6307406249999999 0.1441234375 0.668228125 0.1349984375 0.7225859375 0.16166875 0.771321875 0.1974625 0.7985 0.2409765625 0.7863171875 0.2606265625 0.7582 0.268346875 0.719775 0.2606265625 0.65979375 0.2339578125 0.6307406249999999 0.20032187499999998 0.6232421875 0.16658125 0.6307406249999999
0 0.3168546875 0.6551078125 0.29431562499999997 0.6766640625 0.2795765625 0.7132140625 0.2795765625 0.750703125 0.2950171875 0.7956890624999999 0.32870468750000004 0.8172453125000001 0.37151718749999996 0.8209937500000001 0.3932734375 0.8003750000000001 0.40520468750000005 0.771321875 0.41152187500000004 0.7235234375 0.397484375 0.6757265625 0.35326875 0.6438609375000001 0.3168546875 0.6551078125
0 0.24729218749999998 0.53983125 0.25711875 0.6063734375000001 0.29291093749999997 0.6363640625 0.35186562499999996 0.6344890624999999 0.3792375 0.5941890625 0.382746875 0.5529515625 0.370815625 0.5051546874999999 0.33923281250000004 0.46579218750000007 0.29719843749999997 0.46485468750000003 0.26203125 0.488284375 0.24729218749999998 0.53983125
0 0.18833906250000002 0.431115625 0.1518421875 0.431115625 0.12166406249999999 0.46016874999999996 0.1013109375 0.4957828125 0.1062234375 0.5548265625 0.1307875 0.5960640625 0.160265625 0.6148078124999999 0.2079890625 0.5960640625 0.2304484375 0.56045 0.23465937499999998 0.5107781250000001 0.2192765625 0.46579218750000007 0.18833906250000002 0.431115625
0 0.057815625 0.5548265625 0.026917187500000002 0.5726328125 0.007265625 0.610121875 0.0023515625 0.6644796875 0.035339062500000004 0.7235234375 0.0690265625 0.7338328125 0.10903125 0.7282093749999999 0.12798125 0.70103125 0.1434203125 0.670103125 0.1434203125 0.6363640625 0.1195578125 0.5866921875 0.0963984375 0.5632609375000001 0.057815625 0.5548265625
0 0.026214062500000003 0.3645734375 0 0.35145312500000003 0.0002515625 0.5435796875000001 0.0332328125 0.528584375 0.0542875 0.48547343749999994 0.059903125 0.4329890625 0.0486734375 0.3973765625 0.026214062500000003 0.3645734375
0 0.172196875 0.40487343750000004 0.1817046875 0.30691718749999997 0.144825 0.250234375 0.09499375 0.250234375 0.0613265625 0.30927812499999996 0.057095312499999995 0.348640625 0.0690265625 0.3973765625 0.10411875 0.429240625 0.1490359375 0.42455468749999997 0.172196875 0.40487343750000004
0 0.20588437499999998 0.407684375 0.22764062499999999 0.44236250000000005 0.318178125 0.41799375000000005 0.3315125 0.330834375 0.297121875 0.2736640625 0.2613296875 0.2558578125 0.206640625 0.290534375 0.1932515625 0.3233359375 0.191846875 0.36738593750000004 0.20588437499999998 0.407684375
0 0.37863125000000003 0.347703125 0.3595859375 0.37394531249999996 0.3490578125 0.41705781249999996 0.35186562499999996 0.46954062499999993 0.385553125 0.5107781250000001 0.4346828125 0.522025 0.4613515625 0.49765625 0.48030156249999995 0.4461109375 0.48381093750000004 0.41705781249999996 0.4796 0.37394531249999996 0.45503593750000004 0.3448921875 0.423453125 0.329896875 0.37863125000000003 0.347703125
0 0.3737171875 0.1733828125 0.355375 0.17994375 0.3371265625 0.210871875 0.3315125 0.2642921875 0.344846875 0.2952203125 0.3602875 0.31115312500000003 0.3883609375 0.3074046875 0.4220484375 0.3074046875 0.44099843749999995 0.3036546875 0.4557375 0.2671046875 0.4564390625 0.23242812499999999 0.43117343750000003 0.1743203125 0.3737171875 0.1733828125
0 0.465678125 0.2839734375 0.46977343749999995 0.331771875 0.49153125 0.3645734375 0.526621875 0.37956875 0.5589062499999999 0.3748828125 0.5820671875000001 0.348640625 0.5911906250000001 0.308340625 0.5925953125000001 0.2736640625 0.5736453125 0.22492968750000003 0.54416875 0.2024375 0.5006546875 0.208059375 0.47749375 0.23523906249999998 0.465678125 0.2839734375
0 0.521709375 0.41612031250000003 0.49644374999999996 0.44985937500000006 0.48732031249999996 0.50046875 0.504865625 0.5454546875 0.5301312499999999 0.570759375 0.5687328125 0.5745078125 0.6108421875000001 0.5501406249999999 0.6227734375 0.50234375 0.6185625 0.45923125000000004 0.6024203124999999 0.42642968750000004 0.5506203125 0.4029984375 0.521709375 0.41612031250000003
0 0.41011875 0.590440625 0.40731093749999997 0.639175 0.42064531250000003 0.6794749999999999 0.4466140625 0.7057171875 0.49082968749999994 0.7038421875 0.5231140625 0.6776 0.5322375 0.6438609375000001 0.5196046875 0.5763828125 0.47410312499999996 0.549203125 0.44240312499999995 0.5548265625 0.41011875 0.590440625
0 0.547678125 0.7132140625 0.5561 0.7572640625 0.57785625 0.7956890624999999 0.6248796875 0.8031859375 0.6838328125 0.7628859375 0.688746875 0.7057171875 0.6754109374999999 0.66073125 0.6333015625 0.6260546875 0.5723828125 0.6419875 0.5568015625 0.6747890625 0.547678125 0.7132140625
0 0.6978703125 0.8013125000000001 0.6943609375 0.8453609375 0.7041859374999999 0.8828484375000001 0.729453125 0.9090906249999999 0.7715625 0.9072171875 0.8094609374999999 0.8837859375000001 0.82630625 0.8406750000000001 0.8291124999999999 0.7863171875 0.8003375 0.748828125 0.776475 0.7357078125000001 0.7106765625 0.7591375 0.6978703125 0.8013125000000001
0 0.4290671875 0.8434859375 0.44380625 0.9025296875000001 0.483109375 0.9334578125 0.523815625 0.9343953125000001 0.5624156250000001 0.8931578124999999 0.579259375 0.8369265625000001 0.5589062499999999 0.7938140625 0.5196046875 0.7572640625 0.469071875 0.7647609375 0.44871875 0.7938140625 0.4290671875 0.8434859375
0 0.27333124999999997 0.7694468750000001 0.263434375 0.790065625 0.26203125 0.8425484375 0.2816828125 0.8819125 0.3174765625 0.8828484375000001 0.365903125 0.86129375 0.370815625 0.8350515625 0.3701140625 0.827553125 0.3308109375 0.827553125 0.30765 0.8134953125 0.292209375 0.8013125000000001 0.287296875 0.7994375 0.27333124999999997 0.7694468750000001
0 0.65943125 0.47328906249999997 0.638915625 0.4939078125 0.6227734375 0.5248359375 0.6213703125000001 0.5613875 0.6410218750000001 0.6073109375 0.6740078125 0.6344890624999999 0.71190625 0.6279281250000001 0.7469984375000001 0.58106875 0.746296875 0.5426421875 0.744190625 0.5032796875 0.722434375 0.467665625 0.6992734375 0.46110625 0.65943125 0.47328906249999997
0 0.7469984375000001 0.41705781249999996 0.7554203125 0.45923125000000004 0.779984375 0.49859375000000006 0.8185859375 0.5164015625 0.8550812499999999 0.508903125 0.8803468750000001 0.47047812499999997 0.8929796874999999 0.42455468749999997 0.8775390625 0.35895 0.8487640624999999 0.328021875 0.8192875000000001 0.3224 0.76051875 0.3730078125 0.7469984375000001 0.41705781249999996
0 0.734365625 0.3214625 0.71190625 0.2821 0.6664515625 0.271790625 0.6403203125 0.27835 0.6199671875 0.29896875 0.6066312500000001 0.3224 0.5996125 0.34114374999999997 0.6010171875 0.372071875 0.6045265625 0.412371875 0.6269843749999999 0.441425 0.6550578125000001 0.4564203125 0.6922546875 0.4470484375 0.7231359375 0.42830312499999995 0.73576875 0.3748828125 0.734365625 0.3214625
0 0.7140125 0.26897812499999996 0.7273468750000001 0.29896875 0.7792828125 0.320525 0.8284109374999999 0.2821 0.8326218750000001 0.2127453125 0.8227968750000001 0.167759375 0.779984375 0.1417265625 0.7491046875 0.14266406250000002 0.729453125 0.157659375 0.7126078125 0.1839015625 0.7092734375 0.23336406250000002 0.7140125 0.26897812499999996
0 0.6088875 0.1004890625 0.5841734375 0.12485625 0.5750484375 0.15109843750000002 0.5652234375 0.1998328125 0.5855765625 0.237321875 0.6080359375 0.2626265625 0.6382140625 0.2616890625 0.67821875 0.24763125000000002 0.691553125 0.214828125 0.6950624999999999 0.16609374999999998 0.6908515625 0.1332921875 0.6740078125 0.1126734375 0.6088875 0.1004890625
0 0.6087374999999999 0.0939296875 0.6403203125 0.09017968750000001 0.662778125 0.0920546875 0.6803234375 0.0836203125 0.6859390624999999 0.035821874999999996 0.69015 0.0030203125 0.5737875 0 0.5736453125 0.0339484375 0.5904890625 0.094865625 0.6087374999999999 0.0939296875
0 0.7217328125 0.0030203125 0.7015515625 0.0330109375 0.6943609375 0.058315625 0.6929578125 0.10611250000000001 0.7140125 0.1407890625 0.729453125 0.14453906249999998 0.7491046875 0.1398515625 0.7743703125 0.137978125 0.7891078125 0.1342296875 0.798934375 0.1126734375 0.8045484374999999 0.08268281250000001 0.803846875 0.0339484375 0.77366875 0.0011453125 0.7217328125 0.0030203125
0 0.9182453125000001 0.018015625 0.9217546875 0.0048937500000000005 0.8159765625000001 0.0020828125 0.8192875000000001 0.0330109375 0.84315 0.056440625 0.8684156249999999 0.064875 0.9014015625 0.05175468749999999 0.9182453125000001 0.018015625
0 0.9449156249999999 0.0742484375 0.9624609375000001 0.10798749999999999 0.9638656250000001 0.1398515625 0.9863234375 0.137040625 1 0.12860625 0.9975531249999999 0.0011453125 0.9514625000000001 0 0.93649375 0.0255125 0.9301765625 0.062064062499999996 0.9449156249999999 0.0742484375
0 0.875434375 0.064875 0.852975 0.0929921875 0.8424484375000001 0.13235468749999998 0.8403421874999999 0.16609374999999998 0.861396875 0.20170781249999997 0.8978921874999999 0.21764062499999998 0.93649375 0.198896875 0.9610578125 0.1801515625 0.9596546874999999 0.12860625 0.94140625 0.076121875 0.912853125 0.0630015625 0.875434375 0.064875
0 0.9393015625000001 0.20545624999999998 0.9007 0.2270125 0.8845578125 0.2598140625 0.8768375 0.30855 0.8929796874999999 0.36759375 0.916140625 0.3910234375 0.9533375 0.395709375 0.9779015624999999 0.3863375 0.9982546875 0.36853125000000003 0.9968515625000001 0.22982343749999998 0.9591859375 0.20920624999999998 0.9393015625000001 0.20545624999999998
0 0.9764984374999999 0.458503125 0.9505296875000001 0.467875 0.9357921875 0.49786562500000003 0.929475 0.5344171875 0.9301765625 0.574715625 0.9449156249999999 0.60470625 0.967375 0.619703125 0.9800078125 0.6215765625 0.98913125 0.619703125 0.99895625 0.6206390625 0.9999015625000001 0.45662812500000005 0.9764984374999999 0.458503125
0 0.9070171874999999 0.5818515625 0.8670125000000001 0.5724796875 0.83493125 0.5940359374999999 0.8143750000000001 0.6155906250000001 0.8003375 0.64558125 0.7947234375 0.68681875 0.8066546875 0.7280562500000001 0.8249015625 0.7524234375 0.846659375 0.7767906250000001 0.8866640625000001 0.775853125 0.916140625 0.755234375 0.9343875 0.7093125 0.94140625 0.6755718749999999 0.9407046875 0.6230890625 0.9070171874999999 0.5818515625
0 0.09646875 0.1165609375 0.053723437500000006 0.1146859375 0.0304953125 0.1240578125 0.0136515625 0.1737296875 0.019267187499999998 0.2355859375 0.0466375 0.27494843750000003 0.06769375 0.2712 0.0845375 0.2571421875 0.1020828125 0.241209375 0.1210328125 0.24214687499999998 0.1294546875 0.23839843749999998 0.137175 0.1952859375 0.12524375000000001 0.1474890625 0.09646875 0.1165609375
0 0.16384375 0.0453328125 0.14910625 0.0753234375 0.1512109375 0.1184359375 0.1631421875 0.1474890625 0.169459375 0.1531125 0.17647812499999999 0.13249375000000002 0.1919171875 0.11281250000000001 0.2298171875 0.09125625000000001 0.20605625 0.0368984375 0.18419687499999998 0.0350234375 0.16384375 0.0453328125
0 0.239753125 0.10625156250000001 0.215078125 0.103440625 0.1898125 0.123121875 0.1736703125 0.1540484375 0.17647812499999999 0.1980984375 0.1905140625 0.23464843750000003 0.208059375 0.260890625 0.25438125 0.25245625 0.28245468749999997 0.2299625 0.2950875 0.1859140625 0.28806875 0.1456140625 0.2740328125 0.1184359375 0.239753125 0.10625156250000001
0 0.29017499999999996 0.0865703125 0.313334375 0.0697 0.3294765625 0.03315 0.32596875000000003 0.0050328125 0.21518281250000001 0.000346875 0.21437656249999998 0.0275265625 0.22630781249999998 0.071575 0.25929375 0.09031875 0.29017499999999996 0.0865703125
0 0.3400046875 0.0359609375 0.322459375 0.0762609375 0.320353125 0.11281250000000001 0.3315828125 0.1474890625 0.3540421875 0.1671703125 0.38843125 0.16998125 0.41650468749999997 0.1652953125 0.43966562500000006 0.11374843750000001 0.43615624999999997 0.05189375 0.413696875 0.0265890625 0.36821875 0.022840625 0.3400046875 0.0359609375