0 0.3308390625 0.657 0.339178125 0.67844375 0.3515328125 0.6986953125 0.36295937500000003 0.70584375 0.374078125 0.7082265624999999 0.38149062499999997 0.7082265624999999 0.389521875 0.70584375 0.3972421875 0.6879734375 0.4068171875 0.6641484375 0.40897812499999997 0.643896875 0.4092875 0.6212609375 0.40897812499999997 0.5986265625 0.40867031249999997 0.571228125 0.40342031250000004 0.549784375 0.3978609375 0.5354890625000001 0.39230156250000003 0.5200015625 0.385196875 0.5152375 0.3712984375 0.49855937499999997 0.36203281249999997 0.5033234375 0.3564734375 0.5021328125 0.348753125 0.5128546875 0.3404140625 0.5128546875 0.3311484375 0.5426359374999999 0.3255890625 0.561696875 0.3240453125 0.583140625 0.3234265625 0.61173125 0.32620625 0.6367484375 0.3308390625 0.657
0 0.377784375 0.8261640625 0.38149062499999997 0.791615625 0.3827265625 0.7618343750000001 0.378403125 0.735625 0.37593125 0.722521875 0.3737703125 0.712990625 0.3682109375 0.716565625 0.359871875 0.712990625 0.348753125 0.7082265624999999 0.3382515625 0.689165625 0.331765625 0.67844375 0.322809375 0.6808265625 0.3163234375 0.6963125 0.31138125 0.7046515624999999 0.30674843749999997 0.7201390625 0.30613125 0.7201390625 0.2993375 0.7534953125 0.3014984375 0.801146875 0.306440625 0.8249718749999999 0.312 0.8356937500000001 0.3225 0.8595203124999999 0.3326921875 0.873815625 0.3419578125 0.8785796875 0.350915625 0.879771875 0.36110625 0.8702421875 0.3675921875 0.8559453124999999 0.3734609375 0.840459375 0.377784375 0.8261640625
0 0.1986515625 0.8642843750000001 0.2110046875 0.873815625 0.2283015625 0.8821546874999999 0.2388015625 0.86309375 0.24745 0.8452249999999999 0.256715625 0.817825 0.2551703125 0.7832765625 0.253009375 0.7475390625 0.247759375 0.718946875 0.24158125 0.70584375 0.2332421875 0.6915484375000001 0.22366875 0.677253125 0.2134765625 0.677253125 0.20328437500000002 0.683209375 0.19432812500000002 0.6939296875000001 0.18784218749999998 0.718946875 0.1838265625 0.7487296875 0.1829 0.7832765625 0.18722343749999998 0.8202078125 0.1986515625 0.8642843750000001
0 0.2548625 0.56050625 0.250846875 0.5390625 0.24374375 0.5390625 0.237875 0.528340625 0.23046250000000001 0.49974999999999997 0.2199625 0.4961765625 0.2091515625 0.504515625 0.1989609375 0.522384375 0.1934015625 0.543828125 0.192165625 0.571228125 0.1903125 0.5628890625 0.1903125 0.595053125 0.1934015625 0.6248359375 0.20235781249999998 0.6546171875 0.21224062500000002 0.6653390625 0.228609375 0.6689140625000001 0.2412734375 0.6617656249999999 0.253009375 0.6403218749999999 0.2588765625 0.6188796875 0.2573328125 0.589096875 0.2548625 0.56050625
0 0.10939375 0.6069656250000001 0.1109375 0.6307921875 0.11557031250000001 0.6522359375 0.1266890625 0.6748703125 0.131321875 0.67844375 0.13904375 0.679634375 0.149853125 0.6748703125 0.158809375 0.6724875 0.164059375 0.65104375 0.168075 0.62721875 0.169928125 0.5938625 0.169928125 0.555740625 0.164678125 0.53310625 0.15695625 0.510471875 0.1486171875 0.5068984375000001 0.140278125 0.4961765625 0.12977812500000002 0.5021328125 0.1226734375 0.5080890625000001 0.1131 0.528340625 0.10784843749999999 0.571228125 0.10939375 0.6069656250000001
0 0.186296875 0.7106078124999999 0.19618125 0.6820171875 0.19432812500000002 0.6748703125 0.1856796875 0.6641484375 0.1727078125 0.6689140625000001 0.16066249999999999 0.677253125 0.1520140625 0.6998875 0.14645625 0.7272859375 0.1455296875 0.7630250000000001 0.14830937500000002 0.7797031249999999 0.1541765625 0.8094859375000001 0.16869218749999998 0.8380765625000001 0.1785765625 0.8440328125000001 0.18876874999999999 0.846415625 0.1850625 0.8249718749999999 0.183209375 0.801146875 0.182590625 0.785659375 0.1816640625 0.7677906250000001 0.1819734375 0.74515625 0.186296875 0.7106078124999999
0 0.14429375 0.7773203125 0.14120468749999998 0.7475390625 0.14213125 0.7082265624999999 0.1452203125 0.69035625 0.1359546875 0.685590625 0.12977812500000002 0.6808265625 0.12452656250000001 0.6808265625 0.1208203125 0.6748703125 0.112790625 0.6641484375 0.10846718749999999 0.6712953125000001 0.101671875 0.6963125 0.09920156249999999 0.7392000000000001 0.101671875 0.7785124999999999 0.10723125 0.7999546875 0.1152609375 0.8154421875000001 0.1208203125 0.8190156249999999 0.12823281250000002 0.8273546875 0.135028125 0.8225890625 0.1415140625 0.8154421875000001 0.14769062500000002 0.801146875 0.14429375 0.7773203125
0 0.044240625 0.6296 0.047946875 0.646278125 0.054432812500000004 0.6617656249999999 0.064625 0.6712953125000001 0.0806703125 0.6653390625 0.0883921875 0.65104375 0.09240625 0.633175 0.09487812500000001 0.5914796875 0.093025 0.555740625 0.0883921875 0.5295328125000001 0.0782 0.50570625 0.061845312500000006 0.49855937499999997 0.05505 0.5128546875 0.045784375 0.5259578125 0.0430046875 0.549784375 0.0423875 0.5855234375 0.044240625 0.6296
0 0.0538140625 0.8190156249999999 0.062771875 0.8106765625 0.0738890625 0.795190625 0.07852187499999999 0.7499203125 0.07852187499999999 0.7201390625 0.08099375 0.72966875 0.075434375 0.6986953125 0.06925624999999999 0.679634375 0.0596828125 0.66653125 0.04609375 0.6415140625 0.0334296875 0.6629562499999999 0.0241640625 0.701078125 0.0229296875 0.734434375 0.028489062500000002 0.7820859375 0.0374453125 0.8094859375000001 0.0538140625 0.8190156249999999
0 0.45483593750000006 0.8292999999999999 0.4636296875 0.8023234374999999 0.47174531249999996 0.7849828125 0.47242187500000005 0.761859375 0.460246875 0.7271765625 0.4501015625 0.7040546875 0.43657500000000005 0.6828593749999999 0.42760781249999996 0.6786203125 0.41155156249999997 0.6867125 0.3993765625 0.70598125 0.3899078125 0.729103125 0.3851734375 0.7657140625000001 0.3851734375 0.8158125 0.40275937500000003 0.877471875 0.421696875 0.8986671875000001 0.4372515625 0.8986671875000001 0.4575421875 0.8890328125 0.45551250000000004 0.8755453125000001 0.45483593750000006 0.8292999999999999
0 0.516440625 0.819146875 0.50933125 0.8011437499999999 0.500246875 0.784265625 0.48970156249999997 0.781296875 0.47655156249999997 0.784265625 0.46549218750000004 0.80226875 0.456803125 0.8326499999999999 0.45561875 0.8664046875 0.4611484375 0.8945343749999999 0.47457656249999997 0.9260390624999999 0.49471875 0.9440421875 0.5120953125 0.9271640624999999 0.5243390625 0.891159375 0.5227593749999999 0.8506515625000001 0.516440625 0.819146875
0 0.5733125 0.6773734375 0.5646234375 0.6537453125 0.545271875 0.6391171875 0.5346078125 0.64361875 0.5231546875 0.6526203125000001 0.5169609375 0.6681546875000001 0.5144656249999999 0.6886265625 0.51525625 0.7212562499999999 0.5168359375 0.7538859375 0.5227593749999999 0.7707640625 0.5342125 0.79664375 0.555934375 0.79664375 0.5654140625 0.7887671875 0.572521875 0.7718890625 0.5748921874999999 0.7550109375 0.5741015625 0.71900625 0.574496875 0.6908765625 0.5733125 0.6773734375
0 0.018353125 0.48721875 0.022698437499999998 0.5142218749999999 0.034151562499999996 0.527725 0.04836875 0.5220984375 0.054293749999999995 0.49059375000000005 0.053503125 0.46021406249999997 0.04836875 0.4275828125 0.037706250000000004 0.4219578125 0.028621875 0.4264578125 0.0215125 0.4557125 0.018353125 0.48721875
0 0.093846875 0.4672015625 0.09536718749999999 0.5018453125 0.100896875 0.5142218749999999 0.1119546875 0.5299750000000001 0.1253828125 0.515346875 0.13091250000000001 0.49059375000000005 0.1313078125 0.47034062499999996 0.131703125 0.4478359375 0.12380312499999999 0.4264578125 0.10919062500000001 0.41745625000000003 0.0957625 0.4444609375 0.093846875 0.4672015625
0 0.1518453125 0.33644375000000004 0.1507359375 0.3591265625 0.15302968749999998 0.3870765625 0.1593484375 0.39832812500000003 0.1759359375 0.4062046875 0.18896875 0.38820156250000004 0.1964734375 0.3656984375 0.1944984375 0.33869375 0.1905484375 0.3128140625 0.183834375 0.2936859375 0.1680375 0.2925609375 0.1542140625 0.3060640625 0.1518453125 0.33644375000000004
0 0.079175 0.27568281250000004 0.0736984375 0.300021875 0.0736453125 0.33869375 0.0764109375 0.356696875 0.08272968750000001 0.3701984375 0.09181249999999999 0.3837015625 0.09655312499999999 0.38032499999999997 0.1064265625 0.3634484375 0.11392968750000002 0.33194218750000004 0.1119546875 0.2880609375 0.10287187499999999 0.26443125 0.094971875 0.25768125 0.0858890625 0.26218125 0.079175 0.27568281250000004
0 0.045209375 0.27680937499999997 0.0353359375 0.27230781249999997 0.022698437499999998 0.2880609375 0.020328125 0.3071890625 0.01519375 0.3263171875 0.0207234375 0.3668234375 0.032571875 0.3870765625 0.046 0.3690734375 0.05389843749999999 0.33869375 0.05414218750000001 0.3185984375 0.045209375 0.27680937499999997
0 0.20160781249999998 0.4242078125 0.18265 0.41408125 0.17040625 0.4242078125 0.1664578125 0.4658390625 0.1680375 0.4995953125 0.18186093750000001 0.5322250000000001 0.1944984375 0.5232234375 0.2008171875 0.515346875 0.2067421875 0.5029703125 0.20950625 0.47034062499999996 0.208321875 0.4410859375 0.20160781249999998 0.4242078125
0 0.2450515625 0.391578125 0.23438750000000003 0.378075 0.22174999999999997 0.38032499999999997 0.2122703125 0.39382812500000003 0.21069062500000002 0.42083281250000004 0.20990156249999997 0.4545875 0.21661562499999998 0.48271718750000003 0.22569843750000002 0.48721875 0.23201875 0.49284375 0.23517812500000002 0.48384218749999997 0.24465625000000002 0.47709062500000005 0.25492499999999996 0.469215625 0.256109375 0.41970625000000006 0.2450515625 0.391578125
0 0.0104546875 0.4545875 0.01914375 0.4444609375 0.024671875 0.41970625000000006 0.026253125 0.397203125 0.0258578125 0.3837015625 0.021907812500000002 0.3668234375 0.017564062499999998 0.356696875 0.009270312499999999 0.3454453125 0.00453125 0.353321875 0.0017656249999999998 0.361196875 0.0031796875000000002 0.4486265625 0.0104546875 0.4545875
0 0.0254625 0.7596484375 0.022698437499999998 0.7416453125 0.0207234375 0.7180171875 0.02111875 0.7056390625 0.024278125 0.6887624999999999 0.0270421875 0.671884375 0.032215625 0.6597109375 0.0270421875 0.6471296875 0.019539062500000003 0.637003125 0.0076906249999999995 0.632503125 0.00453125 0.640378125 0.0009765625 0.65163125 0.00058125 0.767525 0.0033453125 0.7776515625 0.0084796875 0.791153125 0.01519375 0.8001546875000001 0.026253125 0.7979046875 0.028621875 0.7866531250000001 0.0254625 0.7596484375
0 0.0392859375 0.5389765625 0.0392859375 0.5322250000000001 0.0302015625 0.5367265625 0.024671875 0.5232234375 0.022734375 0.539815625 0.01914375 0.5614796875 0.018353125 0.5986109374999999 0.020328125 0.625615625 0.024671875 0.6379921875 0.029017187500000003 0.64699375 0.03375625 0.6514953125 0.0381 0.6503703125 0.044420312499999996 0.6447437500000001 0.044024999999999995 0.6109875 0.040075 0.5929859375000001 0.0392859375 0.56598125 0.0392859375 0.5389765625
0 0.647453125 0.7043781250000001 0.6419234375 0.68075 0.6304703125 0.661621875 0.6213859375 0.6548703125 0.6111171875 0.6559953125 0.6004546875 0.660496875 0.5953203125 0.6593703125 0.58748125 0.66984375 0.5799171875 0.698753125 0.5787328125 0.7302578125 0.5783375000000001 0.7617625 0.5854468749999999 0.7865171875 0.5984796875 0.8045203125 0.6138828125 0.8101453125000001 0.624940625 0.8090203125000001 0.6419234375 0.79439375 0.6490328125 0.7673890625 0.6486375 0.7336328125 0.647453125 0.7043781250000001
0 0.6225703125 0.822521875 0.6150671875 0.818021875 0.6024296875 0.813521875 0.59295 0.8033953125 0.5830765625 0.7921421875 0.5783375000000001 0.7752656250000001 0.5714796875 0.7931171875 0.562934375 0.8033953125 0.558590625 0.8394 0.556615625 0.87203125 0.562934375 0.892284375 0.5728078125 0.9057859374999999 0.589790625 0.9249140625000001 0.604009375 0.9215390625 0.6123031250000001 0.9147875000000001 0.61585625 0.9114125 0.6130921875 0.8844078124999999 0.616646875 0.8439015624999999 0.6225703125 0.822521875
0 0.67154375 0.9665453125000001 0.6818125 0.95304375 0.69208125 0.9361656249999999 0.6956359375 0.9057859374999999 0.6956359375 0.8754062499999999 0.69208125 0.8540281249999999 0.6845765625 0.8281484375 0.67746875 0.815771875 0.6699640625 0.8078953125 0.662740625 0.799871875 0.6612750000000001 0.8000187499999999 0.6490328125 0.8045203125 0.6375796874999999 0.8101453125000001 0.6225703125 0.8292734375 0.618621875 0.859653125 0.618621875 0.8900343749999999 0.6233609375 0.9192890625000001 0.6340250000000001 0.9406671875000001 0.6462671875 0.9609203125000001 0.6593015624999999 0.969921875 0.67154375 0.9665453125000001
0 0.7939765624999999 0.9361656249999999 0.7959515625 0.9080359375 0.7943718750000001 0.87765625 0.7896328125000001 0.855153125 0.7852875 0.8326499999999999 0.7722546875 0.8213968749999999 0.7655406250000001 0.8123953125 0.7522234375 0.808315625 0.7398687500000001 0.8112703124999999 0.728415625 0.819146875 0.7173578125 0.8315234374999999 0.709459375 0.8675296875 0.7102484375 0.9102874999999999 0.7209125000000001 0.933915625 0.732365625 0.9575453125 0.7465828125 0.9789234375 0.7647515625 0.9789234375 0.7805484375 0.9631703125 0.7939765624999999 0.9361656249999999
0 0.885209375 0.977934375 0.8946875000000001 0.9464281250000001 0.893896875 0.9092968750000001 0.88836875 0.8890437500000001 0.8848140624999999 0.8687906249999999 0.8777046875 0.864290625 0.8717812500000001 0.8519140625 0.8619078124999999 0.8361609375000001 0.8517796875 0.8268906250000001 0.8334703125 0.823784375 0.81609375 0.8429125000000001 0.8078 0.8575390625000001 0.798715625 0.8744171875 0.796740625 0.9081718750000001 0.798715625 0.938553125 0.8038500000000001 0.9621812500000001 0.8117484375 0.9858109374999999 0.8208328125 1 0.8777046875 0.9993124999999999 0.885209375 0.977934375
0 1 0.8890437500000001 0.9961874999999999 0.8755421875 0.9874984375 0.863165625 0.9748609374999999 0.8541640625 0.966171875 0.8372859375000001 0.9525203125000001 0.8420890625 0.9298375 0.8429125000000001 0.9148296874999999 0.864290625 0.9073249999999999 0.88679375 0.90495625 0.9137984375 0.9073249999999999 0.9486796875 0.912065625 0.9723078125000001 0.9219390625000001 1 1 0.9914359375 1 0.8890437500000001
0 0.9487953125 0.8046562500000001 0.9511640625 0.767525 0.946425 0.7337687500000001 0.9357609374999999 0.7033890625 0.9227281250000001 0.676384375 0.912065625 0.678634375 0.9006109375 0.671884375 0.8885203125000001 0.6681546875000001 0.8682265625 0.6887624999999999 0.8603265625000001 0.7045140625 0.852428125 0.73151875 0.84926875 0.755146875 0.856378125 0.785528125 0.86388125 0.8226578124999999 0.883234375 0.8474125000000001 0.8994265625000001 0.8496625 0.9152250000000001 0.8519140625 0.9377359375 0.8384109375 0.9487953125 0.8046562500000001
0 0.8433453125 0.707890625 0.8322859375 0.6820109375000001 0.8208328125 0.6651328125 0.81214375 0.6617578125 0.800690625 0.65950625 0.7872625 0.6606328125 0.77265 0.6741343750000001 0.7608015625 0.7056390625 0.7563703125 0.727259375 0.761590625 0.7630234375 0.7675156249999999 0.7967796875000001 0.779759375 0.8226578124999999 0.7927921875 0.8316593749999999 0.8034546875 0.8316593749999999 0.8184625000000001 0.8339109375 0.82873125 0.823784375 0.840975 0.8035296875 0.848084375 0.7821515625 0.8496640624999999 0.7461453125 0.8433453125 0.707890625
0 0.7281500000000001 0.812590625 0.7338703125 0.796284375 0.7373031250000001 0.7865 0.7411156250000001 0.764759375 0.741878125 0.7419296875 0.7414968749999999 0.714753125 0.736921875 0.70496875 0.73005625 0.6984468749999999 0.720903125 0.691925 0.7151828124999999 0.6788796875 0.7117515625 0.6614859375 0.7094625 0.6517031249999999 0.7006921875 0.6549640625 0.6873437499999999 0.6603984374999999 0.6748578125 0.6696390625 0.66636875 0.6886625000000001 0.6602671875 0.7006203125 0.6545468750000001 0.732146875 0.6568343750000001 0.7484531249999999 0.6610296875 0.7778031249999999 0.66408125 0.7854125 0.6713265625 0.80171875 0.6812421875 0.8158515625 0.6907765625 0.8299828125 0.697640625 0.8299828125 0.7121328124999999 0.8267218749999999 0.7281500000000001 0.812590625
0 0.8661171875000001 0.6961515625 0.8725156249999999 0.67878125 0.8722109375 0.64925 0.8679453125000001 0.6301421875 0.8636796875 0.622325 0.8571078125 0.6114671875 0.851490625 0.603215625 0.8429593750000001 0.6023468750000001 0.829553125 0.608428125 0.8231531249999999 0.6292734375 0.8207156250000001 0.6501187500000001 0.8268109375 0.6735703125 0.8365609375 0.692678125 0.8447875 0.7022328124999999 0.8517953125 0.7031015625 0.855453125 0.7022328124999999 0.8661171875000001 0.6961515625
0 0.32248125 0.5125 0.308659375 0.4958390625 0.2943046875 0.494325 0.2820765625 0.5094703125 0.2709125 0.530675 0.266128125 0.5518796874999999 0.26240625 0.58065625 0.26240625 0.6109484375 0.2645328125 0.6397265625 0.2731015625 0.667540625 0.2857984375 0.6912234374999999 0.2948359375 0.6957671875 0.306 0.6957671875 0.3171640625 0.6912234374999999 0.327265625 0.673046875 0.3299234375 0.66093125 0.3251390625 0.6397265625 0.32195 0.618521875 0.32195 0.586715625 0.3246078125 0.5518796874999999 0.327265625 0.5367328125 0.32248125 0.5125
0 0.223409375 0.2732046875 0.2222546875 0.27030625 0.214346875 0.2756703125 0.20945156250000002 0.29176406250000003 0.20719062500000002 0.3175140625 0.21208749999999998 0.34111875 0.21999531249999998 0.34111875 0.2279046875 0.33468125 0.23355312499999997 0.3260984375 0.23279999999999998 0.3067859375 0.2324234375 0.284253125 0.223409375 0.2732046875
0 0.2730953125 0.50205625 0.2794984375 0.4966921875 0.2840171875 0.48489062499999996 0.28552343750000003 0.46557812500000006 0.2828875 0.443046875 0.2723421875 0.42695156250000005 0.258409375 0.4258796875 0.2561484375 0.4451921875 0.252759375 0.48059843750000003 0.2591625 0.50205625 0.26330468749999997 0.5063484375 0.2730953125 0.50205625
0 0.2708984375 0.3095140625 0.267234375 0.3095140625 0.2629015625 0.3133125 0.2589046875 0.3142609375 0.25465312500000004 0.318646875 0.2542390625 0.3379921875 0.254571875 0.35697812500000003 0.255571875 0.36836875 0.2589046875 0.37501406249999997 0.26356875 0.3778609375 0.269565625 0.379759375 0.2762296875 0.371215625 0.2795625 0.3588765625 0.281228125 0.3294484375 0.2798953125 0.3190078125 0.276896875 0.3123625 0.2708984375 0.3095140625
0 0.3388703125 0.31710937499999997 0.3385375 0.30287031249999996 0.33664375 0.28018125 0.33120625000000004 0.2696453125 0.323209375 0.2620515625 0.316546875 0.2649 0.3125484375 0.283884375 0.30855 0.29812343750000003 0.3098828125 0.3152109375 0.3148796875 0.33704375 0.3218765625 0.3417890625 0.328540625 0.3417890625 0.333871875 0.33039843750000003 0.3388703125 0.31710937499999997
0 0.3528640625 0.388303125 0.3518640625 0.4053890625 0.35519687499999997 0.428171875 0.36119375 0.43956249999999997 0.36985625 0.4386140625 0.382184375 0.41867968749999995 0.383184375 0.39494843749999997 0.378853125 0.3664703125 0.372521875 0.359825 0.364859375 0.3579265625 0.357640625 0.36850937500000003 0.3528640625 0.388303125
0 0.316546875 0.39969375 0.313546875 0.404440625 0.311646875 0.4083984375 0.311215625 0.43956249999999997 0.3152140625 0.4585484375 0.3185453125 0.4661421875 0.328875 0.4718375 0.3365375 0.4661421875 0.3422015625 0.44620781249999997 0.3442015625 0.41583125 0.3395359375 0.40159218750000003 0.3355375 0.39305 0.328875 0.388303125 0.320878125 0.39115 0.316546875 0.39969375
0 0.111965625 0.2819859375 0.11663125 0.3057171875 0.121628125 0.3190078125 0.12762656249999998 0.32755 0.1351671875 0.32719375 0.14361875 0.324703125 0.1496171875 0.316159375 0.1566140625 0.29812343750000003 0.1576140625 0.27154375000000003 0.1556140625 0.236421875 0.146284375 0.2183859375 0.1389546875 0.21364062499999997 0.132290625 0.21364062499999997 0.1222953125 0.22503125000000002 0.117296875 0.23832031250000002 0.11263281249999998 0.2592046875 0.111965625 0.2819859375
0 0.1529484375 0.38355625 0.1492828125 0.3664703125 0.14895 0.3465359375 0.14661875 0.3379921875 0.1389546875 0.34463750000000004 0.1336671875 0.36850937500000003 0.1329578125 0.40254218750000004 0.1346234375 0.4253234375 0.1402875 0.44715625000000003 0.1476171875 0.4585484375 0.1556140625 0.45570000000000005 0.1616109375 0.4547515625 0.167609375 0.4386140625 0.170275 0.42342500000000005 0.1732734375 0.41013593750000005 0.161278125 0.403490625 0.15694687499999999 0.3977953125 0.1529484375 0.38355625
0 0.301553125 0.4224765625 0.301553125 0.39969375 0.29914843750000003 0.3884546875 0.2922234375 0.371215625 0.286225 0.3664703125 0.2785625 0.3731140625 0.2745640625 0.3921 0.27389687500000004 0.403490625 0.27389687500000004 0.42342500000000005 0.2778953125 0.435765625 0.2848921875 0.44620781249999997 0.2928890625 0.4500046875 0.29722031250000003 0.43481718750000004 0.301553125 0.4224765625
0 0.35986093750000003 0.4329171875 0.354196875 0.43101874999999995 0.3526421875 0.4368921875 0.3472 0.43481718750000004 0.3398703125 0.44241093749999993 0.3385375 0.467090625 0.3415359375 0.48797499999999994 0.3465328125 0.5012640625 0.35253125 0.499365625 0.358528125 0.49367031250000004 0.365859375 0.49177187499999997 0.368525 0.4746859375 0.3678578125 0.4575984375 0.365859375 0.4405125 0.35986093750000003 0.4329171875
0 0.8426375 0.5999875 0.8519671875 0.596190625 0.8576312500000001 0.580053125 0.8620828125 0.545165625 0.8543 0.5211984375000001 0.845303125 0.51075625 0.830309375 0.506959375 0.822646875 0.507909375 0.81265 0.5287921875 0.8106515625 0.5496765625 0.8103187500000001 0.570559375 0.8166484374999999 0.5857484375 0.8213140624999999 0.5942921875 0.8279781249999999 0.5990375 0.8333078125 0.6018859375 0.8426375 0.5999875
0 0.8213140624999999 0.59144375 0.8179812500000001 0.5829 0.8123171875 0.5667625000000001 0.8046546875 0.5696109375 0.79965625 0.5658140625 0.7933250000000001 0.570559375 0.7870921875 0.567959375 0.7836624999999999 0.5772046875 0.78133125 0.587646875 0.7763328125 0.603784375 0.7796640625 0.626565625 0.7816640625 0.6408046875 0.7876609375 0.650296875 0.7949921875 0.651246875 0.8043203125 0.6531453125 0.8186484374999999 0.6483984375 0.824978125 0.6170734375 0.8243124999999999 0.5999875 0.8213140624999999 0.59144375
0 0.7700015625 0.4984171875 0.772334375 0.516453125 0.7779984375 0.5363875 0.7883281249999999 0.5373359375 0.790090625 0.5366171875 0.7999890625 0.5382859375 0.8069859375 0.5382859375 0.8096515625 0.530690625 0.8149828125 0.5174015625 0.816315625 0.4860765625 0.8076531250000001 0.451903125 0.7973234375 0.44241093749999993 0.7896609375 0.4405125 0.7823296875 0.44810625000000004 0.76966875 0.46424374999999996 0.76866875 0.484178125 0.7700015625 0.4984171875
0 0.781996875 0.4490546875 0.7906593749999999 0.435765625 0.7956578125 0.41867968749999995 0.7960906249999999 0.3955765625 0.7923265625 0.3664703125 0.7826640625 0.35318125 0.7743328125 0.35602812500000003 0.7646703125000001 0.3588765625 0.7576734375 0.3740640625 0.7543421875 0.3826078125 0.75134375 0.39399843749999997 0.7523421875 0.41583125 0.756340625 0.4300703125 0.760671875 0.44525781249999996 0.7720015625000001 0.45570000000000005 0.781996875 0.4490546875
0 0.76659375 0.32861875 0.762671875 0.3066671875 0.758340625 0.291478125 0.7496765625 0.283884375 0.7363500000000001 0.29052968749999997 0.7253546875 0.3057171875 0.7173578125 0.34463750000000004 0.7193562499999999 0.359825 0.7303515625 0.3778609375 0.7420140625 0.3788109375 0.752009375 0.3740640625 0.76000625 0.3664703125 0.76659375 0.32861875
0 0.7506765625 0.4974671875 0.754675 0.4737359375 0.7543421875 0.45570000000000005 0.751009375 0.4386140625 0.746096875 0.42834374999999997 0.7356828125 0.41678125 0.7300187499999999 0.4148828125 0.7156921875 0.42342500000000005 0.71069375 0.4329171875 0.7050296875 0.4585484375 0.7073625 0.4860765625 0.712359375 0.4974671875 0.7200234375 0.5126546875 0.731684375 0.5145546875 0.7436796875 0.5022140625 0.7506765625 0.4974671875
0 0.762671875 0.596190625 0.769003125 0.5819515625 0.773 0.5648640625 0.7703359375 0.5354375 0.7666703125 0.524046875 0.7620953125 0.5123984375 0.7503437500000001 0.500315625 0.737015625 0.5088578125 0.7300187499999999 0.5259453125 0.7246875 0.540184375 0.7236875 0.5610671875000001 0.7270203125 0.5791031249999999 0.7330171875 0.59049375 0.7403484375 0.5980890624999999 0.74834375 0.6085296875 0.7570078125 0.6085296875 0.762671875 0.596190625
0 0.7630046875 0.6408046875 0.7580078125 0.627515625 0.751009375 0.610428125 0.737015625 0.6009359375 0.7280203125 0.603784375 0.7233546875 0.610428125 0.7146921875000001 0.6246671874999999 0.711359375 0.6417546875 0.7156921875 0.6692828125 0.7253546875 0.690165625 0.7350171875 0.7015578125 0.7436796875 0.707253125 0.7506765625 0.6968109375 0.7570078125 0.6844703125 0.7613390625 0.6692828125 0.7630046875 0.6408046875
0 0.7286859375 0.39494843749999997 0.7250203125 0.364571875 0.7180234375000001 0.35318125 0.71169375 0.34843437499999996 0.7076953125000001 0.34843437499999996 0.7033640625 0.3455859375 0.6986015625 0.34571406250000003 0.688703125 0.3550796875 0.6857046875 0.3664703125 0.6820390625 0.387353125 0.6830390625 0.404440625 0.6883703125 0.4215265625 0.695034375 0.435765625 0.7040296875000001 0.44241093749999993 0.7120265625 0.4300703125 0.717690625 0.4215265625 0.7256875 0.41393281249999997 0.7286859375 0.39494843749999997
0 0.7066953125000001 0.307615625 0.70103125 0.28768125 0.6986984374999999 0.2810375 0.694034375 0.2743921875 0.688703125 0.2696453125 0.68070625 0.2667984375 0.6723765625 0.2667984375 0.6633796875 0.276290625 0.6606062500000001 0.290153125 0.6563828125 0.3066671875 0.65605 0.3228046875 0.65605 0.33704375 0.659715625 0.3503328125 0.665046875 0.35602812500000003 0.67104375 0.35602812500000003 0.6793734375 0.35697812500000003 0.6830390625 0.35697812500000003 0.6890359375 0.35318125 0.6957 0.3465359375 0.7023640624999999 0.33609374999999997 0.7066953125000001 0.307615625
0 0.677040625 0.44715625000000003 0.6783734375 0.42437500000000006 0.6743750000000001 0.4082375 0.6703781249999999 0.3987453125 0.663771875 0.3927265625 0.6563828125 0.39305 0.6440546875 0.40064374999999997 0.636725 0.41583125 0.6363921875 0.4376640625 0.6370578124999999 0.4623453125 0.6407234374999999 0.483228125 0.6503859375000001 0.4860765625 0.657715625 0.48797499999999994 0.6693781249999999 0.48038125000000004 0.676375 0.4651921875 0.677040625 0.44715625000000003
0 0.7243546875 0.586696875 0.7210234375 0.5772046875 0.716690625 0.5667625000000001 0.7100265625 0.56011875 0.7060296875 0.556321875 0.695034375 0.556321875 0.687703125 0.5658140625 0.684103125 0.58220625 0.68170625 0.602834375 0.6837046875 0.6170734375 0.6873703124999999 0.636059375 0.694034375 0.6493484375 0.702696875 0.65504375 0.7083609375 0.650296875 0.7100265625 0.6379578125 0.71169375 0.6256171875 0.72035625 0.611378125 0.7260203125 0.6018859375 0.7243546875 0.586696875
0 0.6890359375 0.460446875 0.6827062500000001 0.4613953125 0.677375 0.46424374999999996 0.6700437499999999 0.4737359375 0.667378125 0.4889234375 0.665046875 0.506959375 0.6676046875 0.53376875 0.6733765625 0.5487265625 0.6813734375 0.5610671875000001 0.687703125 0.5610671875000001 0.6977 0.5544234375 0.7043625 0.5496765625 0.7093609375 0.539234375 0.713359375 0.5211984375000001 0.7110265625000001 0.5022140625 0.7063625 0.4813296875 0.70103125 0.4651921875 0.6890359375 0.460446875
0 0.6545140625 0.3379921875 0.6505156249999999 0.3266015625 0.638853125 0.31710937499999997 0.629190625 0.323753125 0.6226109375 0.32719375 0.616196875 0.34843437499999996 0.615196875 0.3588765625 0.615196875 0.37501406249999997 0.617196875 0.39494843749999997 0.62219375 0.40918593750000004 0.6331890625 0.41867968749999995 0.6401859375 0.40918593750000004 0.6501828125 0.3987453125 0.6551796875 0.38355625 0.6571796875 0.36172343749999997 0.6545140625 0.3379921875
0 0.627525 0.2696453125 0.61453125 0.2592046875 0.6081125000000001 0.26166093749999997 0.6035359375 0.261103125 0.5982046875 0.2781890625 0.59220625 0.28957968749999996 0.592540625 0.307615625 0.5968718749999999 0.332296875 0.60486875 0.34843437499999996 0.61253125 0.35602812500000003 0.6208609375 0.32755 0.63385625 0.3142609375 0.6348546875000001 0.2952765625 0.627525 0.2696453125
0 0.5996125 0.2231953125 0.5932062499999999 0.21269062500000002 0.5885421875 0.20889375000000002 0.5792125 0.205096875 0.5708828125000001 0.2155390625 0.56321875 0.231675 0.56221875 0.260153125 0.5638859375 0.2800875 0.570215625 0.2943265625 0.5882078125 0.296225 0.59520625 0.2753421875 0.6022031250000001 0.25825468749999997 0.5996125 0.2231953125
0 0.5822109375 0.29907343750000004 0.57055 0.297175 0.56321875 0.30381874999999997 0.558221875 0.324703125 0.557221875 0.35318125 0.561553125 0.36836875 0.567884375 0.3788109375 0.5725484375 0.3826078125 0.5788796875 0.3864046875 0.5838765625 0.3854546875 0.5892078125 0.380709375 0.5955390625 0.36741875 0.5985375000000001 0.3389421875 0.59220625 0.3218546875 0.586875 0.30287031249999996 0.5822109375 0.29907343750000004
0 0.5955390625 0.359825 0.5882078125 0.372165625 0.5855421875 0.3864046875 0.5848765625000001 0.3987453125 0.5848765625000001 0.412034375 0.5848765625000001 0.4224765625 0.5865421875 0.43386718750000003 0.5895406249999999 0.4386140625 0.5935390625 0.444309375 0.5998703125 0.44715625000000003 0.5986140625 0.44828906249999995 0.604534375 0.443359375 0.6121984375 0.444309375 0.6191953125 0.4376640625 0.6218609374999999 0.4262734375 0.62219375 0.41678125 0.6201953125 0.4082375 0.617196875 0.3987453125 0.61253125 0.38165781249999997 0.611865625 0.3693171875 0.6111984374999999 0.3579265625 0.6008703125 0.3550796875 0.5955390625 0.359825
0 0.6325234375 0.450953125 0.6308578125000001 0.435765625 0.6245265625 0.43101874999999995 0.617196875 0.436715625 0.6131984375 0.44241093749999993 0.608865625 0.4490546875 0.6056125 0.46823437500000004 0.60486875 0.49272031250000003 0.6085328125 0.5012640625 0.6128640625 0.51075625 0.6191953125 0.5126546875 0.624859375 0.5193 0.630190625 0.5193 0.6381875 0.5136046875 0.644184375 0.5022140625 0.6455171875 0.4898734375 0.6398531249999999 0.47278593750000003 0.6348546875000001 0.4623453125 0.6325234375 0.450953125
0 0.520903125 0.30476875 0.522903125 0.316159375 0.5285671875 0.324703125 0.5355640625 0.33134687500000004 0.5406203125 0.3343171875 0.548225 0.332296875 0.5548890625 0.3228046875 0.5578875 0.308565625 0.5585546875 0.2867328125 0.5558890625 0.2620515625 0.547559375 0.24686406249999998 0.5388953125 0.24686406249999998 0.5338984375 0.24591406249999997 0.5259015625 0.25350937500000004 0.5215703125 0.26395 0.5202375 0.28483437500000003 0.520903125 0.30476875
0 0.3970125 0.2079796875 0.3912765625 0.20707187500000002 0.383628125 0.21615156249999998 0.381078125 0.22613906250000002 0.3779375 0.2352828125 0.37884843749999997 0.2561 0.379803125 0.270628125 0.383309375 0.2851546875 0.3893640625 0.29605000000000004 0.39573749999999996 0.2951421875 0.40179375000000006 0.287878125 0.40784843750000005 0.28333906249999996 0.413265625 0.2660875 0.412946875 0.2415734375 0.4094421875 0.22250625 0.4033875 0.210703125 0.3970125 0.2079796875
0 0.4566078125 0.27970625 0.4550140625 0.2969578125 0.4540578125 0.3187484375 0.45756406250000003 0.3369078125 0.46489375 0.345078125 0.4763671875 0.3441703125 0.484971875 0.3405390625 0.48975156249999996 0.317840625 0.4903890625 0.29241875 0.484334375 0.27607499999999996 0.4766859375 0.2669953125 0.46903750000000005 0.2688125 0.4626625 0.270628125 0.4566078125 0.27970625
0 0.5053671875 0.23067812499999998 0.49995 0.23794218749999999 0.4932578125 0.2488375 0.4872015625 0.2633640625 0.48975156249999996 0.2715359375 0.4903890625 0.2869703125 0.49230156249999996 0.3060375 0.49899375 0.314209375 0.5047296875 0.3133 0.513334375 0.3105765625 0.5177968749999999 0.3087609375 0.5219390625 0.2860625 0.5203453125 0.25791718750000003 0.515884375 0.234309375 0.5053671875 0.23067812499999998
0 0.43334374999999997 0.3205640625 0.4387609375 0.3151171875 0.44297031249999996 0.2952375 0.44131093750000006 0.2751671875 0.43653125 0.254284375 0.42888125 0.25156093749999997 0.420278125 0.2488375 0.415815625 0.2533765625 0.4119921875 0.26245625 0.4100796875 0.280615625 0.4075296875 0.2969578125 0.413265625 0.32147187499999996 0.419640625 0.333275 0.4260140625 0.32873593749999996 0.43334374999999997 0.3205640625
0 0.380121875 0.3087609375 0.37745937500000004 0.315678125 0.3747046875 0.33418281250000004 0.3747046875 0.35325 0.380121875 0.36686874999999997 0.386815625 0.3777640625 0.39669374999999996 0.3777640625 0.40306875 0.3705015625 0.40976093750000003 0.34689375 0.40784843750000005 0.3241953125 0.4008375 0.3005890625 0.3884078125 0.294234375 0.380121875 0.3087609375
0 0.3944640625 0.4313328125 0.4008375 0.44404374999999996 0.4091234375 0.44404374999999996 0.417090625 0.4376875 0.4218703125 0.42497656250000004 0.4234640625 0.3995546875 0.419003125 0.378671875 0.4088046875 0.3623296875 0.4002 0.371409375 0.3915953125 0.3841203125 0.386815625 0.39864687499999996 0.3912765625 0.425884375 0.3944640625 0.4313328125
0 0.4237828125 0.45039999999999997 0.417090625 0.45766249999999997 0.4116734375 0.46946562500000005 0.40949843750000003 0.49145781250000004 0.4094421875 0.51123125 0.413265625 0.52848125 0.420278125 0.5348375 0.4282453125 0.52848125 0.43716718749999994 0.5257578125 0.44258593749999997 0.51123125 0.4429046875 0.495796875 0.44386093750000005 0.47945312500000004 0.4400359375 0.46311093750000004 0.43143125 0.449490625 0.4237828125 0.45039999999999997
0 0.448640625 0.5893140625 0.4451359375 0.5802343750000001 0.4400359375 0.5657078125 0.43244999999999995 0.562315625 0.42473906250000004 0.562984375 0.41868437500000005 0.573878125 0.41613437500000006 0.590221875 0.41613437500000006 0.6147359375 0.4212328125 0.6365265625000001 0.4279265625 0.6456062499999999 0.43685 0.6492375 0.44609062499999996 0.63925 0.45023437499999996 0.6292625000000001 0.450553125 0.6120125 0.448640625 0.5893140625
0 0.4776421875 0.7000828125 0.48210312499999997 0.6873703124999999 0.48082812500000005 0.66285625 0.47796093749999996 0.6428828125 0.4721390625 0.633171875 0.46680625 0.6229078125 0.4553328125 0.6210921875000001 0.448959375 0.6347109375 0.44800312499999995 0.6437906250000001 0.447046875 0.6565015625 0.445771875 0.6710281250000001 0.44927812500000003 0.6900953125 0.453421875 0.699175 0.462025 0.7118859375000001 0.4738171875 0.7064375 0.4776421875 0.7000828125
0 0.6765046875 0.5657078125 0.6752296875 0.5548124999999999 0.6720421875 0.546640625 0.6679 0.5421015625 0.664075 0.53120625 0.6637562499999999 0.519403125 0.6637562499999999 0.509415625 0.6634375 0.5030593750000001 0.6576734375 0.500996875 0.6526015625 0.5075999999999999 0.6424046875 0.5139546875 0.6357109375000001 0.529390625 0.63348125 0.5457328125 0.6366671875 0.570246875 0.6388984375 0.58840625 0.645590625 0.600209375 0.6561078124999999 0.602025 0.666625 0.59839375 0.6720421875 0.5874984375000001 0.6749109375 0.5775109375 0.6765046875 0.5657078125
0 0.66535 0.6792 0.6755484375 0.6692125 0.680646875 0.6637640625000001 0.6844718750000001 0.65286875 0.6857453125 0.6365265625000001 0.6825593750000001 0.6210921875000001 0.678096875 0.6065640625000001 0.6736359375000001 0.602025 0.66184375 0.600209375 0.6561078124999999 0.5993015625 0.650053125 0.6011171875 0.645590625 0.6047484375 0.6424046875 0.620184375 0.6404921875 0.6401578125 0.6404921875 0.6565015625 0.646865625 0.67284375 0.6589765625 0.68283125 0.66311875 0.6864625 0.66535 0.6792
0 0.6267890625 0.6483296875 0.6306125 0.637434375 0.6338 0.619275 0.635075 0.6129203125 0.63424375 0.59093125 0.6341187500000001 0.5920375 0.6287 0.5711546875 0.6185031249999999 0.55844375 0.6073484375 0.556628125 0.59874375 0.5693390625 0.5930078125 0.5874984375000001 0.5936453125 0.6183671875 0.598425 0.6446984375 0.6089421875000001 0.6501453125000001 0.6213703125000001 0.6546859375 0.6267890625 0.6483296875
0 0.5888640625 0.5684312499999999 0.59555625 0.5675234375 0.6025671874999999 0.556628125 0.6098984375 0.552996875 0.613721875 0.5520890625 0.6198984375000001 0.5486890625 0.6226453125 0.52848125 0.6220078124999999 0.523034375 0.617228125 0.5157703125 0.612765625 0.5121390625 0.6076671874999999 0.5003359374999999 0.6057546874999999 0.49034843749999996 0.5965125 0.489440625 0.5875890625 0.4967046875 0.5818531250000001 0.5148625 0.579940625 0.5402859375 0.5824906249999999 0.5638921875 0.5888640625 0.5684312499999999
0 0.5541265625 0.45403125 0.5550828125 0.48126875 0.5601828125 0.495796875 0.566875 0.5057828125 0.5754796875 0.5057828125 0.5778171875 0.5023593749999999 0.5824906249999999 0.4985203125 0.5863140625 0.4885328125 0.5923703125 0.4785453125 0.5933265624999999 0.46765 0.5917328125 0.452215625 0.5882265624999999 0.438596875 0.5824906249999999 0.4295171875 0.5796218750000001 0.422253125 0.5713359375 0.42316093749999995 0.56464375 0.422253125 0.5563578125 0.4313328125 0.5541265625 0.45403125
0 0.5719734375 0.3995546875 0.5710171875000001 0.3777640625 0.5620937500000001 0.3677765625 0.5573140624999999 0.35325 0.5531703125 0.3541578125 0.5472140624999999 0.3606453125 0.5407421875 0.3705015625 0.5369171875000001 0.38139531249999997 0.535325 0.3959234375 0.5346875 0.4177140625 0.5378734374999999 0.43224062500000004 0.5423359375000001 0.4404125 0.551259375 0.4413203125 0.5554015625 0.4349640625 0.56145625 0.42406875 0.566875 0.41862187500000003 0.5706984375 0.4158984375 0.5719734375 0.3995546875
0 0.49899375 0.32692031250000003 0.4974 0.3405390625 0.49644374999999996 0.351434375 0.5003515625 0.374271875 0.5050484375 0.385028125 0.515246875 0.3913828125 0.52799375 0.3859359375 0.5340499999999999 0.371409375 0.5362796875 0.347803125 0.5340499999999999 0.333275 0.5321374999999999 0.32873593749999996 0.5260828125 0.3133 0.519390625 0.307853125 0.511421875 0.30966875 0.50154375 0.3169328125 0.49899375 0.32692031250000003
0 0.49421406250000005 0.4785453125 0.49835624999999995 0.47672968750000005 0.4984390625 0.47101875 0.5050484375 0.4603859375 0.5104671875 0.4404125 0.5111046875 0.41317343749999996 0.5050484375 0.3913828125 0.496125 0.378671875 0.482421875 0.385028125 0.4760484375 0.395015625 0.4744546875 0.42043749999999996 0.47509218750000004 0.4449515625 0.480190625 0.4603859375 0.48688281250000004 0.47218906250000003 0.49421406250000005 0.4785453125
0 0.5251265625 0.5302984375 0.5315000000000001 0.5366531250000001 0.538925 0.5368796875 0.5442484375000001 0.5348375 0.552215625 0.5184953125 0.5563578125 0.499428125 0.5566765625000001 0.48126875 0.551259375 0.4567546875 0.5407421875 0.447675 0.5292687500000001 0.45312343750000006 0.5206640625000001 0.46311093750000004 0.5177968749999999 0.48671718750000004 0.5197078125 0.5039671875 0.5216203125 0.516678125 0.5251265625 0.5302984375
0 0.5560390625 0.6092890625 0.56528125 0.600209375 0.5735671875 0.5947609375 0.5764359375 0.5856828125 0.577709375 0.5775109375 0.578665625 0.562984375 0.5778171875 0.5446015625 0.5732484375 0.5366531250000001 0.5687875 0.529390625 0.5649625 0.52121875 0.5585890625000001 0.519403125 0.5528515625 0.523034375 0.546159375 0.529390625 0.5401046875 0.5402859375 0.5391484375 0.560259375 0.5391484375 0.58205 0.548390625 0.603840625 0.5560390625 0.6092890625
0 0.53181875 0.610196875 0.5308625 0.5947609375 0.5276765625000001 0.5756953125 0.5244890625 0.5675234375 0.5199578125000001 0.563678125 0.5111046875 0.560259375 0.5053671875 0.5666156250000001 0.50154375 0.5793265625 0.4967625 0.59839375 0.49835624999999995 0.6210921875000001 0.5034546875 0.6383421874999999 0.5101484375 0.653778125 0.5206640625000001 0.651053125 0.52895 0.637434375 0.5308625 0.6283546875 0.53181875 0.610196875
0 0.5085546875 0.556628125 0.5091921875 0.5411937499999999 0.5088734374999999 0.5257578125 0.5063234375000001 0.5148625 0.5037734375 0.5075999999999999 0.49987343749999996 0.496909375 0.49166406250000005 0.4985203125 0.484971875 0.50124375 0.47891562499999996 0.5039671875 0.47541093749999996 0.519403125 0.4747734375 0.5393765625 0.4766859375 0.5711546875 0.48624687499999997 0.576603125 0.49516875000000005 0.5802343750000001 0.4980375 0.5802343750000001 0.5056859375 0.5638921875 0.5085546875 0.556628125
0 0.4448171875 0.516678125 0.4435421875 0.544825 0.448640625 0.5557203125 0.45278437499999996 0.5648 0.458271875 0.565040625 0.4652125 0.5675234375 0.47062968749999995 0.5657078125 0.47509218750000004 0.556628125 0.4760484375 0.543009375 0.47509218750000004 0.5266656249999999 0.4744546875 0.51123125 0.46999375 0.50124375 0.46361875 0.4885328125 0.45565156250000005 0.49125625 0.452465625 0.4967046875 0.448321875 0.5021515625 0.4448171875 0.516678125
0 0.43302500000000005 0.392290625 0.4403546875 0.3959234375 0.44870937499999997 0.3933484375 0.45437656249999997 0.38139531249999997 0.45883906249999995 0.3641453125 0.45756406250000003 0.33963125 0.453421875 0.3205640625 0.44991562500000004 0.3151171875 0.4406734375 0.311484375 0.4374859375 0.31239218750000003 0.42697031250000006 0.325103125 0.42505781249999997 0.35325 0.4263328125 0.368684375 0.43047500000000005 0.3877515625 0.43302500000000005 0.392290625
0 0.5082359375000001 0.6501453125000001 0.5037734375 0.6401578125 0.498675 0.620184375 0.49357656250000004 0.620184375 0.48752031249999994 0.6229078125 0.48313750000000005 0.6399859375 0.48082812500000005 0.6546859375 0.481784375 0.6755671875 0.485609375 0.6882796875 0.4900703125 0.6937265625 0.49963125 0.7000828125 0.5056859375 0.699175 0.5117406250000001 0.6946343749999999 0.515246875 0.67284375 0.515565625 0.6610406249999999 0.513015625 0.6565015625 0.5082359375000001 0.6501453125000001
0 0.4907078125 0.77725625 0.5053671875 0.768178125 0.5075984375 0.7527421875 0.5075984375 0.7200562500000001 0.5037 0.7013046875 0.49835624999999995 0.700990625 0.49166406250000005 0.698265625 0.4881578125 0.6955421875 0.482421875 0.6900953125 0.480190625 0.699175 0.4738171875 0.7064375 0.46999375 0.7209640625 0.47254218750000004 0.7518343749999999 0.47796093749999996 0.7690859375 0.483059375 0.7763484375 0.4907078125 0.77725625
0 0.480509375 0.573878125 0.4747734375 0.562075 0.46840000000000004 0.560259375 0.46553125 0.5629828125 0.46234374999999994 0.573878125 0.4613890625 0.5893140625 0.4617078125 0.603840625 0.4639375 0.610196875 0.46553125 0.6129203125 0.47254218750000004 0.6165515625 0.47541093749999996 0.6210921875000001 0.481784375 0.6229078125 0.48624687499999997 0.6210921875000001 0.49293906249999997 0.6183671875 0.496125 0.6129203125 0.49644374999999996 0.59566875 0.496125 0.58568125 0.49166406250000005 0.5811421875 0.48401562499999995 0.5775109375 0.480509375 0.573878125
0 0.4447734375 0.41317343749999996 0.4431796875 0.4313328125 0.44254218749999996 0.4404125 0.4438171875 0.45312343750000006 0.44700468750000005 0.4649265625 0.45253437500000004 0.4642046875 0.45911406250000003 0.46765 0.4635765625 0.462203125 0.4667625 0.45403125 0.46771874999999996 0.45130781249999996 0.47154375000000004 0.4404125 0.4740921875 0.4295171875 0.4693125 0.412265625 0.4635765625 0.4004625 0.45911406250000003 0.392290625 0.45242187500000003 0.3877515625 0.44572968749999997 0.39864687499999996 0.4447734375 0.41317343749999996
0 0.48524687499999997 0.3777640625 0.49544531249999996 0.3759484375 0.49365781249999996 0.3674578125 0.4903453125 0.3541578125 0.486203125 0.34689375 0.47823593750000004 0.345078125 0.46644375 0.3523421875 0.46134531250000005 0.3695921875 0.46134531250000005 0.385028125 0.46389531249999993 0.3959234375 0.46963125000000006 0.40954218750000004 0.47377343749999995 0.4158984375 0.47600468749999997 0.4077265625 0.4801484375 0.3877515625 0.48524687499999997 0.3777640625
0 0.3752984375 0.267903125 0.36733125 0.2697203125 0.3612765625 0.28243125 0.3574515625 0.29968125 0.35881093750000004 0.319765625 0.3619140625 0.3369078125 0.3635078125 0.3441703125 0.36605625 0.3523421875 0.37211249999999996 0.3523421875 0.37434218750000003 0.34961875 0.37434218750000003 0.335090625 0.3752984375 0.3232875 0.383903125 0.304221875 0.386453125 0.28969374999999997 0.381990625 0.2769828125 0.3752984375 0.267903125
0 0.3571328125 0.32964375 0.350440625 0.3223796875 0.3415953125 0.326578125 0.3361 0.3387234375 0.33482500000000004 0.35960625 0.33355 0.37957968750000004 0.33514374999999996 0.3932 0.3440671875 0.39864687499999996 0.35171562500000003 0.39864687499999996 0.353946875 0.3841203125 0.35936406249999997 0.361421875 0.3628703125 0.35778906250000003 0.3635078125 0.351434375 0.3596828125 0.33599843749999997 0.3571328125 0.32964375
0 0.2659890625 0.301496875 0.27268125 0.30331406250000004 0.2774609375 0.3069453125 0.27799843750000003 0.29660156249999997 0.2771421875 0.280615625 0.27331875 0.2660875 0.26949375 0.2615484375 0.2621640625 0.2551921875 0.25770312500000003 0.26245625 0.254196875 0.267903125 0.251646875 0.280615625 0.252284375 0.3024046875 0.25451562499999997 0.31239218750000003 0.255471875 0.3187484375 0.26025156250000003 0.304221875 0.2659890625 0.301496875
0 0.3086921875 0.2860625 0.30996718749999996 0.2769828125 0.3039125 0.2697203125 0.2991328125 0.2733515625 0.29425625 0.2816125 0.290846875 0.3005890625 0.2914828125 0.3187484375 0.2943515625 0.3305515625 0.2978578125 0.3441703125 0.302 0.3559734375 0.30678125 0.3559734375 0.3121984375 0.347803125 0.3144296875 0.34144687500000004 0.3125171875 0.331459375 0.30901093749999997 0.316025 0.3086921875 0.301496875 0.3086921875 0.2860625
0 0.31315468750000003 0.34326249999999997 0.3086921875 0.347803125 0.3062109375 0.36882031249999997 0.3051875 0.3823046875 0.30996718749999996 0.4013703125 0.316021875 0.405003125 0.32048437500000004 0.3959234375 0.32653906250000003 0.3895671875 0.33227656250000004 0.3877515625 0.33418749999999997 0.3841203125 0.33355 0.3632375 0.3303640625 0.34689375 0.3259015625 0.34144687500000004 0.318571875 0.337815625 0.31315468750000003 0.34326249999999997