0 0.6801625 0.0513828125 0.714890625 0.0350703125 0.735509375 0.00163125 0.6384578125 0.0048937500000000005 0.6514046875 0.0309921875 0.6801625 0.0513828125
0 0.7572140625 0.14680625 0.780003125 0.18269375000000002 0.825040625 0.178615625 0.8440312499999999 0.14680625 0.8537984375000001 0.10357968749999999 0.83535 0.0424109375 0.788796875 0.0342546875 0.7658953125 0.0513828125 0.7507015625 0.096240625 0.7572140625 0.14680625
0 0.969375 0.14599062499999998 0.9943359375 0.16393437500000002 1 0.01141875 0.9818546874999999 0.018759375000000002 0.9568953125 0.0375171875 0.9471281250000001 0.09053125 0.9541812500000001 0.1247859375 0.969375 0.14599062499999998
0 0.9988374999999999 0.2707765625 0.9775140625000001 0.2764859375 0.9606937500000001 0.3066640625 0.9525546874999999 0.3547828125 0.961778125 0.39311562499999997 0.994878125 0.42737187499999996 0.9988374999999999 0.2707765625
0 0.8717046875 0.3082953125 0.8642390625 0.31889687499999997 0.869534375 0.34581249999999997 0.8689921875 0.3841453125 0.8630234375000001 0.40616562500000003 0.8890687500000001 0.4184 0.9178265624999999 0.40698125 0.9313921875 0.3613078125 0.92488125 0.32786875000000004 0.917284375 0.31155625 0.911315625 0.3082953125 0.8950374999999999 0.3074796875 0.8717046875 0.3082953125
0 0.8375203125 0.2079765625 0.842946875 0.259359375 0.873875 0.2903515625 0.9069750000000001 0.2960609375 0.9341046875 0.26914531249999996 0.9460421875 0.20308281250000002 0.9335625000000001 0.152515625 0.8961218750000001 0.1296796875 0.8588109375 0.14599062499999998 0.8472875 0.167196875 0.8375203125 0.2079765625
0 0.7582984374999999 0.3539671875 0.7648109375 0.40535 0.785971875 0.4387890625 0.819071875 0.4428671875 0.8494578125000001 0.42247812500000004 0.8581390624999999 0.3898546875 0.8619375 0.333578125 0.839690625 0.2976921875 0.7996515625 0.2887203125 0.774034375 0.3058484375 0.7582984374999999 0.3539671875
0 0.863565625 0.48527812499999995 0.8603093749999999 0.513009375 0.873875 0.5634484375000001 0.8977499999999999 0.5773125 0.9221671875 0.576496875 0.9471281250000001 0.5471359375 0.959065625 0.49004375 0.9379031250000001 0.44110781250000003 0.8924609374999999 0.4371578125 0.8706203125 0.45673281250000003 0.863565625 0.48527812499999995
0 0.9840249999999999 0.7167796875 0.9959625000000001 0.7151484375 0.9982953125 0.5544765625 0.9720875 0.5626328125 0.954725 0.5968875 0.9465859375000001 0.6458234375 0.9606937500000001 0.6857875 0.9840249999999999 0.7167796875
0 0.8684484375 0.736353125 0.866821875 0.7763171875 0.8814718750000001 0.808809375 0.9151140625 0.8267515624999999 0.9525546874999999 0.8039156249999999 0.9650343749999999 0.7639515625 0.9623203124999999 0.7174625 0.9422437499999999 0.6864703125 0.893546875 0.68741875 0.8776734375 0.7045453125 0.8684484375 0.736353125
0 0.997753125 0.8128875000000001 0.9753437500000001 0.8365390625 0.96015 0.8675312500000001 0.9574374999999999 0.9180984375 0.9823984375 0.96621875 0.9981328125 0.96785 0.997753125 0.8128875000000001
0 0.7610125 0.5910453125 0.7496171875 0.62366875 0.7512453125 0.6636328125000001 0.7653531250000001 0.6889171875 0.79085625 0.7109375 0.8223265625 0.7027812499999999 0.848371875 0.6636328125000001 0.8478296875 0.6049109374999999 0.833721875 0.5722859375 0.7930265624999999 0.5592374999999999 0.7784859375 0.5755484375 0.7610125 0.5910453125
0 0.7756624999999999 0.5543437499999999 0.8163578125000001 0.558421875 0.8342640625 0.55760625 0.8445734375 0.5437406250000001 0.8478296875 0.5054078125 0.8402328125 0.47849375 0.8277531249999999 0.45647187499999997 0.8087624999999999 0.45565625 0.7903125 0.45728749999999996 0.7828265625 0.4768625 0.7756624999999999 0.5543437499999999
0 0.6796203125 0.48909531250000005 0.6823328125 0.537215625 0.6986109375 0.5698390625 0.7306250000000001 0.5861515625 0.7691515625 0.5592374999999999 0.7767484375 0.529875 0.7762046875 0.4768625 0.756128125 0.44097656250000006 0.7117281249999999 0.44179218750000004 0.691015625 0.45647187499999997 0.6796203125 0.48909531250000005
0 0.7204125 0.3121125 0.684503125 0.32760781250000004 0.6769078125 0.3398421875 0.6807046875 0.40753593749999995 0.68884375 0.4214015625 0.715975 0.4320046875 0.7425625 0.4181390625 0.7523296875 0.38959375 0.7507015625 0.3561546875 0.74581875 0.33250156249999996 0.732796875 0.31455937500000003 0.7204125 0.3121125
0 0.5748953125 0.364309375 0.5765234375 0.41406093750000006 0.5971437500000001 0.454840625 0.6329546875000001 0.45891875000000004 0.6627984375 0.44016093749999996 0.6725656250000001 0.40590468749999997 0.6752796875 0.35860156249999997 0.6644265625 0.3235296875 0.60915 0.304771875 0.5900890624999999 0.321084375 0.5748953125 0.364309375
0 0.6047390625 0.52824375 0.6079953125 0.555975 0.6296999999999999 0.56086875 0.6530328125 0.5812578125 0.666596875 0.56413125 0.6747359375 0.5249828125 0.6693109374999999 0.48175625 0.6503187500000001 0.46544375000000004 0.6151203125 0.47196875 0.6052828124999999 0.48909531250000005 0.6047390625 0.52824375
0 0.5835781250000001 0.5739171875 0.5662140625000001 0.6089890625 0.556446875 0.647321875 0.5624156250000001 0.6872859375 0.5824921875 0.7109375 0.6058250000000001 0.72561875 0.63566875 0.713384375 0.657915625 0.6823921875 0.6644265625 0.622853125 0.6345828124999999 0.56739375 0.61240625 0.566578125 0.5835781250000001 0.5739171875
0 0.6801625 0.7500859375 0.6861312500000001 0.795759375 0.7165171875 0.8234890625 0.7496171875 0.8210421875 0.7707796874999999 0.8031 0.7827171875000001 0.7655828125 0.774034375 0.7044125 0.74208125 0.6742640625 0.7139 0.6881015625 0.6931859375 0.705228125 0.6801625 0.7500859375
0 0.6693703125 0.7745828125 0.674796875 0.71830625 0.666115625 0.6995484375000001 0.635728125 0.7166750000000001 0.6070921874999999 0.73625 0.6069703125 0.7656109375 0.627046875 0.792525 0.6606890625 0.794971875 0.6693703125 0.7745828125
0 0.5114703125 0.8023125 0.5396859375 0.8300421874999999 0.5744140625 0.8251484375 0.597203125 0.78763125 0.595575 0.7305406249999999 0.5608484375 0.6954703125 0.5262234375 0.6962859375 0.5093 0.720753125 0.4984484375 0.7615328124999999 0.5114703125 0.8023125
0 0.5695296875 0.8634828125 0.56030625 0.9124171875 0.5836375 0.956459375 0.61348125 0.967878125 0.6476656249999999 0.9589062500000001 0.6644875 0.9156796875 0.661775 0.8520640625 0.6313875 0.8161781250000001 0.6141484375 0.8178093750000001 0.5830953125 0.8308578125 0.5695296875 0.8634828125
0 0.75944375 0.900184375 0.7648703125 0.9385171874999999 0.7876609375 0.96216875 0.8169609375 0.971140625 0.8435499999999999 0.9540124999999999 0.859284375 0.9091546875000001 0.8511453124999999 0.8381984375 0.8028531250000001 0.819440625 0.7802265625 0.8381984375 0.76595625 0.8561421875 0.75944375 0.900184375
0 0.7482046875 0.9311765624999999 0.7209187499999999 0.9311765624999999 0.6959593749999999 0.9662468750000001 0.6932453125 0.9971546874999999 0.786575 0.9955234374999999 0.7724671875 0.96126875 0.7482046875 0.9311765624999999
0 0.39318125 0.8421921875 0.3807015625 0.88541875 0.38395625 0.9213046874999999 0.394809375 0.9490343749999999 0.4224828125 0.969425 0.4496125 0.970240625 0.46480625 0.9425109375 0.4740296875 0.8984687499999999 0.471859375 0.8658453125 0.45015625000000004 0.8364828125000001 0.4149625 0.8324046875000001 0.39318125 0.8421921875
0 0.284115625 0.9971546874999999 0.33675 1 0.3433203125 0.9335390625000001 0.3269828125 0.9074406249999999 0.2911703125 0.9139640625000001 0.275434375 0.9457734375 0.2792328125 0.989815625 0.284115625 0.9971546874999999
0 0.2472546875 0.9963390625 0.239621875 0.9604531250000001 0.21411875 0.9327234375 0.1886171875 0.9384328125 0.1707109375 0.94985 0.154975 0.9971546874999999 0.2472546875 0.9963390625
0 0.17288125000000001 0.9123328125000001 0.1576875 0.8511640625 0.1316421875 0.8307734375000001 0.10559687499999999 0.8324046875000001 0.0866515625 0.8519796875000001 0.0747140625 0.89520625 0.07525625 0.9310921875 0.092078125 0.96126875 0.134365625 0.9816593749999999 0.1625703125 0.9620843750000001 0.17288125000000001 0.9123328125000001
0 0.0020046875 0.8266953125000001 0.015026562500000002 0.8405609374999999 0.0416140625 0.8381140625000001 0.05572343749999999 0.8209875 0.0644046875 0.7965187499999999 0.0654890625 0.7598171875 0.056265625 0.724746875 0.03673125 0.71088125 0.018825 0.70761875 0.00255625 0.713328125 0.0020046875 0.8266953125000001
0 0.1712984375 0.7141437500000001 0.16044687500000002 0.7418750000000001 0.157190625 0.7793921874999999 0.1685859375 0.8144625 0.18649218750000002 0.8315890625 0.21850624999999999 0.8389296875 0.234784375 0.81935625 0.2472640625 0.7671578125 0.2374984375 0.7190375 0.21959218749999998 0.701909375 0.18763125 0.702725 0.1712984375 0.7141437500000001
0 0.32811406249999997 0.7084343750000001 0.315634375 0.6929390625 0.2912171875 0.6986484374999999 0.2695125 0.7320875 0.26896875 0.7622640625 0.2771078125 0.79325625 0.2912171875 0.8095687500000001 0.31400625 0.8103843749999999 0.32323124999999997 0.8046749999999999 0.32811406249999997 0.8022281250000001 0.324315625 0.7720515625 0.32757187499999996 0.72719375 0.32811406249999997 0.7084343750000001
0 0.3509953125 0.701909375 0.33516875 0.7190375 0.3297421875 0.7483984375 0.32811406249999997 0.791625 0.3416796875 0.821803125 0.36446875 0.8332203125 0.3937703125 0.8250640625000001 0.417103125 0.794071875 0.42252812500000003 0.7663421875 0.41764531250000003 0.731271875 0.3964828125 0.73371875 0.37640625 0.6986484374999999 0.3509953125 0.701909375
0 0.37532187499999997 0.6105640625000001 0.37260781249999997 0.6668390625 0.384003125 0.6953859375 0.3964828125 0.7222999999999999 0.42089999999999994 0.732903125 0.4458609375 0.73045625 0.463225 0.6953859375 0.4751625 0.642371875 0.46213906250000003 0.5991453124999999 0.4420625 0.5746781249999999 0.397671875 0.5860953125 0.37532187499999997 0.6105640625000001
0 0.5012078125 0.70435625 0.48016875 0.6921234375 0.44531875000000004 0.73371875 0.4366359375 0.7541078125 0.44531875000000004 0.79325625 0.46864999999999996 0.805490625 0.4903546875 0.7981499999999999 0.5001218749999999 0.785915625 0.49578125 0.7736828124999999 0.49523906249999994 0.7541078125 0.49686718750000003 0.7435046875 0.5001218749999999 0.7231156249999999 0.5012078125 0.70435625
0 0.4816734375 0.6334 0.49144062499999996 0.6668390625 0.5093468750000001 0.6815203125 0.520740625 0.6839671875 0.5402750000000001 0.6782578125 0.547871875 0.6660234375 0.5527562500000001 0.6342156250000001 0.55546875 0.5966984375 0.508390625 0.57223125 0.492525 0.5901734375000001 0.4816734375 0.6334
0 0.6070171875 0.9979703125 0.5967078124999999 0.970240625 0.5706609375 0.9490343749999999 0.5706609375 0.9400640625 0.5545234375 0.9253828125 0.532678125 0.9343546875 0.515315625 0.9620843750000001 0.5131453125000001 0.9922609375 0.6070171875 0.9979703125
0 0.36284062499999997 0.5918046875 0.3981109375 0.5779390624999999 0.41927343749999996 0.540421875 0.41384687500000006 0.4826703125 0.393228125 0.45167812500000004 0.35795781249999997 0.45249375000000003 0.339509375 0.467175 0.32594375000000003 0.49490468749999994 0.3226875 0.5397624999999999 0.327028125 0.5666765625 0.34556875 0.5812015625 0.36284062499999997 0.5918046875
0 0.2651703125 0.55444375 0.2700546875 0.5715703125 0.2852484375 0.5927765625 0.31129375000000004 0.598484375 0.3309140625 0.5862515625 0.330284375 0.5797265625 0.324315625 0.5723859375 0.3178046875 0.550365625 0.318346875 0.524265625 0.3226875 0.4900109375 0.319975 0.4891953125 0.3080375 0.48511718750000005 0.2895890625 0.4916421875 0.2749375 0.5038765625 0.2684265625 0.525896875 0.2651703125 0.55444375
0 0.1968578125 0.456571875 0.16532968750000002 0.464728125 0.14688125000000002 0.48511718750000005 0.1463390625 0.5185562499999999 0.142540625 0.550365625 0.15502031249999998 0.5797265625 0.1821515625 0.603378125 0.2060265625 0.603378125 0.2326140625 0.5846203125 0.23858281250000002 0.5634140624999999 0.23966875 0.517740625 0.24075312499999998 0.48593281250000003 0.1968578125 0.456571875
0 0.2190484375 0.37745937500000004 0.2217625 0.42557968749999997 0.23424218749999998 0.45086250000000005 0.25323281249999996 0.472884375 0.2923015625 0.4802234375 0.309665625 0.45575625000000003 0.327028125 0.40518906250000003 0.32594375000000003 0.361146875 0.2852484375 0.3311 0.2494359375 0.31805 0.2321359375 0.35054375000000004 0.2190484375 0.37745937500000004
0 0.3340828125 0.1761375 0.29400781249999997 0.178584375 0.27819375 0.183478125 0.2564890625 0.2112078125 0.2494359375 0.24790937500000002 0.2510625 0.2886890625 0.2602875 0.3123421875 0.28145 0.32620625 0.312378125 0.34415 0.3416796875 0.32620625 0.3612140625 0.2903203125 0.36284062499999997 0.260959375 0.3590421875 0.2136546875 0.3340828125 0.1761375
0 0.21476718749999998 0.109259375 0.205484375 0.1443296875 0.214165625 0.186740625 0.24129687500000002 0.2136546875 0.2554046875 0.2079453125 0.2695125 0.185109375 0.28796093749999996 0.172059375 0.30206875 0.168796875 0.30478125 0.1451453125 0.2961 0.10191874999999999 0.2695125 0.0719015625 0.2326140625 0.0767953125 0.21476718749999998 0.109259375
0 0.09479062499999999 0.0988171875 0.0926203125 0.143675 0.1078140625 0.1869015625 0.1474234375 0.220340625 0.1837796875 0.1966875 0.2033125 0.142859375 0.1892046875 0.0645625 0.16044687500000002 0.054775 0.1344421875 0.0580375 0.1137828125 0.067825 0.09479062499999999 0.0988171875
0 0.054659374999999996 0.1616171875 0.029676562499999996 0.16651093749999998 0.01014375 0.1934265625 0.00363125 0.2415453125 0.005803125 0.2855875 0.028592187499999998 0.31331875 0.0508390625 0.32065781250000003 0.07254374999999999 0.307609375 0.0866515625 0.28721874999999997 0.09641875 0.2643828125 0.09913125 0.207290625 0.0779703125 0.17140468749999999 0.054659374999999996 0.1616171875
0 0.1013015625 0.34675781250000004 0.098046875 0.386721875 0.10835625 0.42913281249999996 0.127346875 0.456046875 0.163159375 0.44462812500000004 0.1908328125 0.39732500000000004 0.18595 0.3492046875 0.17075625 0.31331875 0.14366874999999998 0.31005625000000003 0.11215468749999999 0.31984218750000004 0.1013015625 0.34675781250000004
0 0.07742656249999999 0.530265625 0.0795984375 0.5653374999999999 0.08719375 0.5759390625 0.10618593750000001 0.5685984375 0.1316890625 0.5694140625 0.1371140625 0.5718609375 0.13987031249999998 0.49519531250000004 0.1224640625 0.4854078125 0.0926203125 0.4894859375 0.07742656249999999 0.530265625
0 0.0063453125 0.6053015625 0.018282812500000002 0.6036703125 0.0416140625 0.5906203125 0.051925 0.556365625 0.0524671875 0.5180328125 0.04595625 0.49356406249999996 0.023709374999999998 0.475621875 0.0036421875 0.47072812500000005 0.0003765625 0.6036703125 0.0063453125 0.6053015625
0 0.0573734375 0.3369703125 0.039987499999999995 0.3549140625 0.0389015625 0.3940625 0.050296875 0.4381046875 0.07254374999999999 0.451153125 0.0942484375 0.44870625000000003 0.10347187499999999 0.446259375 0.0985890625 0.42097656250000004 0.0893640625 0.4005875 0.092078125 0.363884375 0.09641875 0.33370781250000003 0.09370625 0.32473593749999996 0.0573734375 0.3369703125
0 0.3411375 0.3451265625 0.33299687499999997 0.371225 0.33516875 0.4071109375 0.3476484375 0.42994843749999995 0.3650109375 0.446259375 0.3916 0.447075 0.397671875 0.3434953125 0.38508906249999997 0.3296296875 0.3595859375 0.3271828125 0.3411375 0.3451265625
0 0.425784375 0.31005625000000003 0.41601718749999994 0.32473593749999996 0.40190937499999996 0.35736093750000003 0.3997390625 0.4014015625 0.40679218749999996 0.4348421875 0.41493125 0.44870625000000003 0.4420625 0.46501875000000004 0.4784171875 0.451153125 0.5012078125 0.42097656250000004 0.5006640625000001 0.3744875 0.48927031249999997 0.3320765625 0.45888437499999996 0.3051625 0.425784375 0.31005625000000003
0 0.5344421875 0.31658125 0.5093468750000001 0.3312609375 0.503378125 0.360621875 0.5044625 0.4062953125 0.51694375 0.4258703125 0.53430625 0.4364734375 0.559809375 0.42994843749999995 0.5712046875000001 0.4152671875 0.5712046875000001 0.396509375 0.5712046875000001 0.362253125 0.574459375 0.3402328125 0.559809375 0.3190265625 0.5344421875 0.31658125
0 0.512059375 0.47969999999999996 0.5071765625 0.5212953125 0.5142296875000001 0.5677828125 0.54081875 0.5857265625 0.5695765625 0.5832796874999999 0.580971875 0.5677828125 0.5977921875 0.543315625 0.5945359375 0.483778125 0.5712046875000001 0.451153125 0.539190625 0.451153125 0.5257578125 0.460940625 0.512059375 0.47969999999999996
0 0.4545421875 0.47480625 0.4371796875 0.5000890625000001 0.43500937500000003 0.540053125 0.4426046875 0.562075 0.4659375 0.5840953125 0.49578125 0.5767546875 0.5022921874999999 0.564521875 0.5028359375 0.55391875 0.5002500000000001 0.4854078125 0.48275781249999994 0.46909687499999997 0.4545421875 0.47480625
0 0.440434375 0.2382828125 0.4512875 0.295375 0.4800453125 0.32065781250000003 0.5082609375 0.32065781250000003 0.5337640625 0.291296875 0.547871875 0.2415453125 0.5375625 0.1942421875 0.5082609375 0.1689578125 0.4790828125 0.1673265625 0.45996875 0.1860859375 0.440434375 0.2382828125
0 0.48492968750000004 0.13551875 0.46051093749999994 0.056406250000000005 0.411240625 0.059668750000000007 0.3861734375 0.0988171875 0.384003125 0.1550921875 0.41059062500000004 0.200765625 0.452371875 0.1926109375 0.48492968750000004 0.13551875
0 0.517075 0.0914765625 0.50175 0.1077890625 0.49523906249999994 0.144490625 0.49578125 0.1575390625 0.5223687499999999 0.16487968749999998 0.5413609375 0.1926109375 0.5500421875 0.20484375 0.559809375 0.19179531249999998 0.5641499999999999 0.1811921875 0.5592671874999999 0.1575390625 0.55818125 0.10534218749999999 0.550584375 0.0922921875 0.517075 0.0914765625
0 0.5712046875000001 0.0939234375 0.569034375 0.146121875 0.5874828125 0.1836390625 0.6216671875 0.19505625 0.6422859375 0.17629843750000002 0.652596875 0.1550921875 0.6634484375 0.136334375 0.6656187499999999 0.0947390625 0.6439140625 0.057221875 0.6124421875 0.045803125 0.5865453125 0.06700937500000001 0.5712046875000001 0.0939234375
0 0.62980625 0.2358359375 0.6433718749999999 0.27987812500000003 0.6601921875000001 0.2986375 0.6905796875 0.30679375000000003 0.720965625 0.292928125 0.73724375 0.2537796875 0.7323609375 0.1811921875 0.68949375 0.1502 0.676640625 0.1542765625 0.646084375 0.1779296875 0.62980625 0.2358359375
0 0.669959375 0.12899375 0.6721296875 0.144490625 0.7003453125 0.14775312499999999 0.7215078125 0.16651093749999998 0.7339875 0.1811921875 0.7405 0.1771140625 0.7442968750000001 0.1502 0.741584375 0.0971859375 0.71065625 0.0808734375 0.6884078125 0.0857671875 0.6793546874999999 0.10289531249999999 0.669959375 0.12899375
0 0.5746046875 0.21789375 0.558725 0.228496875 0.5527562500000001 0.2586734375 0.550584375 0.29048124999999997 0.5538406250000001 0.3051625 0.563065625 0.32065781250000003 0.5825984375 0.3231046875 0.59128125 0.31658125 0.6113578125 0.299453125 0.622753125 0.28721874999999997 0.622209375 0.2603046875 0.607559375 0.22605 0.5746046875 0.21789375
0 0.4426046875 0.2766171875 0.43512031249999994 0.22931249999999997 0.4084203125 0.22605 0.3937703125 0.23991406249999997 0.3861734375 0.2700921875 0.38563125 0.2986375 0.3937703125 0.312503125 0.4008234375 0.32473593749999996 0.4040796875 0.3271828125 0.4116765625 0.31658125 0.41927343749999996 0.310871875 0.4306671875 0.30353125 0.44531875000000004 0.3019 0.4426046875 0.2766171875
0 0.250046875 0.0017609375 0.2548609375 0.040909375 0.28850312499999997 0.070271875 0.31617656250000004 0.065378125 0.3465625 0.0123640625 0.3465625 0.0025765625 0.250046875 0.0017609375
0 0.51694375 0.040909375 0.5310515625 0.0237828125 0.5375625 0.0074703124999999995 0.5375625 0.0001296875 0.43892031249999997 0 0.4431484375 0.0172578125 0.45671249999999997 0.040909375 0.48601406249999995 0.049065625 0.51694375 0.040909375
0 0.32757187499999996 0.1143125 0.319975 0.1575390625 0.3237734375 0.1689578125 0.351446875 0.1860859375 0.35578750000000003 0.207290625 0.369353125 0.21544687499999998 0.3916 0.1942421875 0.380746875 0.15183125 0.37813281249999997 0.1020796875 0.35795781249999997 0.1012640625 0.32757187499999996 0.1143125
0 0.05789375 0.623940625 0.058978125000000006 0.6728765625 0.0687453125 0.704684375 0.1002171875 0.7283359375 0.139828125 0.725890625 0.154478125 0.698975 0.16804375 0.62965 0.14199843750000002 0.5945796875 0.1040484375 0.5881734375 0.0839390625 0.5946984375000001 0.05789375 0.623940625
0 0.351446875 0.686740625 0.368809375 0.6777703125000001 0.372065625 0.623125 0.36772499999999997 0.5994734375 0.3412265625 0.5913171875 0.3313703125 0.6068125 0.3248578125 0.6426999999999999 0.334625 0.6753234375 0.351446875 0.686740625
0 0.115409375 0.80255625 0.139828125 0.805003125 0.1599046875 0.800925 0.15284999999999999 0.7634078125 0.15610625 0.7340453124999999 0.15013749999999998 0.7299671875 0.11653125 0.7364921875 0.092078125 0.7422015625 0.099675 0.7846124999999999 0.115409375 0.80255625
0 0.9158109375000001 0.9214249999999999 0.8778874999999999 0.9591109375 0.8766328124999999 0.99114375 0.9819375000000001 0.99868125 0.9593718750000001 0.9364984375000001 0.935553125 0.9214249999999999 0.9158109375000001 0.9214249999999999