0 0.614865625 0.4644828125 0.5979734375 0.3877671875 0.550675 0.382084375 0.052365625000000006 0.6832671875 0.08108125000000001 0.7287296875 0.5456078125 0.5468828125 0.596284375 0.5639296875 0.614865625 0.4644828125
0 0.5540546875000001 0.5639296875 0.074325 0.74009375 0.0827703125 0.796921875 0.6266890625 0.723046875 0.66891875 0.6690609375000001 0.658784375 0.5667718749999999 0.603040625 0.55540625 0.5540546875000001 0.5639296875
0 0.6790546875000001 0.6974734375 0.635134375 0.7287296875 0.096284375 0.788396875 0.077703125 0.8196515625 0.63175625 0.8793203125 0.6824328125 0.8707968749999999 0.7128375 0.8139687500000001 0.7077703125 0.74861875 0.6790546875000001 0.6974734375
0 0.6486484375 0.3877671875 0.6570953125 0.29684374999999996 0.6114859375 0.240015625 0.0625 0.617915625 0.0641890625 0.6491703125 0.5929046875 0.3536703125 0.6165546875000001 0.3877671875 0.6486484375 0.3877671875
0 0.659375 0.17578125 0.096875 0.1828125
0 0.7421875 0.1984375 0.09375 0.178125
0 0.82265625 0.21875 0.0890625 0.165625
0 0.74324375 0.3565109375 0.7331078125 0.28547812499999997 0.7128375 0.26558906250000003 0.6875 0.26558906250000003 0.6706078125 0.2741125 0.66891875 0.3309390625 0.66891875 0.3678765625 0.6858109375 0.3877671875 0.7043921875 0.4161796875 0.7229734375 0.39344999999999997 0.74324375 0.3565109375
0 0.753378125 0.3565109375 0.75675625 0.41049687500000004 0.800675 0.42754531250000005 0.8209453124999999 0.3877671875 0.815878125 0.3195734375 0.7871625 0.2741125 0.75675625 0.29684374999999996 0.753378125 0.3565109375
0 0.8293921875000001 0.322415625 0.8293921875000001 0.3764015625 0.8479734375 0.433228125 0.863175 0.433228125 0.8699328124999999 0.44459375 0.8986484375 0.40765624999999994 0.885134375 0.32525624999999997 0.846284375 0.28547812499999997 0.8293921875000001 0.322415625
0 0.6959453124999999 0.4531171875 0.68074375 0.4161796875 0.6621625 0.41049687500000004 0.6385140625 0.42186250000000003 0.63175625 0.45595937500000006 0.6300671875 0.5014203125 0.640203125 0.5355171875 0.6570953125 0.5412 0.6790546875000001 0.5412 0.6959453124999999 0.5241515625 0.6959453124999999 0.4531171875
0 0.7635140625 0.5639296875 0.7956078125 0.5127859375 0.7702703125 0.42186250000000003 0.721284375 0.4303875 0.7128375 0.5127859375 0.7297296875 0.552565625 0.7635140625 0.5639296875
0 0.7956078125 0.532675 0.822634375 0.5696125000000001 0.8378375 0.5696125000000001 0.8581078124999999 0.5468828125 0.8581078124999999 0.47016562500000003 0.827703125 0.42186250000000003 0.7956078125 0.45595937500000006 0.7956078125 0.532675
0 0.8699328124999999 0.4644828125 0.871621875 0.521309375 0.8885140625 0.5639296875 0.9121625 0.5752953125 0.9324328124999999 0.529834375 0.925675 0.447434375 0.8885140625 0.4303875 0.8699328124999999 0.4644828125
0 0.74324375 0.60086875 0.7195953125 0.5696125000000001 0.690878125 0.5639296875 0.6706078125 0.5838203125 0.6706078125 0.617915625 0.6706078125 0.6520125 0.68074375 0.686109375 0.699325 0.691790625 0.7229734375 0.714521875 0.7483109375 0.663378125 0.74324375 0.60086875
0 0.7736484375 0.6946328125 0.7753375 0.6946328125 0.7922296875 0.737253125 0.790540625 0.723046875 0.8141890625 0.6946328125 0.827703125 0.654853125 0.8260140625 0.6122328125000001 0.8108109375 0.5752953125 0.79391875 0.5639296875 0.7736484375 0.5696125000000001 0.75675625 0.5980265625000001 0.75675625 0.6093921875 0.75675625 0.6434890625 0.75675625 0.6719015625 0.7635140625 0.686109375 0.7736484375 0.6946328125
0 0.84925 0.7127546875 0.8547296875000001 0.7173640625 0.8834453124999999 0.7031562499999999 0.9020265625 0.67474375 0.8986484375 0.6207578125000001 0.896959375 0.6122328125000001 0.8682437500000001 0.580978125 0.859796875 0.580978125 0.841215625 0.603709375 0.841215625 0.63780625 0.846284375 0.71168125 0.8479734375 0.714521875 0.84925 0.7127546875
0 0.8564187499999999 0.7457765625 0.841215625 0.7315703124999999 0.8074328124999999 0.7457765625 0.800675 0.78555625 0.802365625 0.8139687500000001 0.809121875 0.8310171875 0.8175671875000001 0.8679546874999999 0.8581078124999999 0.8651140625 0.8733109375 0.788396875 0.8564187499999999 0.7457765625
0 0.728040625 0.8509078125 0.746621875 0.8764796875 0.7804046875 0.8480656249999999 0.790540625 0.8367000000000001 0.790540625 0.78555625 0.790540625 0.7827140625 0.765203125 0.751459375 0.739865625 0.71168125 0.7297296875 0.7173640625 0.716215625 0.7997625 0.716215625 0.8139687500000001 0.7195953125 0.8196515625 0.7263515625 0.8367000000000001 0.728040625 0.8509078125