0 0.0340859375 0.270340625 0.0021625 0.270159375 0 0.2893984375 0.02393125 0.29448124999999997 0.0340859375 0.270340625
0 0.0747078125 0.2855875 0.0434328125 0.28285781249999997 0.03789375 0.305915625 0.065821875 0.30845781250000004 0.0747078125 0.2855875
0 0.11406093749999999 0.2843171875 0.084703125 0.2812703125 0.077246875 0.3021046875 0.1089828125 0.305915625 0.11406093749999999 0.2843171875
0 0.089940625 0.3071875 0.0647015625 0.3120625 0.0683609375 0.3300578125 0.09501875 0.324975 0.089940625 0.3071875
0 0.0518578125 0.3198921875 0.024384375 0.314603125 0.0163140625 0.3325984375 0.042971875 0.340221875 0.0518578125 0.3198921875
0 0.042971875 0.349115625 0.0116859375 0.3558734375 0.01250625 0.3719859375 0.02393125 0.366903125 0.036625000000000005 0.37706875 0.048049999999999995 0.3656328125 0.042971875 0.349115625
0 0.02393125 0.3745265625 0.0021625 0.38761875 0.018853125000000002 0.40883281250000003 0.0442421875 0.3910453125 0.02393125 0.3745265625
0 0.088175 0.3494078125 0.059318749999999996 0.34383906249999996 0.0558609375 0.3688125 0.0817125 0.3704296875 0.088175 0.3494078125
0 0.0671703125 0.43187968750000005 0.033056249999999995 0.4266671875 0.0316265625 0.45937031250000004 0.0639390625 0.457753125 0.0671703125 0.43187968750000005
0 0.10406875 0.43416249999999995 0.0754796875 0.43272656249999997 0.0687859375 0.4609875 0.09786875 0.4626046875 0.10406875 0.43416249999999995
0 0.096253125 0.39792031250000004 0.06739843749999999 0.3923234375 0.0623234375 0.41732500000000006 0.089790625 0.42217656249999996 0.096253125 0.39792031250000004
0 0.13948125 0.43594218749999997 0.10793124999999999 0.4349359375 0.10329531249999999 0.45891093749999995 0.134203125 0.4620046875 0.13948125 0.43594218749999997
0 0.1156578125 0.39239999999999997 0.09793437499999999 0.41275312499999994 0.121840625 0.42178750000000004 0.1380671875 0.4047734375 0.1156578125 0.39239999999999997
0 0.1063859375 0.37770468749999997 0.1056640625 0.389565625 0.1357484375 0.393171875 0.1357484375 0.3761578125 0.1063859375 0.37770468749999997
0 0.102765625 0.3296625 0.1009765625 0.3498625 0.12493125000000001 0.3506359375 0.128021875 0.333621875 0.102765625 0.3296625
0 0.11242812499999999 0.3228984375 0.1357484375 0.32279375 0.14115781249999998 0.3073265625 0.1156578125 0.306553125 0.11242812499999999 0.3228984375
0 0.15107500000000001 0.31806718749999996 0.17515624999999999 0.32124687500000004 0.18365625000000002 0.30500625000000003 0.1612484375 0.3011390625 0.15107500000000001 0.31806718749999996
0 0.1419546875 0.340765625 0.141825 0.353015625 0.1695203125 0.35383437500000003 0.1695203125 0.340765625 0.1419546875 0.340765625
0 0.1463609375 0.3756921875 0.17314687499999998 0.37706875 0.17314687499999998 0.35964375 0.14920781249999998 0.36036875 0.1463609375 0.3756921875
0 0.1472671875 0.40562343749999996 0.17895 0.40756249999999994 0.17895 0.38650625 0.15065937499999998 0.38650625 0.1472671875 0.40562343749999996
0 0.1463609375 0.45278906250000006 0.173871875 0.45475468750000003 0.174596875 0.4322484375 0.151384375 0.4322484375 0.1463609375 0.45278906250000006
0 0.19055625 0.3937671875 0.21449375 0.3937671875 0.21667031250000002 0.3734375 0.19128125 0.3727125 0.19055625 0.3937671875
0 0.180828125 0.3466671875 0.2057890625 0.3458484375 0.20869062500000002 0.327696875 0.1818515625 0.32987500000000003 0.180828125 0.3466671875
0 0.21521875000000001 0.35964375 0.18627031249999998 0.359365625 0.18475312500000002 0.37053437499999997 0.21521875000000001 0.3698078125 0.21521875000000001 0.35964375
0 0.1871765625 0.46185937499999996 0.21812031250000002 0.4649203125 0.21957187500000003 0.444590625 0.19200625 0.44313906249999996 0.1871765625 0.46185937499999996
0 0.20724062499999998 0.274696875 0.20724062499999998 0.292846875 0.2355296875 0.292846875 0.2355296875 0.27542187500000004 0.20724062499999998 0.274696875
0 0.20869062500000002 0.314628125 0.2348046875 0.314628125 0.2348046875 0.29792968750000004 0.2065140625 0.29865624999999996 0.20869062500000002 0.314628125
0 0.218015625 0.3394109375 0.2464109375 0.3393140625 0.2449609375 0.3197109375 0.21884687500000002 0.3197109375 0.218015625 0.3394109375
0 0.23797031249999998 0.3765984375 0.2703484375 0.37779375000000004 0.2696234375 0.3610953125 0.23988281250000001 0.36036875 0.23797031249999998 0.3765984375
0 0.2334359375 0.418321875 0.26019375 0.418453125 0.26019375 0.401028125 0.23262812500000002 0.4003015625 0.2334359375 0.418321875
0 0.231621875 0.46185937499999996 0.2587421875 0.46346718750000004 0.26164375 0.444590625 0.23190312500000002 0.4438640625 0.231621875 0.46185937499999996
0 0.2697171875 0.457325 0.2986390625 0.4569328125 0.300090625 0.43950781250000004 0.272525 0.43950781250000004 0.2697171875 0.457325
0 0.2697171875 0.40290312500000003 0.301540625 0.4046578125 0.3029921875 0.38650625 0.2739765625 0.38650625 0.2697171875 0.40290312500000003
0 0.254296875 0.3267125 0.279053125 0.326971875 0.2797796875 0.31027187500000003 0.255115625 0.31027187500000003 0.254296875 0.3267125
0 0.2697171875 0.29133749999999997 0.29791406249999997 0.292121875 0.2986390625 0.27397031250000003 0.271075 0.274696875 0.2697171875 0.29133749999999997
0 0.347965625 0.45548124999999995 0.31416093749999996 0.45188281249999995 0.3102453125 0.4772625 0.34216250000000004 0.48016718750000004 0.347965625 0.45548124999999995
0 0.3457890625 0.3872328125 0.3132546875 0.3874828125 0.311696875 0.40974062499999997 0.34071250000000003 0.4104671875 0.3457890625 0.3872328125
0 0.32330312499999997 0.35383437500000003 0.28785781250000003 0.3512015625 0.279053125 0.371259375 0.3037171875 0.37634218750000004 0.32330312499999997 0.35383437500000003
0 0.3760578125 0.4364828125 0.352040625 0.44946875000000003 0.3667859375 0.4666453125 0.388421875 0.453496875 0.3760578125 0.4364828125
0 0.3549390625 0.39053125 0.38996718750000003 0.393171875 0.38996718750000003 0.375384375 0.3613765625 0.372290625 0.3549390625 0.39053125
0 0.319190625 0.37024218750000004 0.344378125 0.384665625 0.356740625 0.36610312500000003 0.33665 0.35450312500000003 0.319190625 0.37024218750000004
0 0.3385140625 0.3460875 0.3606046875 0.35914375 0.37683125 0.3429015625 0.354421875 0.3313015625 0.3385140625 0.3460875
0 0.297934375 0.3441546875 0.32583281249999996 0.3444484375 0.3266046875 0.327434375 0.29724218750000003 0.3313015625 0.297934375 0.3441546875
0 0.29117187499999997 0.31516875 0.31810625 0.3158328125 0.318878125 0.295725 0.291834375 0.2980453125 0.29117187499999997 0.31516875
0 0.3278859375 0.31033750000000004 0.3582859375 0.309646875 0.3582859375 0.295725 0.32892343749999997 0.2949515625 0.3278859375 0.31033750000000004
0 0.37065000000000003 0.273296875 0.3423796875 0.2736234375 0.342059375 0.2887640625 0.37065000000000003 0.2895375 0.37065000000000003 0.273296875
0 0.3984171875 0.4523671875 0.429375 0.4527234375 0.429375 0.43106875 0.4000125 0.43106875 0.3984171875 0.4523671875
0 0.40035 0.3992265625 0.430146875 0.4001328125 0.430146875 0.37925156250000003 0.4023296875 0.380025 0.40035 0.3992265625
0 0.365240625 0.324340625 0.3830125 0.3374890625 0.400784375 0.32202031249999996 0.3837859375 0.309646875 0.365240625 0.324340625
0 0.40421562499999997 0.3238640625 0.4193296875 0.345221875 0.4417375 0.330528125 0.4255109375 0.3158328125 0.40421562499999997 0.3238640625
0 0.43030156249999996 0.356715625 0.4432828125 0.37770468749999997 0.4641453125 0.36069062500000004 0.4494640625 0.34599531250000004 0.43030156249999996 0.356715625
0 0.4672375 0.43416249999999995 0.4432828125 0.43570937499999995 0.4425109375 0.46045781249999995 0.44286250000000005 0.45719843750000005 0.46878281250000003 0.45736406250000006 0.4672375 0.43416249999999995
0 0.4834421875 0.437875 0.5159171875 0.44035 0.5174624999999999 0.42024062500000003 0.485009375 0.41792187500000005 0.4834421875 0.437875
0 0.45155781250000004 0.38763281250000003 0.4711 0.3978125 0.485009375 0.38079843750000003 0.46337343750000004 0.3684234375 0.45155781250000004 0.38763281250000003
0 0.47419062500000003 0.36765 0.4989171875 0.37074375000000004 0.512053125 0.3568234375 0.48578124999999994 0.3498625 0.47419062500000003 0.36765
0 0.47264531249999997 0.3088734375 0.4494640625 0.31660625 0.45873749999999996 0.3328484375 0.48269062500000004 0.324340625 0.47264531249999997 0.3088734375
0 0.48440781250000003 0.394396875 0.5066437500000001 0.4032265625 0.5220984375 0.387759375 0.5012359375 0.3761578125 0.48440781250000003 0.394396875
0 0.514359375 0.369275 0.538325 0.37770468749999997 0.549915625 0.3599171875 0.529825 0.3537296875 0.514359375 0.369275
0 0.4940703125 0.3383578125 0.518234375 0.33980781250000003 0.5220984375 0.3197 0.49737187499999996 0.3189265625 0.4940703125 0.3383578125
0 0.538325 0.3019125 0.512053125 0.300365625 0.512053125 0.31505937500000003 0.5390984375000001 0.318153125 0.538325 0.3019125
0 0.530784375 0.342221875 0.56150625 0.343675 0.562278125 0.3189265625 0.53214375 0.32279375 0.530784375 0.342221875
0 0.573096875 0.28721718749999997 0.551075 0.3016421875 0.5700062499999999 0.3158328125 0.5862328125 0.2995921875 0.573096875 0.28721718749999997
0 0.556871875 0.42145 0.57234375 0.438803125 0.596296875 0.42410781249999996 0.578525 0.40941406249999995 0.556871875 0.42145
0 0.5675 0.3992265625 0.5947515625 0.3985859375 0.5939796875 0.380025 0.5707984374999999 0.378478125 0.5675 0.3992265625
0 0.6071140625 0.3721734375 0.6380234375 0.372290625 0.6380234375 0.35140937499999997 0.6063421875 0.35295624999999997 0.6071140625 0.3721734375
0 0.5752296875 0.3171015625 0.587796875 0.332075 0.6117515625000001 0.3197 0.5978421875000001 0.3042328125 0.5752296875 0.3171015625
0 0.6086609375 0.2980453125 0.6125234374999999 0.31351249999999997 0.6387953125 0.309646875 0.6357046875 0.2934046875 0.6100125000000001 0.2958453125 0.6086609375 0.2980453125
0 0.63725 0.42565468749999996 0.6090453124999999 0.42338125 0.6094328124999999 0.4465375 0.63725 0.447309375 0.63725 0.42565468749999996
0 0.6467265624999999 0.3712078125 0.6727953125 0.37925156250000003 0.6797484375 0.3583703125 0.6534765625000001 0.35140937499999997 0.6467265624999999 0.3712078125
0 0.6254703125 0.33159375 0.6588859375 0.34058125 0.665840625 0.3197 0.6349328125 0.3142859375 0.6254703125 0.33159375
0 0.8064718750000001 0.44112343750000005 0.8311984375 0.44035 0.8311984375 0.4225609375 0.8095625 0.42333437500000004 0.8064718750000001 0.44112343750000005
0 0.9249875 0.45430000000000004 0.955603125 0.453496875 0.9540578125 0.427975 0.9254671875 0.4302953125 0.9249875 0.45430000000000004
0 0.88054375 0.44946875000000003 0.909240625 0.456590625 0.9131046875 0.4349359375 0.886059375 0.43106875 0.88054375 0.44946875000000003
0 0.8428625000000001 0.44463749999999996 0.87060625 0.44344374999999997 0.8698328125 0.42024062500000003 0.8404703124999999 0.42178750000000004 0.8428625000000001 0.44463749999999996
0 0.8351328125 0.38280156249999997 0.8613328125 0.38543906250000004 0.8613328125 0.36533125 0.8350609375 0.36533125 0.8351328125 0.38280156249999997
0 0.64769375 0.438840625 0.6766578125 0.441896875 0.6751125 0.42178750000000004 0.648840625 0.4210140625 0.64769375 0.438840625
0 0.713746875 0.4140546875 0.68979375 0.4140546875 0.6843843749999999 0.43184218750000003 0.685375 0.4301453125 0.7083390625 0.4302953125 0.713746875 0.4140546875
0 0.7162921875 0.42917812499999997 0.7431109375 0.438803125 0.7516093749999999 0.4210140625 0.7292015625 0.4101875 0.7162921875 0.42917812499999997
0 0.8544562499999999 0.3267640625 0.8814234375 0.32666093749999997 0.8821953125 0.3073265625 0.855925 0.3088734375 0.8544562499999999 0.3267640625
0 0.8718484375 0.37603906249999997 0.8876046875 0.38930625 0.90383125 0.37693125 0.8868328125 0.36146406249999996 0.8718484375 0.37603906249999997
0 0.9571484375000001 0.3599171875 0.92933125 0.35450312500000003 0.9277859375 0.37074375000000004 0.9269203125000001 0.3721734375 0.9563750000000001 0.375384375 0.9571484375000001 0.3599171875
0 0.896003125 0.40115937500000004 0.9223765625 0.41328125 0.9347390624999999 0.3939453125 0.9115593750000001 0.38311875 0.896003125 0.40115937500000004
0 0.9423796875000001 0.40405781249999995 0.974146875 0.404 0.9718296875 0.3838921875 0.94169375 0.38543906250000004 0.9423796875000001 0.40405781249999995
0 0.7415640625 0.3506359375 0.7152937500000001 0.3382625 0.6975203125 0.35450312500000003 0.697934375 0.3557484375 0.72765625 0.3699703125 0.7415640625 0.3506359375
0 0.66605 0.3393234375 0.692884375 0.348315625 0.7021578125 0.330528125 0.6766578125 0.32124687500000004 0.66605 0.3393234375
0 0.72981875 0.40502343749999997 0.7570187500000001 0.414828125 0.7577921875 0.4001328125 0.736928125 0.3916265625 0.72981875 0.40502343749999997
0 0.7646015625 0.42048281249999997 0.7987437500000001 0.42024062500000003 0.79488125 0.39549218750000004 0.76551875 0.3970390625 0.7646015625 0.42048281249999997
0 0.821925 0.37693125 0.79488125 0.3668765625 0.783290625 0.384665625 0.782959375 0.38473437499999996 0.810334375 0.3970390625 0.821925 0.37693125
0 0.7481765625000001 0.373140625 0.7817453125 0.37151718749999996 0.7786546875 0.35450312500000003 0.74851875 0.3552765625 0.7481765625000001 0.373140625
0 0.728853125 0.3393234375 0.7585640625 0.34058125 0.7585640625 0.3235671875 0.7292015625 0.32279375 0.728853125 0.3393234375
0 0.6505921875 0.31033750000000004 0.6766578125 0.309646875 0.6766578125 0.2918578125 0.64806875 0.2918578125 0.6505921875 0.31033750000000004
0 0.686703125 0.30500625000000003 0.7160656249999999 0.31660625 0.7261109375 0.3019125 0.699065625 0.291084375 0.686703125 0.30500625000000003
0 0.7647453125 0.3011390625 0.7384734374999999 0.2995921875 0.7353828124999999 0.3142859375 0.73465 0.3161359375 0.766290625 0.3173796875 0.7647453125 0.3011390625
0 0.7716999999999999 0.2895375 0.8010624999999999 0.2887640625 0.8018359374999999 0.26865625 0.7716999999999999 0.2694296875 0.7716999999999999 0.2895375
0 0.8852874999999999 0.282578125 0.8554234375 0.2794203125 0.8497421875000001 0.300365625 0.8806499999999999 0.303459375 0.8852874999999999 0.282578125
0 0.8466515625 0.3042328125 0.8158093750000001 0.2958453125 0.8080171875 0.3127390625 0.8420156249999999 0.32202031249999996 0.8466515625 0.3042328125
0 0.8051812500000001 0.3547828125 0.8373796875 0.3568234375 0.8381515625 0.3382625 0.8072437499999999 0.33516875 0.8051812500000001 0.3547828125
0 0.7655671875000001 0.34125625 0.7971984375 0.3444484375 0.7995171875 0.32666093749999997 0.7716999999999999 0.3251140625 0.7655671875000001 0.34125625
0 0.9239218749999999 0.2779375 0.897934375 0.281353125 0.9046046875 0.2995921875 0.932421875 0.2964984375 0.9239218749999999 0.2779375
0 0.9664203125 0.300365625 0.9414125 0.30260937499999996 0.94169375 0.32124687500000004 0.9664203125 0.3204734375 0.9664203125 0.300365625
0 0.9942375 0.339034375 0.9655671874999999 0.33642500000000003 0.9641015625 0.35605000000000003 0.9911468749999999 0.3583703125 0.9942375 0.339034375
0 0.9950109375 0.3746109375 0.9655671874999999 0.3721734375 0.9641015625 0.384665625 0.9950109375 0.3838921875 0.9950109375 0.3746109375
0 1 0.41328125 0.970284375 0.411734375 0.97105625 0.43184218750000003 1 0.43184218750000003 1 0.41328125
0 1 0.393171875 0.9818749999999999 0.39085312499999997 0.9818749999999999 0.4032265625 1 0.408640625 1 0.393171875
0 0.9270125 0.3026859375 0.903059375 0.3073265625 0.9084671875 0.324340625 0.9301031249999999 0.32202031249999996 0.9270125 0.3026859375
0 0.25939999999999996 0.35295624999999997 0.27871718749999996 0.3537296875 0.2841265625 0.3429015625 0.2864453125 0.33980781250000003 0.2570828125 0.34135468750000003 0.25939999999999996 0.35295624999999997
0 0.400675 0.35546875 0.3841359375 0.3657609375 0.3967265625 0.3765515625 0.40989062499999995 0.3699625 0.400675 0.35546875
0 0.7956578125 0.298271875 0.7771796875 0.30012812499999997 0.774546875 0.31330468749999996 0.792978125 0.3119875 0.7956578125 0.298271875