0 0.241690625 0.7967359375 0.20830156249999998 0.8015375 0.1862640625 0.8284296875000001 0.173709375 0.8614546875 0.1715734375 0.9004578125 0.1822578125 0.9225468749999999 0.202959375 0.942715625 0.22900312500000003 0.945596875 0.252375 0.9465578125 0.281090625 0.9206265625000001 0.28776875 0.88413125 0.28843593749999996 0.8553203125 0.2777515625 0.8226671874999999 0.261725 0.8082609375 0.241690625 0.7967359375
0 0.16623749999999998 0.045331250000000003 0.164215625 0.0765859375 0.17078593749999998 0.1042078125 0.181521875 0.1261796875 0.194034375 0.14273125 0.22183125 0.1456390625 0.2435640625 0.1456390625 0.26327500000000004 0.12819375 0.27490000000000003 0.1078421875 0.28399687500000004 0.0729515625 0.2784375 0.0460578125 0.2668140625 0.019890625000000002 0.2491234375 0.0024453125 0.1874640625 0.0024453125 0.17432343749999998 0.023524999999999997 0.16623749999999998 0.045331250000000003
0 0.07475781249999999 0.022071874999999998 0.06414375 0.0031718749999999998 0 0 0.001978125 0.1078421875 0.017140625 0.10566093750000001 0.038873437500000003 0.1005734375 0.052603124999999994 0.084725 0.06768125 0.0605953125 0.073240625 0.0351546875 0.07475781249999999 0.022071874999999998
0 0.07020937499999999 0.1957921875 0.0681875 0.1630828125 0.058584375 0.13328125 0.0488109375 0.120725 0.0373578125 0.1158375 0.0312921875 0.11365624999999999 0.020678125 0.11292968750000001 0.001978125 0.110021875 0 0.25103437500000003 0.011076562500000001 0.2553953125 0.027754687500000003 0.25103437500000003 0.04544375 0.24521874999999999 0.0565625 0.22995468749999998 0.06717656250000001 0.21323750000000002 0.07020937499999999 0.1957921875
0 0.2511453125 0.169625 0.23092968749999998 0.1521796875 0.1945390625 0.146365625 0.1813984375 0.15290781250000002 0.1632046875 0.1747125 0.156496875 0.202540625 0.15461249999999999 0.2161453125 0.1616875 0.24013125 0.169775 0.25466875 0.18038749999999998 0.2713859375 0.1985828125 0.2830171875 0.22082031249999998 0.28374375 0.24053125 0.27065937500000004 0.2516515625 0.25103437500000003 0.25872656250000003 0.2212328125 0.25923281249999997 0.197246875 0.2511453125 0.169625
0 0.163709375 0.2895578125 0.1687640625 0.2641171875 0.16017187500000002 0.23795000000000002 0.1475359375 0.21396406250000002 0.1343953125 0.19797343750000002 0.111146875 0.189978125 0.08688749999999999 0.1921578125 0.0745953125 0.202540625 0.05706875 0.23358906250000003 0.0444328125 0.256121875 0.0444328125 0.28374375 0.0479703125 0.30555 0.0651546875 0.33825781250000003 0.08183281249999999 0.35279531249999996 0.1045765625 0.3600640625 0.12782500000000002 0.35425 0.14551562499999998 0.33825781250000003 0.15865625 0.3135453125 0.163709375 0.2895578125
0 0.1571390625 0.40675937500000003 0.13945000000000002 0.3805921875 0.13035312500000001 0.3711421875 0.11215781250000001 0.3646015625 0.095984375 0.3646015625 0.081328125 0.365328125 0.07172500000000001 0.37332343749999997 0.06060624999999999 0.3893140625 0.05184375 0.407628125 0.046959375 0.43365312500000003 0.0484765625 0.45255156249999995 0.0540359375 0.469996875 0.061617187500000004 0.489621875 0.0788015625 0.506340625 0.09952187500000001 0.5099750000000001 0.11569531250000001 0.5136093749999999 0.13035312500000001 0.5019796875 0.14551562499999998 0.48453437499999996 0.15865625 0.45909374999999997 0.16017187500000002 0.43074531250000003 0.1571390625 0.40675937500000003
0 0.2329515625 0.5994671874999999 0.2081859375 0.5921984375 0.1920125 0.5980140625 0.1652265625 0.60964375 0.1551171875 0.62926875 0.1480421875 0.6554359375 0.1451203125 0.6738046875 0.14551562499999998 0.693959375 0.15461249999999999 0.7215812500000001 0.1667421875 0.735390625 0.18695781250000001 0.7441140625 0.2036375 0.7477484375000001 0.22031562500000001 0.7448406249999999 0.24103750000000002 0.7259421875000001 0.2546828125 0.69759375 0.261253125 0.66343125 0.2516515625 0.6270875 0.2329515625 0.5994671874999999
0 0.0292703125 0.7244875000000001 0.04046875 0.721803125 0.0535296875 0.7128578125 0.06616562499999999 0.696140625 0.0782953125 0.672153125 0.08284375000000001 0.6408984375 0.073240625 0.6089156250000001 0.06212187500000001 0.5849296875000001 0.043928125 0.56603125 0.0166359375 0.56603125 0.0014734375 0.574753125 0.0034953125 0.723034375 0.01158125 0.7273953125 0.0292703125 0.7244875000000001
0 0.3497 0.3980375 0.3340328125 0.3769578125 0.3042140625 0.3587859375 0.280965625 0.35805937499999996 0.261759375 0.37332343749999997 0.24558593750000002 0.39149531249999997 0.23839843749999998 0.4163546875 0.2385109375 0.44164843749999994 0.24154218749999998 0.4765390625 0.257715625 0.5070671875 0.276415625 0.523784375 0.3016859375 0.5266921875 0.3173546875 0.5230578125 0.3345390625 0.511428125 0.3527328125 0.48816875 0.3587984375 0.45836718750000005 0.35778750000000004 0.42783906250000003 0.3497 0.3980375
0 0.16623749999999998 0.9484515625000001 0.1738171875 0.9404562500000001 0.1758390625 0.9230109375 0.17078593749999998 0.9041124999999999 0.1652265625 0.8881203125000001 0.1682578125 0.8684953125 0.1663546875 0.8494359375 0.152590625 0.8401484375000001 0.1343953125 0.8336062500000001 0.11266406250000001 0.8379671875 0.0929515625 0.8546859375 0.08183281249999999 0.880853125 0.0838546875 0.9026578125 0.08183281249999999 0.928825 0.088403125 0.9426359375000001 0.0934578125 0.9484515625000001 0.10103906250000001 0.95063125 0.1475359375 0.95063125 0.16623749999999998 0.9484515625000001
0 0.45533124999999997 0.1929734375 0.436125 0.1638984375 0.415909375 0.1435453125 0.393165625 0.1362765625 0.378003125 0.14281875 0.3567765625 0.1580828125 0.348184375 0.17552812499999998 0.3392578125 0.19926875 0.3360546875 0.216959375 0.33757031249999997 0.23731093749999999 0.3431296875 0.2627515625 0.351721875 0.2903734375 0.3678953125 0.3078171875 0.38406875 0.31217968749999997 0.40630625 0.31290625 0.42197500000000004 0.3027296875 0.436125 0.2809234375 0.44825625 0.2554828125 0.453815625 0.2235015625 0.45533124999999997 0.1929734375
0 0.5377125 0.47363125000000006 0.5407453125 0.4380140625 0.53468125 0.42202343750000004 0.5169921875 0.3951296875 0.495259375 0.38567968750000003 0.47605312499999997 0.3842265625 0.45149375 0.3999921875 0.43915781249999997 0.41984374999999996 0.4320828125 0.44673749999999995 0.42955468750000003 0.46927031250000006 0.4341046875 0.5019796875 0.438653125 0.5179703124999999 0.44623437499999996 0.5339609375000001 0.46442812499999997 0.5492250000000001 0.483128125 0.5492250000000001 0.50385 0.5383218750000001 0.5220453125 0.525965625 0.5326593749999999 0.50270625 0.5377125 0.47363125000000006
0 0.3982203125 0.0628640625 0.40984375 0.07958125 0.42191875 0.09017968750000001 0.4376421875 0.09993437499999999 0.46645000000000003 0.1006609375 0.48211875 0.0970265625 0.494753125 0.0817625 0.5028406249999999 0.063590625 0.5073890624999999 0.04033125 0.5084 0.0177984375 0.5068828125 0 0.3961984375 0.0025328125 0.393671875 0.0192515625 0.3941765625 0.0410578125 0.3982203125 0.0628640625
0 0.25417812500000003 0.51515 0.242553125 0.5362296875 0.2359828125 0.5725734375 0.2380046875 0.598740625 0.2435640625 0.6176390625 0.2567046875 0.6394453125 0.2647921875 0.6532546875 0.289965625 0.6618046875 0.30825625 0.6590703125 0.32998906250000004 0.641625 0.3451515625 0.6140046875 0.3476796875 0.591471875 0.35425 0.5616703125 0.3486890625 0.545678125 0.3345390625 0.52241875 0.318365625 0.5275078125 0.2986546875 0.5289609375000001 0.27894375 0.528234375 0.2622640625 0.5216921875 0.25417812500000003 0.51515
0 0.24053125 0.296246875 0.24861875000000003 0.3224140625 0.2572109375 0.33549687499999997 0.269340625 0.3507609375 0.28955625 0.35221562500000003 0.31280625 0.34858125 0.32796875000000003 0.3275015625 0.3390875 0.2969734375 0.3431296875 0.279528125 0.3380765625 0.24681875 0.33049531249999997 0.230828125 0.3153328125 0.219925 0.28248125 0.21483750000000001 0.2668140625 0.22137968749999998 0.2562 0.235915625 0.2516515625 0.25118125 0.24002656249999998 0.2751671875 0.24053125 0.296246875
0 0.156128125 0.7542609375 0.1606765625 0.73826875 0.1480421875 0.7128296875 0.14349375 0.6975640624999999 0.1445046875 0.6641296875 0.13186875 0.6539531249999999 0.1162015625 0.6452296875 0.0990171875 0.6524984375 0.0859703125 0.65853125 0.0762734375 0.6895687500000001 0.0611109375 0.7070140625 0.051509375 0.7208249999999999 0.053025 0.74263125 0.0565625 0.7615296875 0.0691984375 0.785515625 0.0939625 0.8022343749999999 0.1045765625 0.8015062500000001 0.1288359375 0.79133125 0.1475359375 0.7753390625 0.156128125 0.7542609375
0 0.1419765625 0.3493953125 0.145009375 0.3748359375 0.15107500000000001 0.395915625 0.169775 0.42208281249999996 0.1874640625 0.42862343750000004 0.21222968749999999 0.42353593749999996 0.2359828125 0.39228125 0.24154218749999998 0.38283125 0.2476078125 0.3493953125 0.242553125 0.318140625 0.231940625 0.3006953125 0.21172343749999997 0.2861578125 0.18796875 0.27961562500000003 0.1682578125 0.2876125 0.159665625 0.3130515625 0.1530953125 0.3348578125 0.1419765625 0.3493953125
0 0.06616562499999999 0.5311125 0.061617187500000004 0.563821875 0.0631328125 0.590715625 0.07122031250000001 0.6008921875000001 0.08284375000000001 0.6183359375 0.096490625 0.6328734375 0.11721250000000001 0.63578125 0.13298749999999998 0.63235 0.14349375 0.6219703125 0.1576453125 0.6001640625 0.16926875 0.57763125 0.171290625 0.5507375 0.17078593749999998 0.5289312500000001 0.1591609375 0.5020374999999999 0.14703125 0.4889546875 0.12833125 0.5093062500000001 0.10154375 0.5216624999999999 0.088909375 0.5173015624999999 0.073746875 0.5085796874999999 0.06616562499999999 0.5311125
0 0.05049843750000001 0.47505625 0.04544375 0.46560625 0.043928125 0.4488890625 0.0449390625 0.43653125 0.03836875 0.4321703125 0.0252265625 0.427809375 0.013603124999999999 0.42853593749999996 0.0025515625 0.42726406250000004 0 0.5659140625 0.013096875 0.5659140625 0.027754687500000003 0.5644609375 0.0459484375 0.559371875 0.0580796875 0.54846875 0.0636390625 0.534659375 0.07020937499999999 0.523028125 0.073746875 0.5121265625 0.0707140625 0.5077640625 0.05706875 0.4954078125 0.05049843750000001 0.47505625
0 0.3684796875 0.5936921875000001 0.34756718750000004 0.6198109374999999 0.3360109375 0.6443453124999999 0.3388453125 0.672690625 0.3415140625 0.7076609375 0.35417031250000003 0.7290296875 0.38058593749999997 0.743275 0.40149687500000003 0.7393171875 0.42185937500000004 0.7290296875 0.43836875 0.6981625 0.44497187499999996 0.6657140625 0.44497187499999996 0.63405625 0.43011406250000006 0.5984406250000001 0.4147046875 0.5865703124999999 0.39379375 0.5841953125 0.3684796875 0.5936921875000001
0 0.5236671875 0.8057984375 0.512109375 0.8034250000000001 0.490096875 0.7955109375 0.46313281249999994 0.810546875 0.4486671875 0.8282921875 0.4361671875 0.842271875 0.43451562499999996 0.89055 0.44387187499999997 0.9229984375000001 0.45817968750000004 0.938828125 0.477990625 0.9459500000000001 0.50660625 0.9427843749999999 0.5291703125 0.9237234375 0.538525 0.903146875 0.544028125 0.8627828125000001 0.538525 0.8295421875000001 0.5236671875 0.8057984375
0 0.47689062499999996 0.648346875 0.46203125 0.6602187500000001 0.45775 0.671503125 0.45267656250000005 0.6982078125 0.45432656250000003 0.7417374999999999 0.46863593750000004 0.7654796875 0.49725156249999997 0.784475 0.5253171875 0.77814375 0.5478796874999999 0.7583578125 0.556684375 0.7164109375 0.5588859375 0.6768390625 0.544028125 0.64280625 0.5143109375 0.6261859375000001 0.500003125 0.630934375 0.47689062499999996 0.648346875
0 0.6051124999999999 0.4883796875 0.5792484375 0.4883796875 0.5605375 0.5002515625 0.5473296875 0.519246875 0.5394953124999999 0.5325296875000001 0.5346734375 0.5540703125 0.5341218750000001 0.5817703125 0.538525 0.6078875 0.55063125 0.6300484375 0.5759453125 0.6419203125 0.59465625 0.6347968749999999 0.610615625 0.6316312500000001 0.626575 0.6102624999999999 0.6419828125 0.5722734375 0.63868125 0.525578125 0.6238234375 0.49629375 0.6051124999999999 0.4883796875
0 0.611715625 0.1439125 0.5820000000000001 0.144703125 0.5627390625 0.15578281249999998 0.54898125 0.1676546875 0.5412765625 0.19060625 0.5361921875 0.20707343749999998 0.5363234375 0.23492812500000002 0.539625 0.26104531249999996 0.5478796874999999 0.28557968749999996 0.5632890625 0.2974515625 0.57319375 0.3037828125 0.589703125 0.3093234375 0.6144671875000001 0.3037828125 0.63868125 0.271334375 0.6491374999999999 0.2341359375 0.6458359375 0.196146875 0.6331781249999999 0.16290625 0.611715625 0.1439125
0 0.731684375 0.37115156250000003 0.7140734375 0.3782734375 0.698115625 0.39726875 0.687109375 0.42022031249999997 0.688125 0.43869375 0.688759375 0.470871875 0.700315625 0.500946875 0.7080203125 0.5104453125 0.7184765625 0.5136109375 0.744890625 0.5167765625 0.7630515625000001 0.509653125 0.776259375 0.493825 0.787815625 0.460584375 0.787815625 0.436840625 0.7812109375 0.4075578125 0.7636015625 0.376690625 0.731684375 0.37115156250000003
0 0.6733515625 0.5286484375 0.6579421875 0.5444765625 0.6509671875 0.5646 0.6458359375 0.5990859375 0.6491374999999999 0.633909375 0.676103125 0.66081875 0.7129734375 0.6631921875 0.7377374999999999 0.642615625 0.75039375 0.6164984375 0.7553468750000001 0.5832578125000001 0.7525953125 0.546059375 0.7393875000000001 0.5231078124999999 0.711321875 0.5136109375 0.6926125 0.5199421875 0.6733515625 0.5286484375
0 0.6810546875 0.7472765625 0.6634453125 0.74569375 0.644734375 0.7528171875 0.623271875 0.7623140625 0.6128171874999999 0.781309375 0.6072046875 0.7926578125 0.5990593750000001 0.8319609375000001 0.6023609375000001 0.8549125 0.6122671875 0.8802390625 0.6320781249999999 0.8897359375 0.6507875000000001 0.890528125 0.6683984374999999 0.8865703125 0.6838062500000001 0.875490625 0.6970140625 0.85095625 0.70471875 0.8351265625 0.7036171875 0.7908062499999999 0.6975640624999999 0.7646890625 0.6810546875 0.7472765625
0 0.7905671875 0.741040625 0.77020625 0.728378125 0.7476421875 0.737084375 0.72618125 0.749746875 0.7162 0.7736531249999999 0.7146234375 0.7821953125000001 0.710771875 0.8035640624999999 0.710221875 0.8360140625 0.722878125 0.8550078125 0.744340625 0.8724203125000001 0.7735078125 0.8692546875 0.7911171875 0.8589656250000001 0.799921875 0.8383875 0.8065265625 0.807521875 0.809278125 0.7806124999999999 0.8026734375 0.75924375 0.7905671875 0.741040625
0 0.8703625 0.41715 0.8511015625 0.422690625 0.8301890625 0.44089375000000003 0.8197328125000001 0.45672187500000005 0.8144609375 0.48264218750000004 0.811478125 0.5057921875 0.8263375 0.54140625 0.8406453125000001 0.555653125 0.8577046875000001 0.5643578125000001 0.8786171875000001 0.5572359375 0.889071875 0.5398234375000001 0.9022796874999999 0.5200375 0.9088843750000001 0.5026265624999999 0.9077828125 0.46622031249999996 0.8918234375 0.42743906249999997 0.8703625 0.41715
0 0.654378125 0.37178125 0.6370359375 0.369909375 0.6218609374999999 0.37053437499999997 0.6066874999999999 0.374275 0.5906453125 0.3886171875 0.583275 0.40483125 0.579265625 0.42145781250000003 0.5798078125 0.4478578125 0.5863109375 0.47280156250000005 0.5993171875 0.48527343749999996 0.6201265625 0.49275624999999995 0.6405046875 0.49275624999999995 0.659146875 0.4790375 0.6682515625 0.46344843750000003 0.6760546875 0.444740625 0.676921875 0.42104375000000005 0.670853125 0.3961 0.6621812499999999 0.38175781249999996 0.654378125 0.37178125
0 0.672153125 0.26756718749999997 0.662615625 0.2526 0.647875 0.2413765625 0.6444062500000001 0.256965625 0.6314 0.2850265625 0.616225 0.3074765625 0.59715 0.311840625 0.5889125 0.31059375 0.590325 0.32131875 0.5897796875 0.34426718749999996 0.5962828124999999 0.35736249999999997 0.6058203125 0.3654703125 0.6175265624999999 0.36858749999999996 0.6418046875 0.37170625 0.654378125 0.3692109375 0.66695 0.35736249999999997 0.6751875 0.336784375 0.679090625 0.31932499999999997 0.681690625 0.3006171875 0.680390625 0.2837796875 0.672153125 0.26756718749999997
0 0.5459906250000001 0.142075 0.5611640625 0.14020468749999998 0.581975 0.12835625 0.5981328125 0.115425 0.608421875 0.09780156250000001 0.6153578125 0.0741046875 0.6157921875000001 0.0535265625 0.6170921875000001 0.0298296875 0.609721875 0.0036390625000000004 0.5256140625 0 0.5104390624999999 0.024842187499999998 0.5061046874999999 0.0485375 0.5043703125000001 0.0809640625 0.5121734375 0.113390625 0.53125 0.1364625 0.5459906250000001 0.142075
0 0.7454953125 0.0048875 0.7450625 0.0011453125 0.6391203125 0.0003125 0.6327734375 0.013617187499999999 0.6310390625 0.0379375 0.6327734375 0.06350312500000001 0.6362421875 0.08470625000000001 0.65661875 0.11214375000000001 0.68393125 0.12461562500000001 0.7112453125 0.11775625 0.725553125 0.10154218749999999 0.738559375 0.082834375 0.746796875 0.0560203125 0.7476640625 0.0317015625 0.7454953125 0.0048875
0 0.7164484375 0.23997812500000001 0.7277203125 0.218153125 0.7329234375 0.2031875 0.7363906250000001 0.18136093749999999 0.7329234375 0.148934375 0.726853125 0.12835625 0.7147140624999999 0.1152609375 0.703875 0.1233671875 0.69086875 0.12835625 0.67439375 0.12461562500000001 0.6540828125 0.12104062499999999 0.6488140625 0.13085156250000002 0.643178125 0.14706406249999998 0.6392765625 0.1595359375 0.6375421875 0.1688890625 0.643178125 0.1869734375 0.6492484375 0.20256249999999998 0.6509828125 0.226259375 0.65185 0.23997812500000001 0.6652890625000001 0.24995625000000002 0.68133125 0.2599328125 0.6986718749999999 0.2530734375 0.7164484375 0.23997812500000001
0 0.8452125 0.09281249999999999 0.8512812500000001 0.0647515625 0.8538828125 0.05165625 0.8547499999999999 0.0366890625 0.8547499999999999 0.022346875 0.8512812500000001 0.0048875 0.7555765625 0.0003125 0.7546 0.0173578125 0.7533000000000001 0.033571875 0.752865625 0.051032812500000004 0.7524328125 0.06350312500000001 0.7550343749999999 0.0809640625 0.7619703125 0.094059375 0.7702078125 0.110896875 0.7836484375 0.11463749999999999 0.7979546875 0.1165078125 0.8178984375 0.11152031250000001 0.8335062499999999 0.10528437500000001 0.8452125 0.09281249999999999
0 0.8395765624999999 0.16078281249999998 0.8313390625 0.13396875 0.82526875 0.12087343749999999 0.8209328125 0.115884375 0.8118281250000001 0.1196265625 0.7901515625 0.1221203125 0.774109375 0.11900312500000002 0.7641390625 0.113390625 0.7559015625 0.127109375 0.750265625 0.13771093750000002 0.7441953125 0.1564171875 0.74159375 0.1801140625 0.7407265625 0.20256249999999998 0.7454953125 0.22688281250000003 0.7606703125000001 0.2493328125 0.7749765625 0.2574390625 0.7944875 0.259309375 0.8152968749999999 0.2462140625 0.8291703125 0.22251875000000002 0.8361078125000001 0.20006875000000002 0.8404421875000001 0.173878125 0.8395765624999999 0.16078281249999998
0 0.774109375 0.256890625 0.7585015625 0.2531484375 0.7489640625 0.241925 0.7459296875 0.23880625000000003 0.7324890625 0.24130156249999998 0.7238187500000001 0.245665625 0.7142796875 0.2531484375 0.704309375 0.26437343750000003 0.695721875 0.2838828125 0.692603125 0.303659375 0.69216875 0.3223671875 0.6969390625 0.3404515625 0.7112453125 0.3554171875 0.7264203124999999 0.36788906250000003 0.7489640625 0.37162968749999997 0.7719421875 0.3591578125 0.7836484375 0.32922656250000004 0.790584375 0.3098953125 0.7866828124999999 0.27809218750000003 0.7806124999999999 0.26125625 0.774109375 0.256890625
0 0.82526875 0.8508453125000001 0.8100937500000001 0.8577046875000001 0.7996890624999999 0.8739171875 0.790584375 0.892625 0.785503125 0.9212171874999999 0.7871171875 0.9387703125 0.79231875 0.9524890625 0.8746937499999999 0.9481234374999999 0.8785953125000001 0.9425125 0.8820640624999999 0.9294171875 0.8837984375 0.8982374999999999 0.8755609375000001 0.8764125 0.86775625 0.8589515625 0.8530156249999999 0.84585625 0.838709375 0.8439859375 0.82526875 0.8508453125000001
0 0.8807625 0.7679078125000001 0.8850984375 0.7386 0.8755609375000001 0.7142796875 0.8603859375 0.6949484375 0.828303125 0.6961953125 0.8152968749999999 0.7061734375000001 0.8066265625 0.7223859375 0.8017671875 0.738721875 0.8074937500000001 0.7579312500000001 0.8131296875 0.772896875 0.8131296875 0.7872390625000001 0.810528125 0.8078171875000001 0.8118281250000001 0.8159234375000001 0.81833125 0.82964375 0.8365406249999999 0.8346312499999999 0.8504140625 0.8271484375 0.8647218750000001 0.8128062500000001 0.876428125 0.794721875 0.8807625 0.7679078125000001
0 0.798821875 0.5102171875 0.7780125 0.5083453125 0.7624046875 0.51458125 0.75113125 0.5251828125 0.74853125 0.5364078125 0.756334375 0.554490625 0.7550343749999999 0.57569375 0.7533000000000001 0.5925296875 0.7519984375 0.60874375 0.75113125 0.623709375 0.7454953125 0.63618125 0.74983125 0.64740625 0.7615375 0.6555125 0.77584375 0.6561359375 0.8014234374999999 0.65239375 0.81833125 0.63618125 0.8257015624999999 0.620590625 0.8335062499999999 0.5950249999999999 0.835240625 0.568834375 0.8313390625 0.549503125 0.8218 0.532665625 0.809228125 0.5127109375 0.798821875 0.5102171875
0 0.70040625 0.8489734375 0.6930359375 0.8583281250000001 0.687834375 0.8708 0.679596875 0.8795296875 0.6683250000000001 0.8901312499999999 0.65791875 0.8963671874999999 0.6540828125 0.9034359375 0.6527171875 0.9156984375 0.653584375 0.9294171875 0.654884375 0.9412640624999999 0.65791875 0.9524890625 0.74853125 0.9537359375 0.7541671875 0.9412640624999999 0.7537328125 0.9144500000000001 0.752865625 0.8826484375 0.7376921875 0.8708 0.7242515625 0.8564578125000001 0.7112453125 0.847103125 0.70040625 0.8489734375
0 0.8881328125 0.1995203125 0.8794625 0.186425 0.8690578125 0.1808125 0.8577843749999999 0.1808125 0.84174375 0.1808125 0.8391421875 0.19453125 0.8374078125000001 0.21136875000000002 0.8313390625 0.22695781249999997 0.8209328125 0.2475359375 0.8109609375 0.25439687499999997 0.8011171875 0.26516562499999996 0.8018578125 0.2755984375 0.8044578124999999 0.29368125 0.8074937500000001 0.3098953125 0.8278703125 0.328603125 0.8378421875000001 0.3329671875 0.8673234375 0.325484375 0.8837984375 0.30615312499999997 0.8916015625 0.29305781249999996 0.897671875 0.2724796875 0.9011390625000001 0.2425484375 0.897671875 0.218228125 0.8881328125 0.1995203125
0 0.987415625 0.5751453125 0.9718078125 0.5745218750000001 0.9640046874999999 0.585121875 0.9535984375 0.5913578125 0.9448984375 0.6076984375000001 0.9405921875000001 0.6219140624999999 0.9371234375 0.6424921875 0.9371234375 0.6630703125 0.9371234375 0.6836484375 0.9501312499999999 0.70235625 0.9618359375000001 0.7104625 0.9731093749999999 0.7098390625000001 0.9848140624999999 0.7073453125 0.9934859375 0.703603125 0.9999890625000001 0.6998624999999999 0.9999890625000001 0.5701562499999999 0.987415625 0.5751453125
0 1 0.2401296875 0.982646875 0.2575890625 0.969640625 0.2800390625 0.966171875 0.3081 0.9657390625 0.3293015625 0.9731093749999999 0.3567390625 0.986115625 0.3760703125 1 0.38230624999999996 1 0.2401296875
0 1 0.3885421875 0.9900171875 0.386671875 0.9722421875 0.386671875 0.9601015625 0.39602499999999996 0.9455484375 0.410228125 0.938425 0.43219375 0.93365625 0.462125 0.93365625 0.49642187499999996 0.9440609375 0.5207421875 0.964871875 0.5307203125 0.9895828124999999 0.5276015625 1 0.517625 1 0.3885421875
0 0.9618359375000001 0.218153125 0.9666062500000001 0.1969515625 0.957934375 0.1688890625 0.9501312499999999 0.1483109375 0.941459375 0.1414515625 0.9280203124999999 0.131475 0.91024375 0.1320984375 0.892034375 0.14519375 0.8829312500000001 0.1620296875 0.8778874999999999 0.1762578125 0.8816296875 0.18136093749999999 0.8894343750000001 0.1913390625 0.8963703125 0.2031875 0.9002718749999999 0.218153125 0.902440625 0.2368609375 0.90070625 0.25556875 0.9119781250000001 0.26492187500000003 0.9280203124999999 0.26616875 0.9410265624999999 0.24995625000000002 0.9535984375 0.23873125 0.9618359375000001 0.218153125
0 0.8794625 0.87329375 0.8898671874999999 0.8757890625 0.8998390625000001 0.87890625 0.9124125 0.87329375 0.9210828125000001 0.8564578125000001 0.9288875000000001 0.8321375 0.9306203125 0.8165484375000001 0.9288875000000001 0.7972171875 0.9262859375 0.781003125 0.9180484375000001 0.76853125 0.9067765624999999 0.760425 0.8928515625 0.7574390625 0.8863984374999999 0.7579312500000001 0.8859656250000001 0.76853125 0.8807625 0.789109375 0.876428125 0.8015812499999999 0.8681906250000001 0.8177953125 0.8521484375 0.8246546875 0.8491140625 0.8340078125 0.8569171875 0.838996875 0.86775625 0.8495984375000001 0.8746937499999999 0.863940625 0.8794625 0.87329375
0 0.8087937500000001 0.6568343750000001 0.809228125 0.6661890625 0.81573125 0.6842718750000001 0.8226671874999999 0.6917546875 0.836975 0.6936265625 0.8590859375000001 0.6930031249999999 0.870790625 0.6886375 0.8798953125000001 0.6742953125 0.8907343750000001 0.65309375 0.8950703125 0.6306437500000001 0.8946359375 0.6050765625000001 0.8907343750000001 0.5876171875 0.8881328125 0.5745218750000001 0.8804890625 0.56651875 0.877728125 0.55893125 0.866021875 0.5558140625 0.849546875 0.5583078125000001 0.844778125 0.5651671875 0.8421765625000001 0.5682859375 0.841309375 0.57576875 0.838709375 0.5913578125 0.8330718750000001 0.616925 0.8226671874999999 0.62815 0.8131296875 0.6412453124999999 0.8087937500000001 0.6568343750000001
0 0.31396250000000003 0.6581718750000001 0.3065953125 0.6617578125 0.2900203125 0.6689296875 0.27943125 0.6635515625 0.2642375 0.6617578125 0.260553125 0.6581718750000001 0.25548906250000003 0.6787921875 0.256409375 0.704790625 0.250425 0.72003125 0.245359375 0.7281 0.250425 0.7379609375 0.267459375 0.7594765625 0.2812734375 0.7675453125 0.2955453125 0.7684421875 0.319028125 0.762165625 0.335603125 0.7415468749999999 0.34619218749999997 0.7209265625 0.33882500000000004 0.7065828125 0.332840625 0.6850671875 0.330078125 0.6689296875 0.3296171875 0.6554828125000001 0.32225000000000004 0.6527937500000001 0.31396250000000003 0.6581718750000001
0 0.44103906249999997 0.28780937500000003 0.42998906249999996 0.305740625 0.43873749999999995 0.33711718749999997 0.4543921875 0.3604265625 0.4682046875 0.3693921875 0.4875421875 0.3702875 0.5078015625 0.3702875 0.522075 0.3613234375 0.53450625 0.33442812499999997 0.5437140625 0.3066359375 0.5418734374999999 0.281534375 0.5381890625 0.2501578125 0.529440625 0.23133125 0.5091828125 0.21250468749999998 0.476953125 0.21339999999999998 0.46221875 0.216090625 0.4557734375 0.2322265625 0.44794687499999997 0.2645015625 0.44103906249999997 0.28780937500000003
0 0.622446875 0.6250015624999999 0.6150796875 0.6348640624999999 0.6054109375000001 0.64293125 0.5902171875 0.644725 0.5764046875 0.645621875 0.5612109375000001 0.651896875 0.5630515625 0.683275 0.5667359375000001 0.7164453125 0.57870625 0.734375 0.5939 0.7469265625 0.6160015624999999 0.74244375 0.6339578125 0.733478125 0.6477703125 0.7155484375000001 0.6560578125000001 0.698515625 0.6578999999999999 0.6725156250000001 0.65375625 0.6483109375 0.643165625 0.6312781249999999 0.6275109375000001 0.62051875 0.622446875 0.6250015624999999
0 0.3185671875 0.0877828125 0.33053750000000004 0.09047187500000001 0.345271875 0.0868859375 0.360465625 0.0859890625 0.375659375 0.0644734375 0.3834875 0.045646874999999996 0.3857890625 0.0187515625 0.3857890625 0.0044078125 0.275746875 0.0035109374999999997 0.2752875 0.01785625 0.279890625 0.0411640625 0.2844953125 0.060887500000000004 0.3024515625 0.07523125 0.3185671875 0.0877828125
0 0.2812734375 0.112884375 0.266078125 0.13798593750000002 0.25595 0.1478484375 0.250425 0.1559171875 0.259171875 0.18101875 0.2697625 0.2016375 0.2854171875 0.2079140625 0.3088984375 0.2079140625 0.324553125 0.2007421875 0.338365625 0.1855015625 0.3475734375 0.166675 0.34895468749999997 0.13440000000000002 0.34342968749999997 0.10122968750000001 0.33790468749999997 0.09764375 0.31948750000000004 0.0931609375 0.30015000000000003 0.0886796875 0.2872578125 0.074334375 0.283575 0.09226562499999999 0.2812734375 0.112884375
0 0.345309375 0.29258125 0.3387828125 0.30863125 0.3288234375 0.32468125 0.3250453125 0.34140000000000004 0.32641875 0.35276874999999996 0.326075 0.3661453125 0.3322578125 0.37684531250000003 0.34153125 0.3828640625 0.349775 0.3995828125 0.3563 0.4149640625 0.3669484375 0.4189765625 0.37896874999999997 0.4183078125 0.39442499999999997 0.4156328125 0.397171875 0.40627031249999995 0.41022499999999995 0.3862078125 0.4191546875 0.3674828125 0.4194984375 0.33805625 0.41365937500000005 0.3159875 0.40919375 0.3159875 0.398890625 0.31799374999999996 0.3810296875 0.3133125 0.37003906249999996 0.31665625 0.3631703125 0.31130625 0.3569875 0.30729375000000003 0.34771406250000003 0.295925 0.345309375 0.29258125
0 0.34943124999999997 0.5394359375 0.35733125 0.5615046875 0.37175625 0.5655171875 0.3892734375 0.5608359375 0.405759375 0.5467921875 0.4181234375 0.5287359375 0.42293281250000003 0.499978125 0.4219015625 0.472559375 0.41572031249999997 0.453834375 0.39992031250000004 0.4284203125 0.382403125 0.4290890625 0.3628265625 0.4230703125 0.360765625 0.453165625 0.35595625000000003 0.48860937499999996 0.35183593750000003 0.506665625 0.3391265625 0.5200421875 0.34943124999999997 0.5394359375
0 0.52288125 0.5668546875 0.518071875 0.5401046875 0.510859375 0.5380984375 0.49918125 0.5501359375 0.481321875 0.5568234375000001 0.464834375 0.5541484375 0.44663125 0.5481296875 0.44010625000000003 0.5340859375 0.4335796875 0.5447859375 0.42774062500000004 0.5594984375000001 0.4270546875 0.5855812499999999 0.4301453125 0.59895625 0.44147968750000005 0.6116625 0.450409375 0.6357375000000001 0.45796562500000004 0.6484453125 0.47685625 0.6384125 0.491625 0.6350687500000001 0.5098296875 0.62303125 0.5201328125 0.604975 0.5239109375 0.59226875 0.52288125 0.5668546875
0 0.13748125 0.07017812500000001 0.11192031250000001 0.062521875 0.084884375 0.0644359375 0.0775109375 0.07017812500000001 0.0671890625 0.0921921875 0.0627640625 0.11612031249999999 0.07013749999999999 0.14483437500000002 0.079478125 0.17641875 0.0937328125 0.1888625 0.1138875 0.1879046875 0.135515625 0.1907765625 0.1527203125 0.17929062499999998 0.1625515625 0.1563203125 0.1674671875 0.13909218750000002 0.169925 0.1151640625 0.166484375 0.0921921875 0.15714375 0.07017812500000001 0.13748125 0.07017812500000001
0 0.3635984375 0.8228234375 0.36065 0.7979375 0.3503265625 0.77688125 0.3355796875 0.7606109375 0.3193578125 0.766353125 0.29527187499999996 0.775925 0.27954218750000004 0.78358125 0.275609375 0.8017671875 0.277084375 0.8055953125 0.2844578125 0.8209093749999999 0.29133906249999997 0.83909375 0.29133906249999997 0.8764218749999999 0.293796875 0.8859937499999999 0.30657812500000003 0.8917359375 0.327715625 0.8859937499999999 0.3409875 0.8773796875000001 0.3572078125 0.8544078125000001 0.3635984375 0.8228234375
0 0.30215312499999997 0.9539484375 0.364090625 0.9491625000000001 0.3749046875 0.9443781250000001 0.38424375 0.9261921875000001 0.38375312500000003 0.910878125 0.3817859375 0.8917359375 0.372446875 0.86685 0.3577 0.8563218750000001 0.3522921875 0.868765625 0.3385296875 0.8850359375 0.324765625 0.89365 0.314934375 0.896521875 0.30215312499999997 0.889821875 0.2928140625 0.896521875 0.29133906249999997 0.90800625 0.2908484375 0.9281062500000001 0.2942890625 0.9405484375000001 0.30215312499999997 0.9539484375
0 0.49828593750000005 0.0875234375 0.48403124999999997 0.10092187500000001 0.466334375 0.10666562500000001 0.44077343750000003 0.10953593749999999 0.42455156250000003 0.10379374999999999 0.42455156250000003 0.1258078125 0.4275015625 0.1392078125 0.44175624999999996 0.16409218750000001 0.4540453125 0.1803640625 0.45994375 0.20333437499999998 0.4737078125 0.20429218750000003 0.485996875 0.2004625 0.5071343749999999 0.1813203125 0.51205 0.15930625 0.5130328125 0.13059375 0.5115578125 0.11815 0.502709375 0.0990078125 0.49828593750000005 0.0875234375
0 0.784253125 0.4091765625 0.7881078125000001 0.42512812499999997 0.7924453125 0.44765 0.80449375 0.43732812499999996 0.8175062499999999 0.421375 0.837265625 0.40166874999999996 0.8401578125 0.381025 0.8406390625 0.34818125 0.8329281249999999 0.33035156250000003 0.8184703125 0.3237828125 0.8049765624999999 0.3143984375 0.7967828124999999 0.30876875 0.7895546875 0.32190625 0.7789515625 0.3538109375 0.7683484375 0.3697640625 0.776059375 0.38853125 0.784253125 0.4091765625
0 0.622321875 0.891621875 0.6146109375 0.8831765624999999 0.6069 0.8709765624999999 0.600634375 0.8559625000000001 0.5938875 0.8409484375 0.5866578125 0.84939375 0.574128125 0.859715625 0.57268125 0.8606546875 0.5688265625 0.8813000000000001 0.561596875 0.8972515624999999 0.561596875 0.9263421875000001 0.5664171875 0.9432328125 0.6203937500000001 0.9469859375 0.636296875 0.9385406250000001 0.6391890625000001 0.9225890625 0.6387078125000001 0.90100625 0.62906875 0.892559375 0.622321875 0.891621875