0 0.4582896634615385 0.22377764423076923 0.18581009615384614 0.2552475961538462
0 0.6596286057692308 0.22258173076923077 0.19425721153846157 0.2624711538461538
0 0.8587572115384615 0.21415384615384614 0.17905288461538463 0.24561538461538462
0 0.9230120192307693 0.42448437499999997 0.15371634615384616 0.23839182692307695
0 0.75 0.4377151442307692 0.1875 0.2504302884615385
0 0.5554182692307692 0.44973918269230767 0.1925673076923077 0.2552475961538462
0 0.36213581730769234 0.4533341346153846 0.18581009615384614 0.24320673076923077
0 0.021959134615384616 0.4376995192307692 0.04391826923076923 0.23116826923076922
0 0.2637079326923077 0.6828870192307692 0.19087740384615384 0.22635096153846154
0 0.456015625 0.6696935096153845 0.19087740384615384 0.25765625000000003
0 0.6552752403846154 0.6552572115384615 0.18074278846153843 0.24320673076923077
0 0.8385528846153847 0.6540492788461538 0.17229807692307691 0.23598317307692307
0 0.9694651442307692 0.6468257211538462 0.05912259615384615 0.22153605769230772
0 0.07685817307692308 0.6564579326923077 0.15371634615384616 0.24080048076923077
0 0.16826923076923078 0.9002403846153846 0.1875 0.19951923076923078
0 0.35037740384615385 0.8812067307692307 0.19594711538461537 0.2287596153846154
0 0.5599663461538461 0.8703954326923077 0.1824326923076923 0.23598317307692307
0 0.7449326923076923 0.8667632211538462 0.17736538461538462 0.20468028846153846
0 0.9290865384615384 0.8557692307692307 0.14182692307692307 0.24519230769230768
0 0.05054567307692308 0.8824026442307692 0.09628365384615385 0.22153605769230772