0 0.2763 0.8815015624999999 0.26731875 0.9265296875000001 0.2656078125 0.96576875 0.2681078125 0.9958218750000001 0.3451546875 0.99921875 0.350715625 0.98249375 0.35755781249999996 0.9445421875 0.35798593749999996 0.912378125 0.36012343750000003 0.8776421875 0.35712968749999996 0.8358296875000001 0.34045000000000003 0.8043093750000001 0.323771875 0.80045 0.308375 0.8139578125 0.28528125000000004 0.845478125 0.2763 0.8815015624999999
0 0.07059062499999999 0.9310328125 0.06674218750000001 0.9741312499999999 0.0670390625 1 0.16125625 0.9927875 0.1685265625 0.9722015624999999 0.1779359375 0.9303890625 0.1775078125 0.88214375 0.16724375 0.8448343749999999 0.15526875 0.8223203124999999 0.1334578125 0.8197468750000001 0.11421250000000001 0.8493375000000001 0.0979609375 0.8718515625000001 0.0812828125 0.8924375 0.07059062499999999 0.9310328125
0 0.0551953125 0.6380453125 0.0368046875 0.6708515625 0.0226921875 0.7242437500000001 0.0188421875 0.7628390625 0.017559375 0.8046515624999999 0.0278234375 0.84968125 0.0427921875 0.8779843749999999 0.0752953125 0.8837734375 0.09753437499999999 0.8657625 0.10309375000000001 0.8548265625000001 0.1219109375 0.8233062500000001 0.132175 0.79821875 0.135596875 0.7428984375 0.1394453125 0.7043015625 0.132603125 0.661203125 0.1227671875 0.63096875 0.11164687499999999 0.6174609375 0.094540625 0.6084546875 0.0778609375 0.6148875 0.0551953125 0.6380453125
0 0.1313203125 0.64061875 0.141584375 0.6663484375000001 0.1462890625 0.703015625 0.1454328125 0.7396812500000001 0.13901875 0.78278125 0.13441875 0.8158156249999999 0.1689546875 0.8168734375 0.19119375 0.794359375 0.20915625000000002 0.7589796875 0.21043906250000002 0.7100921875 0.21728125 0.6489812500000001 0.20573437499999997 0.602665625 0.1869171875 0.5711453125 0.1698109375 0.56535625 0.1428671875 0.5923734375 0.1261875 0.63096875 0.1313203125 0.64061875
0 0.08513125 0.48088749999999997 0.0872703125 0.5201265625 0.1779359375 0.5580796875 0.1809296875 0.5419984375 0.1873453125 0.48925 0.18306875 0.43971875000000005 0.1728046875 0.4036953125 0.159546875 0.37667812500000003 0.1403015625 0.3670296875 0.11421250000000001 0.37539218750000003 0.0992453125 0.394046875 0.0842765625 0.43714531250000005 0.08513125 0.48088749999999997
0 0.003446875 0.5458578125 0.02311875 0.5490734374999999 0.041509375 0.5323484374999999 0.0551953125 0.5072609375 0.0718734375 0.4654484375 0.082565625 0.410771875 0.08299375 0.368959375 0.07615 0.3303625 0.065459375 0.3039890625 0.0543390625 0.28662031250000003 0.040653125 0.27246875 0.0162765625 0.268609375 0.003446875 0.5458578125
0 0.1300375 0.1655859375 0.10865312499999999 0.167515625 0.0859875 0.15465 0.0701625 0.20804218749999998 0.0723015625 0.2524265625 0.07700625 0.30002968750000003 0.09325781250000001 0.343128125 0.11506875000000001 0.3656421875 0.1304640625 0.36435625 0.1484265625 0.3566359375 0.1638234375 0.338625 0.17622500000000002 0.3064609375 0.18520625 0.268509375 0.1864890625 0.21962031249999997 0.179646875 0.1823109375 0.17023749999999999 0.14757499999999998 0.1578359375 0.1282765625 0.1458609375 0.1527203125 0.1300375 0.1655859375
0 0.152303125 0.359853125 0.1655609375 0.377221875 0.17753593750000002 0.39844843750000003 0.1839515625 0.427396875 0.1865171875 0.4421921875 0.2130328125 0.4402609375 0.238265625 0.40616874999999997 0.2515234375 0.3733609375 0.2489578125 0.3360515625 0.24468125000000002 0.2910234375 0.230140625 0.2562875 0.21645468750000002 0.22991250000000002 0.1925046875 0.22283750000000002 0.1899390625 0.2318421875 0.1890828125 0.2736546875 0.182240625 0.3064609375 0.1685546875 0.3373390625 0.152303125 0.359853125
0 0.17881875 0.00446875 0.046182812499999996 0.0033750000000000004 0.0462421875 0.0263390625 0.048379687500000004 0.0642921875 0.055221875 0.10031562499999999 0.0667703125 0.124115625 0.07874375 0.14663125 0.0975625 0.16206875 0.13006562500000002 0.1601390625 0.1463171875 0.13826875 0.16470625 0.108678125 0.17197656249999999 0.07651406250000001 0.175825 0.041778125 0.17881875 0.00446875
0 0.18608906249999999 0.0803734375 0.1980640625 0.107390625 0.2134609375 0.124759375 0.241259375 0.11897031250000001 0.261359375 0.091953125 0.27461718749999997 0.059146875 0.2806046875 0.025053125 0.28231562499999996 0.00446875 0.1835234375 0.0141171875 0.180103125 0.04628125 0.18608906249999999 0.0803734375
0 0.33534687500000004 0.07394062500000001 0.349459375 0.107390625 0.3665671875 0.1221859375 0.3845296875 0.11511093750000001 0.3990703125 0.0900234375 0.40847812499999997 0.056573437500000004 0.4157484375 0.016046875 0.41489374999999995 0.0025390625 0.32693125 0.0009640625 0.3259375 0.035345312499999997 0.33534687500000004 0.07394062500000001
0 0.396503125 0.1604390625 0.3746921875 0.12891875 0.36143437500000003 0.1282765625 0.3456109375 0.1488609375 0.33491875000000004 0.171375 0.3276484375 0.20739843750000003 0.326365625 0.242134375 0.327221875 0.2730109375 0.3285046875 0.2980984375 0.34090625 0.3276890625 0.35844062499999996 0.3411984375 0.3811078125 0.327046875 0.3956484375 0.2910234375 0.403346875 0.250496875 0.399496875 0.1983921875 0.396503125 0.1604390625
0 0.34304531250000003 0.535121875 0.335775 0.578221875 0.3332078125 0.620034375 0.338340625 0.6637765625000001 0.348321875 0.6936671875 0.36357343750000004 0.7004421875 0.376403125 0.6959390625 0.3926546875 0.668921875 0.40163593750000004 0.6374015625 0.40976093750000003 0.5981625 0.409334375 0.5518468750000001 0.40377343750000005 0.5164671875 0.3939375 0.49009375000000005 0.3802515625 0.4836609375 0.36186250000000003 0.493953125 0.34304531250000003 0.535121875
0 0.4517609375 0.6691265625 0.45432656250000003 0.63889375 0.45347031250000003 0.6035140625000001 0.44363437499999997 0.5790703125000001 0.43379843749999997 0.568134375 0.423534375 0.5655609375 0.4128421875 0.5707078125 0.413696875 0.5912921875 0.40813750000000004 0.6234546875 0.4008671875 0.6575484375 0.390175 0.6864953125000001 0.38718125 0.7102968749999999 0.39402499999999996 0.7495359374999999 0.4162640625 0.7675468750000001 0.42994843749999995 0.7456765625 0.44363437499999997 0.7070796875 0.4517609375 0.6691265625
0 0.42310625 0.4388375 0.42438906249999997 0.47614687499999997 0.42610000000000003 0.5288953125 0.4320875 0.5533390625 0.4509046875 0.558484375 0.47271562500000003 0.526965625 0.482125 0.484509375 0.48511875 0.4523453125 0.48126875 0.4111765625 0.4744265625 0.375796875 0.460740625 0.35907187500000004 0.44919374999999995 0.3693640625 0.43593593750000004 0.397025 0.42310625 0.4388375
0 0.4941 0.4645671875 0.4838359375 0.4902984375 0.4761375 0.5288953125 0.47699218749999994 0.5694203124999999 0.4814765625 0.6084859375 0.487684375 0.6331046875 0.5030812499999999 0.631175 0.516765625 0.6105890625 0.5214703125 0.581 0.5300234374999999 0.552053125 0.5321625 0.517315625 0.5300234374999999 0.47807656249999997 0.5214703125 0.44720000000000004 0.5120625000000001 0.4439828125 0.5022249999999999 0.451703125 0.4941 0.4645671875
0 0.46672812500000005 0.684021875 0.461596875 0.7296953125 0.45903124999999995 0.776009375 0.46703906249999994 0.8093859374999999 0.47913125 0.8120328125 0.4983765625 0.7914484374999999 0.508640625 0.760571875 0.514628125 0.7296953125 0.517621875 0.702678125 0.516765625 0.6750171875000001 0.5094953125 0.64735625 0.5013703125 0.6370640625 0.49024999999999996 0.63899375 0.4744265625 0.6537890625 0.46672812500000005 0.684021875
0 0.537721875 0.8023843749999999 0.540715625 0.7657171875000001 0.5321625 0.7335546875000001 0.522753125 0.7335546875000001 0.517621875 0.7457765625 0.5150546874999999 0.7695765625 0.5077843750000001 0.7908046875 0.49281718750000003 0.809459375 0.4893953125 0.8364765625 0.48640156250000005 0.8673546875 0.49709375 0.894371875 0.5077843750000001 0.9001609374999999 0.5248921875 0.8795765624999999 0.5300234374999999 0.843553125 0.537721875 0.8023843749999999
0 0.57826875 0.881709375 0.6069515625 0.8667109375000001 0.6137953125 0.8377640625 0.6150781249999999 0.7914484374999999 0.6159328125 0.7625015625 0.61165625 0.7406296875 0.603103125 0.7374140625 0.5954046875000001 0.7489921875000001 0.5821468750000001 0.777296875 0.5757328125 0.8133203124999999 0.576159375 0.8454828125 0.57826875 0.881709375
0 0.54750625 0.7386999999999999 0.56546875 0.752209375 0.579153125 0.7341968750000001 0.5877078124999999 0.69753125 0.591128125 0.6634375 0.5885625 0.6332046874999999 0.5872796874999999 0.5958953124999999 0.57359375 0.584315625 0.562046875 0.5849593750000001 0.5599078125 0.619053125 0.553921875 0.650571875 0.5505 0.6718 0.544084375 0.6827359375000001 0.5423734375 0.711040625 0.54750625 0.7386999999999999
0 0.51543125 0.6486421874999999 0.5201359375 0.6795203125 0.529971875 0.6949578125 0.5436578125 0.6795203125 0.5526375 0.644140625 0.5573421875 0.6119765625 0.5594812499999999 0.5836718750000001 0.5616187499999999 0.5566546875 0.5526375 0.5244921875 0.53553125 0.5142 0.5346765625 0.5244921875 0.5325375 0.5566546875 0.5286890625 0.5952515625 0.51158125 0.6325609375 0.51543125 0.6486421874999999
0 0.5239843750000001 0.44324062499999994 0.5333921875 0.46446718750000004 0.5365578125 0.49839218750000003 0.5453671875 0.4901984375 0.5607640625 0.4554625 0.5646125 0.4200828125 0.56760625 0.3782703125 0.5564875 0.333240625 0.5436578125 0.31973281249999996 0.529971875 0.33517031249999996 0.52141875 0.366046875 0.5167140625 0.4059296875 0.5137203125 0.43423437500000006 0.5239843750000001 0.44324062499999994
0 0.594121875 0.651015625 0.5937765625 0.669559375 0.59754375 0.6966875 0.6052421875 0.71405625 0.6142234375 0.7076234375 0.6279078124999999 0.6786765625 0.6317578125 0.651659375 0.6313296875 0.6188515625 0.62961875 0.5879749999999999 0.62149375 0.5783265625 0.6125125 0.5866890625 0.5962609375000001 0.625928125 0.594121875 0.651015625
0 0.6514296875000001 0.5854015625 0.6634046875 0.6047 0.6749515625 0.5982671875000001 0.6835046874999999 0.5699640625 0.6903484375 0.534584375 0.6903484375 0.5056375 0.689065625 0.4702578125 0.6809390625 0.4451703125 0.670675 0.4406671875 0.6608390625 0.4561046875 0.650575 0.4818359375 0.64373125 0.5101390625 0.6445875 0.54745 0.6514296875000001 0.5854015625
0 0.6578453125 0.43220468749999996 0.66169375 0.3897484375 0.6569890625 0.3479359375 0.648009375 0.3318546875 0.6343234375 0.32928125 0.62149375 0.3485796875 0.6150781249999999 0.3691640625 0.6142234375 0.40968906250000003 0.6159328125 0.43799374999999996 0.6304734375 0.4733734375 0.6492921875000001 0.466296875 0.6578453125 0.43220468749999996
0 0.538953125 0.3092390625 0.5552046875000001 0.3150296875 0.571028125 0.2983046875 0.57445 0.27450312499999996 0.580009375 0.23976718749999998 0.5778703125 0.1940953125 0.5693171875 0.165146875 0.5547765625000001 0.140059375 0.535103125 0.158071875 0.52954375 0.1940953125 0.5235562500000001 0.23912343749999998 0.529115625 0.283509375 0.538953125 0.3092390625
0 0.574021875 0.1600015625 0.580009375 0.18251562500000001 0.5842859375 0.22304218750000002 0.5814765625 0.256509375 0.5902734374999999 0.2648546875 0.59754375 0.2616375 0.606096875 0.24362656249999998 0.612084375 0.216609375 0.6167890625 0.18508906249999998 0.6189265625 0.1522828125 0.6163609375 0.1214046875 0.6069515625 0.089884375 0.591128125 0.100178125 0.579153125 0.1278375 0.574021875 0.1600015625
0 0.6184999999999999 0.27 0.6244875000000001 0.3015203125 0.6333484375 0.3216 0.648009375 0.3137421875 0.6574171875 0.296375 0.665115625 0.25906406249999997 0.6668265625 0.2191828125 0.66554375 0.1812296875 0.6565624999999999 0.1554984375 0.6445875 0.1548546875 0.632184375 0.1722234375 0.6227765625 0.200528125 0.6197828125 0.23204687499999999 0.6184999999999999 0.27
0 0.6711031249999999 0.291871875 0.6770906250000001 0.33754375 0.6805109375 0.3613453125 0.6959078125 0.36456093749999996 0.7070265625000001 0.341403125 0.70959375 0.3221046875 0.7100203125 0.290584375 0.7113031249999999 0.2609953125 0.6796562500000001 0.23140468749999998 0.674525 0.2564921875 0.6711031249999999 0.291871875
0 0.730121875 0.3955375 0.729265625 0.365946875 0.7249890625 0.3472921875 0.7104484375 0.3447203125 0.70360625 0.3614453125 0.6933421875 0.3781703125 0.688209375 0.4051875 0.691203125 0.43735 0.694196875 0.46951406249999994 0.7018953125 0.48688281250000004 0.715153125 0.4810921875 0.723065625 0.4691921875 0.726271875 0.43799374999999996 0.730121875 0.3955375
0 0.4461578125 0.22984062500000002 0.4676703125 0.1938875 0.47245 0.134565625 0.465678125 0.07165 0.44496250000000004 0.030903124999999997 0.427034375 0.0333 0.4107015625 0.06865312500000001 0.4059203125 0.1225828125 0.40751406250000005 0.172915625 0.41827031249999996 0.21905468749999998 0.4461578125 0.22984062500000002
0 0.6987281249999999 0.150053125 0.717453125 0.11529843749999999 0.715859375 0.059571874999999996 0.7126718750000001 0.015829687500000002 0.675646875 0 0.6724359375 0.036203125 0.6708421875 0.09073125 0.6794078125 0.1464578125 0.6987281249999999 0.150053125
0 0.7349812499999999 0.1608390625 0.7345828125 0.209375 0.7349812499999999 0.2375375 0.749721875 0.2573109375 0.761671875 0.2435296875 0.7684453125 0.20877500000000002 0.7732249999999999 0.1698265625 0.76884375 0.130878125 0.7600796875 0.09971875 0.7537046875 0.0991203125 0.740159375 0.12788125 0.7349812499999999 0.1608390625
0 0.7078921874999999 0.15364843749999998 0.695075 0.1618390625 0.6939484375 0.1818109375 0.7047046875 0.2105734375 0.7170546875 0.211771875 0.7254203125 0.1890015625 0.7305984375000001 0.168628125 0.7278109374999999 0.1392671875 0.726615625 0.10511250000000001 0.7210375 0.08054375 0.7186484375 0.10151718750000001 0.7170546875 0.133275 0.7078921874999999 0.15364843749999998
0 0.784971875 0.0022109375000000002 0.7559078125 0 0.753671875 0.009496875 0.752553125 0.0313546875 0.752553125 0.053214062500000006 0.755534375 0.0834796875 0.7670859375 0.0980515625 0.777146875 0.0918859375 0.781246875 0.075071875 0.7864625000000001 0.045926562500000004 0.7872078124999999 0.019584375 0.784971875 0.0022109375000000002
0 0.72274375 0.47017031249999997 0.7158421875000001 0.4923609375 0.7126828125 0.5379890625 0.7197625000000001 0.5463953125 0.7316874999999999 0.551440625 0.7372765625000001 0.5385484375 0.744728125 0.520053125 0.7514359374999999 0.48810624999999996 0.75031875 0.4572796875 0.75031875 0.42477187499999997 0.7376484375000001 0.40851875 0.73056875 0.416925 0.726096875 0.4415859375 0.72274375 0.47017031249999997
0 0.6642406249999999 0.9586078125 0.6608875000000001 0.92105625 0.659025 0.8941531250000001 0.6471 0.88966875 0.6415109375 0.9053625000000001 0.63629375 0.9440359375 0.6366671875 0.9653328125 0.6417578125000001 0.9859828125 0.6571609375 0.9810265625 0.6642406249999999 0.9586078125
0 0.78348125 0.7837390625 0.784971875 0.75795625 0.784971875 0.7170421874999999 0.7749109375 0.6901390625 0.76485 0.6904203125 0.761125 0.7170421874999999 0.75814375 0.738340625 0.7607515625 0.7615999999999999 0.76000625 0.784859375 0.7685765625000001 0.8005531250000001 0.78348125 0.7837390625
0 0.8296875 0.6797890625 0.8311781249999999 0.655128125 0.83080625 0.6377531249999999 0.8207453125 0.6002015625 0.81291875 0.61253125 0.80919375 0.6467203125000001 0.8050937499999999 0.6685796875000001 0.808075 0.691559375 0.8207453125 0.6960421875 0.8296875 0.6797890625
0 0.9269437500000001 0.6758656249999999 0.9358859374999999 0.6730640625000001 0.9384953125 0.6556890625 0.9403578125 0.6287859375 0.941103125 0.6069265625 0.9347687499999999 0.580025 0.9295515625 0.5845078125 0.9247078125 0.6030031250000001 0.9224718749999999 0.6315875 0.92098125 0.65064375 0.9269437500000001 0.6758656249999999
0 0.8427296875 0.5558359375 0.840121875 0.5692875 0.84049375 0.58498125 0.841984375 0.6017953125 0.8520453124999999 0.599553125 0.8568890625 0.5872234375 0.8628515625000001 0.5631234375 0.863596875 0.5451875 0.8594984374999999 0.519965625 0.8572625 0.507075 0.8520453124999999 0.5059546874999999 0.84831875 0.5238890625 0.8464562499999999 0.541825 0.8427296875 0.5558359375
0 0.843475 0.5457484375 0.8457109375 0.5266921875 0.8460828125000001 0.5042734375 0.8457109375 0.4790515625 0.841984375 0.45495156249999996 0.8360218749999999 0.4504671875 0.8293156249999999 0.46335781249999997 0.8192546875 0.5037125 0.820371875 0.5266921875 0.8300609375000001 0.556396875 0.83651875 0.5553765625 0.843475 0.5457484375
0 0.87775625 0.25244374999999997 0.8703046875 0.2686984375 0.8650874999999999 0.3084921875 0.869559375 0.3684625 0.8788750000000001 0.3908828125 0.888190625 0.38191406250000004 0.8956421875 0.3622984375 0.90235 0.329790625 0.9027218749999999 0.2961609375 0.90235 0.27149999999999996 0.8956421875 0.24067500000000003 0.8867 0.23450937500000002 0.87775625 0.25244374999999997
0 0.9183031250000001 0.34576406249999997 0.9160671875 0.317459375 0.9054765625 0.30331406250000004 0.9015359374999999 0.3258671875 0.9063796875 0.347725 0.8985546875000001 0.3740671875 0.889984375 0.3908828125 0.887003125 0.40937812500000004 0.891475 0.435159375 0.9000453125 0.438521875 0.908615625 0.42114843750000003 0.9153218750000001 0.395365625 0.9183031250000001 0.370425 0.9183031250000001 0.34576406249999997
0 0.9052609374999999 0.21592656250000003 0.9060062500000001 0.24563125000000002 0.907496875 0.27421562499999996 0.91793125 0.2921515625 0.9238921875000001 0.28486406249999996 0.927246875 0.2652484375 0.9298546875 0.2383453125 0.9298546875 0.208640625 0.926128125 0.1778140625 0.9183031250000001 0.1481078125 0.9145765625 0.1464265625 0.9060062500000001 0.16604375 0.9060062500000001 0.1884625 0.9052609374999999 0.21592656250000003
0 0.942896875 0.21985000000000002 0.9387984375 0.2512359375 0.9391703124999999 0.27589687500000004 0.9376796875 0.29943749999999997 0.9369343750000001 0.3212953125 0.9365625 0.345396875 0.9440140625 0.3588484375 0.9544484375 0.3481984375 0.956684375 0.3128890625 0.9604109375000001 0.279259375 0.9611562499999999 0.2545984375 0.9559390625 0.22321249999999998 0.9499765625000001 0.21480468749999998 0.942896875 0.21985000000000002
0 0.94326875 0.1828578125 0.9451328125 0.1587578125 0.942896875 0.12372812500000001 0.9421515625 0.0912203125 0.9346984375 0.07076249999999999 0.9257562500000001 0.07860937500000001 0.924265625 0.099346875 0.9250109375 0.12625 0.9253828125 0.161 0.930228125 0.17613281249999999 0.9343265625000001 0.1985515625 0.94326875 0.1828578125