0 0.10482812500000001 0.4210375 0.0991 0.412421875 0.08940624999999999 0.409109375 0.080153125 0.409109375 0.07089999999999999 0.41374843749999995 0.065171875 0.42435156249999995 0.058121875 0.43495625000000004 0.056799999999999996 0.45616406249999997 0.0586015625 0.48203281249999996 0.06384999999999999 0.49526562500000004 0.06825624999999999 0.50520625 0.07618749999999999 0.512496875 0.085440625 0.513821875 0.09513437500000001 0.5131593750000001 0.10438750000000001 0.50586875 0.1132 0.4919515625 0.116284375 0.47074375 0.116284375 0.4508609375 0.1114375 0.43429375 0.10482812500000001 0.4210375
0 0.1378765625 0.2865015625 0.126859375 0.293128125 0.118046875 0.30041875 0.11055625 0.3130109375 0.10835312500000001 0.3295796875 0.10835312500000001 0.3461484375 0.11055625 0.3633796875 0.1132 0.374646875 0.119809375 0.3872390625 0.128621875 0.3978421875 0.13794062499999998 0.40089375 0.1493328125 0.395190625 0.1563828125 0.39187812499999997 0.1643140625 0.3812734375 0.1696015625 0.3653671875 0.1709234375 0.350125 0.1709234375 0.33355625 0.1696015625 0.31765 0.1660765625 0.30505781249999997 0.1572640625 0.2964421875 0.1502140625 0.2878265625 0.1378765625 0.2865015625
0 0.2427453125 0.4548375 0.2378984375 0.43495625000000004 0.23040781250000003 0.42037500000000005 0.2215953125 0.409109375 0.2079359375 0.4077828125 0.1951578125 0.41374843749999995 0.1837015625 0.43031718750000003 0.1775328125 0.44887343749999997 0.1759578125 0.47458125000000007 0.1779734375 0.48665 0.1806171875 0.49857968750000003 0.1881078125 0.5098453125 0.1969203125 0.5197875 0.2066140625 0.5270765625 0.21983281250000003 0.5257515625 0.22688281250000003 0.5177984375 0.23525468749999998 0.5078578125 0.2405421875 0.493940625 0.2431859375 0.4747203125 0.2427453125 0.4548375
0 0.2854875 0.2851765625 0.2656578125 0.28915156249999996 0.2533203125 0.3030703125 0.2467109375 0.3289171875 0.24582968749999998 0.3560890625 0.2489140625 0.3832625 0.25948906250000003 0.40248125 0.27050625 0.409771875 0.28504687500000003 0.409771875 0.29518125 0.4057953125 0.30575625 0.393203125 0.31280625 0.37332031250000003 0.31633125 0.3534390625 0.31633125 0.33223125 0.311925 0.31234843749999996 0.300028125 0.2944546875 0.2854875 0.2851765625
0 0.300028125 0.427003125 0.29165625 0.43893281249999994 0.28725 0.45218749999999996 0.285928125 0.47008124999999995 0.28813125 0.4906265625 0.2955171875 0.5043875 0.30619687500000003 0.5131593750000001 0.3172125 0.5158109375000001 0.329990625 0.513821875 0.33792187500000004 0.50586875 0.345853125 0.48598749999999996 0.346734375 0.46742968749999997 0.34365 0.446221875 0.33792187500000004 0.43296718749999996 0.32734687500000004 0.42302656250000004 0.314128125 0.42236406249999997 0.300028125 0.427003125
0 0.292978125 0.5337046875 0.2802 0.530390625 0.2656578125 0.5330421875 0.2542015625 0.545634375 0.24715156249999998 0.5628656249999999 0.24450781250000003 0.582084375 0.24703124999999998 0.6070546875 0.2519984375 0.6264890624999999 0.25948906250000003 0.6377546875 0.269184375 0.6470343749999999 0.282403125 0.648359375 0.294740625 0.6457078125 0.30575625 0.633778125 0.31280625 0.615221875 0.31545 0.5860609375 0.311925 0.5588890625 0.30223125 0.5429828125 0.292978125 0.5337046875
0 0.1510953125 0.5158109375000001 0.135671875 0.5211125 0.123334375 0.5409953125 0.11936875 0.564853125 0.11920781250000001 0.5904953125 0.12069062500000001 0.5920265625 0.133028125 0.6165468749999999 0.1480109375 0.6291390625 0.1647546875 0.6271515625 0.1748890625 0.615884375 0.1823796875 0.5940140625 0.1823796875 0.57280625 0.1792953125 0.5522609375 0.1731265625 0.5343671875 0.1638734375 0.5211125 0.1510953125 0.5158109375000001
0 0.06737499999999999 0.6397437499999999 0.062528125 0.6523359375 0.060765625000000004 0.67619375 0.06384999999999999 0.7000531249999999 0.06825624999999999 0.7139703125 0.07706874999999999 0.7259 0.08852499999999999 0.731865625 0.1015765625 0.7295906249999999 0.11055625 0.7199359375000001 0.11716562500000001 0.7046921875 0.11936875 0.683484375 0.1184875 0.665590625 0.11584375 0.650346875 0.11055625 0.6397437499999999 0.10174375 0.630465625 0.091609375 0.623175 0.083678125 0.623175 0.07354374999999999 0.631128125 0.06737499999999999 0.6397437499999999
0 0.1845828125 0.67288125 0.1841421875 0.7027046875 0.1891796875 0.7287625 0.1911921875 0.735178125 0.20000468749999997 0.7524093749999999 0.21762968749999997 0.7557234375 0.23657656249999998 0.749096875 0.2467109375 0.7219234375 0.2462703125 0.6887859375 0.2392203125 0.6602890625 0.22600156249999998 0.6430578125 0.20837656249999997 0.63908125 0.1925140625 0.649684375 0.1845828125 0.67288125
0 0.303553125 0.7305390625 0.318975 0.7365046875 0.33187968749999996 0.73041875 0.3418875 0.715296875 0.3454125 0.6914374999999999 0.342328125 0.6682421875 0.3348375 0.651009375 0.32382187500000004 0.6417312500000001 0.310603125 0.6443828125 0.298265625 0.649684375 0.290775 0.6622765625 0.290775 0.6861359375 0.290775 0.70866875 0.303553125 0.7305390625
0 0.5955859375 0.5036234375 0.6078 0.5040609375 0.61576875 0.499015625 0.6185609375000001 0.4900640625 0.6211781249999999 0.47737968750000004 0.6208875 0.4611953125 0.6182703125 0.448071875 0.612453125 0.43976249999999995 0.6051828125000001 0.437575 0.5958765625 0.43976249999999995 0.5862796875 0.452884375 0.5839531250000001 0.46775625 0.5851171875000001 0.48831406250000003 0.5955859375 0.5036234375
0 0.6051828125000001 0.41045468749999997 0.60721875 0.42182812500000005 0.613034375 0.43057656250000004 0.62195 0.43180312499999995 0.6229234375 0.4301390625 0.631065625 0.4253265625 0.6345562499999999 0.41832812500000005 0.6363000000000001 0.40433125 0.6351375 0.3855234375 0.6284484375 0.37677499999999997 0.6208875 0.37327499999999997 0.6139078125 0.3759 0.6083828125 0.3842109375 0.6051828125000001 0.3973328125 0.6051828125000001 0.41045468749999997
0 0.6485140625 0.38902187499999996 0.6473515625 0.40826874999999996 0.6508406250000001 0.424453125 0.6586765625 0.43180312499999995 0.659565625 0.4323265625 0.665090625 0.4318890625 0.6709078125 0.4262015625 0.6746875 0.41657968749999996 0.6761421875 0.40433125 0.6758515625 0.392521875 0.6729437500000001 0.3828984375 0.66858125 0.3754625 0.6627640625 0.3724 0.6549125 0.3763375 0.6485140625 0.38902187499999996
0 0.6819578125 0.41045468749999997 0.682540625 0.42182812500000005 0.6866109375 0.43101406249999996 0.6924953125 0.43398906249999997 0.697953125 0.4318890625 0.702315625 0.4301390625 0.707259375 0.41789062499999996 0.7090046875 0.40520625 0.7084234375 0.392521875 0.7046421875 0.3842109375 0.6994078125 0.3789625 0.692428125 0.3798359375 0.6871937499999999 0.3833359375 0.682540625 0.3960203125 0.6819578125 0.41045468749999997
0 0.7151109375 0.421390625 0.7188921875000001 0.43145156250000005 0.7274046875 0.43508125 0.7284890625 0.4336375 0.735759375 0.4297015625 0.740703125 0.418765625 0.740703125 0.4100171875 0.7386671875 0.3977703125 0.7372140625 0.38727187500000004 0.7311062500000001 0.3833359375 0.7241265625 0.38377343750000004 0.7186015625 0.392959375 0.7151109375 0.40651875000000004 0.7151109375 0.421390625
0 0.6293203125 0.49400000000000005 0.635428125 0.4988125 0.6432796875 0.4988125 0.648859375 0.49191250000000003 0.6537499999999999 0.4756296875 0.6537499999999999 0.4625078125 0.6517140625 0.45244687499999997 0.6482234375 0.4432609375 0.641534375 0.43976249999999995 0.635428125 0.44107343749999994 0.631065625 0.4476359375 0.627284375 0.45419687499999994 0.626121875 0.47169218749999997 0.6264125 0.485690625 0.6293203125 0.49400000000000005
0 0.6621828125 0.4865640625 0.668871875 0.496625 0.6779499999999999 0.49737656250000006 0.6854484375000001 0.49268906250000005 0.68835625 0.484815625 0.6903921875 0.46775625 0.6903921875 0.453321875 0.6871937499999999 0.4428234375 0.6802140624999999 0.43713749999999996 0.6729437500000001 0.43801249999999997 0.6668359374999999 0.4428234375 0.6624734375 0.452009375 0.6604375 0.46950624999999996 0.6621828125 0.4865640625
0 0.6991171875 0.47038125 0.701153125 0.4878765625 0.707040625 0.49737656250000006 0.707840625 0.4970625 0.717146875 0.49749999999999994 0.7244171875000001 0.4905015625 0.7276171875 0.4769421875 0.7276171875 0.4616328125 0.725290625 0.449384375 0.7206375 0.44194843749999996 0.7124937499999999 0.43976249999999995 0.7069687499999999 0.4441359375 0.7014437499999999 0.451134375 0.6991171875 0.47038125
0 0.744775 0.49793750000000003 0.75176875 0.49300468750000004 0.7561171875 0.4778171875 0.7564078125 0.46469375 0.755534375 0.453321875 0.7508812500000001 0.4476359375 0.7444843750000001 0.4428234375 0.7389578125 0.4432609375 0.734596875 0.455509375 0.7328515624999999 0.4721296875 0.7331421875 0.48612656249999997 0.7377953125000001 0.49574999999999997 0.744775 0.49793750000000003
0 0.76833125 0.4944375 0.7761312499999999 0.49519062500000005 0.7779281250000001 0.49356406249999996 0.78258125 0.48612656249999997 0.7849078125 0.47475468750000005 0.7849078125 0.4611953125 0.782871875 0.4471984375 0.7767640625000001 0.4406359375 0.7689125 0.4432609375 0.7633875 0.451134375 0.7625140625 0.46644375 0.7628046875 0.48350312500000003 0.76833125 0.4944375