0 0.929296875 0.668359375 0.13671875 0.21171875
0 0.08359375 0.673046875 0.1421875 0.21484375
0 0.66484375 0.67578125 0.1453125 0.2203125
0 0.36875 0.676171875 0.146875 0.22109375
0 0.515625 0.675 0.146875 0.225
0 0.36953125 0.293359375 0.1453125 0.21484375
0 0.669921875 0.294140625 0.14296875 0.22265625
0 0.517578125 0.29375 0.14453125 0.2125
0 0.0875 0.303515625 0.140625 0.21640625
0 0.92578125 0.308203125 0.1296875 0.20703125
0 0.591015625 0.48359375 0.14453125 0.2203125
0 0.441796875 0.48203125 0.14296875 0.2171875
0 0.294921875 0.482421875 0.14921875 0.22109375
0 0.042578125 0.484765625 0.08515625 0.21015625
0 0.741796875 0.483984375 0.14296875 0.22734375
0 0.866796875 0.4890625 0.11796875 0.209375
0 0.966015625 0.4890625 0.06640625 0.209375
0 0.1578125 0.490234375 0.13125 0.21484375