0 0.46015625 0.2265625 0.2078125 0.284375
0 0.66171875 0.21875 0.2046875 0.278125
0 0.8625 0.21328125 0.20625 0.2828125
0 0.92265625 0.42578125 0.1546875 0.2609375
0 0.7515625 0.44140625 0.2 0.2609375
0 0.55546875 0.45 0.2046875 0.25625
0 0.35859375 0.4515625 0.2140625 0.278125
0 0.02890625 0.440625 0.0578125 0.25
0 0.265625 0.68515625 0.2125 0.2609375
0 0.45546875 0.66796875 0.2046875 0.2578125
0 0.65859375 0.6625 0.1953125 0.246875
0 0.84140625 0.6546875 0.1984375 0.253125
0 0.96640625 0.65625 0.0671875 0.24375
0 0.08671875 0.66328125 0.1734375 0.2578125
0 0.17578125 0.8953125 0.2015625 0.209375
0 0.35703125 0.88671875 0.1984375 0.2265625
0 0.56015625 0.8734375 0.1984375 0.240625
0 0.74765625 0.86015625 0.1953125 0.2390625
0 0.92421875 0.8640625 0.1515625 0.240625
0 0.046875 0.88671875 0.09375 0.2265625
0 0.83671875 0.96953125 0.1671875 0.0609375
0 0.65390625 0.96953125 0.1609375 0.0578125