0 0.12578125 0.93046875 0.1453125 0.1390625
0 0.27421875 0.93046875 0.1546875 0.1390625
0 0.07421875 0.25234375 0.1484375 0.2640625
0 0.3265625 0.234375 0.159375 0.271875
0 0.4875 0.22421875 0.15625 0.2640625
0 0.64453125 0.2078125 0.1546875 0.271875
0 0.80390625 0.18828125 0.1546875 0.2796875
0 0.4359375 0.91328125 0.15625 0.1734375
0 0.1921875 0.09765625 0.159375 0.1859375
0 0.59453125 0.8984375 0.1546875 0.2
0 0.7515625 0.8921875 0.153125 0.215625
0 0.9125 0.88125 0.153125 0.2375
0 0.05546875 0.76796875 0.1109375 0.2859375
0 0.18671875 0.76796875 0.1609375 0.2859375
0 0.3484375 0.7234375 0.15625 0.275
0 0.50703125 0.71328125 0.1546875 0.2859375
0 0.6625 0.690625 0.15625 0.284375
0 0.83046875 0.67890625 0.1609375 0.2890625
0 0.0984375 0.52734375 0.15625 0.2859375
0 0.259375 0.48671875 0.165625 0.2828125
0 0.41796875 0.47265625 0.1546875 0.2765625
0 0.57421875 0.45625 0.1546875 0.28125
0 0.7359375 0.4375 0.159375 0.284375
0 0.89140625 0.42109375 0.1515625 0.2796875