0 0.21535 0.23914531249999998 0.19778281250000002 0.22075781249999998 0.1862953125 0.20817812500000002 0.16670156249999998 0.202371875 0.15386249999999999 0.2014046875 0.157240625 0.2352734375 0.15994375 0.2643046875 0.15386249999999999 0.294303125 0.14710625 0.31462500000000004 0.17210625 0.33494687500000003 0.18967499999999998 0.329140625 0.20589062500000002 0.3136578125 0.2167015625 0.2914 0.2187296875 0.265271875 0.21535 0.23914531249999998
0 0.3261625 0.3050984375 0.3085953125 0.3080015625 0.29237812500000004 0.318646875 0.27481093749999996 0.344775 0.26940624999999996 0.381546875 0.273459375 0.40767499999999995 0.291028125 0.42025625 0.32008281250000004 0.4328359375 0.3457578125 0.45025468750000003 0.35656875 0.439609375 0.36873125 0.40864375 0.3734609375 0.382515625 0.3694078125 0.35541875 0.359946875 0.3341296875 0.34440624999999997 0.31574375 0.3261625 0.3050984375
0 0.3572453125 0.48896249999999997 0.3504875 0.46670468749999994 0.33494687500000003 0.451221875 0.316028125 0.44831875 0.2960140625 0.445115625 0.26940624999999996 0.47347968749999997 0.25859375 0.4967046875 0.25791875000000003 0.5267031249999999 0.261296875 0.5518625 0.2714328125 0.58089375 0.3004875 0.596378125 0.31873125 0.5944421875 0.340353125 0.5818625 0.3504875 0.5654109375 0.3572453125 0.54605625 0.359271875 0.520896875 0.3572453125 0.48896249999999997
0 0.408275 0.5315234375 0.395490625 0.5200265625 0.3874640625 0.51576875 0.3749765625 0.5127890625 0.36486874999999996 0.5149171875 0.3639765625 0.5196015625 0.3639765625 0.5366328125 0.3601125 0.5502578125 0.354165625 0.564734375 0.3458421875 0.5800640625 0.33061875 0.592128125 0.3330578125 0.625196875 0.341084375 0.6392484375 0.3601125 0.6579828125 0.37765312500000003 0.658409375 0.3981671875 0.6503187500000001 0.4139234375 0.6345640625 0.419275 0.6230687500000001 0.42403281249999997 0.6009265625 0.423734375 0.5753796875 0.419275 0.554090625 0.408275 0.5315234375
0 0.51233125 0.6873625 0.51649375 0.66735 0.5170874999999999 0.645634375 0.512628125 0.626475 0.5025203125 0.614553125 0.4918171875 0.60348125 0.4796890625 0.5963828125 0.4620875 0.5992234375 0.44187031250000003 0.613275 0.43235625000000005 0.6358421875 0.42432968750000005 0.6592609375 0.42551875 0.6865109375 0.43027499999999996 0.7052453125 0.4457359375 0.7252578125 0.4617890625 0.7354765624999999 0.477546875 0.7324953125 0.4944921875 0.72440625 0.5034125 0.7065234375 0.51233125 0.6873625
0 0.5717921875 0.5565781249999999 0.5747640625 0.5335859375 0.5717921875 0.51059375 0.5637640625 0.4841953125 0.5447375 0.4675890625 0.525709375 0.461628125 0.5010328125 0.4663109375 0.48676250000000004 0.4812140625 0.4784390625 0.5012265625000001 0.47397968749999997 0.5246453125 0.4730875 0.5535984375 0.48319531250000003 0.5774421875 0.4944921875 0.5949 0.506384375 0.60469375 0.519465625 0.608525 0.5358171875 0.60469375 0.551871875 0.5923453125 0.564359375 0.5731843750000001 0.5717921875 0.5565781249999999
0 0.5245203125 0.653790625 0.519465625 0.6657140625 0.5144124999999999 0.6857249999999999 0.510546875 0.7057375 0.5087640625 0.7231953125 0.5218453125 0.751296875 0.5438453125 0.7636453125 0.5700078125 0.7674765625 0.586359375 0.7534265625 0.5958734375 0.7287296875 0.595278125 0.697221875 0.5851703125000001 0.6708234375 0.5714937499999999 0.65549375 0.5539531249999999 0.6422953125 0.5378984375 0.64144375 0.5245203125 0.653790625
0 0.54325 0.7735046875 0.5280875 0.77478125 0.5138171875 0.7888328125 0.5043031250000001 0.8126765625000001 0.49657343750000005 0.8365203125 0.49419531250000004 0.8586625 0.49568124999999996 0.8850609374999999 0.5046015625 0.9025187499999999 0.51649375 0.9072015625000001 0.538196875 0.919975 0.5593046875 0.9131625 0.5765484375 0.8957062499999999 0.5851703125000001 0.8680296875 0.58814375 0.8429078125 0.58398125 0.8160828125 0.575359375 0.7918125 0.56198125 0.7790390625 0.54325 0.7735046875
0 0.3853828125 0.81998125 0.37586875000000003 0.831903125 0.357734375 0.86000625 0.35654375 0.8770374999999999 0.352084375 0.9102484375 0.3571390625 0.936221875 0.3681390625 0.9515499999999999 0.42878906250000004 0.9481437500000001 0.43978906249999994 0.9289828124999999 0.44960000000000006 0.90769375 0.45316718749999996 0.8872562500000001 0.4457359375 0.8608578124999999 0.44008593749999997 0.838290625 0.43205937499999997 0.824665625 0.4177890625 0.8152984375000001 0.4005453125 0.8165749999999999 0.3853828125 0.81998125
0 0.42125 0.7113546875 0.42376874999999997 0.695478125 0.4167140625 0.6745484375 0.398575 0.6658890625 0.368340625 0.6680546875 0.35624687499999996 0.6680546875 0.3436484375 0.6536203125 0.328028125 0.6673328125 0.3068640625 0.69186875 0.29477031249999996 0.706303125 0.30081718749999997 0.7330046875 0.318453125 0.7575421875 0.3391140625 0.760428125 0.3610328125 0.7496031249999999 0.37841874999999997 0.7344484375 0.3854734375 0.7250656249999999 0.39807031249999997 0.7214578125 0.41570625000000005 0.7200140625 0.42125 0.7113546875
0 0.19650937500000001 0.6745484375 0.186934375 0.669496875 0.17433749999999998 0.660115625 0.1640484375 0.649296875 0.1511578125 0.6572281249999999 0.1264671875 0.670940625 0.115884375 0.694034375 0.117396875 0.7243453125 0.1365453125 0.760428125 0.15770937499999998 0.77341875 0.1894546875 0.7806359375 0.2065875 0.764759375 0.21616093749999998 0.7344484375 0.215153125 0.6961999999999999 0.208603125 0.680321875 0.19650937500000001 0.6745484375
0 0.24941874999999997 0.566296875 0.23329375 0.5540296875 0.21319531249999998 0.54561875 0.18844687499999999 0.54825625 0.17433749999999998 0.566296875 0.1647640625 0.592278125 0.1627484375 0.61609375 0.1677875 0.6413515624999999 0.18391249999999998 0.66228125 0.19802031250000002 0.668775 0.2181765625 0.670940625 0.237325 0.658671875 0.24992343749999998 0.63485625 0.2544578125 0.60238125 0.24941874999999997 0.566296875
0 0.8035890625000001 0.60850625 0.77990625 0.5926296875 0.7727062499999999 0.5870890625 0.7506796875 0.584690625 0.721453125 0.6121140625 0.7073437499999999 0.6445890624999999 0.704825 0.6821171875 0.7138953124999999 0.718921875 0.7395937499999999 0.74418125 0.76378125 0.7492328125000001 0.7839375000000001 0.7398515625 0.7995578125 0.7225312500000001 0.808628125 0.698715625 0.8116515625 0.649640625 0.8035890625000001 0.60850625
0 0.8842140625000001 0.6113921875 0.8746390625 0.6229390625 0.869096875 0.642425 0.8640578124999999 0.675621875 0.8685937499999999 0.7124265624999999 0.8897562499999999 0.7348 0.9184796875 0.7391296875 0.9371234375 0.720365625 0.950225 0.698715625 0.9517374999999999 0.6561359375 0.944178125 0.6150015625 0.917975 0.59768125 0.89933125 0.6034546875 0.8842140625000001 0.6113921875
0 0.935359375 0.495203125 0.9184796875 0.5002546875 0.9028578125 0.5255124999999999 0.8955515625 0.5536578125 0.8988265625 0.582525 0.9063859375 0.595515625 0.925534375 0.59768125 0.9371234375 0.604896875 0.952240625 0.6243828125 0.9608078125 0.620775 0.9708859375 0.5998453125000001 0.9799562500000001 0.5659265625 0.9794515625000001 0.541390625 0.968365625 0.5146875 0.95425625 0.5009765625 0.935359375 0.495203125
0 0.772346875 0.5282875 0.7874640625 0.5607624999999999 0.8079906250000001 0.5735671875 0.8302968749999999 0.5672578125000001 0.8459171874999999 0.5506593750000001 0.8549875 0.5261218750000001 0.8580109374999999 0.49436875 0.852971875 0.46910937500000005 0.83483125 0.4452953125 0.8182031249999999 0.4337484375 0.7975421875 0.4445734375 0.7794015625 0.4633359375 0.7733546875 0.4900390625 0.772346875 0.5282875
0 0.8559953124999999 0.42569687500000003 0.8625468749999999 0.4545640625 0.8726234375 0.47404999999999997 0.8907640625000001 0.4899265625 0.9189828125 0.484875 0.9366203125 0.4682765625 0.9446828125 0.435078125 0.9477062500000001 0.402603125 0.937628125 0.3737359375 0.9260375 0.3520859375 0.90739375 0.348478125 0.8917718750000001 0.3499203125 0.8726234375 0.3650765625 0.8564999999999999 0.39394375 0.8559953124999999 0.42569687500000003
0 0.8297921875000001 0.2616515625 0.8318078124999999 0.2948484375 0.8403750000000001 0.3215515625 0.8554921875 0.33815 0.8798203125 0.329246875 0.8842140625000001 0.33815 0.9008421875 0.3316546875 0.9124328125 0.3186640625 0.9149515625 0.2999 0.9129359375 0.26959062500000003 0.911425 0.2400015625 0.89933125 0.22123750000000003 0.881190625 0.2082484375 0.8600265625000001 0.2133 0.8444062499999999 0.22628906249999997 0.8297921875000001 0.2616515625
0 0.74765625 0.3865015625 0.7652921874999999 0.414646875 0.7859375 0.41940156249999994 0.8111484375 0.405265625 0.8252578125 0.3771203125 0.8277765625000001 0.3554703125 0.8242499999999999 0.32515937500000003 0.8156828125000001 0.302065625 0.808628125 0.28691093749999996 0.7849453125 0.2753640625 0.7607578125 0.27825 0.7385859375 0.3201078125 0.7365703124999999 0.35474843749999996 0.74765625 0.3865015625
0 0.5370250000000001 0.27980625 0.538284375 0.313725 0.5521421875 0.34547812499999997 0.582421875 0.3608 0.5909421874999999 0.36207656250000003 0.6131140625 0.3404265625 0.6247046875 0.3202203125 0.6292390625000001 0.29640468750000004 0.6242 0.25887812499999996 0.619665625 0.23434062500000002 0.6000125 0.222071875 0.57985625 0.21557656249999999 0.56373125 0.2285671875 0.5425671875 0.24444375 0.5370250000000001 0.27980625
0 0.6319312499999999 0.2582625 0.6371421875000001 0.280209375 0.636221875 0.2995234375 0.6319312499999999 0.31181562500000004 0.673921875 0.340346875 0.6962953125 0.3181796875 0.6999734375 0.295134375 0.6996671875 0.2617734375 0.691084375 0.23763125000000002 0.681584375 0.2205109375 0.6653390625 0.2090984375 0.6503203125 0.2060265625 0.6297859375 0.21261093749999999 0.6224296875 0.2323640625 0.6319312499999999 0.2582625
0 0.514009375 0.3428375 0.5069578124999999 0.3135515625 0.49497187499999995 0.293859375 0.481221875 0.279721875 0.46782500000000005 0.2746734375 0.43926875 0.28679062499999997 0.42551875 0.3110265625 0.41740937499999997 0.329709375 0.4177625 0.357984375 0.42164062500000005 0.384240625 0.452665625 0.42008906250000005 0.469940625 0.42059375 0.48897812500000004 0.409990625 0.5020234375 0.39130937499999996 0.5111890625 0.3670734375 0.514009375 0.3428375
0 0.458659375 0.1646015625 0.4558375 0.20045000000000002 0.4593640625 0.2216578125 0.4724078125 0.23832031250000002 0.481221875 0.2544765625 0.49391406250000003 0.2595265625 0.5136578125 0.2605359375 0.5348109375 0.24589375000000002 0.546796875 0.218628125 0.552790625 0.1888375 0.5499703125 0.1575328125 0.5425671875 0.141375 0.5309328125 0.1287515625 0.5129515625 0.114109375 0.49461875 0.1136046875 0.47875468750000005 0.1206734375 0.469940625 0.13834531249999998 0.458659375 0.1646015625
0 0.3839171875 0.0641234375 0.36910937499999996 0.08684375 0.367346875 0.11511875 0.36435 0.1555125 0.38003906249999997 0.173184375 0.4004359375 0.1918796875 0.4202296875 0.19691562499999998 0.4364484375 0.1893421875 0.448434375 0.17470000000000002 0.46006875 0.1565234375 0.465709375 0.13683125000000002 0.46641562499999994 0.1136046875 0.462184375 0.0888640625 0.45019687499999994 0.0656375 0.43327499999999997 0.0509953125 0.413884375 0.04695625 0.3976671875 0.050490625 0.3839171875 0.0641234375
0 0.29154843750000003 0.2438734375 0.29295781249999997 0.27416874999999996 0.2999265625 0.2972171875 0.3208109375 0.2973953125 0.3384375 0.3019390625 0.3610015625 0.3115328125 0.36910937499999996 0.28830625 0.37193125 0.2605359375 0.3687578125 0.23832031250000002 0.3557125 0.213578125 0.33914374999999997 0.2034796875 0.3225734375 0.201965625 0.3028296875 0.21256875000000003 0.29154843750000003 0.2438734375
0 0.5270546875 0.11655625 0.5425671875 0.1352375 0.549265625 0.1503859375 0.5569328125 0.17800312499999998 0.5707703125 0.1635125 0.5788796875 0.1428109375 0.579584375 0.1155453125 0.5764109375 0.09484375 0.5672453125 0.075153125 0.5542 0.0635390625 0.5341046875 0.055460937499999995 0.5168296875 0.06606406249999999 0.5041375 0.082221875 0.4995546875 0.1039328125 0.5136578125 0.10595312500000001 0.5270546875 0.11655625
0 0.5629062499999999 0.0642453125 0.57555 0.082603125 0.57948125 0.0849625 0.5921390625 0.088846875 0.6047953125000001 0.077625 0.6162484375 0.0569078125 0.622878125 0.027990625 0.6171515624999999 0.00036875 0.551153125 0 0.5481390625 0.0141796875 0.544825 0.035759374999999996 0.5499468750000001 0.053456250000000004 0.5629062499999999 0.0642453125
0 0.611125 0.17689531249999998 0.614740625 0.1589828125 0.611125 0.12855468750000001 0.5999734375 0.106975 0.59063125 0.0931640625 0.578878125 0.088415625 0.582796875 0.10524843749999999 0.5846046874999999 0.12941875 0.5818921875 0.148840625 0.5680296874999999 0.17171562499999998 0.55476875 0.179484375 0.5541671874999999 0.201928125 0.5716453125000001 0.2105609375 0.5921390625 0.21271874999999998 0.5990703125 0.20451718749999998 0.611125 0.17689531249999998
0 0.610521875 0.118628125 0.6177546875 0.1384828125 0.6204671875 0.1600625 0.614740625 0.186821875 0.6072031250000001 0.206075 0.6204671875 0.2140125 0.6310140625 0.208834375 0.6509046875 0.20235937499999998 0.664465625 0.20495000000000002 0.6671781250000001 0.1924328125 0.671396875 0.16480937499999998 0.666575 0.1384828125 0.660246875 0.12380781249999999 0.6448765625 0.1091328125 0.6231796875 0.10999531250000001 0.610521875 0.118628125