0 0.4015625 0.8 0.171875 0.346875
0 0.553125 0.54140625 0.15625 0.3640625
0 0.57578125 0.2875 0.1359375 0.284375
0 0.68125 0.30546875 0.109375 0.2140625
0 0.7859375 0.3328125 0.10625 0.203125
0 0.68984375 0.56171875 0.1390625 0.3328125
0 0.8 0.56171875 0.109375 0.2984375
0 0.8921875 0.57265625 0.09375 0.2890625
0 0.96875 0.5703125 0.0625 0.25
0 0.87578125 0.1640625 0.1015625 0.271875
0 0.95859375 0.196875 0.0828125 0.25
0 0.88359375 0.3703125 0.0890625 0.165625
0 0.9609375 0.3828125 0.078125 0.15625
0 0.56953125 0.8265625 0.1359375 0.25625
0 0.70078125 0.815625 0.1171875 0.246875
0 0.809375 0.8015625 0.096875 0.225
0 0.9 0.79921875 0.09375 0.2140625
0 0.96953125 0.78203125 0.0609375 0.2046875