0 0.10723125 0.335371875 0.12954375 0.2862140625 0.09781875 0.268734375 0.0259421875 0.2654578125 0.0019828124999999998 0.277475 0.0036953125000000002 0.45663125000000004 0.04134375 0.4752015625 0.0712921875 0.49705000000000005 0.1183546875 0.4806640625 0.1311890625 0.4664625 0.11493125 0.43805937500000003 0.106375 0.38890156249999996 0.1046640625 0.3528515625 0.10723125 0.335371875
0 0.323715625 0.399825 0.3254265625 0.336465625 0.312590625 0.29495312500000004 0.2834984375 0.25671875 0.23985937499999999 0.2359625 0.16805781250000001 0.2632734375 0.1457359375 0.2752890625 0.130334375 0.3080625 0.1183546875 0.336465625 0.11493125 0.371421875 0.11664375 0.402009375 0.1277671875 0.45007656249999994 0.1500140625 0.48721875 0.18851875 0.5057890625 0.23387031249999998 0.5090671875 0.29291093749999997 0.48612656249999997 0.322003125 0.4304125 0.323715625 0.399825
0 0.1491578125 0.218484375 0.17910625 0.167140625 0.18851875 0.11033437500000001 0.184240625 0.0578984375 0.1628484375 0.002371875 0 0.006742187500000001 0.002875 0.24470156250000002 0.047334375 0.253440625 0.1046640625 0.2556265625 0.1491578125 0.218484375
0 0.2604921875 0.0012796875 0.23643593749999997 0.0427921875 0.2287359375 0.10287500000000001 0.2432828125 0.17934375 0.29205468749999997 0.247075 0.34510625 0.2558140625 0.3930234375 0.243796875 0.432384375 0.1990078125 0.4477875 0.14875624999999998 0.4546328125 0.105059375 0.441796875 0.0395140625 0.4169828125 0.006742187500000001 0.2604921875 0.0012796875
0 0.45634375 0.0373296875 0.45292031250000003 0.069009375 0.459765625 0.1454796875 0.48115781249999995 0.177159375 0.529075 0.20337812500000002 0.56586875 0.1935453125 0.6043734374999999 0.15749531249999998 0.6189203125 0.128 0.6214875 0.09304375000000001 0.6026625 0.0089265625 0.47360468750000007 0.0012796875 0.45634375 0.0373296875
0 0.737003125 0.3148046875 0.7327250000000001 0.247075 0.717321875 0.2011921875 0.65248125 0.156403125 0.6146421875 0.15968125 0.5513234375 0.2088390625 0.5367765624999999 0.259090625 0.5367765624999999 0.279846875 0.552178125 0.321359375 0.562446875 0.351946875 0.562446875 0.37925624999999996 0.5761375 0.3989203125 0.6163531250000001 0.4196765625 0.6651265625 0.4120296875 0.7104765625 0.37379531250000003 0.737003125 0.3148046875
0 0.744703125 0.44152500000000006 0.68158125 0.44261718749999995 0.6591375 0.45463437500000003 0.6411671875 0.48522187499999997 0.6334671875 0.5223640625 0.6334671875 0.5627828125 0.6480125 0.599925 0.6591375 0.6174046875 0.7044875 0.6294203125 0.7532609375 0.61521875 0.7772187500000001 0.5682453125 0.783209375 0.5278265625 0.772084375 0.474296875 0.744703125 0.44152500000000006
0 0.9218265625000001 0.207746875 0.86963125 0.202284375 0.8319812499999999 0.22304062500000002 0.8039703125000001 0.247075 0.7806421875 0.30060312499999997 0.772084375 0.3355609375 0.76951875 0.392365625 0.791765625 0.44917187500000005 0.8345484375 0.4863140625 0.8935906250000001 0.48194375 0.9543421875 0.4295078125 0.9783015625000001 0.382534375 0.9860015625 0.33119062499999996 0.9825796875 0.279846875 0.9646109375 0.2427046875 0.9218265625000001 0.207746875
0 1 0.4174921875 0.97915625 0.44370937499999996 0.9466421875 0.474296875 0.9124140625000001 0.5387500000000001 0.9098484375 0.6097578125 0.9688890625000001 0.6783453125000001 0.992846875 0.6827156249999999 1 0.6816234375 1 0.4174921875
0 0.9389406250000001 0.6532203125 0.9072812499999999 0.64448125 0.845053125 0.6554046875 0.823425 0.672884375 0.792621875 0.7143953125 0.792621875 0.757 0.790909375 0.7996046875 0.8011781250000001 0.8323765625 0.8354046875 0.8542249999999999 0.868775 0.8673343750000001 0.9269609375 0.8400234375 0.9560531250000001 0.7974187500000001 0.966321875 0.7613703125 0.9637546875 0.703471875 0.9389406250000001 0.6532203125
0 0.6394562500000001 0.8520406250000001 0.6617046875 0.8531328125 0.699353125 0.8389312500000001 0.7198890625 0.80834375 0.740425 0.770109375 0.740425 0.718765625 0.727590625 0.6892703124999999 0.7087656250000001 0.656496875 0.681384375 0.64994375 0.651625 0.646665625 0.649725 0.6685140625 0.64886875 0.6761609375 0.6394562500000001 0.703471875 0.626621875 0.7264125 0.6103640625 0.754815625 0.5915390625 0.77229375 0.5718593750000001 0.775571875 0.5812703124999999 0.8017890624999999 0.5966734375 0.8247296875 0.6137859375 0.836746875 0.6394562500000001 0.8520406250000001
0 0.635178125 0.6849000000000001 0.6463015624999999 0.6346484375 0.6368890625 0.5811203125 0.6172093750000001 0.5407015625 0.5728859374999999 0.503559375 0.5282203125 0.49700468750000004 0.4931375 0.5079281250000001 0.47345625 0.5275921875 0.450353125 0.5592718750000001 0.43495156250000006 0.6095234375 0.42810625 0.64994375 0.44008593749999997 0.7045640625 0.46233281249999997 0.74170625 0.5230859375 0.774478125 0.579559375 0.7679234375 0.6146421875 0.7296890625 0.635178125 0.6849000000000001
0 0.4161265625 0.235915625 0.37248749999999997 0.256671875 0.3331265625 0.3167546875 0.331415625 0.43910625000000003 0.3750546875 0.5024671875 0.42725 0.5297765625 0.5093953124999999 0.4991890625 0.5453328125 0.4576765625 0.55816875 0.380115625 0.525653125 0.277428125 0.46761406250000004 0.235915625 0.4161265625 0.235915625
0 0.2834984375 0.5581796875 0.29376718749999997 0.6029687499999999 0.3202921875 0.6401109375 0.351096875 0.6586828125 0.387034375 0.659775 0.42725 0.621540625 0.4392296875 0.5428859375 0.360509375 0.5068359375 0.3246828125 0.4587703125 0.2912 0.5079281250000001 0.2834984375 0.5581796875
0 0.38275625 0.7067484375 0.397303125 0.7712015625 0.44008593749999997 0.8006968750000001 0.4991265625 0.78321875 0.469178125 0.754815625 0.441796875 0.7264125 0.42981718750000003 0.6936390625 0.42553906250000006 0.6717906250000001 0.420540625 0.6379265625 0.395590625 0.66414375 0.38275625 0.7067484375
0 0.15258125 0.49044999999999994 0.1157875 0.4860796875 0.06021875 0.5122984374999999 0.0362109375 0.5559953125 0.0250859375 0.59750625 0.0310765625 0.6663296875 0.055890625000000006 0.7023796875 0.0901171875 0.724228125 0.139746875 0.739521875 0.18081875 0.7165812500000001 0.211621875 0.6816234375 0.22702499999999998 0.6204484375 0.2193234375 0.5592718750000001 0.194509375 0.5210375 0.15258125 0.49044999999999994
0 0.192796875 0.8225453125 0.15258125 0.8389312500000001 0.1363234375 0.8673343750000001 0.1269109375 0.908846875 0.1346125 0.9558203125 0.2971890625 0.9569124999999999 0.294621875 0.9175859375 0.2886328125 0.87498125 0.25878125 0.8454859375 0.23301406249999998 0.8258218749999999 0.192796875 0.8225453125
0 0.3006125 0.8804437500000001 0.30317812499999997 0.9427109375 0.3074578125 0.9547281249999999 0.452065625 0.9547281249999999 0.452065625 0.9143078125 0.4477875 0.877165625 0.424684375 0.8454859375 0.3887453125 0.8323765625 0.3435125 0.8400234375 0.3117359375 0.8607796875 0.3006125 0.8804437500000001
0 0.4777359375 0.9186781249999999 0.48030156249999995 0.9525421875 0.6591375 0.9558203125 0.6591375 0.9186781249999999 0.645446875 0.8662421874999999 0.599240625 0.83346875 0.5403625 0.8389312500000001 0.515384375 0.857503125 0.49484843749999996 0.8815359375 0.4777359375 0.9186781249999999