0 0.33937343750000004 0.24889062499999998 0.3486265625 0.23994374999999998 0.353253125 0.22403749999999997 0.35127031249999996 0.20614375 0.345321875 0.1942140625 0.33342499999999997 0.18924375 0.3208671875 0.1922265625 0.3129359375 0.21012031250000002 0.3135234375 0.22876249999999998 0.32549375 0.24889062499999998 0.33937343750000004 0.24889062499999998
0 0.377709375 0.2449140625 0.38630156250000003 0.24093749999999997 0.3955546875 0.23000156249999998 0.39687656250000003 0.20713750000000003 0.3915890625 0.18924375 0.38035312499999996 0.182284375 0.3691171875 0.18327812500000001 0.35920312499999996 0.198190625 0.35920312499999996 0.2200609375 0.366415625 0.2386984375 0.377709375 0.2449140625
0 0.44049843749999995 0.2121078125 0.43851562499999996 0.18825 0.427940625 0.1783078125 0.4114171875 0.1783078125 0.4021640625 0.2011734375 0.404146875 0.22503125000000002 0.41538281250000003 0.23895 0.4300515625 0.23994062500000002 0.4365328125 0.2290078125 0.44049843749999995 0.2121078125
0 0.47354531250000004 0.233978125 0.48015468749999995 0.22403749999999997 0.4841203125 0.2111140625 0.48345937499999997 0.1932203125 0.47751093750000007 0.179303125 0.466275 0.17234375 0.4537171875 0.1763203125 0.446446875 0.1962015625 0.4484296875 0.2200609375 0.457325 0.23745625 0.47354531250000004 0.233978125
0 0.526421875 0.22304374999999999 0.5297265624999999 0.2031609375 0.52774375 0.179303125 0.515846875 0.1683671875 0.502628125 0.1693609375 0.49139218749999997 0.18725468750000002 0.4927140625 0.2111140625 0.5011265625 0.22876249999999998 0.5165078125 0.2290078125 0.526421875 0.22304374999999999
0 0.563434375 0.22304374999999999 0.571365625 0.21509062499999998 0.57533125 0.1942140625 0.5720265625 0.17433125 0.5640953125 0.166378125 0.5508765624999999 0.166378125 0.5389796875 0.1753265625 0.5363359375 0.197196875 0.539640625 0.21509062499999998 0.5482328125 0.2237953125 0.563434375 0.22304374999999999
0 0.603090625 0.22503125000000002 0.6130046874999999 0.2200609375 0.6196140625 0.2041546875 0.6196140625 0.18327812500000001 0.608378125 0.163396875 0.59648125 0.1604140625 0.581940625 0.1703546875 0.58061875 0.18526718749999999 0.58061875 0.21012031250000002 0.5903828125 0.2237953125 0.603090625 0.22503125000000002
0 0.355896875 0.283684375 0.353253125 0.2707609375 0.3446609375 0.2578375 0.33078124999999997 0.2538609375 0.3169015625 0.264796875 0.3142578125 0.28666718750000003 0.32020624999999997 0.310525 0.3327640625 0.317484375 0.3459828125 0.31350781250000004 0.35401875 0.29706875 0.355896875 0.283684375
0 0.3552359375 0.333390625 0.3433390625 0.3234484375 0.3261546875 0.32742499999999997 0.31954531249999996 0.35426718749999997 0.3261546875 0.37713125000000003 0.34135624999999997 0.3830953125 0.354575 0.378125 0.3606296875 0.362890625 0.360525 0.344325 0.3552359375 0.333390625
0 0.34069531249999996 0.4069546875 0.33078124999999997 0.39999531250000003 0.31491875 0.4089421875 0.310953125 0.4308140625 0.3155796875 0.4566609375 0.3281375 0.46163125000000005 0.34135624999999997 0.4606375 0.3482328125 0.4473421875 0.34994843750000004 0.41789062499999996 0.34069531249999996 0.4069546875
0 0.35127031249999996 0.496425 0.34664375000000003 0.48151406249999995 0.337390625 0.4685890625 0.3235109375 0.4685890625 0.313596875 0.4835015625 0.3116140625 0.503384375 0.316240625 0.523265625 0.329459375 0.530225 0.342678125 0.5272421875 0.34988593749999997 0.5131640625 0.35127031249999996 0.496425
0 0.350609375 0.5520953125 0.344 0.540165625 0.332103125 0.5361890625 0.31822343750000004 0.54811875 0.31491875 0.5680015625 0.31822343750000004 0.588878125 0.3314421875 0.5988187500000001 0.3441015625 0.5938890625 0.353253125 0.571978125 0.350609375 0.5520953125
0 0.33606875 0.009600000000000001 0.3274765625 0 0.3208671875 0.009600000000000001 0.3248328125 0.020534375 0.33335781249999996 0.0213609375 0.33606875 0.009600000000000001
0 0.337390625 0.0453875 0.34135624999999997 0.054334375000000004 0.347965625 0.054334375000000004 0.3507125 0.041231250000000004 0.345321875 0.0314703125 0.34069531249999996 0.0314703125 0.337390625 0.034453125 0.337390625 0.0453875
0 0.31765468750000003 0.073521875 0.3221890625 0.081175 0.326815625 0.0791875 0.33078124999999997 0.070240625 0.3281375 0.059304687499999995 0.31954531249999996 0.062287499999999996 0.31765468750000003 0.073521875
0 0.37043906249999997 0.0056234375 0.360525 0.0056234375 0.3585421875 0.0225234375 0.3664734375 0.0314703125 0.373853125 0.026328125 0.37043906249999997 0.0056234375
0 0.364490625 0.0742171875 0.3638296875 0.06328125 0.3585421875 0.059304687499999995 0.350609375 0.06328125 0.349059375 0.07600625 0.364490625 0.0742171875
0 0.38431875 0.0324640625 0.3936875 0.0288125 0.393571875 0.016557812499999998 0.38960625000000004 0.0086046875 0.38035312499999996 0.0086046875 0.3770484375 0.0245109375 0.38431875 0.0324640625
0 0.31491875 0.9437640625 0.3274765625 0.9447578125 0.3380515625 0.9368046874999999 0.3420171875 0.9208984375 0.34069531249999996 0.90698125 0.3367296875 0.89008125 0.3261546875 0.8831234374999999 0.31227499999999997 0.8871 0.305665625 0.9039999999999999 0.3069109375 0.923 0.31491875 0.9437640625
0 0.342678125 1 0.3446609375 0.9855171875 0.342678125 0.9656343749999999 0.334746875 0.95569375 0.3208671875 0.9527109375 0.30764843750000004 0.9626515625 0.3050046875 0.982534375 0.3077375 1 0.342678125 1
0 0.7295843750000001 0.405678125 0.740821875 0.40667187499999996 0.7520578125 0.39474375 0.75800625 0.369890625 0.7553625 0.34702500000000003 0.7480921875 0.3321140625 0.7315671874999999 0.32913125 0.716365625 0.34304843749999997 0.7117390625 0.372871875 0.7193078125000001 0.40014843750000006 0.7295843750000001 0.405678125
0 0.788409375 0.4106484375 0.801628125 0.403690625 0.8095593750000001 0.38877812500000003 0.8095593750000001 0.36094375 0.80295 0.34702500000000003 0.78973125 0.338078125 0.7745296875000001 0.3400671875 0.7659374999999999 0.3569671875 0.76329375 0.3857953125 0.7746796875 0.40635937499999997 0.788409375 0.4106484375
0 0.8283984375 0.41256875 0.8379796875000001 0.414625 0.8459109375 0.414625 0.8578078124999999 0.4017015625 0.8597906249999999 0.37983125 0.8578078124999999 0.3569671875 0.8459109375 0.337084375 0.8340140625 0.337084375 0.820134375 0.3510015625 0.8168296875 0.372871875 0.8181515625 0.397725 0.8283984375 0.41256875
0 0.711078125 0.465325 0.7176546874999999 0.480875 0.72561875 0.48918437499999995 0.7342109375 0.48918437499999995 0.7454484375 0.482225 0.754040625 0.4693015625 0.7560234375 0.448425 0.751396875 0.42854374999999995 0.740821875 0.41860156249999997 0.7282625 0.41562031250000003 0.716365625 0.42556093749999996 0.7090953125 0.44246093750000004 0.711078125 0.465325
0 0.7234406250000001 0.565325 0.754040625 0.5687125 0.7586671875000001 0.559765625 0.7586671875000001 0.539884375 0.7553625 0.5180140625 0.7467703125 0.5031015625 0.7361953125 0.4961421875 0.721653125 0.5001187500000001 0.7130609375 0.51503125 0.7123999999999999 0.5349140625000001 0.7157046874999999 0.5528078125 0.7234406250000001 0.565325
0 0.781290625 0.5678093750000001 0.792375 0.5677187499999999 0.80295 0.56573125 0.8088984375000001 0.5468421875 0.8095593750000001 0.5269609375 0.8049328125 0.508071875 0.791053125 0.4971375 0.7765125 0.505090625 0.7659374999999999 0.5219890625 0.764615625 0.5388890625 0.7692421875 0.557778125 0.781290625 0.5678093750000001
0 0.7788125 0.480875 0.7903921875 0.488190625 0.8049328125 0.48123125 0.8115421875 0.4603546875 0.8108812500000001 0.44146718749999997 0.8042718750000001 0.42556093749999996 0.7956796875000001 0.41860156249999997 0.7811390625 0.42257812499999997 0.771225 0.42854374999999995 0.7665984375 0.44941875 0.769903125 0.47029531249999995 0.7788125 0.480875
0 0.8250921874999999 0.48460000000000003 0.8353359375 0.4931609375 0.8485546875000001 0.492165625 0.8578078124999999 0.47924218749999997 0.8611125 0.45936093749999996 0.8591296875 0.438484375 0.8498765625000001 0.420590625 0.83731875 0.4195953125 0.82674375 0.42655468750000003 0.8188124999999999 0.44743125 0.820134375 0.4683078125 0.8250921874999999 0.48460000000000003
0 0.8135249999999999 0.53193125 0.814846875 0.5478375 0.8181515625 0.5627484375 0.827571875 0.57029375 0.8353359375 0.5707015625 0.8419453125 0.5687125 0.8478937500000001 0.5607609375 0.8538421875 0.549825 0.8545031249999999 0.5309375000000001 0.8525203125 0.5130421875 0.84260625 0.5011140625 0.830709375 0.5021078125 0.8207953124999999 0.5070781249999999 0.8155078124999999 0.5180140625 0.8135249999999999 0.53193125
0 0.8738531249999999 0.48708437499999996 0.884246875 0.4961421875 0.8981265625000001 0.4931609375 0.9060578125 0.48123125 0.9073796875 0.45637812499999997 0.904075 0.4355015625 0.8915171875000001 0.42257812499999997 0.8796203125 0.42257812499999997 0.8690453125 0.4335140625 0.8664015624999999 0.4504140625 0.8670609375 0.474271875 0.8738531249999999 0.48708437499999996
0 0.8738531249999999 0.4026328125 0.881603125 0.411828125 0.8941609375 0.41381562499999996 0.9047359374999999 0.4098390625 0.9126671875 0.3937484375 0.9139890625 0.369890625 0.9093625 0.351996875 0.8981265625000001 0.3420546875 0.88028125 0.34404375 0.8690453125 0.36293125000000004 0.8683828124999999 0.3857953125 0.8738531249999999 0.4026328125
0 0.9305125000000001 0.4177921875 0.9432750000000001 0.4175359375 0.9536453125 0.4068578125 0.9576109374999999 0.3979109375 0.958271875 0.378028125 0.9556281249999999 0.3591390625 0.9457140624999999 0.34223906249999997 0.9311734375 0.34223906249999997 0.9205984375 0.3551640625 0.9166328125 0.3740515625 0.91729375 0.393934375 0.9199375 0.41083437500000003 0.9305125000000001 0.4177921875
0 0.72665625 0.2632703125 0.7198140625 0.2632703125 0.7172484375 0.27420468750000004 0.71730625 0.28624218749999997 0.7262296874999999 0.2870703125 0.7309328125000001 0.28192343750000004 0.73050625 0.2703453125 0.72665625 0.2632703125
0 0.736065625 0.236896875 0.72965 0.23560937499999998 0.7253734374999999 0.24268593749999998 0.7231890625 0.250884375 0.7279390625 0.2581234375 0.7352093749999999 0.2568375 0.7369203125 0.24783125 0.736065625 0.236896875
0 0.7518890625 0.2298203125 0.7493234375 0.224675 0.744190625 0.22403125 0.7403421875 0.229178125 0.738203125 0.23560937499999998 0.7403421875 0.2414 0.7459015625000001 0.2433296875 0.752065625 0.24124062500000001 0.7518890625 0.23496718749999998 0.7518890625 0.2298203125
0 0.7638640624999999 0.2111671875 0.7638640624999999 0.20602031250000002 0.761725 0.20023125 0.7557375000000001 0.1989453125 0.7523171875 0.20344687499999997 0.7523171875 0.21309687500000002 0.7527453125 0.21759843750000002 0.7595875000000001 0.219528125 0.7634359374999999 0.2150265625 0.7638640624999999 0.2111671875
0 0.7788328124999999 0.2053765625 0.7784046874999999 0.2150265625 0.7843921875000001 0.219528125 0.7903796875 0.21695625000000002 0.7916624999999999 0.21052343750000002 0.7912343749999999 0.20280468749999997 0.7848203125000001 0.1989453125 0.7788328124999999 0.2053765625
0 0.762153125 0.2459015625 0.7587312500000001 0.248475 0.7570218750000001 0.2555515625 0.7583046875 0.2626265625 0.762153125 0.2658421875 0.7686437500000001 0.2605265625 0.7689953125 0.2542640625 0.768140625 0.24783125 0.762153125 0.2459015625
0 0.7467578125000001 0.28835625 0.7399140625 0.2877140625 0.7369203125 0.29350312500000003 0.7369203125 0.30057812500000003 0.739059375 0.30701093749999997 0.7456484375 0.309546875 0.7484671875 0.3025078125 0.7484671875 0.296075 0.7467578125000001 0.28835625
0 0.747184375 0.260696875 0.7424796875 0.2652 0.741625 0.2716328125 0.7429078125 0.28128125000000004 0.7497515625 0.28128125000000004 0.7547390625 0.27820625 0.7540281249999999 0.2703453125 0.7523171875 0.2626265625 0.747184375 0.260696875
0 0.7627609375 0.304725 0.763009375 0.30122187500000003 0.763009375 0.29800468750000003 0.7612984375 0.2909296875 0.7583046875 0.28964375000000003 0.7557375000000001 0.28964375000000003 0.7535999999999999 0.2909296875 0.7527453125 0.29671875000000003 0.7527453125 0.30508125 0.7544546875 0.3115140625 0.7595875000000001 0.3115140625 0.7627609375 0.304725
0 0.7698515625 0.2227453125 0.765575 0.22403125 0.765575 0.23239375 0.7668578125 0.23882656249999998 0.7745562500000001 0.23882656249999998 0.778803125 0.2332046875 0.7762671875 0.228534375 0.7741281250000001 0.22210156250000002 0.7698515625 0.2227453125
0 0.7788328124999999 0.2632703125 0.780115625 0.2594109375 0.7813984375 0.25619375 0.7813984375 0.2471890625 0.7779765624999999 0.2459015625 0.7741281250000001 0.245259375 0.7719890625 0.248475 0.7719890625 0.252334375 0.77345625 0.25570624999999997 0.7749828125 0.2626265625 0.7788328124999999 0.2632703125
0 0.88575 0.22403125 0.8819015625000001 0.2227453125 0.8776249999999999 0.22531875 0.8776249999999999 0.2336796875 0.8789078124999999 0.2414 0.8846859374999999 0.24124062500000001 0.8870328125 0.23560937499999998 0.8866046875 0.2298203125 0.88575 0.22403125
0 0.8823281250000001 0.2587671875 0.8823281250000001 0.2497609375 0.88061875 0.245259375 0.8763406249999999 0.245259375 0.8724921875 0.24654531249999997 0.8694984375000001 0.2510484375 0.8694984375000001 0.261340625 0.8716375 0.268415625 0.8771968749999999 0.268415625 0.8820125000000001 0.262134375 0.8823281250000001 0.2587671875
0 0.9268062499999999 0.2941453125 0.9289453125 0.292215625 0.929371875 0.28514062500000004 0.9289453125 0.27742187500000004 0.9268062499999999 0.2709890625 0.9229578125 0.2709890625 0.9195359375000001 0.2748484375 0.9165421874999999 0.27999375 0.9165421874999999 0.283853125 0.9173984374999999 0.2915734375 0.9199640625000001 0.2947890625 0.9268062499999999 0.2941453125
0 0.916771875 0.2701703125 0.918253125 0.269059375 0.9212468749999999 0.2619828125 0.9212468749999999 0.2549078125 0.918253125 0.24783125 0.915259375 0.24654531249999997 0.9101265625 0.24911875 0.90670625 0.2555515625 0.90670625 0.261340625 0.909271875 0.2671296875 0.9131203125 0.2709890625 0.916771875 0.2701703125
0 0.885321875 0.27420468750000004 0.8814734375000001 0.27742187500000004 0.8810453125000001 0.2825671875 0.8823281250000001 0.2902859375 0.8848953125 0.2941453125 0.891309375 0.292215625 0.8934484375 0.28514062500000004 0.891309375 0.276778125 0.885321875 0.27420468750000004
0 0.78653125 0.24783125 0.7869578125000001 0.2594109375 0.7967953125 0.260696875 0.8012640624999999 0.2516875 0.8006437500000001 0.2497609375 0.797221875 0.2414 0.7916624999999999 0.2401125 0.78653125 0.24783125
0 0.8848953125 0.25748125 0.8870328125 0.2639125 0.8930203125 0.26970312500000004 0.8985796875000001 0.2671296875 0.9012640624999999 0.25811562499999996 0.8994359375000001 0.2504046875 0.8943031250000001 0.248475 0.888315625 0.24911875 0.8848953125 0.25748125
0 0.8964421874999999 0.28514062500000004 0.8994359375000001 0.2941453125 0.9079890625000001 0.2954328125 0.91249375 0.28945625 0.9101265625 0.27806406250000004 0.9041406249999999 0.27356250000000004 0.8985796875000001 0.27420468750000004 0.8964421874999999 0.28514062500000004
0 0.9374984375000001 0.30122187500000003 0.9315109375 0.30186562499999997 0.9280015625000001 0.3119578125 0.9315109375 0.32051875 0.935359375 0.32051875 0.9392093750000001 0.3153734375 0.9396359375 0.3076546875 0.9374984375000001 0.30122187500000003
0 0.89686875 0.3198765625 0.9020015625 0.317303125 0.9066109375 0.3111546875 0.9041406249999999 0.30315156249999997 0.897296875 0.30057812500000003 0.8930203125 0.30572499999999997 0.8930203125 0.31472968749999997 0.89686875 0.3198765625
0 0.9588812499999999 0.29671875000000003 0.96273125 0.2909296875 0.9648999999999999 0.28624218749999997 0.962303125 0.27742187500000004 0.9554609375 0.276134375 0.95375 0.2832109375 0.954178125 0.29285937500000003 0.9588812499999999 0.29671875000000003
0 0.9751328125000001 0.31858906249999996 0.9751328125000001 0.31087031249999997 0.9739906250000001 0.3031171875 0.9674343750000001 0.3025078125 0.9648687499999999 0.31087031249999997 0.965725 0.32051875 0.971284375 0.3230921875 0.9751328125000001 0.31858906249999996
0 0.941346875 0.2902859375 0.9439125 0.2877140625 0.9467171875 0.2814203125 0.9430578125 0.2754921875 0.9379265625000001 0.2754921875 0.9357875 0.28192343750000004 0.9374984375000001 0.2877140625 0.941346875 0.2902859375
0 0.8562406250000001 0.3115140625 0.8618 0.3153734375 0.8665046875 0.31408593749999997 0.8665046875 0.30636718749999997 0.8681078125000001 0.3023140625 0.8652218749999999 0.29671875000000003 0.85880625 0.29671875000000003 0.8562406250000001 0.3037953125 0.8562406250000001 0.3115140625
0 0.8242578125 0.279009375 0.8263031249999999 0.28900000000000003 0.8322906250000001 0.2902859375 0.8340015624999999 0.283853125 0.8340015624999999 0.2748484375 0.829296875 0.2709890625 0.8242578125 0.279009375
0 0.7933734375 0.26970312500000004 0.7912343749999999 0.28192343750000004 0.7953812499999999 0.288653125 0.8014984374999999 0.28900000000000003 0.8049203125 0.2806375 0.8049203125 0.26970312500000004 0.798078125 0.26455625 0.7933734375 0.26970312500000004
0 0.8250203125000001 0.2401125 0.8198890625 0.24075625 0.8194609375 0.2471890625 0.8198890625 0.2549078125 0.8228828125 0.2626265625 0.8284421875 0.261340625 0.830153125 0.2549078125 0.830153125 0.245259375 0.8250203125000001 0.2401125
0 0.8130453125000001 0.2420421875 0.8079140625000001 0.2420421875 0.8053484375 0.2497609375 0.8053484375 0.253621875 0.80981875 0.262134375 0.8143296875000001 0.260696875 0.815184375 0.253621875 0.815184375 0.24654531249999997 0.8130453125000001 0.2420421875
0 0.788240625 0.2954328125 0.7809703125 0.2954328125 0.7796875 0.30186562499999997 0.7796875 0.308940625 0.7857546875 0.315171875 0.7912343749999999 0.31472968749999997 0.7925171875 0.30636718749999997 0.7916624999999999 0.29736250000000003 0.788240625 0.2954328125
0 0.8074859375000001 0.29285937500000003 0.8014984374999999 0.29350312500000003 0.797221875 0.2999359375 0.797221875 0.3076546875 0.8028671875000001 0.315171875 0.8083421875000001 0.31472968749999997 0.8104796875 0.308296875 0.8104796875 0.30057812500000003 0.8074859375000001 0.29285937500000003
0 0.8310078125 0.3044375 0.829725 0.29671875000000003 0.82459375 0.2947890625 0.8203171875 0.29671875000000003 0.8190328125 0.30186562499999997 0.8190328125 0.3076546875 0.8215843749999999 0.3175828125 0.8284421875 0.317303125 0.8310078125 0.31087031249999997 0.8310078125 0.3044375
0 0.90071875 0.5616375 0.9039375 0.5498234375 0.9015734375 0.5294749999999999 0.89686875 0.518540625 0.88575 0.5088921875 0.874203125 0.5076046875 0.8652218749999999 0.51339375 0.8613734375 0.526903125 0.8600890625 0.542984375 0.8618 0.5597078125 0.871209375 0.57064375 0.8848953125 0.5725734375 0.8947312500000001 0.567428125 0.90071875 0.5616375
0 0.916771875 0.4823203125 0.9268062499999999 0.49538281250000005 0.9374984375000001 0.49667031250000004 0.9460515624999999 0.4831609375 0.95289375 0.4677234375 0.95289375 0.4522859375 0.9494734375 0.43942031249999997 0.9400640625 0.430415625 0.9280890625 0.42848593749999997 0.9195359375000001 0.43427499999999997 0.91483125 0.44713906249999996 0.91483125 0.47737187499999995 0.916771875 0.4823203125
0 0.78513125 0.2852984375 0.7868421875 0.280153125 0.7868421875 0.2737203125 0.7834203125 0.2666453125 0.7774328125000001 0.26793125 0.7740109375 0.2737203125 0.772728125 0.279509375 0.77529375 0.287871875 0.7812812499999999 0.2904453125 0.78513125 0.2852984375
0 0.6697124999999999 0.9243015625 0.661725 0.9386812499999999 0.65873125 0.963125 0.6625796875 0.9817796875000001 0.6702781250000001 0.9965734375 0.682253125 0.9978609374999999 0.6925171875 0.99464375 0.7006421875 0.983065625 0.70491875 0.9676281250000001 0.705346875 0.9476875 0.6972203125 0.93160625 0.6882390625 0.9232437499999999 0.6697124999999999 0.9243015625
0 0.7237234375 0.923496875 0.7147546874999999 0.9361078125000001 0.7121890625 0.951546875 0.7121890625 0.9727734375000001 0.7198875 0.9882125 0.7327171875 0.9965734375 0.74084375 0.9940015624999999 0.7515343750000001 0.9792062500000001 0.755384375 0.9579796875 0.75495625 0.942540625 0.7472578125 0.9296765625000001 0.7387046875000001 0.92195625 0.7237234375 0.923496875
0 0.8045656250000001 0.9277468750000001 0.7932421875 0.917871875 0.78104375 0.9187406250000001 0.7720625 0.9258171875000001 0.7673593750000001 0.9406109375 0.7660765625 0.95540625 0.7682140625 0.9676281250000001 0.7742015624999999 0.9817796875000001 0.7857484375 0.9894984375 0.79686875 0.98756875 0.8049937500000001 0.9766328124999999 0.8088421875 0.9605515625000001 0.8088421875 0.9444703125 0.8045656250000001 0.9277468750000001
0 0.8443390624999999 0.918096875 0.8403015625 0.9154609375 0.8280875 0.9193843749999999 0.8212453125 0.9309625 0.8178234375000001 0.9496171875 0.8182515625000001 0.9682703125 0.8276609374999999 0.983065625 0.8396359375 0.9869249999999999 0.851609375 0.983065625 0.8597359375 0.9656984375000001 0.8614468750000001 0.9483296875 0.8588796875 0.93160625 0.85289375 0.9238859375 0.8443390624999999 0.918096875
0 0.8977984375 0.9142374999999999 0.8889640625 0.9138546875 0.8776984375 0.9193843749999999 0.87299375 0.9322484375 0.8695718749999999 0.94704375 0.8699999999999999 0.9644109375 0.8768421875 0.975990625 0.884540625 0.982421875 0.8973703125 0.982421875 0.9059234375 0.9714875 0.910628125 0.9541187499999999 0.9119109375000001 0.9348218749999999 0.9042140625 0.9206703125000001 0.8977984375 0.9142374999999999
0 0.9512578125 0.911021875 0.9370921875 0.9098359374999999 0.9281625 0.9193843749999999 0.92303125 0.9386812499999999 0.9243140625 0.9592656249999999 0.9315843750000001 0.9702 0.9422765625 0.9798500000000001 0.9529671875 0.9779203125 0.9610937500000001 0.9676281250000001 0.9657984374999999 0.9573359375000001 0.966653125 0.9418984375000001 0.964515625 0.926459375 0.9593828125 0.9174546875 0.9512578125 0.911021875
0 1 0.9052328125000001 0.9901828125 0.90651875 0.9812031250000001 0.9135953125 0.974359375 0.927103125 0.9726484375 0.9431843750000001 0.974359375 0.9611953124999999 0.9820578125000001 0.9734171875 0.99275 0.9772765625 1 0.9779203125 1 0.9052328125000001
0 0.28478593750000003 0.7061234375 0.2867578125 0.7120546875 0.29119375000000003 0.7142796875 0.2941515625 0.7113140625 0.296615625 0.704640625 0.29464375 0.697228125 0.2935984375 0.6948218749999999 0.28774375 0.6942625 0.28478593750000003 0.698709375 0.28478593750000003 0.7061234375
0 0.304009375 0.7150203125 0.3089375 0.7135374999999999 0.3123890625 0.7061234375 0.31288125 0.7024171875 0.311403125 0.6942625 0.3069671875 0.6920375 0.303515625 0.6942625 0.30099375 0.7022328124999999 0.3010515625 0.7090890625 0.304009375 0.7150203125
0 0.3227390625 0.7120546875 0.3252046875 0.70760625 0.3262640625 0.6948218749999999 0.321753125 0.6942625 0.3173171875 0.6957453124999999 0.3158390625 0.7024171875 0.3178109375 0.7105718750000001 0.3227390625 0.7120546875
0 0.3325984375 0.7001921875 0.333584375 0.7090890625 0.3375265625 0.7120546875 0.34097656249999997 0.7105718750000001 0.3429484375 0.706865625 0.343934375 0.6994515625 0.3441375 0.6920437500000001 0.33900625 0.6927796875000001 0.3325984375 0.6942625 0.3325984375 0.7001921875
0 0.3533 0.7120546875 0.3562578125 0.70760625 0.3577359375 0.7024171875 0.3557640625 0.697228125 0.3533828125 0.6911171875 0.34935625 0.6942625 0.3464 0.7024171875 0.3488640625 0.7090890625 0.3533 0.7120546875
0 0.3710453125 0.70760625 0.37301562499999996 0.6994515625 0.3681734375 0.6901921875 0.362665625 0.6927796875000001 0.36069375 0.7001921875 0.3616796875 0.70760625 0.3656234375 0.7098312499999999 0.3710453125 0.70760625
0 0.38928281249999996 0.706865625 0.3912546875 0.700934375 0.38543125 0.6901921875 0.380903125 0.6927796875000001 0.37893125 0.698709375 0.380409375 0.7061234375 0.384846875 0.7090890625 0.38928281249999996 0.706865625
0 0.3947046875 0.7001921875 0.39716874999999996 0.7061234375 0.4020984375 0.70760625 0.406534375 0.704640625 0.4075203125 0.69796875 0.406040625 0.6935203125 0.40268906250000003 0.6883390625 0.3966765625 0.6905546874999999 0.3947046875 0.695003125 0.3947046875 0.7001921875
0 0.4129421875 0.6920375 0.4124484375 0.69796875 0.4149140625 0.7053828125 0.41737812500000004 0.7061234375 0.42279999999999995 0.704640625 0.4252640625 0.697228125 0.42477187499999997 0.6920375 0.4203359375 0.6868484375 0.42056250000000006 0.6837078125 0.4144203125 0.6868484375 0.4129421875 0.6920375
0 0.43364375 0.7061234375 0.439065625 0.69796875 0.4378203125 0.6874125 0.4331515625 0.6846234375 0.42822187500000003 0.68833125 0.4272359375 0.6927796875000001 0.4277296875 0.7031578125 0.43364375 0.7061234375
0 0.45188125 0.7053828125 0.453853125 0.6964859375 0.45199531249999997 0.684634375 0.44498125 0.6846234375 0.44251562499999997 0.691296875 0.44202343749999995 0.7024171875 0.4454734375 0.7053828125 0.45188125 0.7053828125
0 0.45582500000000004 0.69796875 0.45976875 0.7053828125 0.46519062499999997 0.7061234375 0.46864062500000003 0.701675 0.46962656249999996 0.6957453124999999 0.46962656249999996 0.6920375 0.4667875 0.6855609375 0.46124687499999995 0.68610625 0.457796875 0.691296875 0.45582500000000004 0.69796875
0 0.4735703125 0.700934375 0.4775125 0.704640625 0.4819484375 0.704640625 0.4858921875 0.6994515625 0.4858921875 0.6905546874999999 0.48490625 0.6875890625000001 0.4815796875 0.684634375 0.475540625 0.68610625 0.47406249999999994 0.6927796875000001 0.4735703125 0.700934375
0 0.494271875 0.6838828125 0.48934218749999997 0.68610625 0.48934218749999997 0.6927796875000001 0.490328125 0.6994515625 0.49328593749999994 0.7024171875 0.4987078125 0.701675 0.501171875 0.698709375 0.501665625 0.6942625 0.501665625 0.691296875 0.501171875 0.68833125 0.4988359375 0.6837078125 0.494271875 0.6838828125
0 0.5036375 0.68610625 0.5036375 0.691296875 0.5041296875 0.7001921875 0.5080734375 0.7024171875 0.5125093749999999 0.7001921875 0.51448125 0.6942625 0.5167109375 0.6874125 0.5130015625000001 0.683140625 0.5065937500000001 0.6824 0.5036375 0.68610625
0 0.2907 0.73133125 0.2907 0.722434375 0.28725 0.716503125 0.282321875 0.7179859375000001 0.2781890625 0.7170515625 0.2773921875 0.73133125 0.28035 0.738003125 0.28725 0.73874375 0.2907 0.73133125
0 0.30598125 0.728365625 0.30598125 0.7216921875 0.3015453125 0.7187265625 0.2976015625 0.7187265625 0.2942140625 0.72075625 0.2941515625 0.7305890625 0.2951375 0.7357781250000001 0.300559375 0.7365203124999999 0.30598125 0.728365625
0 0.320275 0.7298484375000001 0.3212609375 0.7216921875 0.3153453125 0.7157625000000001 0.3118953125 0.716503125 0.30943125 0.7253999999999999 0.30943125 0.7298484375000001 0.30943125 0.732071875 0.3123890625 0.7350375 0.3173171875 0.7350375 0.320275 0.7298484375000001
0 0.329146875 0.7135374999999999 0.325696875 0.71724375 0.3252046875 0.7239171875 0.3252046875 0.73133125 0.32766875 0.7342953125 0.3321046875 0.7342953125 0.3350625 0.732071875 0.3355546875 0.728365625 0.336740625 0.7216812499999999 0.33456874999999997 0.7142796875 0.329146875 0.7135374999999999
0 0.3464 0.7350375 0.351821875 0.7298484375000001 0.3533 0.722434375 0.351328125 0.7187265625 0.3449203125 0.7150203125 0.340484375 0.71724375 0.340484375 0.72910625 0.3414703125 0.7328140624999999 0.3464 0.7350375
0 0.35724374999999997 0.7179859375000001 0.3557640625 0.7253999999999999 0.35675 0.732071875 0.3611859375 0.7342953125 0.36512968749999997 0.732071875 0.36759375 0.7276234374999999 0.36940625 0.7226078125 0.366115625 0.716503125 0.3611859375 0.7150203125 0.35724374999999997 0.7179859375000001
0 0.3740015625 0.728365625 0.3799171875 0.728365625 0.38296562500000003 0.7216812499999999 0.38238125 0.7150203125 0.37646718749999997 0.7120546875 0.3740015625 0.7150203125 0.3740015625 0.722434375 0.3740015625 0.728365625
0 0.39914062499999997 0.723175 0.3981546875 0.7142796875 0.3946765625 0.7096421875 0.388296875 0.712796875 0.3873109375 0.722434375 0.38928281249999996 0.7305890625 0.395196875 0.7305890625 0.39914062499999997 0.723175
0 0.4020984375 0.7179859375000001 0.4020984375 0.7268828125 0.4075203125 0.7298484375000001 0.41195624999999997 0.72910625 0.4162484375 0.72075625 0.4144203125 0.7120546875 0.4094921875 0.70760625 0.40554843749999997 0.7098312499999999 0.4020984375 0.7179859375000001
0 0.4203359375 0.7105718750000001 0.4198421875 0.7187265625 0.4198421875 0.722434375 0.42329375 0.726140625 0.4272359375 0.7239171875 0.42969999999999997 0.7157625000000001 0.43227343749999997 0.7170515625 0.43019375000000004 0.7113140625 0.4257578125 0.7098312499999999 0.4203359375 0.7105718750000001
0 0.43758749999999996 0.7305890625 0.44300937500000004 0.73133125 0.446953125 0.7187265625 0.446953125 0.7135374999999999 0.4433671875 0.7068625 0.43561562499999995 0.7083484375 0.43462968750000003 0.7142796875 0.4351234375 0.726140625 0.43758749999999996 0.7305890625
0 0.4607546875 0.7083484375 0.45533124999999997 0.706865625 0.4513890625 0.7083484375 0.4508953125 0.7105718750000001 0.45040312499999996 0.7150203125 0.45040312499999996 0.723175 0.4563171875 0.726140625 0.459275 0.7246578125 0.4607546875 0.7187265625 0.462725 0.712796875 0.46493906249999994 0.716125 0.4607546875 0.7083484375
0 0.4791140625 0.7133468749999999 0.4775125 0.7113140625 0.472090625 0.7083484375 0.4691328125 0.70760625 0.4661765625 0.7083484375 0.46519062499999997 0.7135374999999999 0.46519062499999997 0.71946875 0.46666875 0.7246578125 0.47011875 0.726140625 0.4735703125 0.7246578125 0.4765265625 0.7179859375000001 0.4765265625 0.7142796875 0.4791140625 0.7133468749999999
0 0.49390625000000005 0.714271875 0.48934218749999997 0.7053828125 0.48244218749999995 0.7053828125 0.48145625000000003 0.7135374999999999 0.4839203125 0.7216921875 0.4898359375 0.722434375 0.49390625000000005 0.714271875
0 0.508565625 0.7090890625 0.5041296875 0.7061234375 0.4992015625 0.706865625 0.49722968749999996 0.7120546875 0.4976046875 0.718903125 0.501171875 0.726140625 0.5046234375 0.723175 0.5080734375 0.7150203125 0.508565625 0.7090890625
0 0.519903125 0.7268828125 0.5233531250000001 0.7239171875 0.5258171875000001 0.716503125 0.5258171875000001 0.7105718750000001 0.5223671875 0.70760625 0.5154671875 0.7053828125 0.5130015625000001 0.7083484375 0.5130015625000001 0.7157625000000001 0.5123953125 0.7170515625 0.51448125 0.723175 0.519903125 0.7268828125
0 0.526803125 0.6920375 0.5263109375 0.6964859375 0.5263109375 0.7031578125 0.526803125 0.706865625 0.5322250000000001 0.706865625 0.534196875 0.706865625 0.5351828125 0.7039 0.5356765625000001 0.700934375 0.5352 0.6911171875 0.5292687500000001 0.691296875 0.526803125 0.6920375
0 0.5504640625 0.712796875 0.55095625 0.7061234375 0.54814375 0.6957484375 0.5425765625000001 0.6964859375 0.5401125 0.7031578125 0.5401125 0.7113140625 0.5450406250000001 0.7150203125 0.5504640625 0.712796875
0 0.2966796875 0.7392796875000001 0.29119375000000003 0.7409687500000001 0.28725 0.7454171875 0.2882359375 0.7543124999999999 0.292671875 0.7565375000000001 0.2971078125 0.7513484375 0.2966796875 0.7392796875000001
0 0.3089375 0.757278125 0.313375 0.7528296875 0.313375 0.7461578125 0.3123890625 0.7409687500000001 0.3083890625 0.735575 0.303515625 0.741709375 0.3025296875 0.7506062499999999 0.30598125 0.7557953125 0.3089375 0.757278125
0 0.3252046875 0.7557953125 0.32816093749999997 0.7491234375 0.32816093749999997 0.7424515625 0.325696875 0.738003125 0.3213328125 0.7346484375 0.3178109375 0.7402265625 0.316825 0.7483828124999999 0.3197828125 0.7557953125 0.3252046875 0.7557953125
0 0.3414703125 0.749865625 0.3414703125 0.743934375 0.33859062500000003 0.735575 0.3340765625 0.73874375 0.3325984375 0.7461578125 0.33456874999999997 0.753571875 0.3385125 0.753571875 0.3414703125 0.749865625
0 0.3468921875 0.741709375 0.3468921875 0.7483828124999999 0.34985 0.7520890625 0.3542859375 0.753571875 0.35675 0.7520890625 0.3582296875 0.7476406250000001 0.3582296875 0.7409687500000001 0.351328125 0.738003125 0.351328125 0.7357781250000001 0.3468921875 0.7402265625 0.3468921875 0.741709375
0 0.369565625 0.7328140624999999 0.3671015625 0.7357781250000001 0.3646375 0.741709375 0.36414375 0.7461578125 0.36512968749999997 0.7520890625 0.3690734375 0.7543124999999999 0.37203125 0.7543124999999999 0.3749875 0.7520890625 0.37646718749999997 0.7476406250000001 0.37646718749999997 0.743934375 0.3759734375 0.7409687500000001 0.37301562499999996 0.738003125 0.369565625 0.7328140624999999
0 0.380903125 0.7357781250000001 0.380409375 0.73874375 0.3799171875 0.7424515625 0.3799171875 0.7469 0.3818890625 0.7520890625 0.386325 0.7520890625 0.3887890625 0.7506062499999999 0.389775 0.7454171875 0.38928281249999996 0.7394859375 0.38435312499999996 0.738003125 0.3838609375 0.7328140624999999 0.380903125 0.7357781250000001
0 0.40022343749999995 0.73094375 0.3976609375 0.732071875 0.3947046875 0.7357781250000001 0.393225 0.7394859375 0.393225 0.7454171875 0.395196875 0.749865625 0.39864687499999996 0.7513484375 0.4016046875 0.7506062499999999 0.40407031250000003 0.7469 0.40456250000000005 0.7409687500000001 0.40357656249999996 0.7350375 0.4011125 0.7342953125 0.40022343749999995 0.73094375
0 0.41748124999999997 0.7300171875 0.4144203125 0.73133125 0.4114625 0.7365203124999999 0.4104765625 0.7394859375 0.4104765625 0.7454171875 0.41195624999999997 0.749865625 0.41737812500000004 0.7513484375 0.4203359375 0.7513484375 0.42329375 0.744675 0.42329375 0.7394859375 0.4203359375 0.7350375 0.4178703125 0.7350375 0.41748124999999997 0.7300171875
0 0.4326578125 0.728365625 0.43019375000000004 0.7298484375000001 0.428715625 0.7328140624999999 0.42674375 0.7350375 0.42674375 0.7394859375 0.4272359375 0.743934375 0.43019375000000004 0.7469 0.4341375 0.7476406250000001 0.43709375 0.7469 0.4380796875 0.738003125 0.43758749999999996 0.7328140624999999 0.4331515625 0.7305890625 0.4326578125 0.728365625
0 0.45040312499999996 0.72910625 0.4479390625 0.72910625 0.4459671875 0.7305890625 0.44300937500000004 0.7350375 0.44202343749999995 0.73874375 0.4444875 0.744675 0.4479390625 0.7469 0.4508953125 0.7469 0.453853125 0.7424515625 0.453853125 0.73874375 0.453853125 0.7328140624999999 0.45040312499999996 0.732071875 0.45040312499999996 0.72910625
0 0.45878281249999997 0.7365203124999999 0.45878281249999997 0.7424515625 0.4642046875 0.7461578125 0.4691328125 0.7454171875 0.46962656249999996 0.738003125 0.46765468749999994 0.7305890625 0.46493906249999994 0.7300171875 0.46223281250000003 0.7298484375000001 0.45878281249999997 0.732071875 0.45878281249999997 0.7365203124999999
0 0.47274062499999997 0.7327109375 0.47274062499999997 0.7379 0.4748 0.74113125 0.4786546875 0.74383125 0.48161250000000005 0.7416078125000001 0.48358437500000007 0.740125 0.48358437500000007 0.7364171875000001 0.48358437500000007 0.734934375 0.48358437500000007 0.7297453125 0.4811203125 0.7260390625 0.47766875000000003 0.7260390625 0.4747125 0.7282625 0.47274062499999997 0.7304859375 0.47274062499999997 0.7327109375
0 0.48802031250000005 0.7327109375 0.4885140625 0.737159375 0.48900625 0.740125 0.4932890625 0.74113125 0.49590781249999993 0.743090625 0.49985 0.7386421875 0.49985 0.734934375 0.49985 0.7290046875 0.498371875 0.7260390625 0.49590781249999993 0.7260390625 0.49295 0.7260390625 0.4919640625 0.7267796875 0.48949999999999994 0.727521875 0.48802031250000005 0.7297453125 0.48802031250000005 0.7327109375
0 0.5560421875 0.7423484375 0.5598390625 0.7415015625 0.5629421875 0.7386421875 0.5629421875 0.734934375 0.5629421875 0.731228125 0.560478125 0.7267796875 0.55850625 0.7267796875 0.55505625 0.727521875 0.553084375 0.7282625 0.5516062500000001 0.73196875 0.5516062500000001 0.7356765625 0.553084375 0.7393828124999999 0.5560421875 0.7423484375
0 0.5107359375 0.7415375 0.5142265625 0.7411 0.5162625000000001 0.7371640625 0.5162625000000001 0.731040625 0.5139359375 0.7275406249999999 0.5113171875 0.725353125 0.507828125 0.7257906249999999 0.50375625 0.7301656249999999 0.50375625 0.7380390625000001 0.507246875 0.7432875 0.5107359375 0.7415375
0 0.5287671875 0.7384765625 0.5284765625000001 0.7332265625 0.52673125 0.7297281250000001 0.5235328124999999 0.7275406249999999 0.5209140624999999 0.729290625 0.5185875 0.7341015625 0.5188796875 0.7389140624999999 0.52295 0.74285 0.526440625 0.74285 0.5290578125 0.7406625 0.5287671875 0.7384765625
0 0.29213125 0.7777046875 0.292915625 0.77390625 0.293496875 0.7686578125 0.2920421875 0.7634078125 0.2876796875 0.760346875 0.2824453125 0.760346875 0.279246875 0.7634078125 0.2777921875 0.7695328124999999 0.27895625 0.77653125 0.2827359375 0.7795921875 0.28709843749999997 0.7795921875 0.29213125 0.7777046875
0 0.29873125 0.7979640625 0.2998953125 0.7953390625 0.2998953125 0.7918406250000001 0.299603125 0.7874656250000001 0.2966953125 0.7826546875 0.29320625 0.7813421875000001 0.2902984375 0.7826546875 0.2882625 0.786153125 0.288553125 0.7944640625 0.2902984375 0.7988390625 0.29436874999999996 0.8010249999999999 0.29873125 0.7979640625
0 0.2902984375 0.8027749999999999 0.2862265625 0.7997140625 0.279828125 0.8005890625 0.27604843749999997 0.8075875 0.2775015625 0.8207093750000001 0.2807015625 0.8277078124999999 0.285353125 0.8285828125 0.29176875 0.819234375 0.2923328125 0.8088984375000001 0.2902984375 0.8027749999999999
0 0.3004765625 0.8377687500000001 0.299603125 0.83645625 0.2993125 0.8307703125 0.2969859375 0.8250828125 0.292915625 0.8246453125000001 0.289425 0.8285828125 0.2882625 0.83470625 0.2882625 0.8421421875 0.2911703125 0.8438921875000001 0.29553281249999996 0.8430171874999999 0.299021875 0.8408296875 0.3004765625 0.8377687500000001
0 0.3001859375 0.822896875 0.30512968749999997 0.822459375 0.3080375 0.8198343749999999 0.308328125 0.818084375 0.30861875 0.816334375 0.30861875 0.8119609375 0.3062921875 0.8054 0.303965625 0.8014625000000001 0.2993125 0.8023374999999999 0.2958234375 0.8088984375000001 0.294659375 0.8145859375000001 0.2958234375 0.8211468749999999 0.2993125 0.822896875 0.3001859375 0.822896875
0 0.351078125 0.7988390625 0.3487515625 0.7966515625 0.3481703125 0.7949015625 0.3446796875 0.7949015625 0.341771875 0.7984015624999999 0.3409 0.8027749999999999 0.341771875 0.8123984375 0.3426453125 0.8137109375 0.345553125 0.816771875 0.3487515625 0.819396875 0.3522421875 0.818959375 0.35485937500000003 0.8137109375 0.355440625 0.8084625000000001 0.3534046875 0.8014625000000001 0.351078125 0.7988390625
0 0.365328125 0.7949015625 0.3595125 0.7966515625 0.3568953125 0.8005890625 0.3563125 0.8045249999999999 0.3563125 0.8097734375 0.3589296875 0.8145859375000001 0.3627109375 0.8154609374999999 0.3667828125 0.8154609374999999 0.36881875000000003 0.8097734375 0.36881875000000003 0.8045249999999999 0.3667828125 0.8001515625 0.3635828125 0.7975265625 0.365328125 0.7949015625
0 0.3336296875 0.7997140625 0.331884375 0.7997140625 0.3304296875 0.7992765625 0.32723125 0.8019000000000001 0.32606875 0.8058375 0.32606875 0.8093359375 0.32665 0.8141484374999999 0.3295578125 0.818084375 0.33159375 0.818084375 0.33595625 0.817646875 0.337409375 0.8141484374999999 0.3379921875 0.8084625000000001 0.3379921875 0.8049625 0.335375 0.8014625000000001 0.3336296875 0.7997140625
0 0.313853125 0.8019000000000001 0.312690625 0.8010249999999999 0.3100734375 0.8032125000000001 0.30949218749999996 0.806275 0.3092015625 0.8115234375 0.3100734375 0.816334375 0.3135625 0.818959375 0.3161796875 0.819396875 0.3196703125 0.816771875 0.321415625 0.8110859375 0.321415625 0.8067125 0.31879843750000003 0.8027749999999999 0.3155984375 0.8019000000000001 0.313853125 0.8019000000000001
0 0.3062921875 0.7809046875 0.3060015625 0.7791546874999999 0.303965625 0.7826546875 0.302803125 0.7874656250000001 0.302803125 0.791403125 0.303965625 0.7984015624999999 0.30658281249999997 0.8001515625 0.3097828125 0.8001515625 0.312690625 0.7988390625 0.3141453125 0.7918406250000001 0.3141453125 0.786590625 0.31181875 0.7826546875 0.30949218749999996 0.7809046875 0.3062921875 0.7809046875
0 0.30076718750000003 0.7590343749999999 0.3004953125 0.7580328125 0.298440625 0.759471875 0.2961140625 0.762096875 0.294659375 0.7647203124999999 0.29436874999999996 0.7690953125 0.294659375 0.7734687499999999 0.29873125 0.77696875 0.30105781249999997 0.7774062500000001 0.30425625 0.77478125 0.3057109375 0.7669078125000001 0.30483906250000004 0.7629703125 0.303384375 0.7590343749999999 0.30076718750000003 0.7590343749999999
0 0.31850625 0.759471875 0.316859375 0.7585796874999999 0.31472656250000003 0.7590343749999999 0.3112359375 0.759471875 0.3100734375 0.762534375 0.3100734375 0.7682203125 0.31036406250000004 0.77171875 0.3124 0.77390625 0.313853125 0.77521875 0.317634375 0.77434375 0.32054218749999996 0.7699703125 0.321415625 0.7660328125 0.321125 0.761221875 0.31850625 0.759471875
0 0.337409375 0.761221875 0.336246875 0.759471875 0.3347921875 0.7585968750000001 0.33275625 0.758159375 0.331303125 0.758159375 0.32984843750000004 0.757721875 0.328103125 0.7590343749999999 0.326359375 0.761221875 0.3251953125 0.7651578125 0.3251953125 0.77128125 0.326359375 0.77390625 0.3283953125 0.77565625 0.33101250000000004 0.77565625 0.3336296875 0.77565625 0.336246875 0.77390625 0.3379921875 0.7690953125 0.3379921875 0.7664703125 0.337409375 0.761221875
0 0.3534046875 0.7660328125 0.3534046875 0.760346875 0.35136875 0.758159375 0.3490421875 0.757721875 0.3478796875 0.7564093749999999 0.346425 0.7564093749999999 0.3432265625 0.758159375 0.34119062499999997 0.759909375 0.340609375 0.7638453125 0.340609375 0.7686578125 0.340609375 0.7734687499999999 0.34380781250000003 0.77565625 0.346425 0.77609375 0.3481703125 0.77609375 0.351078125 0.77434375 0.3525328125 0.77128125 0.3534046875 0.7660328125
0 0.369690625 0.7585968750000001 0.3679453125 0.7564093749999999 0.365328125 0.755534375 0.3650375 0.755971875 0.3630015625 0.755971875 0.360384375 0.757284375 0.3580578125 0.760346875 0.3574765625 0.7651578125 0.3574765625 0.7690953125 0.36009375 0.77434375 0.3635828125 0.77609375 0.36619999999999997 0.77521875 0.36910937499999996 0.77128125 0.36998125000000004 0.7673453125 0.36998125000000004 0.762096875 0.369690625 0.7585968750000001
0 0.384521875 0.759909375 0.3816140625 0.758159375 0.38304062499999997 0.755846875 0.3810328125 0.7564093749999999 0.3781234375 0.7564093749999999 0.375796875 0.757284375 0.37434375000000003 0.759471875 0.373471875 0.7642828125000001 0.3737625 0.7664703125 0.375796875 0.77128125 0.3792875 0.7730312500000001 0.38306874999999996 0.77215625 0.3853953125 0.7686578125 0.3853953125 0.7647203124999999 0.384521875 0.759909375
0 0.398771875 0.7529109375 0.3961546875 0.7515984375 0.3949921875 0.7520359375 0.3935375 0.7529109375 0.3909203125 0.7542234375 0.38975624999999997 0.7564093749999999 0.38975624999999997 0.7590343749999999 0.38975624999999997 0.7642828125000001 0.3909203125 0.7682203125 0.392665625 0.77040625 0.3961546875 0.7708437499999999 0.4002265625 0.7690953125 0.4016796875 0.7660328125 0.40197031250000004 0.760346875 0.4016796875 0.755096875 0.398771875 0.7529109375
0 0.41534843749999995 0.757284375 0.4147671875 0.7546609375 0.4143140625 0.7542078125 0.41156875 0.7520359375 0.40895000000000004 0.7511609375 0.40720625000000005 0.7529109375 0.4057515625 0.755096875 0.4048796875 0.759471875 0.4048796875 0.7629703125 0.40604218750000004 0.7673453125 0.4092421875 0.7699703125 0.41185937499999997 0.7695328124999999 0.4144765625 0.7660328125 0.41534843749999995 0.760784375 0.41534843749999995 0.757284375
0 0.42704062499999995 0.751475 0.4240734375 0.7529109375 0.418546875 0.7542234375 0.417965625 0.756846875 0.417965625 0.762096875 0.4202921875 0.7673453125 0.4243640625 0.7690953125 0.42756249999999996 0.7690953125 0.42988906250000003 0.7651578125 0.43047031249999995 0.760346875 0.4295984375 0.7564093749999999 0.4264 0.7529109375 0.42704062499999995 0.751475
0 0.43163437499999996 0.77434375 0.43105312500000004 0.7730312500000001 0.42872656249999996 0.7734687499999999 0.42756249999999996 0.77696875 0.42756249999999996 0.7809046875 0.42756249999999996 0.7844046875 0.4307625 0.789215625 0.432215625 0.789215625 0.4351234375 0.788340625 0.43774218749999994 0.7839671874999999 0.43803281250000003 0.7787171875000001 0.43715937499999996 0.77521875 0.43454218750000007 0.77434375 0.43163437499999996 0.77434375
0 0.32606875 0.7817796875 0.3237421875 0.7817796875 0.321125 0.7835296875 0.3196703125 0.786590625 0.3196703125 0.790528125 0.32025156250000003 0.7944640625 0.323159375 0.7975265625 0.32606875 0.7970890625 0.32897656249999996 0.7935890624999999 0.3292671875 0.789215625 0.3286859375 0.7848421875 0.326940625 0.7826546875 0.32606875 0.7817796875
0 0.30949218749999996 0.8452046875000001 0.31472656250000003 0.8390812499999999 0.3161796875 0.8294578125 0.31298125 0.8255203124999999 0.306875 0.823771875 0.30367500000000003 0.8277078124999999 0.30376875000000003 0.8296171875 0.303965625 0.83689375 0.30483906250000004 0.8443296874999999 0.30949218749999996 0.8452046875000001
0 0.2937875 0.853078125 0.29436874999999996 0.8587640625 0.2966953125 0.8627 0.3016390625 0.8631375 0.30512968749999997 0.8574515625 0.3054203125 0.853953125 0.30483906250000004 0.8473906250000001 0.30076718750000003 0.8443296874999999 0.29756875 0.8447671874999999 0.29436874999999996 0.8465171874999999 0.2937875 0.853078125
0 0.28564531249999997 0.86445 0.2905890625 0.8600765625 0.2914609375 0.851765625 0.28884375 0.8443296874999999 0.28448125 0.8443296874999999 0.2809921875 0.8443296874999999 0.28011875 0.8452046875000001 0.27866562500000003 0.853515625 0.2809921875 0.8627 0.28564531249999997 0.86445
0 0.31501718749999996 0.8605140625000001 0.32054218749999996 0.8605140625000001 0.32345 0.853078125 0.322578125 0.847828125 0.320859375 0.844371875 0.3141453125 0.8447671874999999 0.3115265625 0.8495781250000001 0.3112359375 0.8561390624999999 0.31501718749999996 0.8605140625000001
0 0.3208328125 0.8390812499999999 0.32432343750000003 0.8390812499999999 0.3278125 0.8377687500000001 0.3286859375 0.8294578125 0.328103125 0.8242078125000001 0.32577656250000003 0.8220218750000001 0.323040625 0.820875 0.31879843750000003 0.8255203124999999 0.317634375 0.83295625 0.3208328125 0.8390812499999999
0 0.3385734375 0.7953390625 0.3426453125 0.7953390625 0.345553125 0.788340625 0.34526249999999997 0.7826546875 0.3429359375 0.77784375 0.33711875 0.7791546874999999 0.3342109375 0.786153125 0.3350828125 0.792715625 0.3385734375 0.7953390625
0 0.43454218750000007 0.756846875 0.4348328125 0.7638453125 0.4386140625 0.7664703125 0.44239375000000003 0.7660328125 0.4447203125 0.760346875 0.4447203125 0.755971875 0.44485937499999995 0.7553 0.440359375 0.7511609375 0.4351234375 0.7529109375 0.43454218750000007 0.756846875
0 0.4589703125 0.7634078125 0.460134375 0.7564093749999999 0.460134375 0.74635 0.4519921875 0.7502859374999999 0.44995624999999995 0.7542234375 0.4505375 0.760346875 0.4540265625 0.7651578125 0.4589703125 0.7634078125
0 0.465659375 0.757721875 0.46885937499999997 0.7629703125 0.4735125 0.7634078125 0.4761296875 0.7585968750000001 0.4761296875 0.7524734375000001 0.4723484375 0.7480984375 0.46914999999999996 0.7480984375 0.46798593750000006 0.7480984375 0.4665328125 0.7480984375 0.465659375 0.7520359375 0.465659375 0.757721875
0 0.48078281250000005 0.756846875 0.48398125 0.7634078125 0.48834375 0.7647203124999999 0.49183281250000005 0.7629703125 0.494159375 0.7585968750000001 0.49444999999999995 0.7520359375 0.49241406249999997 0.7467875 0.488634375 0.7459125 0.48543593749999997 0.74635 0.4819453125 0.7498484375000001 0.48078281250000005 0.756846875
0 0.3525328125 0.7791546874999999 0.35020625 0.7822171875 0.34962343749999997 0.786590625 0.351659375 0.790528125 0.35456875 0.793153125 0.3583484375 0.7918406250000001 0.360384375 0.7874656250000001 0.360384375 0.7813421875000001 0.35776718750000003 0.7795921875 0.3568953125 0.7795921875 0.356603125 0.7782796875 0.3525328125 0.7791546874999999
0 0.32665 0.852203125 0.3283953125 0.8583265625 0.33275625 0.8609515625 0.3377 0.8592015625 0.3394453125 0.8487031249999999 0.33711875 0.8447671874999999 0.3343140625 0.8421859375 0.32984843750000004 0.8421421875 0.326940625 0.8447671874999999 0.32665 0.852203125
0 0.3339203125 0.83383125 0.3365375 0.83820625 0.3409 0.8386437499999999 0.3446796875 0.83383125 0.345553125 0.8277078124999999 0.3440984375 0.822459375 0.34002656249999996 0.8211468749999999 0.336246875 0.8220218750000001 0.3350828125 0.822896875 0.3339203125 0.8277078124999999 0.3339203125 0.83383125
0 0.3725984375 0.7984015624999999 0.3720171875 0.8045249999999999 0.3720171875 0.8084625000000001 0.3725984375 0.8137109375 0.3766703125 0.8158984374999999 0.3813234375 0.8145859375000001 0.3848125 0.8084625000000001 0.3848125 0.7992765625 0.3821953125 0.7957765625000001 0.3775421875 0.7940265625 0.3760890625 0.7949015625 0.3725984375 0.7984015624999999
0 0.3650375 0.789653125 0.3673640625 0.7949015625 0.3711453125 0.7953390625 0.37463437499999996 0.7944640625 0.37550625000000004 0.788340625 0.374925 0.77784375 0.3725984375 0.77696875 0.3679453125 0.77696875 0.365909375 0.7795921875 0.36445625000000004 0.7830921875 0.36474687499999997 0.7830921875 0.3650375 0.789653125
0 0.384521875 0.77521875 0.3816140625 0.7813421875000001 0.3816140625 0.786153125 0.38423124999999997 0.7922781249999999 0.388303125 0.7940265625 0.394409375 0.791403125 0.39528281249999997 0.786153125 0.3955734375 0.7800296875 0.3917921875 0.77521875 0.38946562500000004 0.77478125 0.38859374999999996 0.77434375 0.384521875 0.77521875
0 0.39848125 0.77434375 0.39790000000000003 0.7795921875 0.39790000000000003 0.7844046875 0.39790000000000003 0.791403125 0.40342500000000003 0.793153125 0.407496875 0.789215625 0.40865937499999994 0.7839671874999999 0.40895000000000004 0.77653125 0.40604218750000004 0.7734687499999999 0.40313437499999993 0.7730312500000001 0.4016796875 0.77259375 0.39848125 0.77434375
0 0.35456875 0.819396875 0.35136875 0.822896875 0.351078125 0.8285828125 0.35136875 0.83426875 0.3542765625 0.83601875 0.3580578125 0.83689375 0.36125625 0.83251875 0.3615484375 0.8277078124999999 0.360384375 0.8220218750000001 0.35922187499999997 0.8211468749999999 0.35922187499999997 0.819396875 0.35456875 0.819396875
0 0.342353125 0.8452046875000001 0.34148125 0.853515625 0.3435171875 0.8583265625 0.34671562499999997 0.8613890625 0.35195 0.8609515625 0.3536953125 0.8548265625000001 0.35398593749999996 0.848265625 0.3528234375 0.8438921875000001 0.35020625 0.8399546875 0.3472984375 0.8399546875 0.3446796875 0.8403921875 0.342353125 0.8452046875000001
0 0.35776718750000003 0.8473906250000001 0.35776718750000003 0.8557015625 0.36125625 0.8592015625 0.36561875 0.8600765625 0.369690625 0.8578890625 0.3705625 0.8508906250000001 0.369690625 0.8447671874999999 0.36561875 0.8417046875 0.3621296875 0.8412671875 0.3589296875 0.8425796875 0.3583484375 0.8430171874999999 0.35776718750000003 0.8473906250000001
0 0.36561875 0.8211468749999999 0.36474687499999997 0.8259578125000001 0.365909375 0.83426875 0.3694 0.8373312500000001 0.3728890625 0.8373312500000001 0.3763796875 0.8320812500000001 0.3775421875 0.8259578125000001 0.3766703125 0.8211468749999999 0.374053125 0.817646875 0.3705625 0.817646875 0.369690625 0.817646875 0.36561875 0.8211468749999999
0 0.5342921875 0.728415625 0.537490625 0.7240421875 0.537490625 0.7170421874999999 0.5345828125 0.71398125 0.53225625 0.7131062499999999 0.5293484375 0.71398125 0.5281859375 0.7214171875 0.5293484375 0.726665625 0.5342921875 0.728415625
0 0.8190312499999999 0.27033125 0.8188796875 0.2682671875 0.8154328124999999 0.268528125 0.8121359375000001 0.26897812499999996 0.8088374999999999 0.27258593750000004 0.8085375000000001 0.2752921875 0.8085375000000001 0.2798015625 0.8115359375000001 0.2843109375 0.8133343749999999 0.2852125 0.8181312500000001 0.28250625 0.8211296875 0.27799687500000003 0.8217296875000001 0.274840625 0.8208296875000001 0.271684375 0.8190312499999999 0.27033125
0 0.84468125 0.2441765625 0.8431828124999999 0.243275 0.8395843749999999 0.241471875 0.8389859375000001 0.24102031249999997 0.8359875000000001 0.24282499999999999 0.8326890625000001 0.247784375 0.8323890625000001 0.2531953125 0.8341875 0.2586078125 0.8362875000000001 0.2617640625 0.841084375 0.2622140625 0.8434828124999999 0.2608625 0.8455812500000001 0.25545 0.84588125 0.25184375000000003 0.84588125 0.24868593749999998 0.84588125 0.2455296875 0.84468125 0.2441765625
0 0.9684703125 0.2527453125 0.9633734374999999 0.256803125 0.9627734374999999 0.2586078125 0.961275 0.2721359375 0.9633734374999999 0.2721359375 0.9669703125 0.27258593750000004 0.97146875 0.2734875 0.9732671875 0.2694296875 0.974165625 0.26356718749999997 0.9738671875 0.2590578125 0.97146875 0.253646875 0.9684703125 0.2527453125