0 0.87578125 0.06953125 0.1453125 0.1390625
0 0.7265625 0.06953125 0.153125 0.1390625
0 0.92578125 0.74765625 0.1484375 0.2640625
0 0.6734375 0.765625 0.159375 0.271875
0 0.5140625 0.77734375 0.15625 0.2640625
0 0.35546875 0.7921875 0.1546875 0.271875
0 0.19765625 0.81328125 0.1546875 0.2796875
0 0.5640625 0.08671875 0.15625 0.1734375
0 0.8078125 0.90234375 0.159375 0.1859375
0 0.40703125 0.103125 0.1546875 0.2
0 0.2484375 0.1078125 0.153125 0.215625
0 0.0875 0.11875 0.153125 0.2375
0 0.94453125 0.23203125 0.1109375 0.2859375
0 0.81484375 0.23203125 0.1609375 0.2859375
0 0.653125 0.2765625 0.15625 0.275
0 0.49296875 0.28828125 0.1546875 0.2859375
0 0.3375 0.31015625 0.15625 0.2828125
0 0.16953125 0.32265625 0.1609375 0.2890625
0 0.903125 0.47265625 0.15625 0.2859375
0 0.7421875 0.51484375 0.165625 0.2828125
0 0.58203125 0.52734375 0.1546875 0.2765625
0 0.42578125 0.5453125 0.1546875 0.28125
0 0.26484375 0.5625 0.1578125 0.284375
0 0.11015625 0.58046875 0.1515625 0.2796875