0 0.90264375 0.4169921875 0.9372671875 0.408534375 0.942028125 0.3447828125 0.9234171874999999 0.30715781249999996 0.9078375 0.3000015625 0.890525 0.3110609375 0.8785109375 0.34283125000000003 0.8771078125 0.3708046875 0.8887937499999999 0.40137968749999997 0.90264375 0.4169921875
0 0.8009359375 0.3130125 0.8199781249999999 0.325371875 0.8403203124999999 0.3000015625 0.8472453124999999 0.2616203125 0.8394546875 0.22323906249999997 0.8212765624999999 0.209578125 0.801021875 0.22193749999999998 0.7922796875 0.24015312500000002 0.79098125 0.2830875 0.8009359375 0.3130125
0 0.7347171875 0.226490625 0.7355828125 0.2499109375 0.737746875 0.2772328125 0.742075 0.29219531249999997 0.758521875 0.29805000000000004 0.768909375 0.27528125000000003 0.7771312499999999 0.240803125 0.776265625 0.2089265625 0.7564328125 0.1913625 0.7399109375 0.19981875 0.7347171875 0.226490625
0 0.6892734375 0.266825 0.6936015624999999 0.29024375 0.7048546875 0.302603125 0.716540625 0.2987 0.7299562500000001 0.2804859375 0.7312546875 0.24730781249999997 0.72649375 0.206325 0.7169734375 0.19591562499999998 0.7014546875 0.20177031250000002 0.6910046875 0.2212875 0.6892734375 0.266825
0 0.648590625 0.23429843749999998 0.6490234375 0.272028125 0.65638125 0.29024375 0.671096875 0.2960984375 0.6823484375 0.278534375 0.6840796874999999 0.2622703125 0.687975 0.2121796875 0.681915625 0.203071875 0.6702859375 0.19851875000000002 0.652053125 0.20502343750000002 0.648590625 0.23429843749999998
0 0.6144000000000001 0.20827656249999998 0.607475 0.22974375 0.60920625 0.2726796875 0.6139671875 0.293496875 0.6247874999999999 0.301953125 0.633875 0.2954484375 0.6429640625 0.2765828125 0.6455609375 0.24470625 0.6429640625 0.21087812499999997 0.6343078125 0.20242187500000003 0.6265625 0.2011203125 0.6144000000000001 0.20827656249999998
0 0.571553125 0.26097031249999997 0.5780453125 0.286340625 0.5914609375000001 0.2960984375 0.6027140625 0.28373750000000003 0.606609375 0.2512109375 0.6040125 0.24600781249999998 0.6027140625 0.2121796875 0.5901625 0.20177031250000002 0.579809375 0.2011203125 0.5706875 0.218684375 0.571553125 0.26097031249999997
0 0.5460171875000001 0.293496875 0.559434375 0.293496875 0.564628125 0.279184375 0.568090625 0.24015312500000002 0.5637624999999999 0.2056734375 0.5512109374999999 0.206325 0.54604375 0.20827656249999998 0.5377953125 0.22193749999999998 0.5369296875 0.266825 0.5460171875000001 0.293496875
0 0.5360640625 0.27593125 0.5360640625 0.2349484375 0.5321687500000001 0.20827656249999998 0.51485625 0.2076265625 0.5079484375 0.2160828125 0.5057671874999999 0.256415625 0.5109609374999999 0.2824375 0.5243781249999999 0.294146875 0.5360640625 0.27593125
0 0.489321875 0.2974 0.49970781249999996 0.2824375 0.5027375000000001 0.2577171875 0.49970781249999996 0.22323906249999997 0.4923515625 0.21282968750000003 0.480665625 0.2160828125 0.4776453125 0.21738437500000002 0.4741734375 0.25706562499999996 0.4776359375 0.28373750000000003 0.489321875 0.2974
0 0.44777187500000004 0.286340625 0.45426406249999995 0.29479687499999996 0.46595000000000003 0.2882921875 0.472009375 0.268125 0.470278125 0.2349484375 0.46984531250000006 0.2167328125 0.459890625 0.21348124999999998 0.45036875 0.21543281250000001 0.446909375 0.22453906250000003 0.44301250000000003 0.2544640625 0.44777187500000004 0.286340625
0 0.470278125 0.3650546875 0.46248750000000005 0.347490625 0.4482078125 0.3500921875 0.4425796875 0.3735125 0.4469078125 0.42815624999999996 0.4611890625 0.43531250000000005 0.47114375 0.408640625 0.470278125 0.3650546875
0 0.501871875 0.35985 0.48109843750000003 0.3539953125 0.4754796875 0.36570468749999996 0.47547187500000004 0.4034359375 0.4793671875 0.43466250000000006 0.4958125 0.43596250000000003 0.5014390625 0.39628125000000003 0.501871875 0.35985
0 0.5243781249999999 0.4366140625 0.5343328125 0.4197 0.5343328125 0.385871875 0.526109375 0.3572484375 0.5070812499999999 0.3578984375 0.5005734375 0.4027859375 0.5066328125 0.4262046875 0.5135578125 0.4366140625 0.5243781249999999 0.4366140625
0 0.5698218749999999 0.42035 0.564628125 0.36570468749999996 0.552509375 0.35659843750000003 0.539525 0.3611515625 0.535653125 0.35985 0.5382281250000001 0.42230156250000006 0.5468828125 0.447671875 0.5603 0.44376875 0.5698218749999999 0.42035
0 0.6040125 0.3741625 0.5914609375000001 0.3592 0.571584375 0.362453125 0.57241875 0.40799062499999994 0.5737171875 0.44376875 0.5914609375000001 0.4567796875 0.604878125 0.41189375000000006 0.6040125 0.3741625
0 0.61266875 0.42945781250000004 0.61959375 0.449625 0.6304140625 0.447671875 0.64253125 0.4301078125 0.6446953125 0.4073390625 0.645128125 0.370909375 0.63214375 0.355946875 0.6182953125 0.3611515625 0.6140078124999999 0.38261875 0.6113703125 0.40213593750000004 0.61266875 0.42945781250000004
0 0.6481578125 0.43596250000000003 0.6555156249999999 0.45222656250000004 0.6637390625 0.469140625 0.6775890625 0.4600328125 0.6858109375 0.438565625 0.687109375 0.4047375 0.6814828125 0.3741625 0.6697984375 0.3644046875 0.6547015625 0.3722109375 0.6472921875 0.401484375 0.6481578125 0.43596250000000003
0 0.6914374999999999 0.44051718749999996 0.7005265625 0.4645859375 0.7117796875 0.469140625 0.7226 0.4600328125 0.7364484375 0.44116718749999995 0.7368812499999999 0.3982328125 0.7286578125000001 0.3728609375 0.7104812500000001 0.36635625 0.69885625 0.3767640625 0.6905718750000001 0.40213593750000004 0.6914374999999999 0.44051718749999996
0 0.7390453124999999 0.4333609375 0.7386125 0.4600328125 0.7494328125 0.47629687499999995 0.76804375 0.476946875 0.7827578125 0.45092499999999996 0.7862203125 0.40213593750000004 0.7766984375 0.37806562499999996 0.7580890625000001 0.3748125 0.7477750000000001 0.3845703125 0.7416421875 0.39628125000000003 0.7390453124999999 0.4333609375
0 0.7948765625 0.38847343749999996 0.7879515625 0.39693125 0.7879515625 0.4301078125 0.78751875 0.4593828125 0.7974734375 0.47564531250000003 0.8113234374999999 0.4782484375 0.830365625 0.4600328125 0.8346937499999999 0.42360312499999997 0.82776875 0.38196875 0.8134874999999999 0.36700625 0.8031859375 0.370909375 0.7948765625 0.38847343749999996
0 0.859796875 0.50361875 0.8740781249999999 0.5127265624999999 0.896584375 0.5049203125 0.9074046875 0.4782484375 0.9082703125 0.44376875 0.8961515625 0.41319375 0.8655234374999999 0.401484375 0.852871875 0.42555468750000003 0.8485437499999999 0.476946875 0.859796875 0.50361875
0 0.9532812500000001 0.537446875 0.9524156250000001 0.5790796874999999 0.958040625 0.5985968749999999 0.96929375 0.6155109375000001 0.9818453125 0.622015625 0.997859375 0.6207140625 1 0.50426875 0.9805468749999999 0.50296875 0.9628015624999999 0.515978125 0.9532812500000001 0.537446875
0 0.9434453125 0.5979453125 0.9221187499999999 0.61030625 0.9117312500000001 0.6480375 0.9117312500000001 0.6792625 0.921253125 0.6994296875 0.93250625 0.7091875 0.947221875 0.71699375 0.971890625 0.7039828124999999 0.975353125 0.6792625 0.9736218750000001 0.64153125 0.9658312499999999 0.6168109375 0.9528484374999999 0.59599375 0.9434453125 0.5979453125
0 0.85893125 0.5686718749999999 0.8489765625000001 0.5894890625 0.8468125000000001 0.6194140625 0.8494093749999999 0.6460859375 0.859796875 0.6714562500000001 0.8788390625 0.6805640625 0.894853125 0.667553125 0.90264375 0.629821875 0.9000468749999999 0.590790625 0.8896593749999999 0.5745265625 0.8746140625000001 0.56476875 0.85893125 0.5686718749999999
0 0.7958265625000001 0.5706234375 0.7905484375 0.5972953125 0.7883843749999999 0.630471875 0.7996375 0.6480375 0.807428125 0.6701546875 0.828634375 0.6669031249999999 0.8398875 0.636978125 0.8377234375 0.5823328125 0.8108906250000001 0.5576125000000001 0.80829375 0.560865625 0.8065625000000001 0.560865625 0.8035328125 0.5634671875 0.7958265625000001 0.5706234375
0 0.7576562499999999 0.644784375 0.7775640625 0.6324234375 0.784921875 0.5823328125 0.7676109375 0.546553125 0.748640625 0.5537093750000001 0.7399109375 0.5706234375 0.7381796875 0.614209375 0.7468359375 0.633725 0.7576562499999999 0.644784375
0 0.6910046875 0.6116078125 0.7013921875 0.637628125 0.7143765625 0.6421828125 0.7251953125 0.64153125 0.732553125 0.6194140625 0.7355828125 0.582984375 0.7247625 0.5433015625000001 0.7143765625 0.5433015625000001 0.702753125 0.5459031249999999 0.6953328125 0.5595640625 0.6910046875 0.6116078125
0 0.6892734375 0.5979453125 0.6845125000000001 0.5478546875 0.6732609375 0.530940625 0.657246875 0.5276875000000001 0.647775 0.54265 0.6455609375 0.5888390625000001 0.65291875 0.6155109375000001 0.67715625 0.6246171875 0.6892734375 0.5979453125
0 0.6191609375 0.6168109375 0.6351734375 0.6213656249999999 0.6442625 0.61030625 0.643396875 0.5790796874999999 0.6446953125 0.542 0.6390687500000001 0.5263875 0.615740625 0.5257359375 0.6096390625 0.5459031249999999 0.6096390625 0.5940421875 0.6191609375 0.6168109375
0 0.6018484374999999 0.6011984375 0.60574375 0.5803812500000001 0.607475 0.542 0.6053109375 0.5250859375 0.5811078125 0.5205328125 0.57415 0.546553125 0.57588125 0.5875375 0.5897296875 0.61030625 0.6018484374999999 0.6011984375
0 0.545584375 0.599896875 0.559434375 0.6005484375 0.5711203125 0.5868875 0.57415 0.56411875 0.573284375 0.51923125 0.5572703125 0.50426875 0.547775 0.508171875 0.5386609375 0.530290625 0.5386609375 0.5667203125 0.545584375 0.599896875
0 0.473740625 0.508171875 0.46854687500000003 0.48930625 0.45080468749999997 0.49060781249999996 0.44604218749999996 0.53354375 0.45426406249999995 0.5699734375000001 0.46854687500000003 0.5712734375 0.473740625 0.5485046875 0.473740625 0.508171875
0 0.5014390625 0.573225 0.5031703125 0.5478546875 0.5023046875 0.5062203125 0.4932171875 0.4964625 0.48154062499999994 0.49841406250000003 0.47677031249999996 0.5257359375 0.4776359375 0.56411875 0.4888890625 0.5803812500000001 0.5014390625 0.573225
0 0.5135578125 0.5849359375 0.526109375 0.5875375 0.5308703125 0.5790796874999999 0.533034375 0.5576125000000001 0.5334671875 0.5218328125 0.5300046875 0.5016671875000001 0.5109781250000001 0.5016671875000001 0.507065625 0.522484375 0.5062 0.561515625 0.5135578125 0.5849359375
0 0.6221203125 0.2010140625 0.6290453125 0.19255781249999998 0.6299109374999999 0.152875 0.624284375 0.1359609375 0.6122765625000001 0.13400937500000001 0.6017781249999999 0.140515625 0.5983171875 0.17369218749999998 0.60264375 0.19971406249999998 0.6221203125 0.2010140625
0 0.2786078125 0.5737703125 0.270475 0.5629859374999999 0.25998125 0.5730515625 0.2604296875 0.611159375 0.2613859375 0.629853125 0.2743015625 0.629853125 0.27717187499999996 0.6075640625000001 0.2786078125 0.5737703125
0 0.30348125000000004 0.5867125 0.296784375 0.57089375 0.28773125 0.5730515625 0.28147812499999997 0.5831171875 0.28195625 0.6284156249999999 0.2910453125 0.63848125 0.30156875 0.6262578125 0.30348125000000004 0.5867125
0 0.32309375 0.6018125000000001 0.3183109375 0.5752078125 0.3092625 0.575928125 0.3053953125 0.614034375 0.3063515625 0.645671875 0.3149625 0.6492671875 0.32118125000000003 0.629853125 0.32309375 0.6018125000000001
0 0.34796875 0.6104406250000001 0.3436640625 0.58599375 0.33079375 0.58815 0.3264421875 0.60253125 0.327878125 0.6420765625 0.3369671875 0.65358125 0.346534375 0.646390625 0.34796875 0.6104406250000001
0 0.2446703125 0.4536953125 0.2412953125 0.4802984375 0.244165625 0.5112171875 0.25277656249999997 0.51625 0.25803750000000003 0.507621875 0.25803750000000003 0.4544140625 0.2446703125 0.4536953125
0 0.26141562500000004 0.4536953125 0.2609078125 0.50115 0.2676046875 0.51840625 0.2781296875 0.51696875 0.2805203125 0.47310937500000005 0.27765 0.45944843750000003 0.26141562500000004 0.4536953125
0 0.301090625 0.4630421875 0.29391406249999996 0.4544140625 0.28438281249999997 0.4601671875 0.28195625 0.508340625 0.28817499999999996 0.5220015625000001 0.294871875 0.5234390624999999 0.3001328125 0.509778125 0.301090625 0.4630421875
0 0.3120921875 0.5299109375 0.3149625 0.5284734375 0.3178328125 0.45944843750000003 0.30543437500000004 0.46088593749999995 0.302046875 0.5227203125 0.3120921875 0.5299109375
0 0.3436640625 0.4774234375 0.334096875 0.4630421875 0.322659375 0.46591875 0.3192671875 0.5112171875 0.327878125 0.5356625 0.33935781249999997 0.5349437499999999 0.34079375 0.525596875 0.3436640625 0.4774234375
0 0.3651890625 0.47310937500000005 0.3541875 0.45872812500000004 0.34801875 0.46735625000000003 0.34796875 0.507621875 0.35131718749999996 0.5371015625 0.3632765625 0.541415625 0.366146875 0.5356625 0.3651890625 0.47310937500000005
0 0.38862968750000004 0.5421343750000001 0.3891078125 0.5148109375 0.3915 0.483175 0.380975 0.47239062499999995 0.37385625 0.47239062499999995 0.372365625 0.5033078125 0.37475625 0.5457296875 0.3838453125 0.5493234375 0.38862968750000004 0.5421343750000001
0 0.4154171875 0.5507625 0.41685156250000005 0.5148109375 0.412546875 0.48389375 0.40585000000000004 0.47814218750000004 0.39682343750000004 0.4802984375 0.3948484375 0.5176875 0.399153125 0.5457296875 0.405371875 0.5579515625 0.4154171875 0.5507625
0 0.43598593750000003 0.5644234375 0.4422046875 0.5543578124999999 0.44411875 0.5464484374999999 0.443640625 0.5306296875000001 0.44842343749999997 0.509059375 0.4417265625 0.4767046875 0.4245734375 0.48389375 0.4211578125 0.5148109375 0.424984375 0.560109375 0.43598593750000003 0.5644234375
0 0.2274453125 0.3408109375 0.22311874999999998 0.36813281249999996 0.2226390625 0.4004890625 0.2345984375 0.39689375 0.23986093749999998 0.370290625 0.2365125 0.3400921875 0.2274453125 0.3408109375
0 0.24323437499999997 0.345125 0.23986093749999998 0.3925796875 0.2475140625 0.40120781250000004 0.2551671875 0.3990515625 0.255646875 0.3573484375 0.25181875 0.3408109375 0.24323437499999997 0.345125
0 0.25998125 0.34440624999999997 0.2589953125 0.39689375 0.2680828125 0.40480312500000004 0.2723890625 0.4004890625 0.2743015625 0.3408109375 0.264734375 0.3386546875 0.25998125 0.34440624999999997
0 0.2781625 0.3415296875 0.2786078125 0.39329843750000004 0.28721718749999997 0.4098359375 0.29535 0.39761250000000004 0.29295781249999997 0.345125 0.28386875 0.337934375 0.2781625 0.3415296875
0 0.2973015625 0.34296875 0.2986984375 0.38035625 0.3053953125 0.4105546875 0.3173546875 0.406240625 0.3187890625 0.36381874999999997 0.3120921875 0.337934375 0.2973015625 0.34296875
0 0.3364890625 0.33937343750000004 0.3254859375 0.334340625 0.321225 0.34440624999999997 0.3221375 0.3925796875 0.328834375 0.4155875 0.34079375 0.41486875 0.3455765625 0.3731671875 0.3364890625 0.33937343750000004
0 0.3456265625 0.34800156250000003 0.3470125 0.39761250000000004 0.35036093749999997 0.41630781250000004 0.3575359375 0.4184640625 0.3637546875 0.41127343749999995 0.35992812500000004 0.34584375 0.3456265625 0.34800156250000003
0 0.41206875 0.351596875 0.4039359375 0.34800156250000003 0.3934734375 0.3501578125 0.39245625 0.39545625 0.39676093749999997 0.4263734375 0.41111250000000005 0.423496875 0.418765625 0.38035625 0.41206875 0.351596875
0 0.42354843750000004 0.42925 0.43598593750000003 0.42852968750000003 0.4412484375 0.41199375 0.4417265625 0.3825140625 0.43885625 0.353753125 0.42881093750000004 0.345125 0.418353125 0.3487203125 0.41924374999999997 0.372446875 0.41828750000000003 0.40480312500000004 0.42354843750000004 0.42925
0 0.3891078125 0.389703125 0.38719375 0.351596875 0.3781625 0.3465625 0.367103125 0.355190625 0.36758125 0.40408437499999994 0.3738 0.41990156250000005 0.386715625 0.4155875 0.3891078125 0.389703125
0 0.21691875 0.230803125 0.21211562499999997 0.25524843750000004 0.21785625 0.2912 0.229815625 0.2379921875 0.21691875 0.230803125
0 0.24990625 0.2286453125 0.2412953125 0.2286453125 0.2322296875 0.22936406250000002 0.231728125 0.2717859375 0.23507656250000003 0.2897609375 0.244165625 0.2868859375 0.24895 0.2638765625 0.24990625 0.2286453125
0 0.2542390625 0.22505000000000003 0.251340625 0.25596718749999997 0.257559375 0.2912 0.2666484375 0.29047968750000003 0.2680828125 0.258125 0.2671265625 0.2236125 0.2542390625 0.22505000000000003
0 0.27669375 0.2883234375 0.290565625 0.286165625 0.29295781249999997 0.21570312500000002 0.2724203125 0.22433125 0.270953125 0.26243906250000004 0.27669375 0.2883234375
0 0.2968234375 0.22001718750000002 0.29391406249999996 0.24805937500000003 0.2986984375 0.283290625 0.3068296875 0.286165625 0.3125703125 0.2761 0.308265625 0.2192984375 0.2968234375 0.22001718750000002
0 0.3145265625 0.2214546875 0.31687656249999996 0.26675312500000004 0.32309375 0.2912 0.335053125 0.2868859375 0.336009375 0.24733906249999998 0.3317046875 0.21354687499999997 0.3145265625 0.2214546875
0 0.36040625 0.23224062499999998 0.3508390625 0.2192984375 0.3413203125 0.23008281249999998 0.340315625 0.268909375 0.34605625 0.2897609375 0.3561015625 0.284728125 0.36232031249999996 0.2645953125 0.36040625 0.23224062499999998
0 0.3666796875 0.2387109375 0.367103125 0.27538125 0.37858437500000003 0.2912 0.386715625 0.2883234375 0.39245625 0.222175 0.3757140625 0.214984375 0.3666796875 0.2387109375
0 0.3958046875 0.217140625 0.3900640625 0.27106718750000003 0.3982578125 0.29479375 0.40967656249999995 0.29047968750000003 0.41302500000000003 0.266034375 0.41350312499999997 0.2286453125 0.4020234375 0.217140625 0.3958046875 0.217140625
0 0.43550781250000004 0.2897609375 0.43885625 0.284728125 0.44316093749999996 0.24230625 0.43933437499999994 0.2236125 0.4274453125 0.214265625 0.419721875 0.2192984375 0.4173296875 0.27394375000000004 0.42450625000000003 0.29335625 0.43550781250000004 0.2897609375
0 0.355675 0.594621875 0.3494046875 0.60253125 0.3494046875 0.6672421875000001 0.361840625 0.6693984375 0.366625 0.6586140625 0.36805937499999997 0.60396875 0.355675 0.594621875
0 0.3934125 0.6183484375 0.387671875 0.6046875 0.37529218750000004 0.6003734374999999 0.3714078125 0.6161921875 0.3690171875 0.662209375 0.3838453125 0.67155625 0.393890625 0.6600515625 0.3934125 0.6183484375
0 0.41356875000000004 0.6090015625 0.399153125 0.611159375 0.3953265625 0.6708375 0.4087203125 0.69096875 0.4202 0.6751515625 0.4154171875 0.6104406250000001 0.41356875000000004 0.6090015625
0 0.445553125 0.6751515625 0.443640625 0.630571875 0.435578125 0.614034375 0.424028125 0.6183484375 0.4230703125 0.663646875 0.42641875 0.6960015625 0.4412484375 0.699596875 0.445553125 0.6751515625
0 0.47616875 0.68953125 0.4718625 0.646390625 0.46332968750000003 0.6284156249999999 0.45225 0.629134375 0.4469890625 0.663646875 0.44985937500000006 0.697440625 0.4680359375 0.7031921875 0.47616875 0.68953125
0 0.5086968749999999 0.7010359375 0.5005640625 0.648546875 0.4891671875 0.6377625 0.478559375 0.63991875 0.477125 0.67443125 0.48095156250000004 0.70750625 0.49769375 0.7197296875 0.5086968749999999 0.7010359375
0 0.542659375 0.6938453124999999 0.53500625 0.65645625 0.5197890625 0.6492671875 0.5115671875000001 0.6600515625 0.5101312499999999 0.7118203125 0.5216125 0.7326718750000001 0.5397890624999999 0.7262 0.542659375 0.6938453124999999
0 0.5718390624999999 0.7413000000000001 0.579971875 0.7276390625 0.5681140625000001 0.6593328125 0.5541406249999999 0.6528609375000001 0.5464859375 0.680184375 0.548878125 0.7247625 0.55653125 0.7413000000000001 0.5718390624999999 0.7413000000000001
0 0.5981484375 0.75711875 0.6105859375 0.7528046875000001 0.6110640625 0.723325 0.608671875 0.6780265625 0.60065 0.6600515625 0.5828421875 0.6672421875000001 0.5785359375 0.6938453124999999 0.5823625 0.7391421874999999 0.5981484375 0.75711875
0 0.613934375 0.6866546875 0.613934375 0.7211671875000001 0.613934375 0.7477703124999999 0.61871875 0.7628703125 0.6335468750000001 0.767903125 0.645984375 0.7643078125 0.6498109375000001 0.7477703124999999 0.6464624999999999 0.716853125 0.6370140625 0.680903125 0.6225453125 0.6773078124999999 0.613934375 0.6866546875
0 0.6636828125 0.784440625 0.6813828125 0.783721875 0.6909500000000001 0.7556796875 0.6895140625 0.716853125 0.66955 0.6916875 0.6560296875 0.6931265625 0.65268125 0.723325 0.65268125 0.7628703125 0.6636828125 0.784440625
0 0.70960625 0.7966640625 0.728740625 0.7973828125 0.73639375 0.7714984375 0.73639375 0.7290765625 0.713090625 0.697440625 0.7000390624999999 0.699596875 0.6952546875000001 0.731234375 0.6962109375 0.7729359375 0.70960625 0.7966640625
0 0.73830625 0.7657468749999999 0.743090625 0.803134375 0.7588765625 0.8216828125 0.7727484375 0.8195265624999999 0.7856640625 0.7957984375 0.783271875 0.7519390625 0.76955 0.7218859375 0.7545703125000001 0.7197296875 0.742134375 0.7290765625 0.73830625 0.7657468749999999
0 0.8167578125 0.8360625 0.83971875 0.8238406250000001 0.8440234375 0.7785421875 0.8306296874999999 0.7332453125 0.8106984374999999 0.73180625 0.7933171875 0.7440296875 0.7909265624999999 0.789328125 0.7981015625000001 0.826715625 0.8167578125 0.8360625
0 0.847896875 0.81248125 0.8531578124999999 0.8534656249999999 0.8780328125000001 0.871440625 0.90816875 0.8383671874999999 0.8971671875 0.774375 0.8876 0.7592749999999999 0.8786406250000001 0.752084375 0.862725 0.7535234375 0.8502875 0.766465625 0.847896875 0.81248125
0 0.945003125 0.8851015625 0.9722687499999999 0.8685656249999999 0.9827921875 0.818234375 0.9698765625 0.77796875 0.9317515625 0.768621875 0.9196500000000001 0.7822828125 0.913909375 0.8167953125 0.9196500000000001 0.86353125 0.945003125 0.8851015625
0 0.6651125 0.197009375 0.6732453125 0.1876625 0.6737234375 0.1416453125 0.6627203125000001 0.128703125 0.651846875 0.1251078125 0.639759375 0.144521875 0.639759375 0.182628125 0.64454375 0.197728125 0.6651125 0.197009375
0 0.231721875 0.2006046875 0.22933125 0.1847859375 0.22218125 0.1768765625 0.2130671875 0.1941328125 0.21354531250000003 0.22001718750000002 0.22359062500000002 0.22289374999999997 0.22933125 0.21786093750000002 0.231721875 0.2006046875
0 0.239884375 0.1855046875 0.2398546875 0.21138906249999997 0.2475078125 0.22720781250000002 0.261859375 0.2236125 0.26042343749999997 0.1948515625 0.25324843750000003 0.1747203125 0.239884375 0.1855046875
0 0.27668750000000003 0.181190625 0.27142656249999997 0.17328125 0.2633296875 0.174 0.2623375 0.19916562499999999 0.26568593749999997 0.22433125 0.2776453125 0.2214546875 0.2776453125 0.199884375 0.27668750000000003 0.181190625
0 0.2963 0.180471875 0.2915171875 0.17328125 0.28390468750000003 0.174 0.2805140625 0.1919765625 0.28290625 0.21570312500000002 0.2919953125 0.21857968749999998 0.2977359375 0.2013234375 0.2963 0.180471875
0 0.32067968750000003 0.214265625 0.323071875 0.1955703125 0.322115625 0.1725625 0.316853125 0.1675296875 0.31213437499999996 0.165371875 0.3048953125 0.179034375 0.3048953125 0.20923281249999998 0.3111125 0.217140625 0.32067968750000003 0.214265625
0 0.3431625 0.199884375 0.34220625 0.171125 0.33414375 0.164653125 0.3264203125 0.1689671875 0.3245078125 0.1905375 0.32594218750000004 0.2121078125 0.340771875 0.21642187499999999 0.3431625 0.199884375
0 0.3651671875 0.1768765625 0.3632546875 0.16609218750000002 0.3542390625 0.16393437500000002 0.3460328125 0.1725625 0.3460328125 0.2013234375 0.3517734375 0.21354687499999997 0.3642109375 0.2121078125 0.3651671875 0.1768765625
0 0.392434375 0.17831406249999998 0.38860625 0.1596203125 0.3800765625 0.16033906250000002 0.37138593750000004 0.1696859375 0.3680375 0.1926953125 0.37138593750000004 0.2106703125 0.3909984375 0.2099515625 0.392434375 0.17831406249999998
0 0.42161406250000005 0.19125625 0.4153953125 0.161778125 0.4030421875 0.15386875 0.3967390625 0.171125 0.3962609375 0.20635625000000002 0.4039140625 0.21138906249999997 0.4177859375 0.20851250000000002 0.42161406250000005 0.19125625
0 0.42591875 0.2027609375 0.4350078125 0.20923281249999998 0.44457500000000005 0.20923281249999998 0.44648750000000004 0.18981874999999998 0.44648750000000004 0.162496875 0.4412265625 0.14524062499999998 0.4351 0.15315 0.4225703125 0.16393437500000002 0.4230484375 0.1869421875 0.42591875 0.2027609375