0 0.16640625 0.75859375 0.2515625 0.3109375
0 0.31171875 0.51171875 0.2046875 0.2765625
0 0.4046875 0.315625 0.178125 0.25
0 0.484375 0.134375 0.15 0.234375
0 0.26171875 0.91328125 0.2046875 0.1734375
0 0.36875 0.721875 0.18125 0.25625
0 0.4359375 0.890625 0.15625 0.21875
0 0.0796875 0.9453125 0.159375 0.109375
0 0.5265625 0.70078125 0.128125 0.2140625
0 0.46640625 0.51875 0.1453125 0.23125
0 0.55078125 0.3359375 0.1328125 0.209375
0 0.6109375 0.18828125 0.1125 0.2046875
0 0.653125 0.3625 0.10625 0.1875
0 0.59375 0.51328125 0.115625 0.2015625
0 0.63046875 0.675 0.1015625 0.18125
0 0.68984375 0.51484375 0.0984375 0.1828125
0 0.56796875 0.853125 0.1109375 0.20625
0 0.665625 0.81015625 0.096875 0.1859375
0 0.74765625 0.784375 0.0859375 0.16875
0 0.8125 0.75 0.078125 0.15625
0 0.86875 0.73984375 0.04375 0.1359375
0 0.9046875 0.715625 0.046875 0.125
0 0.9515625 0.70625 0.04375 0.10625
0 0.9828125 0.69453125 0.034375 0.1015625
0 0.7125 0.653125 0.09375 0.16875
0 0.78828125 0.63828125 0.0734375 0.1484375
0 0.846875 0.625 0.065625 0.1375
0 0.89375 0.61875 0.053125 0.125
0 0.934375 0.60859375 0.04375 0.1140625
0 0.76640625 0.515625 0.0828125 0.159375
0 0.8234375 0.51640625 0.059375 0.1484375
0 0.875 0.51484375 0.053125 0.1234375
0 0.91796875 0.51796875 0.0421875 0.1203125
0 0.7359375 0.36875 0.08125 0.165625
0 0.80546875 0.39140625 0.0734375 0.1515625
0 0.86171875 0.40546875 0.0578125 0.1328125
0 0.7046875 0.2203125 0.096875 0.175
0 0.7796875 0.25 0.078125 0.165625
0 0.84453125 0.27578125 0.0796875 0.1421875
0 0.90703125 0.40859375 0.0515625 0.1328125
0 0.949171875 0.45389999999999997 0.9539 0.38770625000000003 0.9231671875 0.3758859375 0.9231671875 0.45389999999999997 0.949171875 0.45389999999999997
0 0.9765625 0.428125 0.046875 0.10625
0 0.8890625 0.29609375 0.046875 0.1328125
0 0.9265625 0.31328125 0.04375 0.1265625
0 0.825 0.13515625 0.075 0.1421875
0 0.8765625 0.17265625 0.0625 0.1421875
0 0.92890625 0.19921875 0.0578125 0.1359375
0 0.928125 0.3125 0.053125 0.115625
0 0.9671875 0.33203125 0.04375 0.1015625
0 0.96015625 0.22109375 0.0421875 0.1203125