0 0.3807609375 0.23003749999999998 0.37335625 0.1676359375 0.3680671875 0.13485 0.344796875 0.11581250000000001 0.2929671875 0.079853125 0.2538296875 0.07245 0.2125765625 0.06716093749999999 0.1639203125 0.070334375 0.12689843750000002 0.0957171875 0.095165625 0.12533125 0.078240625 0.1697515625 0.0941078125 0.227921875 0.1163203125 0.2607078125 0.16709374999999999 0.2924375 0.21151875000000003 0.3030140625 0.2771 0.3030140625 0.3151796875 0.2956109375 0.355375 0.2607078125 0.3807609375 0.23003749999999998
0 0.6695296875000001 0.14331093749999999 0.633565625 0.0999484375 0.587025 0.085140625 0.5531765625 0.0777375 0.5129812499999999 0.085140625 0.46961250000000004 0.1052359375 0.42307187500000004 0.1411953125 0.410378125 0.2057109375 0.427303125 0.25013125 0.46538124999999997 0.28291875 0.5034609375 0.297725 0.5616375 0.30195625000000004 0.633565625 0.2860921875 0.6801078125 0.2416703125 0.6938578125 0.18244375 0.6695296875000001 0.14331093749999999
0 0.900121875 0.2924375 0.953009375 0.2649390625 0.979453125 0.235325 0.9953203125 0.20359687499999998 0.9932046874999999 0.1623484375 0.9752218750000001 0.11792812500000001 0.9477203125000001 0.096775 0.9233921875 0.094659375 0.8863703125000001 0.0787953125 0.8377140624999999 0.0735078125 0.80175 0.079853125 0.7615546875 0.0999484375 0.7287640625 0.1189859375 0.7107828125 0.14859843749999999 0.6991468750000001 0.175040625 0.6991468750000001 0.22051875 0.7150140625 0.249075 0.738284375 0.2765734375 0.7721328125 0.285034375 0.81126875 0.2956109375 0.8556953125 0.2966671875 0.900121875 0.2924375
0 0.42624531250000003 0.4690625 0.46961250000000004 0.4637734375 0.5161546875 0.4320453125 0.5425984374999999 0.39925781250000003 0.545771875 0.36435625 0.5256734375 0.3199359375 0.493940625 0.297725 0.4622078125 0.2797453125 0.405340625 0.2703703125 0.35325937500000004 0.27551562500000004 0.33421875 0.290321875 0.3067171875 0.297725 0.28133125 0.30830156249999996 0.265465625 0.333684375 0.257003125 0.36858749999999996 0.27392656249999997 0.41300781249999996 0.2950828125 0.4352171875 0.3373921875 0.45425468750000003 0.375471875 0.466946875 0.42624531250000003 0.4690625
0 0.2030578125 0.46271562499999996 0.222096875 0.43733281249999995 0.22527031250000001 0.41512343749999997 0.2242125 0.3802203125 0.20411562499999997 0.34637656250000004 0.178728125 0.3252234375 0.148053125 0.3061859375 0.1196265625 0.2973546875 0.078240625 0.294553125 0.0465078125 0.2924375 0.0232375 0.30195625000000004 0 0.311475 0.0020828125 0.46060156250000006 0.011603125 0.47329218749999996 0.047565625 0.48915781249999996 0.0761265625 0.49761875 0.1247828125 0.49867656250000003 0.171325 0.48598437499999997 0.2030578125 0.46271562499999996
0 0 0.6288921875 0.0179484375 0.62995 0.0486234375 0.6267765625 0.077184375 0.62043125 0.1015125 0.608796875 0.117378125 0.5834140624999999 0.123725 0.5548578125 0.123725 0.5294749999999999 0.1132765625 0.506878125 0.0941078125 0.5009187500000001 0.064490625 0.4998609375 0.040162500000000004 0.49139999999999995 0.021121875000000002 0.4871703125 0 0.474478125 0 0.6288921875
0 0.2009421875 0.7885953125 0.2337328125 0.78225 0.257003125 0.7674421875 0.2696953125 0.7473468750000001 0.2696953125 0.7219640625 0.26652343749999996 0.6944656250000001 0.2495984375 0.6733125 0.23055937499999998 0.65321875 0.20728749999999999 0.6352375 0.18153125 0.6259265625 0.1247828125 0.622546875 0.090934375 0.62995 0.0465078125 0.6362953124999999 0.0221796875 0.6701406249999999 0.025353124999999997 0.70186875 0.029584375000000003 0.7367703125 0.062375 0.7653265625000001 0.086703125 0.78225 0.12689843750000002 0.7959984375 0.15863125 0.7991718750000001 0.2009421875 0.7885953125
0 0.406146875 0.7831796875 0.43999531249999996 0.7810640624999999 0.480190625 0.7726031250000001 0.5076921875 0.7577953125 0.5277890625 0.7429890625 0.539425 0.7186640625 0.537309375 0.696453125 0.5320203125 0.67424375 0.52144375 0.658378125 0.49605625 0.6403984375 0.478075 0.6266499999999999 0.43364843750000004 0.6150156250000001 0.40692812500000003 0.6100531250000001 0.3807609375 0.6065546875 0.3543171875 0.6192453125 0.326815625 0.6266499999999999 0.305659375 0.6403984375 0.287678125 0.66578125 0.28979374999999996 0.69856875 0.3003703125 0.730296875 0.32258437500000003 0.7503921874999999 0.3479703125 0.7599109375 0.3807609375 0.7768328125 0.406146875 0.7831796875
0 0.7150140625 0.4680046875 0.7435734375 0.46588906249999995 0.7721328125 0.44790937499999994 0.7932875 0.436275 0.808096875 0.42146875 0.821846875 0.3897390625 0.821846875 0.3696453125 0.817615625 0.34954999999999997 0.7985765625 0.313590625 0.773190625 0.294553125 0.7404 0.28186093749999996 0.7224171875 0.2765734375 0.6910546875 0.2719578125 0.6642406249999999 0.2744578125 0.6166421875 0.2892640625 0.584909375 0.3061859375 0.5637531250000001 0.333684375 0.5605796875 0.371759375 0.567984375 0.40666250000000004 0.5912546875 0.438390625 0.602890625 0.4510828125 0.6452015624999999 0.466946875 0.6790499999999999 0.4701203125 0.7150140625 0.4680046875
0 0.883196875 0.453196875 0.9212765624999999 0.4680046875 0.9604140624999999 0.48069531249999997 0.987915625 0.476465625 1 0.476465625 0.9958171874999999 0.27989375 0.9773375 0.2797453125 0.9519515625 0.285034375 0.9202187500000001 0.2956109375 0.8990640624999999 0.304071875 0.883196875 0.3167625 0.8683890625 0.3294546875 0.8451171875 0.35483750000000003 0.834540625 0.3696453125 0.8366562500000001 0.40243124999999996 0.8430015624999999 0.423584375 0.8662734375 0.4394484375 0.883196875 0.453196875
0 0.5203859375000001 0.629821875 0.55740625 0.634053125 0.5912546875 0.6329953125000001 0.633565625 0.6139578125 0.6483749999999999 0.595978125 0.6652984375 0.5801140625000001 0.6716453125 0.5494421875 0.6737609375 0.5261750000000001 0.6610671875 0.4923296875 0.650490625 0.47752343750000004 0.6145265625 0.46271562499999996 0.5912546875 0.4510828125 0.5711578125 0.4489671875 0.550003125 0.4489671875 0.5339125 0.450265625 0.50451875 0.450025 0.46961250000000004 0.46483125000000003 0.441053125 0.47435 0.41884062499999997 0.48915781249999996 0.410378125 0.5208859375 0.4072046875 0.5462687500000001 0.4156671875 0.5695375 0.432590625 0.58434375 0.44316875 0.5991515625 0.471728125 0.6129 0.49076875 0.6213609375 0.5203859375000001 0.629821875
0 0.7404 0.6203031250000001 0.7657859375 0.6319375 0.799634375 0.6446296874999999 0.830309375 0.64674375 0.86733125 0.6351109375 0.9043531249999999 0.62241875 0.926565625 0.6054968749999999 0.95089375 0.5801140625000001 0.953009375 0.5547296875 0.95089375 0.529346875 0.93714375 0.49550312500000004 0.9138718750000001 0.4796390625 0.8948328125 0.46271562499999996 0.8715624999999999 0.457428125 0.8493484375 0.452140625 0.8339125 0.4497359375 0.803865625 0.44790937499999994 0.7753062500000001 0.4584859375 0.7488609375 0.4680046875 0.7287640625 0.4796390625 0.7065515625 0.4933875 0.6949156249999999 0.514540625 0.6832812500000001 0.5399234374999999 0.6875109375 0.572709375 0.6991468750000001 0.5938625 0.7139562500000001 0.6107843749999999 0.7404 0.6203031250000001
0 0.6388546875000001 0.7768328125 0.6758765624999999 0.7831796875 0.70549375 0.7831796875 0.7404 0.7715453125 0.771075 0.7567390625 0.7901140625 0.7377015625000001 0.8028078125 0.71760625 0.803865625 0.696453125 0.795403125 0.672128125 0.7816515625 0.6562625 0.7573234375 0.6425140625 0.7414578125 0.6277078125 0.7128984375 0.6203031250000001 0.68470625 0.613228125 0.6790499999999999 0.6118421875 0.6325078125 0.6234765624999999 0.6102953125 0.634053125 0.5880828124999999 0.6382828125 0.5584640624999999 0.6509750000000001 0.5489453125 0.6858765625000001 0.550003125 0.7080875 0.55635 0.7387578125 0.5775046875000001 0.7525078125 0.5997171875 0.7673140625 0.6388546875000001 0.7768328125
0 0.9424312499999999 0.789525 0.9731062500000001 0.7810640624999999 1 0.7662578124999999 0.996378125 0.6351109375 0.9815687499999999 0.6255921875 0.952959375 0.6227515625 0.9360859375 0.629821875 0.9064687499999999 0.6287640624999999 0.8821390625 0.639340625 0.8430015624999999 0.658378125 0.8250203125000001 0.68481875 0.813384375 0.7123171875 0.81973125 0.7408734375 0.8377140624999999 0.7546234375 0.8620421875 0.7736609375 0.88108125 0.7789484375 0.91175625 0.7863515624999999 0.9424312499999999 0.789525
0 0.0348734375 0.7527640625 0.015832812499999998 0.75699375 0.0041984375 0.7601671875 0.001025 0.8828515625 0.0232375 0.8955437500000001 0.0624828125 0.9021156250000001 0.09833906249999999 0.8944859375 0.1163203125 0.8870828124999999 0.15016875000000002 0.8722765625 0.160746875 0.8606421875000001 0.16180468750000002 0.8416046875 0.16180468750000002 0.8077609375 0.1554578125 0.8014140624999999 0.10891718749999998 0.8014140624999999 0.0919921875 0.7940109375 0.06660625 0.78131875 0.044393749999999996 0.768628125 0.0348734375 0.7527640625
0 0.3278734375 0.761225 0.3024859375 0.7559359375 0.279215625 0.75699375 0.2580609375 0.768628125 0.2474828125 0.7823765625 0.23055937499999998 0.7887234375000001 0.2125765625 0.792953125 0.18084375 0.802471875 0.1702671875 0.8183359375 0.1766125 0.8373734374999999 0.1861328125 0.8627578124999999 0.2030578125 0.874390625 0.21998125000000002 0.8881406249999999 0.24854062500000002 0.8955437500000001 0.2718109375 0.9071781250000001 0.2929671875 0.9029468749999999 0.2974046875 0.903703125 0.32258437500000003 0.9029468749999999 0.3416234375 0.899775 0.371240625 0.8891984374999999 0.39028125 0.8828515625 0.4114359375 0.8701609375 0.41884062499999997 0.8490078125 0.4220140625 0.8299703125000001 0.4072046875 0.806703125 0.3945125 0.7897796875 0.3786453125 0.78131875 0.3500859375 0.7718 0.3278734375 0.761225
0 0.471728125 0.9018890624999999 0.5013453125 0.912465625 0.5288468749999999 0.9135234375 0.554234375 0.91458125 0.587025 0.912465625 0.607121875 0.9061203125 0.6303921875 0.8966015625000001 0.6430859375 0.883909375 0.6589515625 0.8595843750000001 0.6610671875 0.840546875 0.6483749999999999 0.8183359375 0.62721875 0.7992984375 0.6081796875000001 0.7887234375000001 0.584909375 0.778146875 0.551371875 0.7687828125 0.55211875 0.7654546875 0.519328125 0.7707437500000001 0.4865375 0.778146875 0.4622078125 0.7866078125 0.43682187499999997 0.79506875 0.42095625 0.81410625 0.4198984375 0.83843125 0.432590625 0.8638140625 0.441053125 0.8775640625 0.45480468749999997 0.8870828124999999 0.471728125 0.9018890624999999
0 0.7615546875 0.9188124999999999 0.786940625 0.91986875 0.8165578124999999 0.912465625 0.846175 0.9050625 0.883196875 0.8955437500000001 0.8948328125 0.87650625 0.909640625 0.850065625 0.9106984375 0.8130484375 0.8853125000000001 0.78555 0.8609843749999999 0.7749734375 0.8408875 0.7696859375 0.806928125 0.7671953125 0.786940625 0.768628125 0.7626125 0.768628125 0.746746875 0.7770890625 0.72770625 0.7823765625 0.7023203125 0.7908375000000001 0.681165625 0.8077609375 0.66635625 0.8342015625 0.6716453125 0.8606421875000001 0.6832812500000001 0.883909375 0.7065515625 0.899775 0.7351109375 0.912465625 0.7615546875 0.9188124999999999
0 0.2908515625 1 0.3024859375 0.9780390625000001 0.301428125 0.9568859375000001 0.28133125 0.9240999999999999 0.2548875 0.9050625 0.20834531250000002 0.8955437500000001 0.17518125 0.88624375 0.1533421875 0.8870828124999999 0.1332453125 0.8955437500000001 0.095165625 0.9008312500000001 0.0835296875 0.9135234375 0.07506874999999999 0.9251578125 0.06977968749999999 0.9441953125 0.07506874999999999 0.9600593749999999 0.077184375 0.9706359375 0.0856453125 0.9865 0.0962234375 0.9928453125000001 0.12160937499999999 1 0.2908515625 1
0 0.164978125 0.5970359375000001 0.1924796875 0.6129 0.23055937499999998 0.6255921875 0.2559453125 0.6319375 0.29719843749999997 0.6277078125 0.34268125 0.6160734375 0.36912500000000004 0.6065546875 0.3934546875 0.588575 0.4050890625 0.56530625 0.39980000000000004 0.52723125 0.392396875 0.505021875 0.36700937499999997 0.481753125 0.3373921875 0.4584859375 0.3088328125 0.4489671875 0.274984375 0.44579375 0.2434359375 0.4402109375 0.2295015625 0.44367812500000003 0.222096875 0.44790937499999994 0.213634375 0.46588906249999995 0.20411562499999997 0.47858124999999996 0.185075 0.48915781249999996 0.160746875 0.49550312500000004 0.13218749999999999 0.5018484375 0.12795625 0.512425 0.134303125 0.5473265625 0.1459375 0.581171875 0.164978125 0.5970359375000001
0 0.46538124999999997 0.9094203125 0.449515625 0.8988437499999999 0.4378796875 0.889325 0.4198984375 0.8850953125000001 0.4072046875 0.8850953125000001 0.3807609375 0.8903828125000001 0.3469125 0.905190625 0.332103125 0.910478125 0.3162375 0.919996875 0.31010312500000003 0.9275125 0.3088328125 0.95066875 0.30989062500000003 0.9633593749999999 0.314121875 0.9823968750000001 0.3278734375 0.9972046875 0.5320203125 1 0.5447140625 0.9781671875000001 0.5404828125 0.9453796875 0.5330781250000001 0.9221125000000001 0.52673125 0.91788125 0.5024031250000001 0.9168234375000001 0.4833640625 0.9157671875 0.46538124999999997 0.9094203125
0 0.717128125 0.996146875 0.764728125 0.9972046875 0.771075 0.9823968750000001 0.7763640625 0.9548984375 0.764728125 0.9305734375 0.7404 0.9189390625 0.7150140625 0.910478125 0.6917421874999999 0.8967296875 0.6705875 0.8882687499999999 0.6481984375 0.8925921875 0.6367390625 0.8967296875 0.6176999999999999 0.9062484375000001 0.6102953125 0.9157671875 0.5944281250000001 0.9221125000000001 0.5669265625000001 0.9221125000000001 0.54365625 0.924228125 0.54365625 0.9464375 0.5489453125 0.9718218750000001 0.5690421875 0.9972046875 0.6060640625 0.9940312499999999 0.717128125 0.996146875
0 0.92445 0.9062484375000001 0.8974046875000001 0.9052906249999999 0.8662734375 0.9083625 0.8292515625 0.9263421875000001 0.80598125 0.9432656250000001 0.7816515625 0.9633593749999999 0.782709375 0.9898015625 0.786940625 0.9982625 1 0.9982625 0.996378125 0.9379765624999999 0.987915625 0.9358609375 0.9582984375000001 0.929515625 0.940315625 0.9157671875 0.92445 0.9062484375000001