0 0.94296875 0.22578125 0.1109375 0.3015625
0 0.19921875 0.31640625 0.2265625 0.3734375
0 0.38046875 0.34765625 0.1703125 0.3171875
0 0.73359375 0.40625 0.1546875 0.315625
0 0.04453125 0.48359375 0.0890625 0.3703125
0 0.9203125 0.50703125 0.1375 0.2984375
0 0.2421875 0.61171875 0.19375 0.3203125
0 0.53359375 0.64453125 0.1703125 0.3296875
0 0.7203125 0.7234375 0.153125 0.3125
0 0.09765625 0.78515625 0.1953125 0.3640625
0 0.87734375 0.80546875 0.1390625 0.2984375
0 0.3203125 0.89375 0.253125 0.2125
0 0.52265625 0.89921875 0.1640625 0.2015625
0 0.72421875 0.93203125 0.1515625 0.1328125
0 0.321875 0.10234375 0.290625 0.2046875
0 0.775 0.13828125 0.15 0.2765625
0 0.6171875 0.1546875 0.1625 0.309375
0 0.05546875 0.14453125 0.1109375 0.2890625
0 0.96171875 0.8375 0.0765625 0.325