0 0.48984375 0.35703125 0.1234375 0.1796875
0 0.37109375 0.3671875 0.1078125 0.15625
0 0.6109375 0.37109375 0.115625 0.1703125
0 0.03984375 0.371875 0.0796875 0.178125
0 0.253125 0.3734375 0.125 0.18125
0 0.13203125 0.37890625 0.1109375 0.1546875
0 0.73515625 0.38828125 0.1109375 0.1578125
0 0.85078125 0.390625 0.1234375 0.178125
0 0.95859375 0.3984375 0.0828125 0.159375
0 0.42890625 0.5015625 0.1203125 0.178125
0 0.31015625 0.50703125 0.1078125 0.1546875
0 0.19375 0.52421875 0.125 0.1796875
0 0.55 0.525 0.121875 0.178125
0 0.66328125 0.52578125 0.1015625 0.1640625
0 0.0765625 0.52578125 0.10625 0.1546875
0 0.78046875 0.53203125 0.1234375 0.1765625
0 0.90234375 0.53359375 0.1078125 0.1515625
0 0.41953125 0.0640625 0.1140625 0.128125
0 0.18203125 0.0640625 0.1109375 0.128125
0 0.29921875 0.0671875 0.1265625 0.134375
0 0.43515625 0.68359375 0.1078125 0.1515625
0 0.31796875 0.68359375 0.1203125 0.1765625
0 0.54453125 0.6921875 0.1015625 0.15625
0 0.65546875 0.696875 0.1203125 0.16875
0 0.08671875 0.69921875 0.1234375 0.1734375
0 0.20078125 0.6984375 0.1109375 0.15625
0 0.8953125 0.70546875 0.125 0.1828125
0 0.0625 0.07109375 0.125 0.1421875
0 0.7796875 0.715625 0.10625 0.15625
0 0.440625 0.8453125 0.10625 0.153125
0 0.578125 0.86015625 0.10625 0.1515625
0 0.31953125 0.86875 0.1171875 0.18125
0 0.19921875 0.871875 0.1234375 0.178125
0 0.8171875 0.871875 0.10625 0.159375
0 0.6953125 0.87265625 0.125 0.1765625
0 0.93359375 0.88046875 0.1234375 0.1734375
0 0.07421875 0.884375 0.1109375 0.15625
0 0.48359375 0.18125 0.1078125 0.159375
0 0.365625 0.19296875 0.128125 0.1828125
0 0.12890625 0.196875 0.1203125 0.18125
0 0.2453125 0.19921875 0.10625 0.1609375
0 0.61640625 0.2 0.1109375 0.159375
0 0.0328125 0.2015625 0.065625 0.15625
0 0.8546875 0.2125 0.10625 0.1625
0 0.7359375 0.21171875 0.121875 0.1765625
0 0.95625 0.22109375 0.0875 0.1828125