0 0.49765625 0.625 0.0921875 0.125
0 0.84296875 0.61328125 0.0703125 0.1203125
0 0.69921875 0.61015625 0.0796875 0.1328125
0 0.6046875 0.60625 0.084375 0.134375
0 0.2859375 0.5921875 0.10625 0.153125
0 0.4515625 0.50390625 0.146875 0.2234375
0 0.75390625 0.490625 0.0703125 0.134375
0 0.68359375 0.4734375 0.0828125 0.1375
0 0.61015625 0.4515625 0.0796875 0.153125
0 0.3609375 0.41796875 0.10625 0.1546875
0 0.53984375 0.40078125 0.1234375 0.1953125
0 0.7140625 0.38671875 0.071875 0.0828125
0 0.2390625 0.35546875 0.15625 0.2140625
0 0.60703125 0.196875 0.0796875 0.1375
0 0.78359375 0.19609375 0.1203125 0.2046875
0 0.36953125 0.1765625 0.0984375 0.146875
0 0.5015625 0.1578125 0.146875 0.21875
0 0.5453125 0.09921875 0.103125 0.1734375
0 0.23671875 0.06796875 0.1421875 0.1296875