0 0.871875 0.26171875 0.05625 0.0921875
0 0.97265625 0.26328125 0.0546875 0.0921875
0 0.6390625 0.26953125 0.05625 0.0921875
0 0.73984375 0.27265625 0.0546875 0.0890625
0 0.04296875 0.275 0.0578125 0.0875
0 0.51875 0.27734375 0.05625 0.0921875
0 0.3984375 0.28359375 0.05625 0.0890625
0 0.94296875 0.0296875 0.0578125 0.059375
0 0.27265625 0.29296875 0.0578125 0.0921875
0 0.14765625 0.29921875 0.0609375 0.0921875
0 0.8265625 0.03359375 0.053125 0.0671875
0 0.8453125 0.34296875 0.05625 0.0890625
0 0.70546875 0.03671875 0.0578125 0.0671875
0 0.94921875 0.34296875 0.0578125 0.0890625
0 0.6125 0.3484375 0.05625 0.09375
0 0.71484375 0.35234375 0.0578125 0.0890625
0 0.49375 0.359375 0.05625 0.09375
0 0.48125 0.03828125 0.0625 0.0765625
0 0.58984375 0.03828125 0.0609375 0.0765625
0 0.37109375 0.36796875 0.0578125 0.0921875
0 0.24921875 0.37578125 0.0609375 0.0921875
0 0.12734375 0.38515625 0.0609375 0.0921875
0 0.92421875 0.42421875 0.0578125 0.0921875
0 0.81953125 0.42421875 0.0578125 0.0921875
0 0.68984375 0.43359375 0.0578125 0.0890625
0 0.58515625 0.43515625 0.0546875 0.0921875
0 0.35078125 0.0453125 0.0546875 0.0875
0 0.46640625 0.4421875 0.0578125 0.09375
0 0.34609375 0.44921875 0.0578125 0.0921875
0 0.22421875 0.45703125 0.0578125 0.0921875
0 0.23046875 0.0484375 0.0578125 0.0875
0 0.89921875 0.50546875 0.0578125 0.0921875
0 0.79296875 0.50703125 0.0546875 0.0921875
0 0.675 0.50703125 0.05625 0.0921875
0 0.090625 0.51171875 0.05625 0.0921875
0 0.56015625 0.5140625 0.0578125 0.0875
0 0.4421875 0.521875 0.05625 0.090625
0 0.32421875 0.52890625 0.0578125 0.0921875
0 0.19765625 0.54140625 0.0578125 0.0921875
0 0.978125 0.584375 0.04375 0.090625
0 0.87265625 0.58671875 0.0578125 0.0859375
0 0.765625 0.5875 0.05625 0.090625
0 0.64765625 0.58984375 0.0546875 0.0890625
0 0.06328125 0.59453125 0.0578125 0.0921875
0 0.5328125 0.60078125 0.05625 0.0890625
0 0.41328125 0.60546875 0.0578125 0.0921875
0 0.29765625 0.61171875 0.0609375 0.0890625
0 0.17109375 0.6234375 0.0578125 0.090625
0 0.95703125 0.6640625 0.0578125 0.090625
0 0.84609375 0.665625 0.0578125 0.090625
0 0.740625 0.6734375 0.053125 0.090625
0 0.62265625 0.678125 0.0578125 0.090625
0 0.50546875 0.6828125 0.0578125 0.090625
0 0.38828125 0.6921875 0.0609375 0.090625
0 0.27421875 0.7 0.0578125 0.096875
0 0.14296875 0.71015625 0.0609375 0.0890625
0 0.08046875 0.078125 0.0578125 0.09375
0 0.91875 0.103125 0.053125 0.0875
0 0.684375 0.1078125 0.05625 0.0875
0 0.796875 0.1109375 0.05625 0.0875
0 0.45546875 0.11484375 0.0578125 0.0890625
0 0.5609375 0.11640625 0.05625 0.0890625
0 0.32421875 0.12890625 0.0609375 0.0890625
0 0.20234375 0.134375 0.0578125 0.090625
0 0.89765625 0.18125 0.0578125 0.0875
0 0.9859375 0.184375 0.028125 0.090625
0 0.66484375 0.18359375 0.0546875 0.0890625
0 0.76875 0.19140625 0.05625 0.0890625
0 0.53984375 0.1921875 0.0546875 0.0875
0 0.06796875 0.19453125 0.0578125 0.0921875
0 0.42734375 0.19921875 0.0546875 0.0921875
0 0.29921875 0.209375 0.0609375 0.090625
0 0.17578125 0.21796875 0.0578125 0.0890625