0 0.35859375 0.02734375 0.0640625 0.0546875
0 0.602734375 0.257421875 0.05546875 0.08671875
0 0.86796875 0.2578125 0.0515625 0.078125
0 0.19453125 0.26015625 0.0515625 0.0765625
0 0.414453125 0.26015625 0.05390625 0.0828125
0 0.035546875 0.2609375 0.04296875 0.06875
0 0.508984375 0.261328125 0.05546875 0.08515625
0 0.331640625 0.2625 0.05390625 0.078125
0 0.709375 0.27109375 0.05625 0.0890625
0 0.963671875 0.27265625 0.04296875 0.0765625
0 0.80546875 0.278515625 0.0578125 0.08515625
0 0.239453125 0.28359375 0.05078125 0.0796875
0 0.07734375 0.290625 0.0578125 0.084375
0 0.4640625 0.0296875 0.053125 0.059375
0 0.11015625 0.0296875 0.0515625 0.059375
0 0.9296875 0.29453125 0.05625 0.0828125
0 0.1453125 0.303515625 0.053125 0.08203125
0 0.553125 0.308203125 0.053125 0.08203125
0 0.65390625 0.3109375 0.0578125 0.084375
0 0.46484375 0.312109375 0.0484375 0.07109375
0 0.29375 0.315625 0.053125 0.078125
0 0.844921875 0.318359375 0.05546875 0.08046875
0 0.01484375 0.321484375 0.0296875 0.07109375
0 0.738671875 0.327734375 0.04921875 0.07421875
0 0.208203125 0.336328125 0.05078125 0.07578125
0 0.351171875 0.33984375 0.04921875 0.0765625
0 0.402734375 0.343359375 0.05546875 0.08046875
0 0.603125 0.3484375 0.05625 0.084375
0 0.5078125 0.348046875 0.053125 0.07421875
0 0.947265625 0.34921875 0.05390625 0.0734375
0 0.7046875 0.35859375 0.05625 0.0828125
0 0.787890625 0.36640625 0.05078125 0.0765625
0 0.256640625 0.36796875 0.05078125 0.0765625
0 0.07890625 0.3734375 0.0515625 0.078125
0 0.032421875 0.373046875 0.03984375 0.05546875
0 0.13515625 0.38515625 0.0578125 0.0828125
0 0.4640625 0.38828125 0.053125 0.0734375
0 0.3125 0.39140625 0.053125 0.0796875
0 0.64609375 0.398828125 0.0515625 0.07578125
0 0.837109375 0.403125 0.05546875 0.078125
0 0.73984375 0.404296875 0.0515625 0.07421875
0 0.91796875 0.41484375 0.0515625 0.0796875
0 0.20703125 0.41796875 0.0515625 0.0796875
0 0.17578125 0.042578125 0.0578125 0.08203125
0 0.928125 0.04453125 0.053125 0.0828125
0 0.362890625 0.41796875 0.05390625 0.0765625
0 0.419140625 0.424609375 0.05078125 0.07421875
0 0.508203125 0.428515625 0.05390625 0.08203125
0 0.039453125 0.434375 0.05390625 0.084375
0 0.598828125 0.433984375 0.05390625 0.07421875
0 0.745703125 0.044921875 0.05390625 0.08046875
0 0.260546875 0.44375 0.05546875 0.078125
0 0.69765625 0.44453125 0.0578125 0.0765625
0 0.78046875 0.447265625 0.0515625 0.07578125
0 0.8640625 0.451171875 0.053125 0.07421875
0 0.090625 0.45703125 0.05625 0.0828125
0 0.976953125 0.46484375 0.04453125 0.0578125
0 0.459375 0.466015625 0.05625 0.07578125
0 0.16015625 0.468359375 0.0515625 0.08046875
0 0.5546875 0.46953125 0.05625 0.0828125
0 0.915625 0.4703125 0.046875 0.046875
0 0.6453125 0.47734375 0.053125 0.0734375
0 0.322265625 0.48203125 0.05390625 0.0828125
0 0.73828125 0.484375 0.0515625 0.078125
0 0.80859375 0.4859375 0.0484375 0.06875
0 0.050390625 0.051171875 0.05390625 0.08671875
0 0.217578125 0.49296875 0.05390625 0.0765625
0 0.946875 0.496875 0.046875 0.06875
0 0.88046875 0.49921875 0.0484375 0.0640625
0 0.015625 0.50546875 0.03125 0.0828125
0 0.407421875 0.50625 0.05546875 0.084375
0 0.505078125 0.509765625 0.05390625 0.08203125
0 0.41640625 0.053125 0.0578125 0.0875
0 0.598828125 0.51640625 0.05390625 0.0796875
0 0.68359375 0.51953125 0.0484375 0.0734375
0 0.269921875 0.523828125 0.05546875 0.08203125
0 0.830078125 0.524609375 0.04453125 0.06484375
0 0.060546875 0.528125 0.05546875 0.084375
0 0.780078125 0.527734375 0.05078125 0.07421875
0 0.978125 0.52890625 0.040625 0.0671875
0 0.9046875 0.53046875 0.040625 0.0609375
0 0.126171875 0.53828125 0.05546875 0.0796875
0 0.51015625 0.055078125 0.0578125 0.08515625
0 0.365625 0.5421875 0.053125 0.078125
0 0.186328125 0.546875 0.05078125 0.078125
0 0.456640625 0.55234375 0.05390625 0.0796875
0 0.6421875 0.55703125 0.053125 0.0734375
0 0.5546875 0.554296875 0.05625 0.08046875
0 0.875 0.565625 0.046875 0.06875
0 0.2453125 0.56796875 0.053125 0.0734375
0 0.74296875 0.57265625 0.0515625 0.0765625
0 0.318359375 0.576171875 0.05546875 0.08046875
0 0.0390625 0.584375 0.053125 0.06875
0 0.50390625 0.587890625 0.0515625 0.07578125
0 0.407421875 0.58984375 0.05546875 0.0796875
0 0.681640625 0.59453125 0.05078125 0.0765625
0 0.5984375 0.59453125 0.053125 0.0734375
0 0.832421875 0.59921875 0.04921875 0.0671875
0 0.91875 0.6015625 0.046875 0.06875
0 0.08828125 0.60546875 0.0515625 0.0765625
0 0.139453125 0.615625 0.05390625 0.078125
0 0.364453125 0.618359375 0.05078125 0.07421875
0 0.199609375 0.622265625 0.04921875 0.07578125
0 0.02265625 0.623828125 0.0453125 0.06953125
0 0.79375 0.63125 0.046875 0.06875
0 0.5515625 0.63203125 0.053125 0.0765625
0 0.26640625 0.6328125 0.0515625 0.078125
0 0.950390625 0.637109375 0.04453125 0.07109375
0 0.4546875 0.6390625 0.05625 0.084375
0 0.879296875 0.638671875 0.04296875 0.07109375
0 0.643359375 0.640625 0.05546875 0.078125
0 0.739453125 0.650390625 0.05078125 0.07578125
0 0.3203125 0.65703125 0.053125 0.0765625
0 0.82265625 0.068359375 0.0515625 0.07421875
0 0.9734375 0.6640625 0.040625 0.0625
0 0.410546875 0.666796875 0.05546875 0.07421875
0 0.83359375 0.6734375 0.0453125 0.06875
0 0.594140625 0.674609375 0.05390625 0.08046875
0 0.500390625 0.677734375 0.05390625 0.08671875
0 0.1078125 0.679296875 0.053125 0.07421875
0 0.919140625 0.679296875 0.05078125 0.07109375
0 0.1625 0.688671875 0.046875 0.07421875
0 0.689453125 0.6875 0.05078125 0.071875
0 0.22109375 0.693359375 0.0484375 0.07421875
0 0.0609375 0.691015625 0.040625 0.06640625
0 0.356640625 0.706640625 0.05390625 0.08203125
0 0.790625 0.7046875 0.046875 0.06875
0 0.86484375 0.71015625 0.0453125 0.0640625
0 0.4546875 0.71015625 0.053125 0.0671875
0 0.547265625 0.715234375 0.05078125 0.07421875
0 0.264453125 0.715625 0.05390625 0.078125
0 0.72421875 0.7203125 0.0484375 0.06875
0 0.6421875 0.722265625 0.053125 0.07578125
0 0.967578125 0.733984375 0.04453125 0.06484375
0 0.31953125 0.7328125 0.0484375 0.071875
0 0.901953125 0.73671875 0.04453125 0.0640625
0 0.07890625 0.74140625 0.0515625 0.0765625
0 0.824609375 0.744140625 0.04296875 0.06640625
0 0.40546875 0.744140625 0.0515625 0.07578125
0 0.130859375 0.75234375 0.04921875 0.0765625
0 0.5921875 0.7546875 0.053125 0.071875
0 0.5 0.754296875 0.053125 0.08046875
0 0.256640625 0.076171875 0.05078125 0.07109375
0 0.93046875 0.76484375 0.0421875 0.0609375
0 0.68203125 0.765234375 0.0515625 0.07421875
0 0.170703125 0.76953125 0.05390625 0.0765625
0 0.784765625 0.775390625 0.04453125 0.06640625
0 0.85625 0.77890625 0.046875 0.0671875
0 0.302734375 0.78359375 0.04921875 0.0671875
0 0.3609375 0.784765625 0.053125 0.07578125
0 0.232421875 0.78828125 0.05546875 0.0796875
0 0.8859375 0.79609375 0.040625 0.0671875
0 0.634765625 0.797265625 0.05390625 0.06953125
0 0.633203125 0.7984375 0.05078125 0.071875
0 0.54609375 0.79921875 0.0515625 0.0796875
0 0.447265625 0.80625 0.05390625 0.078125
0 0.04609375 0.80859375 0.0484375 0.0765625
0 0.72890625 0.80859375 0.0515625 0.0765625
0 0.81015625 0.808203125 0.0421875 0.06015625
0 0.691015625 0.081640625 0.05390625 0.08203125
0 0.090625 0.82265625 0.046875 0.0765625
0 0.40390625 0.823828125 0.0484375 0.07578125
0 0.587890625 0.828515625 0.05078125 0.06953125
0 0.31484375 0.0859375 0.0578125 0.084375
0 0.628125 0.08515625 0.053125 0.0828125
0 0.49765625 0.836328125 0.0515625 0.07578125
0 0.932421875 0.8421875 0.04296875 0.06875
0 0.1328125 0.8453125 0.053125 0.078125
0 0.681640625 0.848046875 0.05078125 0.07421875
0 0.855859375 0.85078125 0.04296875 0.0671875
0 0.78125 0.857421875 0.046875 0.06484375
0 0.185546875 0.86015625 0.05546875 0.0796875
0 0.325 0.86171875 0.053125 0.0765625
0 0.253125 0.859765625 0.053125 0.07578125
0 0.89140625 0.873828125 0.0421875 0.06015625
0 0.63203125 0.875 0.0515625 0.071875
0 0.811328125 0.876953125 0.04453125 0.06640625
0 0.44765625 0.88515625 0.0515625 0.0765625
0 0.016796875 0.88515625 0.03359375 0.0921875
0 0.544140625 0.88671875 0.05390625 0.0765625
0 0.062890625 0.88671875 0.05390625 0.0765625
0 0.583984375 0.90546875 0.04296875 0.0734375
0 0.73046875 0.90703125 0.0515625 0.0734375
0 0.4953125 0.909765625 0.046875 0.07578125
0 0.86328125 0.924609375 0.0421875 0.06484375
0 0.12578125 0.0953125 0.0578125 0.084375
0 0.14921875 0.939453125 0.0578125 0.07578125
0 0.241015625 0.94609375 0.05390625 0.0796875
0 0.537109375 0.95 0.04921875 0.06875
0 0.7859375 0.094921875 0.053125 0.07109375
0 0.880859375 0.09765625 0.04921875 0.0796875
0 0.334375 0.958203125 0.071875 0.07578125
0 0.69140625 0.96328125 0.0515625 0.0734375
0 0.08515625 0.96015625 0.0671875 0.0734375
0 0.635546875 0.96328125 0.05546875 0.0734375
0 0.40625 0.960546875 0.071875 0.07109375
0 0.19453125 0.96484375 0.0671875 0.0640625
0 0.79296875 0.967578125 0.0578125 0.06015625
0 0.946875 0.974609375 0.053125 0.04921875
0 0.465234375 0.112890625 0.05546875 0.08515625
0 0.197265625 0.112890625 0.05390625 0.08515625
0 0.3671875 0.1171875 0.05625 0.084375
0 0.5546875 0.11953125 0.05625 0.0890625
0 0.855078125 0.121875 0.05078125 0.0875
0 0.935546875 0.1234375 0.05546875 0.084375
0 0.73828125 0.12890625 0.0578125 0.0828125
0 0.029296875 0.136328125 0.05546875 0.08203125
0 0.265234375 0.142578125 0.05546875 0.08203125
0 0.65546875 0.15234375 0.0515625 0.0796875
0 0.0921875 0.15234375 0.053125 0.0796875
0 0.798828125 0.159375 0.06015625 0.0875
0 0.98125 0.162890625 0.0375 0.08515625
0 0.316796875 0.165234375 0.05546875 0.08046875
0 0.602734375 0.1671875 0.05546875 0.084375
0 0.50625 0.16875 0.05625 0.0875
0 0.4234375 0.17109375 0.053125 0.0765625
0 0.161328125 0.173046875 0.05390625 0.08671875
0 0.709375 0.184765625 0.05625 0.08515625
0 0.2265625 0.19765625 0.053125 0.0828125
0 0.37109375 0.201953125 0.0578125 0.08203125
0 0.835546875 0.21328125 0.05546875 0.0828125
0 0.11171875 0.220703125 0.0578125 0.08203125
0 0.283984375 0.0234375 0.05859375 0.046875
0 0.9203125 0.22109375 0.053125 0.0765625
0 0.553515625 0.221875 0.05078125 0.078125
0 0.4625 0.219921875 0.053125 0.08046875
0 0.654296875 0.232421875 0.05546875 0.08046875
0 0.7546875 0.234765625 0.05625 0.08515625
0 0.29140625 0.241796875 0.0484375 0.06484375