0 0.85703125 0.29921875 0.2515625 0.3640625
0 0.48046875 0.3484375 0.2390625 0.353125
0 0.0828125 0.3578125 0.159375 0.36875
0 0.271875 0.3640625 0.1875 0.284375
0 0.84609375 0.63203125 0.2328125 0.3140625
0 0.321875 0.665625 0.1625 0.2625
0 0.115625 0.67734375 0.23125 0.3296875
0 0.509375 0.67890625 0.228125 0.3296875
0 0.9015625 0.85546875 0.16875 0.2359375
0 0.715625 0.85390625 0.21875 0.2890625
0 0.21484375 0.88359375 0.1703125 0.2328125
0 0.39375 0.8859375 0.228125 0.228125
0 0.7234375 0.10078125 0.240625 0.2015625
0 0.3375 0.125 0.25625 0.25
0 0.15390625 0.128125 0.1828125 0.25