0 0.63828125 0.34921875 0.1703125 0.1203125
0 0.2453125 0.36171875 0.1875 0.1203125
0 0.85078125 0.36328125 0.2109375 0.1453125
0 0.46015625 0.37109375 0.2140625 0.1453125
0 0.06953125 0.38828125 0.1390625 0.1515625
0 0.8203125 0.4765625 0.159375 0.10625
0 0.44765625 0.4890625 0.1734375 0.103125
0 0.65234375 0.4984375 0.2078125 0.134375
0 0.07578125 0.4984375 0.1515625 0.103125
0 0.25703125 0.50703125 0.2171875 0.1390625
0 0.26640625 0.6109375 0.1765625 0.096875
0 0.83359375 0.61640625 0.1953125 0.1296875
0 0.46015625 0.6265625 0.2078125 0.128125
0 0.0875 0.64921875 0.175 0.1359375