0 0.940625 0.440625 0.084375 0.15625
0 0.734375 0.47578125 0.0875 0.1609375
0 0.6578125 0.5296875 0.096875 0.165625
0 0.56953125 0.56953125 0.1015625 0.1734375
0 0.8953125 0.5921875 0.084375 0.153125
0 0.8125 0.628125 0.096875 0.159375
0 0.7 0.64765625 0.096875 0.1609375
0 0.44140625 0.665625 0.1015625 0.153125
0 0.58046875 0.67734375 0.0984375 0.1390625
0 0.4921875 0.784375 0.096875 0.159375
0 0.771875 0.78828125 0.096875 0.1609375
0 0.65078125 0.8109375 0.0984375 0.159375
0 0.26875 0.828125 0.103125 0.159375
0 0.40703125 0.83515625 0.1015625 0.1640625
0 0.17734375 0.8859375 0.1078125 0.165625
0 0.06484375 0.92109375 0.1203125 0.1546875