0 0.05234375 0.2703125 0.0890625 0.134375
0 0.1421875 0.27109375 0.0875 0.1328125
0 0.23515625 0.28203125 0.0890625 0.1296875
0 0.321875 0.28671875 0.084375 0.1296875
0 0.41171875 0.29140625 0.0859375 0.1296875
0 0.4984375 0.2921875 0.0875 0.128125
0 0.053125 0.03125 0.0875 0.0625
0 0.584375 0.296875 0.0875 0.128125
0 0.6734375 0.30078125 0.0875 0.1296875
0 0.8484375 0.30078125 0.0875 0.1296875
0 0.759375 0.29921875 0.0875 0.1265625
0 0.9375 0.30078125 0.0875 0.1296875
0 0.1421875 0.03359375 0.090625 0.0671875
0 0.02421875 0.384375 0.0484375 0.134375
0 0.09609375 0.38984375 0.0890625 0.1296875
0 0.18828125 0.39453125 0.0828125 0.1296875
0 0.275 0.40234375 0.084375 0.1328125
0 0.3640625 0.40390625 0.084375 0.1296875
0 0.4515625 0.40859375 0.0875 0.1328125
0 0.53828125 0.4109375 0.0859375 0.128125
0 0.628125 0.4125 0.0875 0.128125
0 0.89296875 0.415625 0.0890625 0.13125
0 0.71484375 0.415625 0.0859375 0.13125
0 0.803125 0.41640625 0.0875 0.1296875
0 0.96875 0.415625 0.0625 0.134375
0 0.23203125 0.04921875 0.0890625 0.0984375
0 0.32265625 0.04921875 0.0859375 0.0984375
0 0.05078125 0.50703125 0.0921875 0.1328125
0 0.14140625 0.51171875 0.0890625 0.1328125
0 0.23125 0.51484375 0.0875 0.1296875
0 0.41015625 0.053125 0.0890625 0.10625
0 0.31953125 0.51953125 0.0859375 0.1296875
0 0.40625 0.52265625 0.0875 0.1296875
0 0.4953125 0.525 0.0875 0.128125
0 0.584375 0.525 0.0875 0.128125
0 0.6703125 0.52890625 0.0875 0.1296875
0 0.846875 0.5296875 0.0875 0.128125
0 0.75703125 0.53203125 0.0859375 0.1296875
0 0.93984375 0.5328125 0.0890625 0.128125
0 0.4984375 0.05546875 0.0875 0.1109375
0 0.584375 0.05546875 0.0875 0.1109375
0 0.93828125 0.05625 0.0890625 0.1125
0 0.67265625 0.05859375 0.0890625 0.1140625
0 0.7609375 0.0578125 0.084375 0.115625
0 0.85 0.05859375 0.0875 0.1171875
0 0.09296875 0.6234375 0.0890625 0.134375
0 0.02265625 0.62421875 0.0453125 0.1328125
0 0.18359375 0.62734375 0.0890625 0.1296875
0 0.271875 0.63203125 0.0875 0.1296875
0 0.36171875 0.6359375 0.0859375 0.128125
0 0.4484375 0.63671875 0.084375 0.1296875
0 0.53671875 0.6390625 0.0859375 0.128125
0 0.625 0.64296875 0.0875 0.1296875
0 0.71171875 0.64296875 0.0859375 0.1328125
0 0.80234375 0.64609375 0.0890625 0.1328125
0 0.89140625 0.64765625 0.0890625 0.1328125
0 0.96875 0.65 0.0625 0.134375
0 0.13671875 0.74453125 0.0921875 0.1328125
0 0.04921875 0.74453125 0.0921875 0.1328125
0 0.22734375 0.74609375 0.0890625 0.1328125
0 0.40390625 0.75234375 0.0859375 0.1328125
0 0.31484375 0.75234375 0.0859375 0.1328125
0 0.49375 0.75390625 0.0875 0.1328125
0 0.5796875 0.75703125 0.0875 0.1328125
0 0.66875 0.75859375 0.0875 0.1328125
0 0.75625 0.76171875 0.084375 0.1328125
0 0.84765625 0.7625 0.0890625 0.134375
0 0.9375 0.7640625 0.0875 0.134375
0 0.021875 0.86171875 0.04375 0.1328125
0 0.08984375 0.8640625 0.0890625 0.134375
0 0.18125 0.8640625 0.0875 0.1375
0 0.2703125 0.8640625 0.0875 0.134375
0 0.3578125 0.865625 0.084375 0.134375
0 0.446875 0.86796875 0.084375 0.1296875
0 0.53359375 0.87109375 0.0890625 0.1296875
0 0.62421875 0.8703125 0.0890625 0.134375
0 0.71328125 0.875 0.0890625 0.134375
0 0.803125 0.878125 0.0875 0.134375
0 0.89296875 0.8796875 0.0890625 0.1375
0 0.96796875 0.884375 0.0609375 0.1375
0 0.04453125 0.95625 0.0890625 0.0875
0 0.134375 0.9546875 0.090625 0.0875
0 0.22421875 0.95703125 0.0921875 0.0828125
0 0.3125 0.95859375 0.0875 0.0796875
0 0.4015625 0.95859375 0.0875 0.0796875
0 0.48984375 0.9609375 0.0890625 0.075
0 0.5796875 0.9609375 0.090625 0.075
0 0.66953125 0.9625 0.0890625 0.071875
0 0.75859375 0.9625 0.0890625 0.071875
0 0.93984375 0.96484375 0.0890625 0.0703125
0 0.85078125 0.965625 0.0890625 0.065625
0 0.025 0.134375 0.05 0.134375
0 0.0984375 0.15078125 0.0875 0.1328125
0 0.278125 0.15390625 0.084375 0.1296875
0 0.190625 0.15859375 0.0875 0.1296875
0 0.3671875 0.16015625 0.084375 0.1328125
0 0.54375 0.17421875 0.0875 0.1328125
0 0.628125 0.18046875 0.0875 0.1296875
0 0.80859375 0.18125 0.0859375 0.128125
0 0.89609375 0.18203125 0.0890625 0.1328125
0 0.96953125 0.18125 0.0578125 0.1375
0 0.7171875 0.18125 0.084375 0.128125