0 0.9 0.253125 0.146875 0.2125
0 0.633984375 0.261328125 0.13671875 0.21015625
0 0.755859375 0.271875 0.11171875 0.1625
0 0.519140625 0.283203125 0.10078125 0.15390625
0 0.509375 0.44921875 0.134375 0.2046875
0 0.76015625 0.45078125 0.1453125 0.2078125
0 0.63359375 0.451953125 0.1078125 0.16328125
0 0.881640625 0.451953125 0.11328125 0.16953125
0 0.51796875 0.61953125 0.0984375 0.1546875
0 0.75234375 0.63359375 0.1140625 0.1609375
0 0.63046875 0.63671875 0.1390625 0.2015625
0 0.896875 0.648046875 0.15 0.21484375
0 0.961328125 0.687890625 0.07578125 0.16015625
0 0.63203125 0.801953125 0.1078125 0.14765625
0 0.505859375 0.8078125 0.12734375 0.1875
0 0.87265625 0.8140625 0.1140625 0.1625
0 0.755078125 0.83203125 0.14453125 0.2015625