0 0.0875 0.26953125 0.121875 0.1546875
0 0.21484375 0.2703125 0.1203125 0.15625
0 0.33828125 0.2765625 0.1328125 0.1625
0 0.478125 0.275 0.134375 0.165625
0 0.61484375 0.2796875 0.1421875 0.165625
0 0.76953125 0.28125 0.1546875 0.178125
0 0.92890625 0.28125 0.1421875 0.1875
0 0.0484375 0.396875 0.096875 0.15
0 0.41953125 0.40859375 0.1234375 0.1421875
0 0.14765625 0.409375 0.1234375 0.15
0 0.28046875 0.41328125 0.1265625 0.1515625
0 0.54609375 0.41640625 0.1296875 0.1484375
0 0.68359375 0.4265625 0.1453125 0.159375
0 0.834375 0.43125 0.15 0.16875
0 0.03515625 0.5109375 0.0703125 0.128125
0 0.125 0.5203125 0.115625 0.134375
0 0.23671875 0.52578125 0.1140625 0.1328125
0 0.48203125 0.53359375 0.1234375 0.1421875
0 0.3515625 0.54140625 0.125 0.1390625
0 0.61171875 0.54609375 0.1296875 0.1390625
0 0.7484375 0.55703125 0.1375 0.1515625
0 0.9046875 0.5828125 0.15 0.159375
0 0.17890625 0.6453125 0.1078125 0.128125
0 0.05546875 0.64765625 0.1109375 0.1328125
0 0.41796875 0.65859375 0.1203125 0.1296875
0 0.54296875 0.66796875 0.1234375 0.1390625
0 0.28671875 0.66953125 0.1203125 0.1328125
0 0.67421875 0.6765625 0.1328125 0.1375
0 0.80859375 0.696875 0.1421875 0.146875
0 0.9515625 0.7296875 0.096875 0.15625
0 0.13203125 0.75703125 0.1109375 0.1203125
0 0.24296875 0.76640625 0.1109375 0.1234375
0 0.4796875 0.778125 0.11875 0.128125
0 0.35703125 0.7796875 0.1171875 0.128125
0 0.6046875 0.80859375 0.121875 0.1328125
0 0.73046875 0.80859375 0.1328125 0.1328125
0 0.86171875 0.81171875 0.1296875 0.1328125
0 0.10546875 0.85078125 0.1015625 0.1140625
0 0.42578125 0.878125 0.1109375 0.0875
0 0.5375 0.90390625 0.11875 0.1203125
0 0.66015625 0.90859375 0.1234375 0.1203125
0 0.290625 0.9171875 0.10625 0.103125
0 0.1765625 0.9265625 0.11875 0.125
0 0.78984375 0.93984375 0.1328125 0.1203125
0 0.86484375 0.11796875 0.1609375 0.1921875
0 0.70078125 0.11875 0.1609375 0.196875
0 0.540625 0.1203125 0.15 0.1875
0 0.24921875 0.12109375 0.1328125 0.1765625
0 0.3890625 0.1234375 0.146875 0.1875
0 0.128125 0.13125 0.125 0.165625