0 0.021875 0.17421875 0.04375 0.1421875
0 0.08515625 0.175390625 0.0671875 0.14453125
0 0.153125 0.182421875 0.06875 0.14296875
0 0.215234375 0.188671875 0.07109375 0.14296875
0 0.284375 0.1984375 0.06875 0.146875
0 0.35625 0.210546875 0.071875 0.14296875
0 0.4328125 0.21484375 0.071875 0.1453125
0 0.047265625 0.299609375 0.06953125 0.14296875
0 0.112890625 0.305078125 0.06640625 0.14453125
0 0.178515625 0.31328125 0.06953125 0.1390625
0 0.253125 0.32265625 0.06875 0.1453125
0 0.323828125 0.334765625 0.06640625 0.14453125
0 0.392578125 0.336328125 0.06953125 0.14453125
0 0.4671875 0.344140625 0.071875 0.14453125
0 0.021875 0.4140625 0.04375 0.140625
0 0.08203125 0.42421875 0.0671875 0.1390625
0 0.150390625 0.43359375 0.06640625 0.1390625
0 0.216796875 0.439453125 0.06484375 0.14453125
0 0.284765625 0.451171875 0.06953125 0.14296875
0 0.360546875 0.459765625 0.07109375 0.14453125
0 0.431640625 0.46484375 0.06953125 0.1421875
0 0.503515625 0.47109375 0.06953125 0.1421875
0 0.0390625 0.540234375 0.06875 0.14296875
0 0.109375 0.55234375 0.06875 0.1421875
0 0.18125 0.558984375 0.06875 0.14296875
0 0.246484375 0.56953125 0.07109375 0.1390625
0 0.0484375 0.05859375 0.0625 0.1171875
0 0.325 0.57890625 0.071875 0.1421875
0 0.3953125 0.58515625 0.06875 0.1421875
0 0.458984375 0.59453125 0.07109375 0.1453125
0 0.532421875 0.5984375 0.07109375 0.146875
0 0.1140625 0.063671875 0.06875 0.12734375
0 0.019140625 0.6578125 0.03828125 0.146875
0 0.1890625 0.0671875 0.06875 0.134375
0 0.06953125 0.66796875 0.0671875 0.1390625
0 0.1375 0.678125 0.071875 0.140625
0 0.208203125 0.68671875 0.06953125 0.1421875
0 0.276171875 0.699609375 0.07109375 0.14296875
0 0.254296875 0.0703125 0.07109375 0.140625
0 0.321875 0.071875 0.06875 0.14375
0 0.346875 0.711328125 0.071875 0.14453125
0 0.419921875 0.71484375 0.07109375 0.1453125
0 0.48828125 0.728125 0.0734375 0.146875
0 0.56796875 0.73359375 0.0734375 0.1453125
0 0.03203125 0.787109375 0.0640625 0.14296875
0 0.109765625 0.79296875 0.06640625 0.1390625
0 0.1765625 0.80859375 0.06875 0.1421875
0 0.244140625 0.815625 0.06640625 0.140625
0 0.306640625 0.83359375 0.06953125 0.1421875
0 0.387890625 0.838671875 0.06953125 0.14296875
0 0.459765625 0.85234375 0.06953125 0.1453125
0 0.53046875 0.859375 0.0734375 0.146875
0 0.392578125 0.090625 0.06953125 0.146875
0 0.06484375 0.910546875 0.0671875 0.14296875
0 0.13203125 0.92578125 0.0671875 0.1453125
0 0.200390625 0.9328125 0.06953125 0.134375
0 0.280078125 0.93671875 0.06953125 0.1265625
0 0.355078125 0.94296875 0.06953125 0.1109375
0 0.42890625 0.95 0.0671875 0.1
0 0.494140625 0.95546875 0.06953125 0.0890625