0 0.91328125 0.68828125 0.0390625 0.1203125
0 0.8609375 0.665625 0.04375 0.125
0 0.80078125 0.6453125 0.0484375 0.134375
0 0.734375 0.61640625 0.05625 0.1421875
0 0.65625 0.5890625 0.0625 0.153125
0 0.90703125 0.5703125 0.0390625 0.115625
0 0.853125 0.54140625 0.04375 0.1203125
0 0.79609375 0.5140625 0.0484375 0.128125
0 0.73046875 0.4796875 0.0546875 0.1375
0 0.89921875 0.45546875 0.0390625 0.1109375
0 0.6515625 0.43984375 0.0625 0.1453125
0 0.8484375 0.421875 0.04375 0.11875
0 0.78984375 0.3875 0.0453125 0.125
0 0.89453125 0.346875 0.0390625 0.10625
0 0.7234375 0.346875 0.053125 0.134375
0 0.8421875 0.3109375 0.04375 0.115625
0 0.65 0.29921875 0.059375 0.1421875
0 0.78671875 0.26484375 0.0484375 0.1203125
0 0.721875 0.21796875 0.053125 0.1328125
0 0.6453125 0.16171875 0.059375 0.1390625