0 0.52890625 0.03125 0.0609375 0.0625
0 0.46015625 0.29296875 0.0515625 0.0921875
0 0.0390625 0.30390625 0.065625 0.1171875
0 0.66328125 0.30390625 0.0546875 0.0984375
0 0.9015625 0.3109375 0.053125 0.09375
0 0.30625 0.315625 0.065625 0.115625
0 0.7484375 0.325 0.05625 0.096875
0 0.9578125 0.33984375 0.05625 0.0984375
0 0.4046875 0.34140625 0.053125 0.0984375
0 0.52265625 0.34453125 0.0546875 0.0984375
0 0.61328125 0.34453125 0.0546875 0.1015625
0 0.24609375 0.34453125 0.0546875 0.0984375
0 0.1859375 0.3484375 0.05625 0.0875
0 0.72734375 0.0359375 0.0546875 0.071875
0 0.884375 0.3546875 0.0625 0.115625
0 0.70625 0.38203125 0.05625 0.0984375
0 0.46484375 0.3859375 0.0578125 0.096875
0 0.1296875 0.39765625 0.05625 0.0953125
0 0.28828125 0.39921875 0.0546875 0.0953125
0 0.08359375 0.40234375 0.0515625 0.0828125
0 0.565625 0.40859375 0.053125 0.0953125
0 0.778125 0.41171875 0.05625 0.0984375
0 0.35234375 0.4125 0.0578125 0.103125
0 0.6484375 0.41953125 0.053125 0.0984375
0 0.97265625 0.43515625 0.0515625 0.0984375
0 0.971875 0.046875 0.05 0.09375
0 0.4203125 0.43984375 0.053125 0.0953125
0 0.90390625 0.44375 0.0609375 0.10625
0 0.178125 0.446875 0.0625 0.109375
0 0.51328125 0.44765625 0.0546875 0.1015625
0 0.753125 0.478125 0.059375 0.10625
0 0.3265625 0.4828125 0.053125 0.096875
0 0.603125 0.484375 0.053125 0.096875
0 0.2640625 0.48515625 0.05625 0.0984375
0 0.09296875 0.48828125 0.0453125 0.1046875
0 0.13046875 0.49140625 0.0609375 0.0890625
0 0.93125 0.49453125 0.053125 0.0953125
0 0.821875 0.4984375 0.05625 0.096875
0 0.4640625 0.50078125 0.053125 0.0953125
0 0.678125 0.50390625 0.05625 0.0984375
0 0.378125 0.5171875 0.05625 0.09375
0 0.5484375 0.5203125 0.05625 0.096875
0 0.8765625 0.52578125 0.05625 0.0828125
0 0.03515625 0.54453125 0.0578125 0.1046875
0 0.971875 0.55 0.053125 0.096875
0 0.34765625 0.05859375 0.0546875 0.1046875
0 0.77109375 0.5546875 0.0546875 0.090625
0 0.425 0.56328125 0.053125 0.0953125
0 0.63046875 0.5671875 0.0546875 0.09375
0 0.47890625 0.06015625 0.0578125 0.1015625
0 0.70859375 0.584375 0.0546875 0.090625
0 0.921875 0.5875 0.05625 0.09375
0 0.13828125 0.59140625 0.0703125 0.1265625
0 0.5796875 0.60625 0.053125 0.096875
0 0.5015625 0.62109375 0.065625 0.1109375
0 0.884375 0.6265625 0.0625 0.10625
0 0.45859375 0.6359375 0.0484375 0.090625
0 0.90390625 0.06640625 0.0609375 0.1140625
0 0.97109375 0.64296875 0.0515625 0.0890625
0 0.6703125 0.65625 0.05625 0.096875
0 0.534375 0.6671875 0.053125 0.096875
0 0.11640625 0.66796875 0.0984375 0.2578125
0 0.41640625 0.0671875 0.0609375 0.109375
0 0.61328125 0.6828125 0.0546875 0.09375
0 0.9296875 0.684375 0.05625 0.090625
0 0.7921875 0.07109375 0.059375 0.1109375
0 0.57578125 0.07109375 0.0546875 0.1046875
0 0.2703125 0.07265625 0.0625 0.1140625
0 0.4921875 0.72265625 0.053125 0.0921875
0 0.2484375 0.73828125 0.1875 0.3265625
0 0.85859375 0.73984375 0.0703125 0.1203125
0 0.765625 0.75703125 0.065625 0.1140625
0 0.3703125 0.78125 0.075 0.128125
0 0.56015625 0.78515625 0.1015625 0.1734375
0 0.96328125 0.78515625 0.0703125 0.1734375
0 0.64921875 0.08359375 0.0671875 0.1203125
0 0.48046875 0.81484375 0.0484375 0.0953125
0 0.42421875 0.82734375 0.0640625 0.1140625
0 0.79921875 0.8375 0.1078125 0.1875
0 0.68984375 0.84765625 0.1109375 0.1953125
0 0.09140625 0.09140625 0.1359375 0.1828125
0 0.22578125 0.9046875 0.1515625 0.1875
0 0.38203125 0.90703125 0.1546875 0.1828125
0 0.61015625 0.91875 0.0984375 0.159375
0 0.82109375 0.9328125 0.1015625 0.128125
0 0.93515625 0.9328125 0.1046875 0.128125
0 0.50859375 0.94765625 0.1078125 0.1015625
0 0.525 0.11484375 0.05625 0.1046875
0 0.71640625 0.12421875 0.0578125 0.1015625
0 0.8125 0.15859375 0.05625 0.1015625
0 0.92421875 0.159375 0.0578125 0.103125
0 0.4765625 0.16328125 0.05625 0.1015625
0 0.39921875 0.1640625 0.0703125 0.128125
0 0.2578125 0.17265625 0.053125 0.0984375
0 0.571875 0.17734375 0.05625 0.0953125
0 0.67421875 0.18046875 0.0578125 0.1015625
0 0.31015625 0.1875 0.0578125 0.10625
0 0.75625 0.19453125 0.05625 0.0984375
0 0.85 0.23359375 0.05625 0.1015625
0 0.62109375 0.23515625 0.0578125 0.1015625
0 0.165625 0.24375 0.0625 0.115625
0 0.9765625 0.24609375 0.046875 0.1015625
0 0.50625 0.24609375 0.05625 0.0984375
0 0.71015625 0.25078125 0.0546875 0.0984375
0 0.12578125 0.253125 0.0515625 0.10625
0 0.3734375 0.25234375 0.05625 0.0984375
0 0.925 0.25859375 0.05625 0.0921875
0 0.28359375 0.26328125 0.0546875 0.0921875
0 0.7953125 0.26640625 0.05625 0.0984375
0 0.56953125 0.27734375 0.0578125 0.0984375
0 0.0515625 0.90625 0.103125 0.1875
0 0.034375 0.67890625 0.065625 0.2359375
0 0.03125 0.43125 0.05625 0.1875