0 0.4579326923076923 0.29447115384615385 0.05048076923076923 0.0889423076923077
0 0.039663461538461536 0.30288461538461536 0.06490384615384616 0.11538461538461539
0 0.6622596153846154 0.30528846153846156 0.055288461538461536 0.10096153846153846
0 0.30649038461538464 0.3161057692307692 0.06490384615384616 0.11298076923076923
0 0.5276442307692307 0.03365384615384615 0.055288461538461536 0.0625
0 0.7487980769230769 0.3245192307692308 0.055288461538461536 0.10096153846153846
0 0.9579326923076923 0.33774038461538464 0.055288461538461536 0.0985576923076923
0 0.4050480769230769 0.3425480769230769 0.055288461538461536 0.0985576923076923
0 0.5228365384615384 0.3449519230769231 0.055288461538461536 0.0985576923076923
0 0.6141826923076923 0.3449519230769231 0.055288461538461536 0.0985576923076923
0 0.24639423076923078 0.3449519230769231 0.055288461538461536 0.0985576923076923
0 0.18629807692307693 0.3485576923076923 0.055288461538461536 0.08653846153846154
0 0.8197115384615384 0.036057692307692304 0.052884615384615384 0.07211538461538461
0 0.8834134615384616 0.35697115384615385 0.06490384615384616 0.11298076923076923
0 0.7271634615384616 0.039663461538461536 0.055288461538461536 0.07451923076923077
0 0.7067307692307693 0.38100961538461536 0.057692307692307696 0.0985576923076923
0 0.4651442307692308 0.38461538461538464 0.055288461538461536 0.09615384615384616
0 0.12980769230769232 0.39903846153846156 0.057692307692307696 0.09615384615384616
0 0.28966346153846156 0.39903846153846156 0.055288461538461536 0.09615384615384616
0 0.08173076923076923 0.40024038461538464 0.04807692307692308 0.08413461538461539
0 0.5637019230769231 0.40625 0.055288461538461536 0.09615384615384616
0 0.7800480769230769 0.4110576923076923 0.055288461538461536 0.09615384615384616
0 0.35336538461538464 0.41346153846153844 0.057692307692307696 0.10576923076923077
0 0.6478365384615384 0.41947115384615385 0.055288461538461536 0.0985576923076923
0 0.026442307692307692 0.43149038461538464 0.052884615384615384 0.18028846153846154
0 0.9747596153846154 0.43149038461538464 0.05048076923076923 0.10336538461538461
0 0.9735576923076923 0.046875 0.052884615384615384 0.09375
0 0.41947115384615385 0.4387019230769231 0.055288461538461536 0.09375
0 0.9038461538461539 0.44350961538461536 0.0625 0.10817307692307693
0 0.5120192307692307 0.44591346153846156 0.057692307692307696 0.10336538461538461
0 0.1778846153846154 0.4483173076923077 0.0625 0.11298076923076923
0 0.7536057692307693 0.47596153846153844 0.06009615384615385 0.10576923076923077
0 0.3269230769230769 0.4831730769230769 0.052884615384615384 0.09615384615384616
0 0.6021634615384616 0.4831730769230769 0.055288461538461536 0.09615384615384616
0 0.2644230769230769 0.4855769230769231 0.057692307692307696 0.10096153846153846
0 0.09254807692307693 0.4879807692307692 0.04567307692307692 0.09615384615384616
0 0.9290865384615384 0.49158653846153844 0.055288461538461536 0.0985576923076923
0 0.13221153846153846 0.49399038461538464 0.0625 0.0985576923076923
0 0.8197115384615384 0.4987980769230769 0.057692307692307696 0.0985576923076923
0 0.4651442307692308 0.5 0.055288461538461536 0.09615384615384616
0 0.6790865384615384 0.5048076923076923 0.055288461538461536 0.09615384615384616
0 0.3786057692307692 0.5180288461538461 0.055288461538461536 0.09375
0 0.5492788461538461 0.5192307692307693 0.055288461538461536 0.09615384615384616
0 0.8762019230769231 0.5264423076923077 0.055288461538461536 0.08173076923076923
0 0.036057692307692304 0.5444711538461539 0.057692307692307696 0.10336538461538461
0 0.9735576923076923 0.5540865384615384 0.052884615384615384 0.0985576923076923
0 0.3473557692307692 0.057692307692307696 0.055288461538461536 0.10096153846153846
0 0.7704326923076923 0.5528846153846154 0.055288461538461536 0.09615384615384616
0 0.4266826923076923 0.5625 0.055288461538461536 0.09134615384615384
0 0.6298076923076923 0.5685096153846154 0.052884615384615384 0.09375
0 0.4795673076923077 0.06009615384615385 0.055288461538461536 0.10096153846153846
0 0.7079326923076923 0.5853365384615384 0.055288461538461536 0.09375
0 0.9230769230769231 0.5865384615384616 0.052884615384615384 0.09615384615384616
0 0.13942307692307693 0.5901442307692307 0.07211538461538461 0.12259615384615384
0 0.5793269230769231 0.6057692307692307 0.052884615384615384 0.09134615384615384
0 0.5012019230769231 0.6213942307692307 0.06490384615384616 0.11298076923076923
0 0.8822115384615384 0.6237980769230769 0.0625 0.10817307692307693
0 0.45913461538461536 0.6358173076923077 0.04807692307692308 0.09375
0 0.9711538461538461 0.6418269230769231 0.052884615384615384 0.08653846153846154
0 0.6706730769230769 0.6586538461538461 0.057692307692307696 0.09615384615384616
0 0.11658653846153846 0.6646634615384616 0.09375 0.25721153846153844
0 0.5336538461538461 0.6658653846153846 0.052884615384615384 0.09615384615384616
0 0.9014423076923077 0.06850961538461539 0.0625 0.11298076923076923
0 0.4182692307692308 0.06850961538461539 0.0625 0.10817307692307693
0 0.9290865384615384 0.6826923076923077 0.055288461538461536 0.09615384615384616
0 0.6141826923076923 0.6838942307692307 0.055288461538461536 0.09375
0 0.7920673076923077 0.07211538461538461 0.06009615384615385 0.11057692307692307
0 0.5757211538461539 0.07211538461538461 0.055288461538461536 0.10096153846153846
0 0.2704326923076923 0.07211538461538461 0.06490384615384616 0.11538461538461539
0 0.49158653846153844 0.7211538461538461 0.055288461538461536 0.09134615384615384
0 0.2512019230769231 0.7367788461538461 0.18990384615384615 0.33413461538461536
0 0.859375 0.7415865384615384 0.06971153846153846 0.12259615384615384
0 0.765625 0.7560096153846154 0.06490384615384616 0.11298076923076923
0 0.3713942307692308 0.7776442307692307 0.07451923076923077 0.12740384615384615
0 0.9627403846153846 0.7836538461538461 0.06971153846153846 0.1778846153846154
0 0.5625 0.7860576923076923 0.10096153846153846 0.17307692307692307
0 0.6490384615384616 0.08533653846153846 0.0673076923076923 0.12259615384615384
0 0.47836538461538464 0.8149038461538461 0.04807692307692308 0.09134615384615384
0 0.42427884615384615 0.8269230769230769 0.06490384615384616 0.11538461538461539
0 0.7980769230769231 0.8353365384615384 0.11057692307692307 0.18509615384615385
0 0.6899038461538461 0.8449519230769231 0.11538461538461539 0.19471153846153846
0 0.09014423076923077 0.09375 0.13221153846153846 0.18269230769230768
0 0.22716346153846154 0.9038461538461539 0.15144230769230768 0.1875
0 0.38461538461538464 0.90625 0.15384615384615385 0.18269230769230768
0 0.051682692307692304 0.9074519230769231 0.10336538461538461 0.18028846153846154
0 0.6081730769230769 0.9182692307692307 0.10096153846153846 0.15865384615384615
0 0.9338942307692307 0.9314903846153846 0.10336538461538461 0.13221153846153846
0 0.8197115384615384 0.9338942307692307 0.10096153846153846 0.12740384615384615
0 0.7223557692307693 0.9350961538461539 0.10336538461538461 0.125
0 0.5096153846153846 0.9459134615384616 0.11057692307692307 0.10336538461538461
0 0.5252403846153846 0.1141826923076923 0.055288461538461536 0.10336538461538461
0 0.7175480769230769 0.125 0.055288461538461536 0.10096153846153846
0 0.8137019230769231 0.15865384615384615 0.055288461538461536 0.10096153846153846
0 0.9242788461538461 0.15985576923076922 0.06009615384615385 0.10817307692307693
0 0.04807692307692308 0.15985576923076922 0.09615384615384616 0.18028846153846154
0 0.47475961538461536 0.16346153846153846 0.055288461538461536 0.10096153846153846
0 0.4014423076923077 0.16466346153846154 0.07211538461538461 0.12740384615384615
0 0.25841346153846156 0.17307692307692307 0.055288461538461536 0.10096153846153846
0 0.5733173076923077 0.17668269230769232 0.055288461538461536 0.0985576923076923
0 0.6754807692307693 0.18028846153846154 0.057692307692307696 0.10096153846153846
0 0.3112980769230769 0.18870192307692307 0.06009615384615385 0.10817307692307693
0 0.7560096153846154 0.19591346153846154 0.055288461538461536 0.0985576923076923
0 0.8509615384615384 0.23317307692307693 0.057692307692307696 0.10096153846153846
0 0.6262019230769231 0.02403846153846154 0.06009615384615385 0.04807692307692308
0 0.6213942307692307 0.23557692307692307 0.055288461538461536 0.10096153846153846
0 0.9759615384615384 0.2439903846153846 0.04807692307692308 0.0985576923076923
0 0.16706730769230768 0.24759615384615385 0.06490384615384616 0.11538461538461539
0 0.5060096153846154 0.24759615384615385 0.055288461538461536 0.10096153846153846
0 0.7103365384615384 0.2512019230769231 0.055288461538461536 0.0985576923076923
0 0.3737980769230769 0.2536057692307692 0.055288461538461536 0.0985576923076923
0 0.125 0.2548076923076923 0.04807692307692308 0.10576923076923077
0 0.9242788461538461 0.25721153846153844 0.055288461538461536 0.09615384615384616
0 0.2848557692307692 0.26322115384615385 0.055288461538461536 0.0889423076923077
0 0.7944711538461539 0.26802884615384615 0.055288461538461536 0.0985576923076923
0 0.5697115384615384 0.27884615384615385 0.057692307692307696 0.10096153846153846