0 0.41640625 0.2546875 0.1296875 0.196875
0 0.73515625 0.26953125 0.1328125 0.1921875
0 0.28671875 0.296875 0.1296875 0.190625
0 0.5171875 0.334375 0.125 0.1875
0 0.8359375 0.33515625 0.128125 0.1765625
0 0.1390625 0.3609375 0.125 0.1875
0 0.390625 0.38359375 0.128125 0.1765625
0 0.70625 0.409375 0.128125 0.178125
0 0.2671875 0.4203125 0.125 0.16875
0 0.153125 0.4890625 0.128125 0.134375
0 0.9265625 0.5296875 0.134375 0.196875
0 0.58984375 0.54765625 0.1328125 0.1953125
0 0.79453125 0.58359375 0.1328125 0.1953125
0 0.45703125 0.5859375 0.1296875 0.190625
0 0.32734375 0.61953125 0.1296875 0.1953125
0 0.78828125 0.06640625 0.1296875 0.1328125
0 0.5515625 0.66796875 0.128125 0.1765625
0 0.8890625 0.67890625 0.128125 0.1171875
0 0.67890625 0.68984375 0.1328125 0.1953125
0 0.34609375 0.07421875 0.1234375 0.1421875
0 0.425 0.7125 0.128125 0.18125
0 0.2109375 0.71796875 0.13125 0.1953125
0 0.071875 0.746875 0.134375 0.2
0 0.7796875 0.7640625 0.128125 0.1875
0 0.65234375 0.7953125 0.1328125 0.16875
0 0.3109375 0.796875 0.125 0.190625
0 0.05625 0.84921875 0.1125 0.1703125
0 0.17890625 0.8515625 0.1328125 0.178125
0 0.94609375 0.85546875 0.1078125 0.2046875
0 0.4796875 0.91796875 0.1375 0.1609375
0 0.8625 0.94921875 0.1375 0.0984375
0 0.725 0.9515625 0.1375 0.09375
0 0.22734375 0.09921875 0.1265625 0.1828125
0 0.6609375 0.103125 0.134375 0.19375
0 0.52578125 0.15078125 0.1328125 0.1953125
0 0.875 0.228125 0.134375 0.19375
0 0.6234375 0.23671875 0.115625 0.1828125
0 0.0484375 0.24375 0.096875 0.196875