0 0.66796875 0.4375 0.0796875 0.159375
0 0.34296875 0.43828125 0.0796875 0.1546875
0 0.8265625 0.43828125 0.075 0.1546875
0 0.26171875 0.43828125 0.0796875 0.1546875
0 0.50390625 0.43828125 0.0796875 0.1546875
0 0.74609375 0.4390625 0.0796875 0.15625
0 0.17890625 0.440625 0.0796875 0.153125
0 0.58515625 0.440625 0.0765625 0.153125
0 0.42265625 0.4390625 0.0796875 0.15625
0 0.5421875 0.55859375 0.075 0.1515625
0 0.775 0.55859375 0.075 0.1421875
0 0.62265625 0.5609375 0.0765625 0.15
0 0.859375 0.56328125 0.075 0.1546875
0 0.70078125 0.56171875 0.0796875 0.1515625
0 0.14296875 0.56328125 0.0796875 0.1546875
0 0.38515625 0.56171875 0.0765625 0.1515625
0 0.22578125 0.56328125 0.0796875 0.1546875
0 0.30546875 0.56328125 0.0765625 0.1546875
0 0.46484375 0.56484375 0.0765625 0.1515625
0 0.90390625 0.684375 0.0765625 0.15625
0 0.50234375 0.684375 0.0765625 0.15625
0 0.8234375 0.684375 0.075 0.15625
0 0.42421875 0.6859375 0.0796875 0.159375
0 0.34296875 0.6859375 0.0796875 0.159375
0 0.66328125 0.6859375 0.0765625 0.153125
0 0.10078125 0.6859375 0.0796875 0.159375
0 0.26171875 0.6875 0.0796875 0.159375
0 0.18203125 0.6890625 0.0796875 0.15625
0 0.75078125 0.6890625 0.0828125 0.15625
0 0.58671875 0.6890625 0.0828125 0.15625
0 0.30390625 0.31484375 0.0796875 0.1546875
0 0.78046875 0.31484375 0.0796875 0.1546875
0 0.69921875 0.31640625 0.0765625 0.1515625
0 0.46484375 0.31484375 0.0765625 0.1546875
0 0.62109375 0.31484375 0.0796875 0.1546875
0 0.54296875 0.31640625 0.0765625 0.1515625
0 0.38359375 0.31796875 0.0796875 0.1546875
0 0.22578125 0.31796875 0.0796875 0.1546875