0 0.14375 0.70078125 0.253125 0.3640625
0 0.52109375 0.653125 0.2390625 0.353125
0 0.91875 0.64375 0.159375 0.36875
0 0.728125 0.6375 0.1875 0.284375
0 0.15546875 0.36953125 0.2328125 0.3140625
0 0.67890625 0.3359375 0.1640625 0.2625
0 0.884375 0.32421875 0.23125 0.3296875
0 0.4921875 0.32109375 0.228125 0.3296875
0 0.0984375 0.14453125 0.16875 0.2359375
0 0.2859375 0.14765625 0.21875 0.2890625
0 0.78515625 0.11640625 0.1703125 0.2328125
0 0.6078125 0.1140625 0.228125 0.228125
0 0.2765625 0.89921875 0.240625 0.2015625
0 0.66328125 0.875 0.2578125 0.25
0 0.84609375 0.8734375 0.1828125 0.25