0 0.0125 0.2578125 0.025 0.078125
0 0.05234375 0.26328125 0.0515625 0.0796875
0 0.252734375 0.316796875 0.05859375 0.08984375
0 0.313671875 0.316796875 0.05859375 0.08984375
0 0.19453125 0.319140625 0.0578125 0.08515625
0 0.376953125 0.31953125 0.06015625 0.0953125
0 0.439453125 0.32109375 0.06015625 0.0921875
0 0.5 0.322265625 0.0625 0.09140625
0 0.56328125 0.323828125 0.0640625 0.09140625
0 0.628125 0.32578125 0.0625 0.0921875
0 0.755859375 0.3265625 0.06484375 0.09375
0 0.6921875 0.328125 0.0625 0.09375
0 0.03125 0.3265625 0.046875 0.071875
0 0.082421875 0.332421875 0.04921875 0.07421875
0 0.975 0.35 0.046875 0.0875
0 0.016796875 0.3890625 0.03359375 0.071875
0 0.17421875 0.39453125 0.0578125 0.0828125
0 0.06015625 0.394921875 0.0484375 0.07421875
0 0.287109375 0.39765625 0.05859375 0.0890625
0 0.344921875 0.39765625 0.05859375 0.0921875
0 0.229296875 0.398828125 0.05546875 0.08515625
0 0.467578125 0.401953125 0.06015625 0.09140625
0 0.407421875 0.40078125 0.05859375 0.0890625
0 0.105859375 0.400390625 0.04921875 0.07578125
0 0.52890625 0.40234375 0.0609375 0.0890625
0 0.595703125 0.405859375 0.06015625 0.08984375
0 0.65546875 0.405859375 0.0609375 0.08984375
0 0.78046875 0.40859375 0.0609375 0.0890625
0 0.720703125 0.41015625 0.06015625 0.0921875
0 0.945703125 0.425 0.06015625 0.084375
0 0.987890625 0.42890625 0.02265625 0.0828125
0 0.03828125 0.459375 0.0484375 0.071875
0 0.084375 0.4671875 0.046875 0.06875
0 0.154296875 0.473828125 0.05546875 0.08203125
0 0.20703125 0.4734375 0.0578125 0.084375
0 0.263671875 0.472265625 0.05546875 0.08515625
0 0.38046875 0.47734375 0.0578125 0.0890625
0 0.32265625 0.4765625 0.0578125 0.0875
0 0.438671875 0.4765625 0.05859375 0.0875
0 0.501953125 0.480078125 0.06015625 0.08515625
0 0.560546875 0.482421875 0.05859375 0.08671875
0 0.621484375 0.484375 0.05859375 0.0875
0 0.683203125 0.48671875 0.06015625 0.0890625
0 0.80546875 0.48828125 0.0609375 0.0828125
0 0.743359375 0.49140625 0.05859375 0.0890625
0 0.96640625 0.49609375 0.0578125 0.0828125
0 0.912109375 0.4984375 0.05859375 0.084375
0 0.0234375 0.52265625 0.046875 0.0734375
0 0.06875 0.5296875 0.046875 0.06875
0 0.1171875 0.534375 0.046875 0.06875
0 0.178515625 0.549609375 0.05390625 0.08046875
0 0.4109375 0.550390625 0.05625 0.08203125
0 0.231640625 0.553515625 0.05390625 0.08203125
0 0.46875 0.555078125 0.05625 0.08515625
0 0.34609375 0.554296875 0.0578125 0.08046875
0 0.2875 0.554296875 0.05625 0.08046875
0 0.529296875 0.555859375 0.05859375 0.08671875
0 0.597265625 0.56875 0.06015625 0.084375
0 0.77890625 0.56875 0.0609375 0.084375
0 0.659765625 0.569921875 0.06015625 0.08671875
0 0.97734375 0.571484375 0.0453125 0.08046875
0 0.71875 0.573828125 0.05625 0.08515625
0 0.928125 0.574609375 0.05625 0.08046875
0 0.013671875 0.5796875 0.02734375 0.06875
0 0.0546875 0.59140625 0.046875 0.0671875
0 0.1 0.59609375 0.046875 0.0671875
0 0.206640625 0.6234375 0.05390625 0.078125
0 0.38125 0.621484375 0.05625 0.08046875
0 0.31953125 0.62734375 0.0578125 0.0765625
0 0.43984375 0.6265625 0.0578125 0.078125
0 0.262890625 0.628125 0.05390625 0.078125
0 0.50078125 0.629296875 0.0578125 0.08046875
0 0.558984375 0.629296875 0.05859375 0.08046875
0 0.599609375 0.065234375 0.06484375 0.10234375
0 0.46796875 0.065234375 0.0640625 0.10234375
0 0.665234375 0.0671875 0.06484375 0.103125
0 0.53203125 0.064453125 0.0640625 0.10078125
0 0.030078125 0.641015625 0.04453125 0.06640625
0 0.623828125 0.644140625 0.06015625 0.08203125
0 0.74765625 0.64609375 0.0578125 0.0796875
0 0.943359375 0.64453125 0.05546875 0.0765625
0 0.685546875 0.64765625 0.05859375 0.0828125
0 0.983203125 0.648046875 0.02890625 0.07421875
0 0.08203125 0.653515625 0.0484375 0.06640625
0 0.3421875 0.06953125 0.0625 0.0984375
0 0.40546875 0.068359375 0.0640625 0.10234375
0 0.277734375 0.071875 0.06484375 0.1
0 0.015625 0.6890625 0.03125 0.06875
0 0.35625 0.68984375 0.05625 0.0765625
0 0.4140625 0.69296875 0.053125 0.0765625
0 0.295703125 0.69453125 0.05390625 0.0765625
0 0.237890625 0.694140625 0.05390625 0.07578125
0 0.469140625 0.6984375 0.05390625 0.078125
0 0.52734375 0.6984375 0.0578125 0.078125
0 0.05859375 0.702734375 0.0453125 0.06484375
0 0.585546875 0.70390625 0.05546875 0.0796875
0 0.962109375 0.71328125 0.05546875 0.0734375
0 0.65234375 0.71484375 0.0578125 0.0796875
0 0.715234375 0.71484375 0.05859375 0.0765625
0 0.03359375 0.74765625 0.0453125 0.0609375
0 0.330078125 0.756640625 0.05390625 0.07578125
0 0.269140625 0.758984375 0.05390625 0.07109375
0 0.3875 0.7625 0.053125 0.071875
0 0.4421875 0.76328125 0.053125 0.0734375
0 0.498046875 0.766015625 0.05546875 0.07578125
0 0.555859375 0.76796875 0.05546875 0.0734375
0 0.6125 0.769140625 0.05625 0.07578125
0 0.97890625 0.77734375 0.0421875 0.0734375
0 0.6796875 0.779296875 0.05625 0.07421875
0 0.306640625 0.818359375 0.05390625 0.07109375
0 0.36015625 0.826171875 0.0515625 0.07421875
0 0.416015625 0.82734375 0.05390625 0.0734375
0 0.471875 0.8296875 0.053125 0.071875
0 0.5265625 0.83203125 0.053125 0.0734375
0 0.582421875 0.833984375 0.05546875 0.07109375
0 0.640234375 0.83515625 0.05546875 0.0734375
0 0.435546875 0.154296875 0.06484375 0.09609375
0 0.698046875 0.153125 0.06484375 0.1
0 0.49921875 0.155078125 0.0609375 0.09765625
0 0.24765625 0.154296875 0.0609375 0.09609375
0 0.373046875 0.155078125 0.06484375 0.09765625
0 0.56640625 0.15546875 0.0640625 0.0984375
0 0.31015625 0.15546875 0.0609375 0.0984375
0 0.63046875 0.15625 0.0640625 0.1
0 0.025 0.1890625 0.05 0.08125
0 0.220703125 0.23671875 0.06015625 0.0921875
0 0.280078125 0.238671875 0.06015625 0.09609375
0 0.46953125 0.238671875 0.0640625 0.09609375
0 0.40546875 0.23828125 0.0609375 0.0953125
0 0.34296875 0.23828125 0.0609375 0.0953125
0 0.535546875 0.23828125 0.06484375 0.0953125
0 0.728515625 0.240234375 0.06640625 0.09609375
0 0.59765625 0.23984375 0.0640625 0.0953125
0 0.66328125 0.243359375 0.0609375 0.09609375