0 0.546875 0.41796875 0.075 0.1109375
0 0.2578125 0.51328125 0.09375 0.1328125
0 0.33203125 0.51484375 0.0359375 0.0421875
0 0.54453125 0.54609375 0.0921875 0.1515625
0 0.1578125 0.5609375 0.109375 0.15
0 0.06328125 0.56953125 0.1015625 0.1421875
0 0.315625 0.5984375 0.084375 0.121875
0 0.43125 0.60625 0.09375 0.146875
0 0.14921875 0.646875 0.0921875 0.084375
0 0.04921875 0.71171875 0.0984375 0.1328125
0 0.4125 0.7234375 0.09375 0.11875
0 0.159375 0.73984375 0.084375 0.1109375
0 0.4859375 0.7515625 0.078125 0.10625
0 0.33203125 0.753125 0.0796875 0.10625
0 0.25078125 0.80234375 0.0890625 0.1265625
0 0.06484375 0.80234375 0.1046875 0.1140625
0 0.2171875 0.89453125 0.084375 0.1109375
0 0.415625 0.92109375 0.084375 0.1140625
0 0.31015625 0.92265625 0.0890625 0.1203125