0 0.655078125 0.251953125 0.20078125 0.31640625
0 0.896484375 0.255859375 0.20546875 0.42421875
0 0.43125 0.573046875 0.196875 0.28984375
0 0.162109375 0.576171875 0.26171875 0.39296875
0 0.873046875 0.602734375 0.18359375 0.30546875
0 0.662109375 0.624609375 0.27734375 0.40234375
0 0.21875 0.8640625 0.18125 0.271875
0 0.398828125 0.887109375 0.26328125 0.22109375
0 0.633984375 0.88828125 0.19921875 0.2171875
0 0.8765625 0.904296875 0.24375 0.18359375
0 0.41484375 0.212109375 0.2765625 0.41484375
0 0.21796875 0.23125 0.1671875 0.30625