0 0.76015625 0.273046875 0.1859375 0.27734375
0 0.563671875 0.28828125 0.18359375 0.2828125
0 0.0390625 0.28984375 0.078125 0.2765625
0 0.383984375 0.296875 0.18046875 0.275
0 0.847265625 0.51875 0.17890625 0.28125
0 0.665625 0.52578125 0.1875 0.2828125
0 0.475 0.533984375 0.18125 0.28359375
0 0.083984375 0.533203125 0.16796875 0.27890625
0 0.292578125 0.53828125 0.18515625 0.2859375
0 0.06015625 0.755859375 0.1203125 0.24296875
0 0.759375 0.76796875 0.18125 0.2796875
0 0.573828125 0.7734375 0.18515625 0.28125
0 0.386328125 0.77734375 0.18515625 0.2796875