0 0.02265625 0.17578125 0.0453125 0.1453125
0 0.08515625 0.17578125 0.0671875 0.1453125
0 0.15234375 0.18359375 0.0671875 0.1421875
0 0.2171875 0.18984375 0.071875 0.1453125
0 0.28515625 0.1984375 0.0703125 0.146875
0 0.35625 0.21171875 0.071875 0.1453125
0 0.4328125 0.215625 0.071875 0.146875
0 0.04765625 0.30078125 0.0703125 0.1453125
0 0.11328125 0.30546875 0.0671875 0.1453125
0 0.17890625 0.31328125 0.0703125 0.1390625
0 0.25390625 0.32265625 0.0703125 0.1453125
0 0.32421875 0.33515625 0.0671875 0.1453125
0 0.39296875 0.33671875 0.0703125 0.1453125
0 0.4671875 0.34453125 0.071875 0.1453125
0 0.02265625 0.41484375 0.0453125 0.1421875
0 0.08203125 0.42421875 0.0671875 0.1390625
0 0.15234375 0.43359375 0.0671875 0.1390625
0 0.2171875 0.43984375 0.065625 0.1453125
0 0.28515625 0.45078125 0.0703125 0.1421875
0 0.3609375 0.46015625 0.071875 0.1453125
0 0.43203125 0.46484375 0.0703125 0.1421875
0 0.50390625 0.47109375 0.0703125 0.1421875
0 0.03984375 0.54140625 0.0703125 0.1453125
0 0.11015625 0.55234375 0.0703125 0.1421875
0 0.18203125 0.55859375 0.0703125 0.1421875
0 0.2484375 0.56953125 0.071875 0.1390625
0 0.0484375 0.05859375 0.0625 0.1171875
0 0.325 0.57890625 0.071875 0.1421875
0 0.39609375 0.58515625 0.0703125 0.1421875
0 0.459375 0.5953125 0.071875 0.146875
0 0.53359375 0.5984375 0.0703125 0.146875
0 0.11484375 0.0640625 0.0703125 0.128125
0 0.01953125 0.6578125 0.0390625 0.146875
0 0.18984375 0.0671875 0.0703125 0.134375
0 0.06953125 0.66796875 0.0671875 0.1390625
0 0.1375 0.67890625 0.071875 0.1421875
0 0.2078125 0.68671875 0.06875 0.1421875
0 0.2765625 0.69921875 0.071875 0.1453125
0 0.2546875 0.07109375 0.071875 0.1421875
0 0.32265625 0.071875 0.0703125 0.14375
0 0.346875 0.71171875 0.071875 0.1453125
0 0.4203125 0.715625 0.071875 0.146875
0 0.4890625 0.728125 0.071875 0.146875
0 0.56875 0.734375 0.075 0.146875
0 0.034375 0.78984375 0.0625 0.1421875
0 0.109375 0.79296875 0.065625 0.1390625
0 0.1765625 0.80859375 0.06875 0.1421875
0 0.24609375 0.81640625 0.0671875 0.1421875
0 0.30703125 0.83359375 0.0703125 0.1421875
0 0.38828125 0.83984375 0.0703125 0.1453125
0 0.46015625 0.853125 0.0703125 0.146875
0 0.5296875 0.859375 0.075 0.146875
0 0.39296875 0.090625 0.0703125 0.146875
0 0.06484375 0.91015625 0.0671875 0.1421875
0 0.13203125 0.9265625 0.0671875 0.146875
0 0.20078125 0.9328125 0.0703125 0.134375
0 0.28046875 0.9359375 0.0703125 0.128125
0 0.35546875 0.94296875 0.0703125 0.1109375
0 0.42890625 0.94921875 0.0671875 0.1015625
0 0.49453125 0.95546875 0.0703125 0.0890625