0 0.87734375 0.32890625 0.0921875 0.1828125
0 0.73046875 0.353125 0.1015625 0.2
0 0.6390625 0.42265625 0.121875 0.2234375
0 0.4578125 0.46015625 0.13125 0.2140625
0 0.31328125 0.48671875 0.1453125 0.2359375
0 0.95546875 0.49140625 0.0890625 0.2078125
0 0.8078125 0.49921875 0.103125 0.1921875
0 0.65859375 0.56484375 0.1140625 0.2015625
0 0.5453125 0.6234375 0.11875 0.2
0 0.91328125 0.6609375 0.0984375 0.18125
0 0.40078125 0.6953125 0.1515625 0.246875
0 0.1875 0.6984375 0.134375 0.209375
0 0.7484375 0.69921875 0.11875 0.2109375
0 0.06015625 0.81171875 0.1203125 0.2359375
0 0.46328125 0.8234375 0.1203125 0.2
0 0.2859375 0.85078125 0.128125 0.1953125
0 0.1859375 0.94453125 0.146875 0.1078125