0 0.4125 0.3734375 0.240625 0.34375
0 0.1765625 0.37734375 0.228125 0.3484375
0 0.6484375 0.3765625 0.228125 0.334375
0 0.88671875 0.3859375 0.2234375 0.35625
0 0.5265625 0.6453125 0.209375 0.3125
0 0.3015625 0.665625 0.228125 0.334375
0 0.1 0.66640625 0.1875 0.2984375
0 0.759375 0.68515625 0.23125 0.3453125
0 0.9421875 0.6921875 0.115625 0.346875
0 0.62109375 0.8765625 0.1953125 0.24375
0 0.42421875 0.87890625 0.2046875 0.2390625
0 0.196875 0.90078125 0.221875 0.1953125
0 0.8890625 0.915625 0.221875 0.16875
0 0.2875 0.12265625 0.24375 0.2453125
0 0.08203125 0.12265625 0.1640625 0.2453125
0 0.7859375 0.12265625 0.25 0.2453125
0 0.53359375 0.13203125 0.2234375 0.2640625