0 0.63203125 0.34140625 0.0859375 0.0984375
0 0.90546875 0.34453125 0.0890625 0.1046875
0 0.81015625 0.34921875 0.0890625 0.1015625
0 0.8578125 0.43984375 0.0875 0.1046875
0 0.6484375 0.44296875 0.084375 0.1015625
0 0.5625 0.45078125 0.0875 0.1046875
0 0.72890625 0.45078125 0.0828125 0.0953125
0 0.30546875 0.49921875 0.0859375 0.1046875
0 0.80390625 0.5265625 0.0890625 0.10625
0 0.90390625 0.53125 0.0890625 0.10625
0 0.71328125 0.53515625 0.0890625 0.1046875
0 0.625 0.53515625 0.0875 0.1046875
0 0.5140625 0.5453125 0.0875 0.10625
0 0.25546875 0.590625 0.0890625 0.10625
0 0.43671875 0.6078125 0.0921875 0.109375
0 0.165625 0.6109375 0.0875 0.10625
0 0.07421875 0.61015625 0.0890625 0.1046875
0 0.34140625 0.6125 0.0890625 0.10625
0 0.5765625 0.621875 0.090625 0.10625
0 0.853125 0.62109375 0.0875 0.1046875
0 0.76484375 0.62265625 0.0890625 0.1046875
0 0.67109375 0.62578125 0.0890625 0.1015625
0 0.25859375 0.709375 0.0890625 0.10625
0 0.81328125 0.71328125 0.0890625 0.1046875
0 0.72265625 0.7140625 0.0890625 0.109375
0 0.9078125 0.715625 0.0875 0.10625
0 0.44140625 0.7171875 0.0921875 0.10625
0 0.1703125 0.71640625 0.084375 0.1046875
0 0.53515625 0.7171875 0.0890625 0.10625
0 0.628125 0.7171875 0.090625 0.10625
0 0.071875 0.71875 0.0875 0.10625
0 0.34765625 0.71875 0.0890625 0.10625
0 0.8546875 0.80234375 0.0875 0.1046875
0 0.67734375 0.80625 0.0890625 0.10625
0 0.76796875 0.80625 0.0890625 0.10625
0 0.4875 0.81015625 0.090625 0.1109375
0 0.20625 0.8109375 0.0875 0.109375
0 0.5828125 0.8109375 0.090625 0.109375
0 0.29921875 0.8109375 0.0890625 0.109375
0 0.11640625 0.8109375 0.0890625 0.10625
0 0.39140625 0.81484375 0.0921875 0.1109375
0 0.9 0.89140625 0.0875 0.1015625
0 0.8109375 0.89375 0.0875 0.10625
0 0.721875 0.896875 0.090625 0.10625
0 0.63359375 0.8984375 0.0890625 0.10625
0 0.53515625 0.8984375 0.0890625 0.10625
0 0.44296875 0.9 0.0890625 0.10625
0 0.25625 0.9015625 0.084375 0.10625
0 0.075 0.90234375 0.0875 0.1015625
0 0.1609375 0.9046875 0.0875 0.109375
0 0.34609375 0.90859375 0.0921875 0.1109375