0 0.49921875 0.46171875 0.0734375 0.1109375
0 0.578125 0.52265625 0.075 0.1109375
0 0.5296875 0.546875 0.0625 0.10625
0 0.3640625 0.57734375 0.053125 0.0796875
0 0.59609375 0.60078125 0.0703125 0.1046875
0 0.46171875 0.61796875 0.0734375 0.1140625
0 0.65703125 0.6296875 0.0578125 0.090625
0 0.38203125 0.6296875 0.0609375 0.09375
0 0.33203125 0.64453125 0.0546875 0.0859375
0 0.72734375 0.6453125 0.0734375 0.10625
0 0.06015625 0.6890625 0.0703125 0.109375
0 0.23671875 0.70546875 0.0578125 0.0890625
0 0.17578125 0.709375 0.0578125 0.090625
0 0.83515625 0.71171875 0.0578125 0.0890625
0 0.43203125 0.71875 0.0609375 0.096875
0 0.50625 0.71953125 0.059375 0.0953125
0 0.56875 0.74765625 0.059375 0.0953125
0 0.6375 0.7515625 0.059375 0.090625
0 0.0265625 0.7703125 0.053125 0.109375
0 0.88828125 0.7765625 0.0734375 0.10625
0 0.475 0.78671875 0.0625 0.0921875
0 0.26484375 0.78984375 0.0578125 0.0921875
0 0.7578125 0.790625 0.0625 0.096875
0 0.08046875 0.7921875 0.0671875 0.109375
0 0.31953125 0.79296875 0.0609375 0.0921875
0 0.696875 0.7953125 0.0625 0.090625
0 0.20234375 0.8 0.0578125 0.090625
0 0.39921875 0.80703125 0.0609375 0.0953125
0 0.59453125 0.82734375 0.0609375 0.0921875
0 0.12578125 0.8296875 0.0609375 0.090625
0 0.66015625 0.83359375 0.0578125 0.0890625
0 0.7375 0.88671875 0.0625 0.0953125