0 0.74765625 0.41328125 0.1640625 0.2453125
0 0.571875 0.42890625 0.1875 0.2859375
0 0.1640625 0.43203125 0.196875 0.2953125
0 0.390625 0.446875 0.165625 0.25
0 0.8109375 0.68203125 0.15625 0.2515625
0 0.2546875 0.690625 0.178125 0.259375
0 0.0796875 0.69765625 0.153125 0.2796875
0 0.63359375 0.7125 0.1796875 0.275
0 0.446875 0.734375 0.178125 0.2625
0 0.82890625 0.91328125 0.1765625 0.1734375
0 0.25 0.9203125 0.196875 0.159375
0 0.075 0.92578125 0.15 0.1421875
0 0.6484375 0.93125 0.165625 0.1375
0 0.46484375 0.9453125 0.1859375 0.10625
0 0.16875 0.13671875 0.178125 0.2671875
0 0.740625 0.1453125 0.178125 0.284375
0 0.56171875 0.15078125 0.1703125 0.2578125
0 0.3796875 0.17265625 0.18125 0.2765625