0 0.63203125 0.34296875 0.0859375 0.0984375
0 0.90546875 0.3453125 0.0890625 0.103125
0 0.81171875 0.35 0.0890625 0.103125
0 0.8578125 0.4421875 0.0875 0.103125
0 0.6484375 0.44296875 0.084375 0.1015625
0 0.5625 0.4515625 0.0875 0.103125
0 0.72890625 0.4515625 0.0828125 0.09375
0 0.30546875 0.4984375 0.0859375 0.103125
0 0.80390625 0.5265625 0.0890625 0.10625
0 0.90234375 0.53125 0.0890625 0.10625
0 0.71328125 0.5359375 0.0890625 0.103125
0 0.625 0.5359375 0.0875 0.103125
0 0.5140625 0.5453125 0.0875 0.10625
0 0.25703125 0.5921875 0.0890625 0.10625
0 0.43828125 0.60703125 0.0921875 0.1078125
0 0.165625 0.6109375 0.0875 0.10625
0 0.07421875 0.6125 0.0890625 0.103125
0 0.33984375 0.6140625 0.0890625 0.10625
0 0.5765625 0.6234375 0.090625 0.10625
0 0.853125 0.621875 0.0875 0.103125
0 0.76640625 0.6234375 0.0890625 0.103125
0 0.67265625 0.62578125 0.0890625 0.1015625
0 0.25859375 0.709375 0.0890625 0.10625
0 0.81484375 0.7125 0.0890625 0.103125
0 0.72265625 0.71484375 0.0890625 0.1078125
0 0.909375 0.7171875 0.0875 0.10625
0 0.44296875 0.7171875 0.0921875 0.10625
0 0.171875 0.7171875 0.084375 0.103125
0 0.53515625 0.7171875 0.0890625 0.10625
0 0.6296875 0.71875 0.090625 0.10625
0 0.071875 0.71875 0.0875 0.10625
0 0.34765625 0.71875 0.0890625 0.10625
0 0.85625 0.8015625 0.0875 0.103125
0 0.67734375 0.80625 0.0890625 0.10625
0 0.76796875 0.80625 0.0890625 0.10625
0 0.48828125 0.81015625 0.0921875 0.1109375
0 0.2078125 0.81171875 0.0875 0.1078125
0 0.584375 0.81171875 0.090625 0.1078125
0 0.29921875 0.81171875 0.0890625 0.1078125
0 0.11640625 0.8125 0.0890625 0.10625
0 0.39296875 0.81484375 0.0921875 0.1109375
0 0.9 0.89296875 0.0875 0.1015625
0 0.8125 0.8953125 0.0875 0.10625
0 0.7234375 0.896875 0.090625 0.10625
0 0.63359375 0.9 0.0890625 0.10625
0 0.53515625 0.9 0.0890625 0.10625
0 0.44453125 0.9 0.0890625 0.10625
0 0.25625 0.9015625 0.084375 0.10625
0 0.075 0.90390625 0.0875 0.1015625
0 0.1609375 0.90546875 0.0875 0.1078125
0 0.34609375 0.90859375 0.0921875 0.1109375