0 0.93828125 0.25 0.1234375 0.30625
0 0.32265625 0.2578125 0.1734375 0.25625
0 0.503125 0.2671875 0.184375 0.275
0 0.69140625 0.27265625 0.1859375 0.2671875
0 0.13203125 0.29296875 0.1828125 0.2640625
0 0.83515625 0.44140625 0.1828125 0.2640625
0 0.0453125 0.4796875 0.090625 0.259375
0 0.42578125 0.48828125 0.1734375 0.2484375
0 0.60078125 0.490625 0.1765625 0.24375
0 0.24609375 0.49296875 0.1765625 0.2484375
0 0.7328125 0.62578125 0.16875 0.2265625
0 0.903125 0.62734375 0.165625 0.2359375
0 0.12578125 0.65859375 0.1734375 0.2390625
0 0.51328125 0.69453125 0.1734375 0.2234375
0 0.33671875 0.725 0.1734375 0.24375
0 0.94296875 0.8015625 0.1140625 0.21875
0 0.809375 0.8234375 0.159375 0.221875
0 0.646875 0.8265625 0.165625 0.221875
0 0.59453125 0.08671875 0.1921875 0.1734375
0 0.209375 0.89375 0.178125 0.2125
0 0.0609375 0.89609375 0.121875 0.1984375
0 0.43046875 0.9109375 0.1734375 0.178125
0 0.39375 0.0953125 0.2 0.190625
0 0.1828125 0.11328125 0.209375 0.2265625
0 0.83359375 0.11640625 0.2171875 0.2328125