0 0.04296875 0.31328125 0.0859375 0.1921875
0 0.76484375 0.32421875 0.1109375 0.1421875
0 0.659375 0.3265625 0.121875 0.178125
0 0.29765625 0.328125 0.1203125 0.178125
0 0.1765625 0.32890625 0.11875 0.1765625
0 0.41875 0.32890625 0.115625 0.1765625
0 0.87265625 0.33203125 0.1078125 0.1515625
0 0.53515625 0.33515625 0.1140625 0.1734375
0 0.79609375 0.0375 0.1234375 0.075
0 0.4109375 0.0421875 0.125 0.084375
0 0.659375 0.046875 0.125 0.09375
0 0.28671875 0.04921875 0.1203125 0.0984375
0 0.10390625 0.4765625 0.1203125 0.18125
0 0.2265625 0.48046875 0.125 0.1859375
0 0.36171875 0.48203125 0.1171875 0.1765625
0 0.76796875 0.4828125 0.1453125 0.215625
0 0.478125 0.48359375 0.115625 0.1765625
0 0.59375 0.48515625 0.115625 0.1765625
0 0.8765625 0.48671875 0.10625 0.1921875
0 0.9578125 0.48984375 0.084375 0.1859375
0 0.16796875 0.05390625 0.1140625 0.1078125
0 0.5328125 0.0578125 0.11875 0.115625
0 0.65625 0.6375 0.11875 0.178125
0 0.53828125 0.6390625 0.1078125 0.16875
0 0.16328125 0.6453125 0.1328125 0.209375
0 0.0484375 0.64765625 0.096875 0.2046875
0 0.29296875 0.646875 0.1109375 0.18125
0 0.415625 0.6484375 0.128125 0.196875
0 0.825 0.66484375 0.1375 0.2046875
0 0.93828125 0.78359375 0.1203125 0.1828125
0 0.703125 0.803125 0.125 0.190625
0 0.81796875 0.80625 0.1203125 0.15
0 0.34921875 0.81171875 0.1203125 0.1765625
0 0.58671875 0.8140625 0.1140625 0.178125
0 0.4671875 0.81640625 0.11875 0.1734375
0 0.0828125 0.82421875 0.11875 0.1859375
0 0.184375 0.86640625 0.1375 0.2046875
0 0.93828125 0.0921875 0.1171875 0.184375
0 0.2921875 0.9296875 0.115625 0.1375
0 0.63671875 0.93125 0.1109375 0.134375
0 0.52421875 0.93203125 0.1171875 0.1328125
0 0.409375 0.934375 0.11875 0.128125
0 0.7546875 0.9359375 0.11875 0.125
0 0.96484375 0.93671875 0.0671875 0.1234375
0 0.87578125 0.9390625 0.1203125 0.11875
0 0.60390625 0.15 0.1296875 0.19375
0 0.8484375 0.15859375 0.125 0.1921875
0 0.22890625 0.16640625 0.1203125 0.1828125
0 0.71796875 0.16953125 0.1140625 0.1859375
0 0.10859375 0.171875 0.1203125 0.18125
0 0.475 0.175 0.11875 0.178125
0 0.35625 0.17578125 0.11875 0.1765625
0 0.97421875 0.24453125 0.0515625 0.1828125
0 0.021875 0.15390625 0.04375 0.1546875
0 0.05625 0.05390625 0.1125 0.1078125
0 0.0515625 0.9328125 0.103125 0.134375