0 0.38359375 0.27578125 0.1765625 0.2515625
0 0.93828125 0.28203125 0.1234375 0.2765625
0 0.6453125 0.384375 0.178125 0.240625
0 0.1859375 0.44765625 0.18125 0.2546875
0 0.8234375 0.45546875 0.190625 0.2546875
0 0.9453125 0.5875 0.10625 0.259375
0 0.33046875 0.64453125 0.1828125 0.2546875
0 0.525 0.65859375 0.178125 0.2359375
0 0.69921875 0.74375 0.1921875 0.246875
0 0.078125 0.903125 0.15625 0.190625
0 0.90234375 0.93125 0.1953125 0.1375
0 0.34296875 0.9390625 0.1859375 0.11875
0 0.67734375 0.1453125 0.1953125 0.28125
0 0.09453125 0.21953125 0.1640625 0.2453125