0 0.49765625 0.37421875 0.0921875 0.1265625
0 0.84296875 0.38671875 0.0703125 0.1203125
0 0.69765625 0.38984375 0.0796875 0.1328125
0 0.6046875 0.39453125 0.084375 0.1359375
0 0.2859375 0.40859375 0.10625 0.1546875
0 0.45 0.496875 0.146875 0.225
0 0.75234375 0.50859375 0.0703125 0.1359375
0 0.68203125 0.5265625 0.0828125 0.1375
0 0.60859375 0.54921875 0.0796875 0.1546875
0 0.359375 0.58046875 0.10625 0.1546875
0 0.53828125 0.59921875 0.1234375 0.1953125
0 0.71328125 0.61328125 0.0734375 0.0828125
0 0.2390625 0.64609375 0.15625 0.2140625
0 0.60703125 0.803125 0.0796875 0.1375
0 0.78359375 0.80390625 0.1203125 0.2046875
0 0.36953125 0.82265625 0.0984375 0.1453125
0 0.5 0.8421875 0.146875 0.21875
0 0.54453125 0.90078125 0.1046875 0.1734375
0 0.23671875 0.93359375 0.1421875 0.1296875
0 0.9609375 0.8828125 0.078125 0.11875