0 0.5875 0.253125 0.196875 0.3125
0 0.775 0.2609375 0.184375 0.315625
0 0.3984375 0.275 0.18125 0.3125
0 0.20234375 0.27578125 0.2078125 0.3296875
0 0.05859375 0.28671875 0.1171875 0.3140625
0 0.8390625 0.48671875 0.153125 0.2234375
0 0.67578125 0.49375 0.1640625 0.240625
0 0.50390625 0.4984375 0.1515625 0.228125
0 0.3328125 0.50703125 0.15625 0.2359375
0 0.16640625 0.51953125 0.1546875 0.2265625
0 0.66796875 0.0828125 0.1828125 0.165625
0 0.51875 0.846875 0.15625 0.23125
0 0.1890625 0.84609375 0.1375 0.2265625
0 0.86328125 0.853125 0.1640625 0.24375
0 0.6828125 0.86875 0.16875 0.25
0 0.04296875 0.865625 0.0859375 0.2375
0 0.32421875 0.87578125 0.1640625 0.2453125
0 0.30390625 0.0921875 0.1703125 0.18125
0 0.93828125 0.22578125 0.1234375 0.3265625