0 0.98125 0.271875 0.034375 0.1875
0 0.8625 0.28046875 0.084375 0.2046875
0 0.66328125 0.3078125 0.1015625 0.221875
0 0.4640625 0.32421875 0.115625 0.2390625
0 0.0421875 0.325 0.084375 0.23125
0 0.23671875 0.35390625 0.1328125 0.2546875
0 0.9046875 0.45546875 0.084375 0.1953125
0 0.74375 0.47890625 0.090625 0.2078125
0 0.55078125 0.52890625 0.1109375 0.2265625
0 0.33984375 0.56328125 0.1234375 0.2453125
0 0.0875 0.61484375 0.15 0.2578125
0 0.9609375 0.6265625 0.075 0.190625
0 0.8296875 0.6625 0.0875 0.2
0 0.6296875 0.71484375 0.103125 0.2109375
0 0.434375 0.76015625 0.11875 0.2265625
0 0.8671875 0.8203125 0.084375 0.1875
0 0.2125 0.821875 0.134375 0.25
0 0.725 0.87109375 0.09375 0.2015625
0 0.96015625 0.09375 0.0765625 0.1875
0 0.51171875 0.91484375 0.1109375 0.1703125
0 0.31328125 0.946875 0.1203125 0.103125
0 0.7921875 0.09765625 0.09375 0.1953125
0 0.57734375 0.10703125 0.1109375 0.2140625
0 0.3734375 0.1125 0.125 0.21875
0 0.1265625 0.12734375 0.146875 0.2515625