0 0.17578125 0.27109375 0.1234375 0.1859375
0 0.405078125 0.27734375 0.12265625 0.1890625
0 0.07734375 0.278515625 0.0921875 0.12890625
0 0.64296875 0.282421875 0.1203125 0.18359375
0 0.938671875 0.287890625 0.05859375 0.09140625
0 0.294921875 0.290625 0.09609375 0.134375
0 0.820703125 0.29296875 0.06015625 0.0890625
0 0.499609375 0.296875 0.09609375 0.146875
0 0.7203125 0.30078125 0.078125 0.1453125
0 0.8625 0.304296875 0.040625 0.07421875
0 0.9015625 0.360546875 0.0625 0.09609375
0 0.78515625 0.36953125 0.0640625 0.0984375
0 0.833984375 0.37265625 0.04296875 0.0671875
0 0.94921875 0.370703125 0.0359375 0.06953125
0 0.087109375 0.415625 0.12734375 0.1875
0 0.55625 0.421875 0.125 0.19375
0 0.321875 0.423828125 0.125 0.19453125
0 0.670703125 0.43671875 0.09140625 0.1453125
0 0.225390625 0.438671875 0.09140625 0.15234375
0 0.437890625 0.439453125 0.09765625 0.14765625
0 0.933203125 0.44140625 0.06015625 0.0953125
0 0.97265625 0.44375 0.0359375 0.078125
0 0.823828125 0.444921875 0.06015625 0.09609375
0 0.8640625 0.446484375 0.040625 0.07421875
0 0.75703125 0.4515625 0.0421875 0.071875
0 0.895703125 0.51796875 0.06640625 0.0984375
0 0.94375 0.517578125 0.0375 0.06953125
0 0.834375 0.520703125 0.0375 0.06953125
0 0.787109375 0.521875 0.06484375 0.1
0 0.635546875 0.56171875 0.12109375 0.1859375
0 0.06953125 0.566796875 0.0890625 0.13359375
0 0.496484375 0.567578125 0.08984375 0.14453125
0 0.285546875 0.571484375 0.09609375 0.14296875
0 0.71796875 0.572265625 0.0796875 0.14765625
0 0.165625 0.577734375 0.125 0.18359375
0 0.39765625 0.57890625 0.1265625 0.1859375
0 0.970703125 0.587109375 0.03828125 0.07421875
0 0.86484375 0.592578125 0.0421875 0.07578125
0 0.758984375 0.59296875 0.03359375 0.0734375
0 0.93203125 0.5953125 0.0640625 0.09375
0 0.82421875 0.598046875 0.0609375 0.09609375
0 0.946875 0.66640625 0.040625 0.0671875
0 0.732421875 0.669140625 0.03359375 0.06953125
0 0.8359375 0.669921875 0.040625 0.07109375
0 0.784765625 0.6734375 0.06640625 0.1
0 0.89921875 0.675 0.0609375 0.09375
0 0.6578125 0.703515625 0.0875 0.13828125
0 0.446875 0.71015625 0.09375 0.1453125
0 0.2203125 0.7125 0.0875 0.146875
0 0.559375 0.716796875 0.11875 0.18359375
0 0.9703125 0.72890625 0.040625 0.0734375
0 0.077734375 0.729296875 0.12734375 0.18984375
0 0.3171875 0.73203125 0.125 0.1890625
0 0.86015625 0.732421875 0.0453125 0.07109375
0 0.75703125 0.733984375 0.0453125 0.07421875
0 0.930859375 0.746484375 0.05859375 0.08984375
0 0.81640625 0.749609375 0.0609375 0.08984375
0 0.7046875 0.821484375 0.0875 0.14296875
0 0.50078125 0.8328125 0.0921875 0.140625
0 0.2796875 0.84375 0.09375 0.134375
0 0.06640625 0.861328125 0.0796875 0.11640625
0 0.62734375 0.869140625 0.1203125 0.17890625
0 0.39921875 0.8703125 0.1203125 0.1875
0 0.162109375 0.873828125 0.12109375 0.18515625
0 0.100390625 0.10859375 0.12890625 0.1921875
0 0.33359375 0.112109375 0.1234375 0.18984375
0 0.573828125 0.118359375 0.12265625 0.18359375
0 0.45078125 0.158203125 0.0984375 0.14453125
0 0.238671875 0.158203125 0.09609375 0.14765625
0 0.66328125 0.162890625 0.0890625 0.13203125