0 0.43515625 0.34296875 0.0609375 0.1265625
0 0.56328125 0.34453125 0.0671875 0.1484375
0 0.496875 0.3453125 0.0625 0.1375
0 0.37734375 0.3484375 0.0578125 0.128125
0 0.26875 0.35234375 0.053125 0.1171875
0 0.321875 0.35234375 0.053125 0.1234375
0 0.21796875 0.3546875 0.0484375 0.115625
0 0.1703125 0.3578125 0.046875 0.109375
0 0.59140625 0.45703125 0.0671875 0.1515625
0 0.1390625 0.45859375 0.046875 0.1203125
0 0.2859375 0.45859375 0.053125 0.1328125
0 0.34140625 0.46015625 0.0546875 0.1328125
0 0.18671875 0.459375 0.0484375 0.125
0 0.23515625 0.459375 0.0515625 0.125
0 0.446875 0.46171875 0.0625 0.1453125
0 0.51796875 0.4609375 0.0671875 0.15
0 0.396875 0.46171875 0.053125 0.1421875
0 0.125 0.55 0.04375 0.10625
0 0.1703125 0.55703125 0.046875 0.1015625
0 0.21796875 0.56015625 0.0515625 0.1046875
0 0.26796875 0.5609375 0.0515625 0.10625
0 0.321875 0.5640625 0.053125 0.10625
0 0.38515625 0.56484375 0.0484375 0.1015625
0 0.4984375 0.571875 0.0625 0.121875
0 0.43515625 0.57265625 0.0609375 0.1265625
0 0.56875 0.578125 0.05625 0.125
0 0.63203125 0.578125 0.0671875 0.146875
0 0.09375 0.64453125 0.04375 0.1234375
0 0.1390625 0.65 0.046875 0.121875
0 0.18515625 0.65625 0.0484375 0.128125
0 0.23515625 0.6609375 0.0515625 0.128125
0 0.28828125 0.66484375 0.0546875 0.1296875
0 0.33671875 0.67109375 0.0515625 0.1328125
0 0.38671875 0.67890625 0.0609375 0.1390625
0 0.45703125 0.68203125 0.0578125 0.1453125
0 0.51328125 0.69296875 0.0671875 0.1515625
0 0.59140625 0.69765625 0.0703125 0.1515625
0 0.66328125 0.70625 0.0734375 0.15625