0 0.05625 0.1625 0.1125 0.23125
0 0.6703125 0.16484375 0.159375 0.2359375
0 0.51015625 0.1640625 0.1546875 0.240625
0 0.19140625 0.16796875 0.1515625 0.2359375
0 0.82578125 0.16953125 0.1546875 0.2390625
0 0.35 0.16953125 0.15625 0.2359375
0 0.95078125 0.17109375 0.0984375 0.2359375
0 0.49375 0.440625 0.159375 0.240625
0 0.653125 0.44296875 0.15625 0.2359375
0 0.33359375 0.44453125 0.1546875 0.2359375
0 0.8140625 0.4453125 0.153125 0.240625
0 0.1796875 0.44609375 0.15 0.2359375
0 0.05390625 0.453125 0.1078125 0.23125
0 0.9453125 0.45546875 0.10625 0.2390625
0 0.41953125 0.64140625 0.1515625 0.2265625
0 0.26484375 0.6453125 0.1515625 0.23125
0 0.1109375 0.6484375 0.146875 0.23125
0 0.571875 0.6484375 0.159375 0.234375
0 0.73125 0.6484375 0.15625 0.234375
0 0.88515625 0.6515625 0.1515625 0.234375
0 0.05390625 0.84765625 0.1078125 0.2234375
0 0.94296875 0.8625 0.1140625 0.228125
0 0.80625 0.8640625 0.153125 0.23125
0 0.184375 0.8640625 0.15 0.23125
0 0.3375 0.8671875 0.159375 0.234375
0 0.49375 0.86875 0.15625 0.234375
0 0.6515625 0.871875 0.153125 0.234375
0 0.11640625 0.034375 0.1515625 0.06875
0 0.2703125 0.03828125 0.1625 0.0703125
0 0.43203125 0.034375 0.1453125 0.06875
0 0.59140625 0.0328125 0.1484375 0.065625
0 0.74296875 0.034375 0.1546875 0.06875
0 0.89609375 0.040625 0.1546875 0.08125