0 0.365625 0.02734375 0.0625 0.0546875
0 0.540625 0.246875 0.084375 0.128125
0 0.871875 0.259375 0.084375 0.115625
0 0.290625 0.2703125 0.0875 0.125
0 0.646875 0.27890625 0.090625 0.1296875
0 0.14375 0.28203125 0.084375 0.1296875
0 0.80390625 0.29375 0.0921875 0.134375
0 0.51875 0.03125 0.084375 0.0625
0 0.4625 0.3046875 0.084375 0.128125
0 0.26328125 0.03359375 0.0609375 0.0671875
0 0.66328125 0.0328125 0.0578125 0.065625
0 0.94375 0.3421875 0.084375 0.134375
0 0.2171875 0.35390625 0.084375 0.1296875
0 0.7171875 0.3640625 0.090625 0.128125
0 0.87578125 0.37109375 0.0921875 0.1296875
0 0.06484375 0.37734375 0.0890625 0.1328125
0 0.38046875 0.38125 0.0921875 0.128125
0 0.6390625 0.4109375 0.090625 0.134375
0 0.29296875 0.4203125 0.0921875 0.134375
0 0.14765625 0.43125 0.0921875 0.134375
0 0.7921875 0.4328125 0.09375 0.125
0 0.975 0.43671875 0.05 0.0921875
0 0.44921875 0.45546875 0.0921875 0.1328125
0 0.71953125 0.0484375 0.0578125 0.0875
0 0.91796875 0.04921875 0.0890625 0.0984375
0 0.92890625 0.4828125 0.0578125 0.09375
0 0.71328125 0.4890625 0.0890625 0.134375
0 0.3640625 0.5015625 0.096875 0.128125
0 0.87109375 0.50625 0.0921875 0.1375
0 0.0796875 0.51640625 0.090625 0.1328125
0 0.134375 0.05390625 0.084375 0.1078125
0 0.975 0.528125 0.05 0.096875
0 0.44375 0.05625 0.084375 0.1125
0 0.27734375 0.54375 0.0921875 0.134375
0 0.5140625 0.54453125 0.090625 0.1328125
0 0.1671875 0.55703125 0.09375 0.1328125
0 0.790625 0.5578125 0.09375 0.134375
0 0.596875 0.0578125 0.0875 0.115625
0 0.9265625 0.57421875 0.065625 0.0921875
0 0.63046875 0.584375 0.0671875 0.096875
0 0.42890625 0.58515625 0.0890625 0.1328125
0 0.03046875 0.58671875 0.0609375 0.1359375
0 0.31484375 0.0609375 0.0609375 0.084375
0 0.34609375 0.615625 0.0921875 0.134375
0 0.57734375 0.62421875 0.0671875 0.0984375
0 0.975 0.621875 0.05 0.096875
0 0.09921875 0.640625 0.0921875 0.1375
0 0.68828125 0.6421875 0.0671875 0.096875
0 0.84921875 0.6609375 0.0578125 0.084375
0 0.4984375 0.6703125 0.09375 0.1375
0 0.62734375 0.6828125 0.0671875 0.096875
0 0.77421875 0.0703125 0.0578125 0.0875
0 0.91328125 0.690625 0.0578125 0.0875
0 0.74765625 0.69453125 0.0671875 0.0984375
0 0.225 0.69453125 0.065625 0.1015625
0 0.41328125 0.7125 0.0921875 0.1375
0 0.80546875 0.71484375 0.0578125 0.0890625
0 0.16953125 0.7296875 0.0703125 0.103125
0 0.96171875 0.73125 0.0578125 0.0875
0 0.56484375 0.73671875 0.0671875 0.1015625
0 0.03828125 0.73828125 0.0671875 0.1015625
0 0.68359375 0.740625 0.0671875 0.096875
0 0.85546875 0.7484375 0.0578125 0.084375
0 0.290625 0.7515625 0.084375 0.121875
0 0.09921875 0.77734375 0.0671875 0.1015625
0 0.6234375 0.78125 0.065625 0.096875
0 0.91328125 0.78828125 0.0578125 0.0859375
0 0.81328125 0.7921875 0.0578125 0.065625
0 0.73828125 0.7984375 0.0671875 0.096875
0 0.87109375 0.81953125 0.0609375 0.0671875
0 0.96640625 0.81875 0.0578125 0.084375
0 0.68046875 0.84140625 0.0671875 0.1015625
0 0.04921875 0.8453125 0.0703125 0.09375
0 0.33046875 0.84609375 0.0671875 0.1015625
0 0.46953125 0.85078125 0.0671875 0.0984375
0 0.25859375 0.85078125 0.0703125 0.1015625
0 0.18984375 0.85078125 0.0703125 0.1015625
0 0.53671875 0.85390625 0.0671875 0.1015625
0 0.8171875 0.8578125 0.065625 0.09375
0 0.60546875 0.86171875 0.0671875 0.1015625
0 0.39609375 0.86796875 0.0703125 0.1015625
0 0.98203125 0.8703125 0.0359375 0.096875
0 0.92578125 0.8734375 0.0484375 0.0875
0 0.8796875 0.878125 0.065625 0.096875
0 0.11328125 0.88203125 0.0671875 0.1015625
0 0.0453125 0.88671875 0.034375 0.0484375
0 0.015625 0.90703125 0.03125 0.0484375
0 0.0984375 0.91953125 0.03125 0.0453125
0 0.0671875 0.92421875 0.03125 0.0484375
0 0.7125 0.928125 0.065625 0.096875
0 0.36640625 0.93203125 0.0671875 0.0984375
0 0.29765625 0.93515625 0.0703125 0.1015625
0 0.43515625 0.93515625 0.0671875 0.1015625
0 0.7765625 0.9375 0.0625 0.096875
0 0.50234375 0.93828125 0.0671875 0.1015625
0 0.15859375 0.93984375 0.0703125 0.1015625
0 0.22734375 0.93984375 0.0703125 0.1015625
0 0.0359375 0.93984375 0.034375 0.0484375
0 0.56953125 0.94140625 0.0671875 0.0984375
0 0.840625 0.94609375 0.065625 0.0984375
0 0.01171875 0.94921875 0.0171875 0.0484375
0 0.91328125 0.95234375 0.0671875 0.0921875
0 0.63828125 0.95234375 0.0703125 0.0921875
0 0.0828125 0.9625 0.03125 0.04375
0 0.05234375 0.978125 0.0359375 0.04375
0 0.9734375 0.09921875 0.053125 0.1296875
0 0.0203125 0.98203125 0.03125 0.0359375
0 0.3734375 0.1078125 0.084375 0.128125
0 0.2078125 0.1078125 0.084375 0.125
0 0.67578125 0.11171875 0.0578125 0.0890625
0 0.0609375 0.11640625 0.0875 0.1203125
0 0.52421875 0.1265625 0.0859375 0.121875
0 0.73515625 0.13125 0.0609375 0.075
0 0.87421875 0.1390625 0.0890625 0.128125
0 0.2828125 0.16796875 0.084375 0.1140625
0 0.1359375 0.171875 0.084375 0.11875
0 0.4515625 0.1765625 0.0875 0.121875
0 0.8015625 0.1796875 0.0875 0.11875
0 0.603125 0.17890625 0.084375 0.1234375
0 0.95078125 0.21484375 0.0890625 0.1296875
0 0.81640625 0.02421875 0.0609375 0.0484375
0 0.72578125 0.221875 0.0890625 0.134375
0 0.2125 0.23203125 0.084375 0.1234375
0 0.0671875 0.2359375 0.0875 0.125
0 0.38046875 0.2375 0.0859375 0.121875