0 0.8822115384615384 0.3798076923076923 0.15865384615384615 0.28365384615384615
0 0.2980769230769231 0.3918269230769231 0.21153846153846154 0.33653846153846156
0 0.6586538461538461 0.43149038461538464 0.16346153846153846 0.2860576923076923
0 0.46634615384615385 0.4723557692307692 0.16346153846153846 0.2956730769230769
0 0.8774038461538461 0.6887019230769231 0.15865384615384615 0.2860576923076923
0 0.19110576923076922 0.7199519230769231 0.2091346153846154 0.33413461538461536
0 0.6189903846153846 0.7283653846153846 0.17067307692307693 0.28846153846153844
0 0.38822115384615385 0.7944711538461539 0.17548076923076922 0.2860576923076923
0 0.19471153846153846 0.8930288461538461 0.1875 0.20432692307692307
0 0.8617788461538461 0.9338942307692307 0.17548076923076922 0.12740384615384615
0 0.5637019230769231 0.15625 0.17548076923076922 0.2980769230769231
0 0.7415865384615384 0.1658653846153846 0.16105769230769232 0.28365384615384615
0 0.1502403846153846 0.16826923076923078 0.2283653846153846 0.33653846153846156
0 0.38341346153846156 0.23557692307692307 0.17548076923076922 0.2932692307692308