0 0.25078125 0.31171875 0.0578125 0.1421875
0 0.059375 0.31171875 0.053125 0.1328125
0 0.18515625 0.3109375 0.0609375 0.140625
0 0.01796875 0.31484375 0.0359375 0.1265625
0 0.3046875 0.3140625 0.0625 0.15
0 0.11796875 0.31484375 0.0578125 0.1390625
0 0.4625 0.315625 0.078125 0.15625
0 0.36640625 0.31953125 0.0734375 0.1546875
0 0.021875 0.475 0.04375 0.128125
0 0.0703125 0.478125 0.05625 0.1375
0 0.12734375 0.484375 0.0578125 0.1375
0 0.18515625 0.4890625 0.0578125 0.140625
0 0.31796875 0.50078125 0.0671875 0.1484375
0 0.24921875 0.50234375 0.0671875 0.1484375
0 0.3875 0.51796875 0.075 0.1515625
0 0.46171875 0.534375 0.0796875 0.159375
0 0.04453125 0.6515625 0.0578125 0.128125
0 0.103125 0.66171875 0.053125 0.1328125
0 0.16171875 0.66796875 0.0578125 0.1328125
0 0.23046875 0.68046875 0.0546875 0.1296875
0 0.278125 0.69765625 0.065625 0.1390625
0 0.33515625 0.70859375 0.0703125 0.1484375
0 0.42421875 0.72109375 0.0703125 0.1484375
0 0.48828125 0.7359375 0.0796875 0.15625
0 0.040625 0.8 0.053125 0.125
0 0.10078125 0.80234375 0.0484375 0.1328125
0 0.13125 0.82734375 0.053125 0.1359375
0 0.184375 0.84921875 0.05625 0.1359375
0 0.2390625 0.86015625 0.0625 0.1421875
0 0.30546875 0.87421875 0.0671875 0.1421875
0 0.38203125 0.89296875 0.0734375 0.1453125
0 0.4578125 0.90859375 0.078125 0.1515625
0 0.89296875 0.9140625 0.0984375 0.165625
0 0.021875 0.94375 0.04375 0.10625
0 0.0625 0.95546875 0.046875 0.0859375
0 0.10078125 0.96328125 0.0578125 0.0703125
0 0.17578125 0.96640625 0.0578125 0.0640625
0 0.4390625 0.11953125 0.075 0.1609375
0 0.36328125 0.125 0.0734375 0.1625
0 0.29453125 0.12734375 0.0671875 0.1546875
0 0.2296875 0.1328125 0.0625 0.15
0 0.165625 0.13671875 0.0625 0.1453125
0 0.10703125 0.13984375 0.0578125 0.1421875
0 0.03984375 0.14765625 0.0546875 0.1359375
0 0.24765625 0.97734375 0.0578125 0.0453125
0 0.3109375 0.97890625 0.053125 0.0421875
0 0.3828125 0.98515625 0.065625 0.0296875
0 0.04609375 0.02265625 0.0609375 0.0453125
0 0.1078125 0.01953125 0.05625 0.0390625
0 0.1703125 0.015625 0.053125 0.03125
0 0.221875 0.01171875 0.053125 0.0234375