0 0.771875 0.4921875 0.096875 0.165625
0 0.53828125 0.49453125 0.1015625 0.1703125
0 0.896875 0.49609375 0.134375 0.2078125
0 0.65859375 0.49609375 0.1421875 0.2015625
0 0.3046875 0.4984375 0.103125 0.16875
0 0.06953125 0.4984375 0.1015625 0.16875
0 0.1765625 0.50546875 0.1375 0.2078125
0 0.41796875 0.50390625 0.1421875 0.2046875
0 0.77578125 0.83046875 0.1078125 0.1609375
0 0.54609375 0.8296875 0.1015625 0.153125
0 0.3078125 0.840625 0.10625 0.165625
0 0.07421875 0.84453125 0.1015625 0.1640625
0 0.90703125 0.85390625 0.1390625 0.2015625
0 0.665625 0.85546875 0.1375 0.2046875
0 0.42421875 0.85859375 0.1421875 0.2078125
0 0.18125 0.86484375 0.1375 0.2046875
0 0.92265625 0.1203125 0.1421875 0.2125
0 0.67421875 0.13203125 0.1453125 0.2171875
0 0.43125 0.1328125 0.15 0.2125
0 0.190625 0.134375 0.134375 0.209375
0 0.55 0.13828125 0.103125 0.1703125
0 0.790625 0.13828125 0.103125 0.1703125
0 0.315625 0.14140625 0.10625 0.1609375
0 0.0671875 0.1453125 0.10625 0.16875