0 0.58359375 0.28203125 0.0984375 0.1296875
0 0.8546875 0.33125 0.075 0.1375
0 0.775 0.34609375 0.121875 0.1734375
0 0.39765625 0.37265625 0.1140625 0.1484375
0 0.5390625 0.37421875 0.125 0.1703125
0 0.95859375 0.37734375 0.0828125 0.1390625
0 0.29140625 0.5 0.1390625 0.178125
0 0.7203125 0.50703125 0.11875 0.1515625
0 0.93359375 0.509375 0.1078125 0.146875
0 0.59765625 0.5140625 0.1234375 0.15625
0 0.4671875 0.5140625 0.11875 0.159375
0 0.9703125 0.66796875 0.05625 0.1515625
0 0.378125 0.66875 0.134375 0.16875
0 0.6234375 0.66875 0.121875 0.15
0 0.5015625 0.6703125 0.11875 0.159375
0 0.7671875 0.68828125 0.125 0.1640625
0 0.2359375 0.71484375 0.096875 0.1234375
0 0.0765625 0.72578125 0.146875 0.1921875
0 0.8078125 0.79296875 0.10625 0.1390625
0 0.440625 0.80859375 0.125 0.1453125
0 0.95234375 0.8234375 0.0921875 0.15625
0 0.7203125 0.853125 0.128125 0.159375
0 0.5875 0.87265625 0.1375 0.1640625