0 0.03359375 0.359375 0.0671875 0.228125
0 0.51640625 0.371484375 0.2203125 0.33984375
0 0.886328125 0.38984375 0.12890625 0.1765625
0 0.72890625 0.4046875 0.1828125 0.259375
0 0.31484375 0.410546875 0.1671875 0.24296875
0 0.889453125 0.048046875 0.14453125 0.09609375
0 0.161328125 0.466796875 0.16015625 0.24296875
0 0.726953125 0.05390625 0.16953125 0.1078125
0 0.260546875 0.06015625 0.13671875 0.1203125
0 0.04453125 0.620703125 0.0890625 0.16328125
0 0.265625 0.623828125 0.13125 0.20078125
0 0.559375 0.633984375 0.13125 0.20546875
0 0.408203125 0.637890625 0.13203125 0.19453125
0 0.88359375 0.641015625 0.1890625 0.25703125
0 0.701171875 0.64921875 0.14921875 0.2203125
0 0.1421875 0.75234375 0.13125 0.2015625
0 0.472265625 0.830859375 0.13828125 0.19609375
0 0.80078125 0.848828125 0.1546875 0.20703125
0 0.6328125 0.876171875 0.178125 0.24296875
0 0.286328125 0.880859375 0.20703125 0.23671875
0 0.5609375 0.09921875 0.178125 0.1984375
0 0.38203125 0.148046875 0.1765625 0.26171875
0 0.95078125 0.17734375 0.0984375 0.2828125
0 0.676953125 0.18671875 0.11328125 0.1703125
0 0.821484375 0.192578125 0.15859375 0.23203125
0 0.23359375 0.208984375 0.1046875 0.15859375
0 0.12421875 0.242578125 0.1234375 0.20078125