0 0.1296875 0.26171875 0.05625 0.0921875
0 0.02734375 0.26328125 0.0546875 0.0921875
0 0.36171875 0.26953125 0.0546875 0.0921875
0 0.26171875 0.27265625 0.0546875 0.0890625
0 0.95703125 0.275 0.0578125 0.0875
0 0.4828125 0.27734375 0.05625 0.0921875
0 0.60234375 0.28359375 0.0546875 0.0890625
0 0.05703125 0.0296875 0.0578125 0.059375
0 0.72890625 0.29296875 0.0578125 0.0921875
0 0.85234375 0.29921875 0.0609375 0.0921875
0 0.1734375 0.03359375 0.053125 0.0671875
0 0.1546875 0.34296875 0.05625 0.0890625
0 0.29609375 0.03671875 0.0578125 0.0671875
0 0.05078125 0.34296875 0.0578125 0.0890625
0 0.38828125 0.3484375 0.0546875 0.09375
0 0.28671875 0.35234375 0.0578125 0.0890625
0 0.50625 0.359375 0.05625 0.09375
0 0.5203125 0.03828125 0.0625 0.0765625
0 0.41015625 0.03828125 0.0609375 0.0765625
0 0.63046875 0.36796875 0.0578125 0.0921875
0 0.7515625 0.37578125 0.059375 0.0921875
0 0.87421875 0.38515625 0.0609375 0.0921875
0 0.07734375 0.42421875 0.0578125 0.0921875
0 0.18046875 0.42421875 0.0578125 0.0921875
0 0.31015625 0.43359375 0.0578125 0.0890625
0 0.41484375 0.43515625 0.0546875 0.0921875
0 0.65 0.0453125 0.05625 0.0875
0 0.53359375 0.4421875 0.0578125 0.09375
0 0.65390625 0.44921875 0.0578125 0.0921875
0 0.77734375 0.45703125 0.0578125 0.0921875
0 0.76953125 0.0484375 0.0578125 0.0875
0 0.10078125 0.50546875 0.0578125 0.0921875
0 0.2078125 0.50703125 0.05625 0.0921875
0 0.32578125 0.50703125 0.0546875 0.0921875
0 0.9109375 0.51171875 0.05625 0.0921875
0 0.43984375 0.5140625 0.0578125 0.0875
0 0.559375 0.521875 0.05625 0.090625
0 0.67578125 0.52890625 0.0578125 0.0921875
0 0.80390625 0.54140625 0.0578125 0.0921875
0 0.021875 0.584375 0.04375 0.090625
0 0.12734375 0.58671875 0.0578125 0.0859375
0 0.234375 0.5875 0.05625 0.090625
0 0.35234375 0.58984375 0.0546875 0.0890625
0 0.93828125 0.59453125 0.0578125 0.0921875
0 0.4671875 0.60078125 0.05625 0.0890625
0 0.58671875 0.60546875 0.0578125 0.0921875
0 0.70390625 0.61171875 0.0609375 0.0890625
0 0.83046875 0.6234375 0.0578125 0.090625
0 0.04296875 0.6640625 0.0578125 0.090625
0 0.15390625 0.665625 0.0578125 0.090625
0 0.259375 0.6734375 0.053125 0.090625
0 0.37734375 0.678125 0.0578125 0.090625
0 0.49609375 0.6828125 0.0578125 0.090625
0 0.6125 0.6921875 0.059375 0.090625
0 0.72578125 0.7 0.0578125 0.096875
0 0.85703125 0.71015625 0.0609375 0.0890625
0 0.92109375 0.078125 0.0578125 0.09375
0 0.0828125 0.103125 0.053125 0.0875
0 0.3171875 0.1078125 0.05625 0.0875
0 0.203125 0.1109375 0.05625 0.0875
0 0.54609375 0.11484375 0.0578125 0.0890625
0 0.4390625 0.11640625 0.05625 0.0890625
0 0.6765625 0.12890625 0.059375 0.0890625
0 0.79921875 0.134375 0.0578125 0.090625
0 0.10390625 0.18125 0.0578125 0.0875
0 0.0140625 0.184375 0.028125 0.090625
0 0.33515625 0.18359375 0.0546875 0.0890625
0 0.2328125 0.19140625 0.05625 0.0890625
0 0.4609375 0.1921875 0.05625 0.0875
0 0.93359375 0.19453125 0.0578125 0.0921875
0 0.57421875 0.19921875 0.0546875 0.0921875
0 0.7015625 0.209375 0.059375 0.090625
0 0.82421875 0.21796875 0.0578125 0.0890625