0 0.91328125 0.31328125 0.0390625 0.1203125
0 0.8609375 0.334375 0.04375 0.125
0 0.80078125 0.35625 0.0484375 0.134375
0 0.734375 0.38359375 0.05625 0.1421875
0 0.65625 0.41171875 0.0625 0.1546875
0 0.90703125 0.43125 0.0390625 0.115625
0 0.853125 0.46015625 0.04375 0.1203125
0 0.79609375 0.4875 0.0484375 0.128125
0 0.73046875 0.5203125 0.0546875 0.1375
0 0.89921875 0.54609375 0.0390625 0.1109375
0 0.6515625 0.56015625 0.0625 0.1453125
0 0.8484375 0.578125 0.04375 0.11875
0 0.78984375 0.6140625 0.0453125 0.125
0 0.89453125 0.6546875 0.0390625 0.10625
0 0.7234375 0.6546875 0.053125 0.134375
0 0.8421875 0.690625 0.04375 0.115625
0 0.65 0.70078125 0.059375 0.1421875
0 0.78671875 0.73671875 0.0484375 0.1203125
0 0.721875 0.78359375 0.053125 0.1328125
0 0.6453125 0.83984375 0.059375 0.1390625