0 0.88203125 0.37890625 0.1578125 0.2828125
0 0.298046875 0.391796875 0.21171875 0.33671875
0 0.657421875 0.43203125 0.16484375 0.2859375
0 0.465625 0.472265625 0.1625 0.29453125
0 0.877734375 0.68984375 0.15859375 0.2859375
0 0.19140625 0.7203125 0.2078125 0.334375
0 0.61953125 0.728515625 0.1703125 0.28828125
0 0.387109375 0.79453125 0.17421875 0.2859375
0 0.19453125 0.8921875 0.1859375 0.203125
0 0.860546875 0.933984375 0.17421875 0.12734375
0 0.563671875 0.15703125 0.17421875 0.2984375
0 0.741015625 0.16640625 0.16015625 0.2828125
0 0.14921875 0.16796875 0.2265625 0.3359375
0 0.382421875 0.23515625 0.17421875 0.2921875