0 0.6984375 0.2578125 0.13125 0.19375
0 0.33046875 0.27578125 0.1390625 0.2078125
0 0.07578125 0.28984375 0.1359375 0.2078125
0 0.466796875 0.3328125 0.13671875 0.203125
0 0.917578125 0.365625 0.12265625 0.19375
0 0.205078125 0.3921875 0.13203125 0.203125
0 0.803125 0.402734375 0.140625 0.20546875
0 0.63203125 0.430078125 0.1421875 0.21015625
0 0.334765625 0.482421875 0.13203125 0.19921875
0 0.62734375 0.05 0.1390625 0.1
0 0.082421875 0.4984375 0.13671875 0.203125
0 0.470703125 0.529296875 0.12890625 0.18984375
0 0.8875 0.576171875 0.140625 0.20546875
0 0.734765625 0.58203125 0.13828125 0.1984375
0 0.218359375 0.597265625 0.13359375 0.20078125
0 0.591796875 0.599609375 0.12734375 0.18359375
0 0.3828125 0.65546875 0.125 0.1890625
0 0.13203125 0.673046875 0.1234375 0.18359375
0 0.03515625 0.6953125 0.0703125 0.18125
0 0.503125 0.724609375 0.125 0.18359375
0 0.811328125 0.727734375 0.13203125 0.18984375
0 0.31328125 0.07421875 0.1359375 0.1484375
0 0.680078125 0.736328125 0.12890625 0.18515625
0 0.28359375 0.75234375 0.1234375 0.1828125
0 0.91328125 0.81796875 0.1234375 0.1828125
0 0.72578125 0.832421875 0.0796875 0.10546875
0 0.38828125 0.852734375 0.0796875 0.11796875
0 0.5515625 0.85390625 0.0875 0.1234375
0 0.642578125 0.85859375 0.08203125 0.1140625
0 0.15859375 0.8578125 0.1234375 0.18125
0 0.751953125 0.08671875 0.13203125 0.1734375
0 0.47109375 0.862109375 0.0796875 0.11796875
0 0.08984375 0.09140625 0.1390625 0.1828125
0 0.04453125 0.88515625 0.0890625 0.1859375
0 0.965234375 0.885546875 0.06484375 0.11796875
0 0.276953125 0.894140625 0.08203125 0.11640625
0 0.76484375 0.912109375 0.0765625 0.11171875
0 0.861328125 0.934375 0.08203125 0.11875
0 0.690234375 0.947265625 0.08671875 0.10078125
0 0.58984375 0.94921875 0.0828125 0.0984375
0 0.509765625 0.951171875 0.08203125 0.08984375
0 0.33984375 0.951171875 0.0828125 0.08984375
0 0.425390625 0.953125 0.08515625 0.0875
0 0.93203125 0.967578125 0.0890625 0.06015625
0 0.94765625 0.108203125 0.1046875 0.20078125
0 0.4421875 0.13515625 0.134375 0.2015625
0 0.1890625 0.18203125 0.140625 0.2140625
0 0.57578125 0.19453125 0.1265625 0.1921875
0 0.850390625 0.21015625 0.13828125 0.2046875