0 0.55859375 0.28828125 0.0859375 0.1453125
0 0.84765625 0.2953125 0.0796875 0.15
0 0.68984375 0.30546875 0.0828125 0.1453125
0 0.41796875 0.30625 0.0921875 0.1375
0 0.946875 0.35546875 0.071875 0.1421875
0 0.1921875 0.37734375 0.09375 0.1328125
0 0.61796875 0.471875 0.0671875 0.10625
0 0.05859375 0.0515625 0.0890625 0.103125
0 0.90234375 0.50234375 0.0703125 0.1328125
0 0.7875 0.509375 0.075 0.134375
0 0.690625 0.0546875 0.053125 0.084375
0 0.56328125 0.05625 0.0734375 0.1125
0 0.3640625 0.0578125 0.0875 0.115625
0 0.23046875 0.0671875 0.0890625 0.134375
0 0.66953125 0.66953125 0.0890625 0.1421875
0 0.2796875 0.75703125 0.103125 0.1421875
0 0.16796875 0.75859375 0.1296875 0.1703125
0 0.16796875 0.85078125 0.1203125 0.1328125
0 0.67421875 0.88828125 0.1015625 0.1703125
0 0.0515625 0.91875 0.103125 0.159375
0 0.221875 0.215625 0.0875 0.128125