0 0.2515625 0.41328125 0.1625 0.2453125
0 0.42890625 0.428515625 0.1890625 0.28515625
0 0.835546875 0.431640625 0.19609375 0.29453125
0 0.609375 0.446875 0.165625 0.25
0 0.1890625 0.68203125 0.15625 0.2515625
0 0.74453125 0.688671875 0.1765625 0.25859375
0 0.920703125 0.697265625 0.15390625 0.27890625
0 0.366796875 0.711328125 0.18046875 0.27265625
0 0.55234375 0.733984375 0.1765625 0.26171875
0 0.171484375 0.9125 0.17421875 0.171875
0 0.749609375 0.92109375 0.19609375 0.1578125
0 0.925 0.92578125 0.15 0.1421875
0 0.353125 0.93203125 0.165625 0.1359375
0 0.53515625 0.944921875 0.1859375 0.10546875
0 0.8328125 0.137109375 0.178125 0.26796875
0 0.259765625 0.144921875 0.17890625 0.28359375
0 0.437890625 0.15 0.16953125 0.25625
0 0.621484375 0.17265625 0.18046875 0.2765625