0 0.40234375 0.24609375 0.0609375 0.0921875
0 0.22109375 0.24609375 0.0609375 0.0890625
0 0.34296875 0.24765625 0.0609375 0.0921875
0 0.64140625 0.24609375 0.0609375 0.0890625
0 0.58203125 0.2484375 0.0578125 0.0875
0 0.8375 0.24765625 0.0625 0.0921875
0 0.28359375 0.24765625 0.0609375 0.0921875
0 0.9 0.2484375 0.0625 0.09375
0 0.775 0.2484375 0.059375 0.09375
0 0.96015625 0.2484375 0.0609375 0.09375
0 0.015625 0.31796875 0.03125 0.0921875
0 0.0625 0.31796875 0.0625 0.0921875
0 0.12421875 0.31953125 0.0609375 0.0890625
0 0.67421875 0.32109375 0.0578125 0.0890625
0 0.43359375 0.32109375 0.0609375 0.0890625
0 0.18671875 0.32265625 0.0609375 0.0921875
0 0.49296875 0.32421875 0.0578125 0.0890625
0 0.55390625 0.32421875 0.0578125 0.0890625
0 0.37421875 0.325 0.0609375 0.0875
0 0.61328125 0.32421875 0.0578125 0.0890625
0 0.25234375 0.32421875 0.0609375 0.0890625
0 0.86640625 0.33046875 0.0609375 0.0921875
0 0.80625 0.33046875 0.0625 0.0921875
0 0.92421875 0.33125 0.0609375 0.09375
0 0.9796875 0.33515625 0.040625 0.0921875
0 0.03359375 0.4 0.0609375 0.096875
0 0.0921875 0.40078125 0.059375 0.0890625
0 0.70546875 0.40234375 0.0578125 0.0921875
0 0.15546875 0.40234375 0.0609375 0.0921875
0 0.34296875 0.40234375 0.0609375 0.0921875
0 0.21875 0.40234375 0.0625 0.0890625
0 0.46328125 0.40234375 0.0609375 0.0890625
0 0.40234375 0.40390625 0.0609375 0.0921875
0 0.52421875 0.40234375 0.0578125 0.0890625
0 0.64453125 0.40546875 0.0578125 0.0890625
0 0.28046875 0.40546875 0.0609375 0.0890625
0 0.58515625 0.40703125 0.0578125 0.0921875
0 0.77421875 0.40859375 0.0578125 0.0921875
0 0.89296875 0.4125 0.0609375 0.09375
0 0.83359375 0.41328125 0.0609375 0.0921875
0 0.95859375 0.41640625 0.0609375 0.0921875
0 0.04453125 0.50859375 0.0609375 0.0890625
0 0.59140625 0.50703125 0.0578125 0.0921875
0 0.40859375 0.50859375 0.0609375 0.0890625
0 0.53203125 0.50703125 0.0578125 0.0921875
0 0.46953125 0.50859375 0.0578125 0.0890625
0 0.10546875 0.50859375 0.0609375 0.0890625
0 0.165625 0.51015625 0.0625 0.0921875
0 0.28828125 0.51015625 0.0609375 0.0921875
0 0.22734375 0.51171875 0.0609375 0.0890625
0 0.65234375 0.51171875 0.0578125 0.0890625
0 0.34765625 0.51015625 0.0609375 0.0921875
0 0.71015625 0.5125 0.0578125 0.0875
0 0.78046875 0.51875 0.0609375 0.09375
0 0.83984375 0.51953125 0.0578125 0.0921875
0 0.90078125 0.521875 0.0609375 0.090625
0 0.96015625 0.52734375 0.0609375 0.0921875
0 0.0203125 0.0546875 0.034375 0.09375
0 0.81171875 0.05546875 0.0609375 0.0921875
0 0.06640625 0.05703125 0.0609375 0.0890625
0 0.12734375 0.05859375 0.0609375 0.0890625
0 0.37421875 0.05859375 0.0609375 0.0890625
0 0.49453125 0.05859375 0.0609375 0.0890625
0 0.43359375 0.05859375 0.0609375 0.0890625
0 0.43984375 0.58515625 0.0609375 0.0890625
0 0.559375 0.58515625 0.05625 0.0890625
0 0.49765625 0.58515625 0.0578125 0.0890625
0 0.021875 0.5875 0.04375 0.090625
0 0.61796875 0.58671875 0.0578125 0.0859375
0 0.37890625 0.58828125 0.0609375 0.0890625
0 0.55546875 0.05859375 0.0578125 0.0890625
0 0.61328125 0.05859375 0.0578125 0.0890625
0 0.87421875 0.06328125 0.0609375 0.0921875
0 0.18671875 0.0625 0.0609375 0.0875
0 0.6765625 0.58984375 0.059375 0.0859375
0 0.25859375 0.58828125 0.0609375 0.0890625
0 0.07421875 0.5890625 0.0609375 0.090625
0 0.196875 0.58984375 0.0625 0.0890625
0 0.13359375 0.58984375 0.0609375 0.0890625
0 0.80859375 0.5984375 0.0609375 0.090625
0 0.86953125 0.6015625 0.0609375 0.090625
0 0.92890625 0.603125 0.0609375 0.090625
0 0.98046875 0.60546875 0.0390625 0.0890625
0 0.93359375 0.06328125 0.0578125 0.0921875
0 0.67421875 0.06171875 0.0578125 0.0890625
0 0.24609375 0.0625 0.0609375 0.0875
0 0.98046875 0.0640625 0.0390625 0.09375
0 0.04296875 0.66796875 0.0609375 0.0890625
0 0.28828125 0.66796875 0.0609375 0.0890625
0 0.71015625 0.66796875 0.0578125 0.0890625
0 0.22734375 0.66953125 0.0609375 0.0890625
0 0.58984375 0.66796875 0.0578125 0.0921875
0 0.52890625 0.66796875 0.0578125 0.0921875
0 0.16796875 0.66953125 0.0609375 0.0890625
0 0.40859375 0.66796875 0.0578125 0.0921875
0 0.35078125 0.6703125 0.0609375 0.090625
0 0.103125 0.6703125 0.0625 0.090625
0 0.47109375 0.6703125 0.0609375 0.090625
0 0.65 0.67265625 0.05625 0.0890625
0 0.77890625 0.68125 0.0578125 0.090625
0 0.83984375 0.6828125 0.0609375 0.090625
0 0.89765625 0.6859375 0.0609375 0.09375
0 0.959375 0.68828125 0.0625 0.0921875
0 0.07421875 0.77109375 0.0609375 0.0890625
0 0.01796875 0.7703125 0.0359375 0.09375
0 0.13359375 0.77265625 0.0609375 0.0921875
0 0.19765625 0.77265625 0.0578125 0.0890625
0 0.51953125 0.77578125 0.0578125 0.0890625
0 0.69921875 0.77578125 0.0578125 0.0890625
0 0.46015625 0.7765625 0.0609375 0.090625
0 0.63984375 0.77578125 0.0578125 0.0890625
0 0.58125 0.77578125 0.059375 0.0890625
0 0.40078125 0.78046875 0.0609375 0.0890625
0 0.33828125 0.78046875 0.0609375 0.0890625
0 0.84140625 0.78359375 0.0578125 0.0890625
0 0.90234375 0.78359375 0.0578125 0.0921875
0 0.26171875 0.78515625 0.0609375 0.0890625
0 0.7828125 0.78359375 0.059375 0.0921875
0 0.96015625 0.78671875 0.0609375 0.0921875
0 0.03984375 0.84609375 0.0609375 0.0890625
0 0.16484375 0.85078125 0.0609375 0.0890625
0 0.10234375 0.85078125 0.0609375 0.0890625
0 0.67109375 0.85234375 0.0578125 0.0890625
0 0.22734375 0.85390625 0.0609375 0.0921875
0 0.55 0.85546875 0.059375 0.0890625
0 0.61171875 0.85390625 0.0578125 0.0921875
0 0.49140625 0.85546875 0.0578125 0.0890625
0 0.43203125 0.85546875 0.0609375 0.0890625
0 0.37109375 0.86015625 0.0609375 0.0890625
0 0.8109375 0.86328125 0.0625 0.0921875
0 0.87109375 0.86328125 0.0578125 0.0921875
0 0.98046875 0.86484375 0.0390625 0.0890625
0 0.93359375 0.86640625 0.0578125 0.0921875
0 0.02109375 0.9265625 0.0359375 0.09375
0 0.13359375 0.92734375 0.0609375 0.0890625
0 0.69921875 0.92890625 0.0578125 0.0890625
0 0.07421875 0.93046875 0.0609375 0.0921875
0 0.19453125 0.93046875 0.0578125 0.0921875
0 0.64296875 0.93203125 0.0578125 0.0890625
0 0.25390625 0.93359375 0.0609375 0.0890625
0 0.58125 0.93359375 0.059375 0.0890625
0 0.46171875 0.93828125 0.0578125 0.0921875
0 0.52265625 0.93828125 0.0578125 0.0921875
0 0.89921875 0.94140625 0.0578125 0.0890625
0 0.3390625 0.94140625 0.0625 0.0890625
0 0.40078125 0.94453125 0.0609375 0.0890625
0 0.78046875 0.94453125 0.0609375 0.0890625
0 0.84140625 0.94375 0.0578125 0.09375
0 0.96015625 0.94453125 0.0578125 0.0921875
0 0.03515625 0.13359375 0.0609375 0.0890625
0 0.7828125 0.134375 0.059375 0.096875
0 0.34609375 0.134375 0.0609375 0.090625
0 0.46484375 0.13671875 0.0578125 0.0921875
0 0.40390625 0.13671875 0.0578125 0.0890625
0 0.52265625 0.1375 0.0609375 0.0875
0 0.58515625 0.1375 0.0578125 0.0875
0 0.09609375 0.13828125 0.0609375 0.0890625
0 0.15703125 0.13828125 0.0578125 0.0890625
0 0.64453125 0.13828125 0.0578125 0.0890625
0 0.21640625 0.14140625 0.0578125 0.0890625
0 0.703125 0.1421875 0.05625 0.0875
0 0.27578125 0.1421875 0.0609375 0.0875
0 0.83984375 0.14375 0.0609375 0.09375
0 0.90234375 0.14453125 0.0609375 0.0921875
0 0.96484375 0.14765625 0.0578125 0.0921875
0 0.03359375 0.23984375 0.0609375 0.0890625
0 0.09609375 0.23828125 0.0609375 0.0921875
0 0.52265625 0.24296875 0.0578125 0.0921875
0 0.15859375 0.24296875 0.0609375 0.0921875
0 0.70546875 0.24296875 0.0578125 0.0921875
0 0.46171875 0.24609375 0.0578125 0.0921875