0 0.4140625 0.37421875 0.240625 0.3421875
0 0.1765625 0.37734375 0.228125 0.3484375
0 0.646484375 0.3765625 0.22734375 0.334375
0 0.88828125 0.387109375 0.2234375 0.35546875
0 0.52734375 0.64609375 0.2078125 0.3109375
0 0.301171875 0.666015625 0.22734375 0.33515625
0 0.1015625 0.66640625 0.1875 0.2984375
0 0.76015625 0.686328125 0.2296875 0.34765625
0 0.94140625 0.691796875 0.1140625 0.34609375
0 0.621484375 0.876171875 0.19609375 0.24296875
0 0.4234375 0.878515625 0.203125 0.23828125
0 0.196484375 0.9 0.22109375 0.19375
0 0.888671875 0.91640625 0.22109375 0.1671875
0 0.286328125 0.12265625 0.24140625 0.2453125
0 0.081640625 0.12265625 0.16328125 0.2453125
0 0.7859375 0.12265625 0.25 0.2453125
0 0.53359375 0.13203125 0.2234375 0.2640625