0 0.938671875 0.250390625 0.12109375 0.30390625
0 0.323046875 0.258203125 0.17421875 0.25703125
0 0.502734375 0.266796875 0.18359375 0.27421875
0 0.69140625 0.271875 0.1859375 0.265625
0 0.13203125 0.292578125 0.1828125 0.26328125
0 0.8359375 0.44296875 0.18125 0.2640625
0 0.044921875 0.480859375 0.08984375 0.25859375
0 0.42578125 0.488671875 0.1734375 0.24609375
0 0.600390625 0.491015625 0.17578125 0.24140625
0 0.245703125 0.494140625 0.17578125 0.24765625
0 0.732421875 0.626171875 0.16796875 0.22734375
0 0.903125 0.6265625 0.165625 0.234375
0 0.125 0.658203125 0.171875 0.23828125
0 0.5140625 0.69609375 0.171875 0.2234375
0 0.337109375 0.723828125 0.17421875 0.24140625
0 0.94296875 0.80078125 0.1140625 0.2171875
0 0.81015625 0.824609375 0.1578125 0.22109375
0 0.6484375 0.82734375 0.165625 0.2203125
0 0.59453125 0.08671875 0.1921875 0.1734375
0 0.21171875 0.894140625 0.1765625 0.21015625
0 0.0609375 0.8953125 0.121875 0.2
0 0.43046875 0.91015625 0.1734375 0.1765625
0 0.393359375 0.09453125 0.19921875 0.1890625
0 0.184375 0.112890625 0.209375 0.22578125
0 0.833984375 0.11640625 0.21484375 0.2328125