0 0.228125 0.4921875 0.096875 0.165625
0 0.46171875 0.49453125 0.1015625 0.1703125
0 0.103125 0.49609375 0.134375 0.2078125
0 0.34296875 0.49609375 0.1421875 0.2015625
0 0.696875 0.4984375 0.103125 0.16875
0 0.93046875 0.4984375 0.1015625 0.16875
0 0.8234375 0.50546875 0.1375 0.2078125
0 0.58359375 0.50390625 0.1421875 0.2046875
0 0.22578125 0.83046875 0.1078125 0.1609375
0 0.45546875 0.8296875 0.1015625 0.153125
0 0.6921875 0.840625 0.10625 0.165625
0 0.92578125 0.84453125 0.1015625 0.1640625
0 0.09453125 0.85390625 0.1390625 0.2015625
0 0.3359375 0.85546875 0.1375 0.2046875
0 0.57578125 0.85859375 0.1421875 0.2078125
0 0.81875 0.86484375 0.1375 0.2046875
0 0.07890625 0.1203125 0.1421875 0.2125
0 0.32734375 0.13203125 0.1453125 0.2171875
0 0.56953125 0.1328125 0.1484375 0.2125
0 0.8109375 0.134375 0.134375 0.209375
0 0.4515625 0.13828125 0.103125 0.1703125
0 0.2109375 0.13828125 0.103125 0.1703125
0 0.6859375 0.14140625 0.10625 0.1609375
0 0.9328125 0.1453125 0.10625 0.16875