0 0.02890625 0.2734375 0.0578125 0.128125
0 0.20625 0.278125 0.115625 0.18125
0 0.08828125 0.3453125 0.1203125 0.1875
0 0.38671875 0.40390625 0.1234375 0.1859375
0 0.5125 0.42265625 0.125 0.1859375
0 0.25390625 0.44375 0.1234375 0.184375
0 0.76484375 0.50078125 0.1203125 0.1828125
0 0.0828125 0.53203125 0.128125 0.1828125
0 0.6234375 0.56953125 0.128125 0.1921875
0 0.203125 0.58125 0.0875 0.125
0 0.35859375 0.58671875 0.1234375 0.1859375
0 0.496875 0.61015625 0.125 0.1828125
0 0.82421875 0.6765625 0.1203125 0.178125
0 0.0734375 0.69140625 0.084375 0.1234375
0 0.2796875 0.7234375 0.084375 0.125
0 0.57265625 0.72578125 0.0890625 0.1296875
0 0.17734375 0.7359375 0.1203125 0.18125
0 0.3734375 0.75703125 0.0875 0.1296875
0 0.4734375 0.77421875 0.084375 0.1328125
0 0.65625 0.79296875 0.084375 0.1234375
0 0.9578125 0.79921875 0.084375 0.1859375
0 0.0671875 0.821875 0.084375 0.128125
0 0.30625 0.846875 0.084375 0.128125
0 0.4109375 0.8765625 0.084375 0.125
0 0.81875 0.8765625 0.125 0.18125
0 0.19921875 0.8984375 0.0890625 0.128125
0 0.54921875 0.8984375 0.1296875 0.2
0 0.69296875 0.91640625 0.0859375 0.1296875
0 0.9359375 0.946875 0.125 0.103125
0 0.46015625 0.95390625 0.0921875 0.0890625
0 0.05546875 0.95390625 0.1109375 0.0921875
0 0.2328125 0.971875 0.084375 0.05625
0 0.34140625 0.94921875 0.1234375 0.1015625
0 0.025 0.42578125 0.05 0.1921875
0 0.02421875 0.7328125 0.0484375 0.121875