0 0.05625 0.16171875 0.1125 0.2296875
0 0.6703125 0.16484375 0.159375 0.2359375
0 0.51015625 0.165625 0.1546875 0.240625
0 0.19140625 0.16796875 0.1515625 0.2359375
0 0.82421875 0.16953125 0.1546875 0.2390625
0 0.35 0.16953125 0.15625 0.2359375
0 0.94921875 0.17109375 0.0984375 0.2359375
0 0.49375 0.4421875 0.159375 0.240625
0 0.653125 0.44296875 0.15625 0.2359375
0 0.33359375 0.44453125 0.1546875 0.2359375
0 0.8140625 0.4453125 0.153125 0.240625
0 0.1796875 0.44609375 0.15 0.2359375
0 0.05390625 0.453125 0.1078125 0.23125
0 0.9453125 0.45546875 0.10625 0.2390625
0 0.41953125 0.64296875 0.1515625 0.2265625
0 0.26484375 0.6453125 0.1515625 0.23125
0 0.1109375 0.6484375 0.146875 0.23125
0 0.571875 0.64765625 0.159375 0.2359375
0 0.73125 0.64765625 0.15625 0.2359375
0 0.88515625 0.65078125 0.1515625 0.2328125
0 0.05390625 0.84921875 0.1078125 0.2234375
0 0.94296875 0.8625 0.1140625 0.228125
0 0.80625 0.8640625 0.153125 0.23125
0 0.184375 0.8640625 0.15 0.23125
0 0.3375 0.86640625 0.159375 0.2328125
0 0.49375 0.86796875 0.15625 0.2328125
0 0.6515625 0.87109375 0.153125 0.2328125