0 0.4109375 0.0359375 0.15 0.071875
0 0.2546875 0.03515625 0.15 0.0703125
0 0.56953125 0.0375 0.1515625 0.075
0 0.72890625 0.0375 0.1453125 0.075
0 0.88359375 0.03828125 0.1421875 0.0703125
0 0.10078125 0.0421875 0.1453125 0.084375
0 0.50625 0.4421875 0.15625 0.240625
0 0.665625 0.44140625 0.15625 0.2390625
0 0.3484375 0.44453125 0.15625 0.2390625
0 0.184375 0.44609375 0.15625 0.2390625
0 0.82109375 0.44609375 0.1515625 0.2328125
0 0.05625 0.45390625 0.10625 0.2390625
0 0.946875 0.45546875 0.10625 0.2265625
0 0.58046875 0.64375 0.1515625 0.228125
0 0.42578125 0.64765625 0.1546875 0.2390625
0 0.73671875 0.65 0.1515625 0.23125
0 0.26875 0.64921875 0.15625 0.2359375
0 0.8890625 0.64765625 0.15 0.2328125
0 0.11328125 0.65 0.1546875 0.228125
0 0.94375 0.8515625 0.1125 0.228125
0 0.0578125 0.86328125 0.115625 0.2359375
0 0.815625 0.86640625 0.15 0.2265625
0 0.19140625 0.865625 0.1515625 0.23125
0 0.6640625 0.865625 0.153125 0.23125
0 0.50703125 0.86640625 0.1546875 0.2328125
0 0.34921875 0.875 0.1546875 0.23125
0 0.94375 0.16328125 0.1125 0.2359375
0 0.33125 0.16484375 0.15625 0.2390625
0 0.490625 0.165625 0.159375 0.240625
0 0.809375 0.16953125 0.15625 0.2390625
0 0.65 0.16953125 0.15625 0.2390625
0 0.17421875 0.17265625 0.1515625 0.2328125
0 0.04921875 0.17265625 0.0984375 0.2390625