0 0.81953125 0.248828125 0.1078125 0.23203125
0 0.93984375 0.31640625 0.0984375 0.2234375
0 0.67421875 0.34609375 0.1109375 0.2234375
0 0.796484375 0.49765625 0.11171875 0.2390625
0 0.627734375 0.49921875 0.12109375 0.2390625
0 0.883984375 0.506640625 0.08671875 0.21015625
0 0.97421875 0.51015625 0.0515625 0.2234375
0 0.71875 0.680078125 0.109375 0.22578125
0 0.95625 0.70390625 0.0875 0.2265625
0 0.82890625 0.70625 0.1046875 0.21875
0 0.570703125 0.73125 0.12265625 0.24375
0 0.39765625 0.88125 0.1390625 0.234375
0 0.8671875 0.89765625 0.103125 0.2015625
0 0.73046875 0.9 0.1140625 0.19375
0 0.965625 0.90390625 0.06875 0.1859375
0 0.582421875 0.91640625 0.12734375 0.1671875