0 0.76171875 0.261328125 0.0953125 0.15390625
0 0.480859375 0.283203125 0.10234375 0.14765625
0 0.59609375 0.323828125 0.0890625 0.13828125
0 0.92421875 0.330859375 0.0984375 0.15234375
0 0.68515625 0.357421875 0.0765625 0.11796875
0 0.052734375 0.367578125 0.10546875 0.15390625
0 0.40859375 0.368359375 0.0890625 0.12734375
0 0.209765625 0.385546875 0.13203125 0.17421875
0 0.55078125 0.450390625 0.0734375 0.10703125
0 0.933984375 0.451171875 0.08984375 0.12734375
0 0.759765625 0.484375 0.07578125 0.103125
0 0.82578125 0.05 0.0796875 0.1
0 0.355078125 0.530078125 0.13203125 0.17578125
0 0.514453125 0.566796875 0.11640625 0.15234375
0 0.405078125 0.58828125 0.09765625 0.1234375
0 0.74375 0.615625 0.09375 0.13125
0 0.688671875 0.072265625 0.08984375 0.13828125
0 0.772265625 0.690625 0.09140625 0.13125
0 0.12578125 0.697265625 0.1734375 0.19140625
0 0.569921875 0.715234375 0.10234375 0.13671875
0 0.2859375 0.771484375 0.15625 0.18359375
0 0.792578125 0.788671875 0.06953125 0.10546875
0 0.4828125 0.80078125 0.1 0.1265625
0 0.71953125 0.803515625 0.1109375 0.15390625
0 0.948828125 0.832421875 0.08203125 0.11171875
0 0.248046875 0.884375 0.12109375 0.115625
0 0.104296875 0.912109375 0.16484375 0.17421875
0 0.3875 0.91875 0.140625 0.1625
0 0.545703125 0.922265625 0.10078125 0.11328125
0 0.90859375 0.9578125 0.0953125 0.078125
0 0.4984375 0.10859375 0.0875 0.1453125
0 0.537109375 0.17578125 0.08046875 0.1265625
0 0.641796875 0.201171875 0.08046875 0.12734375
0 0.9109375 0.229296875 0.103125 0.17421875