0 0.20078125 0.8328125 0.1234375 0.09375
0 0.325 0.8265625 0.125 0.096875
0 0.74140625 0.80390625 0.1390625 0.1109375
0 0.6140625 0.75234375 0.15 0.1140625
0 0.1171875 0.7484375 0.128125 0.09375
0 0.86328125 0.74453125 0.1453125 0.1140625
0 0.24375 0.740625 0.11875 0.090625
0 0.3625 0.7359375 0.11875 0.090625
0 0.73359375 0.69140625 0.1453125 0.1140625
0 0.07734375 0.6640625 0.1203125 0.090625
0 0.19921875 0.65859375 0.1203125 0.0890625
0 0.6328125 0.9640625 0.159375 0.071875
0 0.32109375 0.65546875 0.1171875 0.0890625
0 0.6046875 0.63828125 0.146875 0.1140625
0 0.84921875 0.63203125 0.1390625 0.1078125
0 0.9609375 0.61640625 0.075 0.1078125
0 0.89375 0.95703125 0.146875 0.0828125
0 0.72578125 0.58046875 0.1421875 0.1078125
0 0.11796875 0.57890625 0.1203125 0.0890625
0 0.2390625 0.571875 0.11875 0.0875
0 0.3578125 0.56875 0.115625 0.084375
0 0.5953125 0.53203125 0.1375 0.1015625
0 0.8375 0.528125 0.1375 0.103125
0 0.95390625 0.5109375 0.0890625 0.103125
0 0.08046875 0.4953125 0.1234375 0.0875
0 0.2015625 0.49375 0.115625 0.084375
0 0.3171875 0.490625 0.115625 0.0875
0 0.715625 0.47734375 0.1375 0.0984375
0 0.5875 0.42890625 0.1375 0.0984375
0 0.82890625 0.4265625 0.1328125 0.096875
0 0.121875 0.415625 0.11875 0.084375
0 0.9453125 0.4140625 0.10625 0.096875
0 0.23984375 0.4125 0.1140625 0.084375
0 0.35390625 0.41171875 0.1109375 0.0828125
0 0.70625 0.378125 0.1375 0.096875
0 0.0828125 0.33984375 0.11875 0.0828125
0 0.19609375 0.33359375 0.1140625 0.0796875
0 0.31171875 0.33203125 0.1140625 0.0828125
0 0.5859375 0.33046875 0.1375 0.0953125
0 0.8171875 0.3265625 0.128125 0.09375
0 0.93671875 0.3171875 0.1234375 0.096875
0 0.1171875 0.93046875 0.128125 0.1015625
0 0.7 0.278125 0.134375 0.09375
0 0.12734375 0.26484375 0.1140625 0.0765625
0 0.23828125 0.2640625 0.1109375 0.075
0 0.35078125 0.259375 0.1078125 0.071875
0 0.7546875 0.92265625 0.15 0.1234375
0 0.80703125 0.23046875 0.1328125 0.0921875
0 0.578125 0.2328125 0.1375 0.09375
0 0.9359375 0.21953125 0.128125 0.0921875
0 0.2453125 0.91953125 0.125 0.0984375
0 0.08828125 0.19296875 0.1140625 0.0765625
0 0.31015625 0.1890625 0.1109375 0.075
0 0.20078125 0.1890625 0.1078125 0.075
0 0.36796875 0.915625 0.1203125 0.096875
0 0.69140625 0.18046875 0.1328125 0.0921875
0 0.57421875 0.13828125 0.1328125 0.0890625
0 0.7984375 0.134375 0.125 0.090625
0 0.92265625 0.1296875 0.1234375 0.0875
0 0.12734375 0.11875 0.1109375 0.075
0 0.2359375 0.1171875 0.10625 0.075
0 0.34609375 0.1140625 0.1078125 0.075
0 0.68125 0.0890625 0.128125 0.0875
0 0.20078125 0.04921875 0.1078125 0.0703125
0 0.3078125 0.04765625 0.10625 0.0703125
0 0.08671875 0.0453125 0.1109375 0.071875
0 0.56484375 0.04453125 0.1328125 0.0890625
0 0.7921875 0.0453125 0.128125 0.084375
0 0.9125 0.04375 0.125 0.0875
0 0.671875 0.025 0.128125 0.04375
0 0.6171875 0.865625 0.146875 0.115625
0 0.8734375 0.85625 0.146875 0.115625
0 0.0734375 0.8421875 0.128125 0.096875