0 0.48984375 0.357421875 0.1234375 0.18046875
0 0.370703125 0.3671875 0.10703125 0.15625
0 0.6109375 0.370703125 0.115625 0.16953125
0 0.03984375 0.3734375 0.0796875 0.178125
0 0.25234375 0.373828125 0.1234375 0.17890625
0 0.13125 0.379296875 0.109375 0.15234375
0 0.73671875 0.38984375 0.1109375 0.1578125
0 0.850390625 0.39140625 0.12265625 0.1765625
0 0.958984375 0.397265625 0.08046875 0.16015625
0 0.427734375 0.50234375 0.12109375 0.1765625
0 0.311328125 0.505859375 0.10703125 0.15234375
0 0.1953125 0.5234375 0.125 0.18125
0 0.548046875 0.525 0.12109375 0.178125
0 0.662890625 0.5265625 0.10078125 0.1625
0 0.076171875 0.52578125 0.10546875 0.1546875
0 0.78046875 0.532421875 0.1234375 0.17421875
0 0.90234375 0.53515625 0.1078125 0.1515625
0 0.419140625 0.063671875 0.11328125 0.12734375
0 0.18359375 0.063671875 0.1109375 0.12734375
0 0.299609375 0.0671875 0.12734375 0.134375
0 0.436328125 0.68359375 0.10703125 0.1515625
0 0.31796875 0.683203125 0.1203125 0.17578125
0 0.545703125 0.69296875 0.10078125 0.1546875
0 0.65625 0.696484375 0.11875 0.16796875
0 0.087890625 0.69921875 0.12265625 0.1734375
0 0.2015625 0.69765625 0.109375 0.1546875
0 0.89453125 0.70546875 0.1234375 0.1828125
0 0.06171875 0.07109375 0.1234375 0.1421875
0 0.77890625 0.715625 0.1046875 0.15625
0 0.440234375 0.844921875 0.10546875 0.15234375
0 0.57890625 0.859375 0.1046875 0.15
0 0.321484375 0.868359375 0.11796875 0.18046875
0 0.198046875 0.87265625 0.12109375 0.1765625
0 0.816015625 0.87265625 0.10703125 0.1578125
0 0.69453125 0.873828125 0.1234375 0.17578125
0 0.933984375 0.8796875 0.12109375 0.171875
0 0.075 0.88515625 0.109375 0.1546875
0 0.48515625 0.18046875 0.1078125 0.1578125
0 0.366796875 0.19296875 0.12734375 0.1828125
0 0.13046875 0.196484375 0.1203125 0.18046875
0 0.244921875 0.200390625 0.10546875 0.16015625
0 0.6171875 0.19921875 0.109375 0.1578125
0 0.032421875 0.20234375 0.06484375 0.1578125
0 0.85546875 0.2109375 0.1046875 0.1625
0 0.73515625 0.212890625 0.1234375 0.17578125
0 0.956640625 0.2203125 0.08515625 0.18125