0 0.6899038461538461 0.2860576923076923 0.057692307692307696 0.11057692307692307
0 0.6201923076923077 0.36177884615384615 0.052884615384615384 0.0985576923076923
0 0.7620192307692307 0.3894230769230769 0.057692307692307696 0.10576923076923077
0 0.5661057692307693 0.40024038461538464 0.055288461538461536 0.0985576923076923
0 0.7091346153846154 0.4735576923076923 0.057692307692307696 0.10096153846153846
0 0.6057692307692307 0.49278846153846156 0.04326923076923077 0.09134615384615384
0 0.7331730769230769 0.5336538461538461 0.057692307692307696 0.10096153846153846
0 0.5733173076923077 0.5360576923076923 0.06009615384615385 0.11057692307692307
0 0.8016826923076923 0.5697115384615384 0.05048076923076923 0.08653846153846154
0 0.7572115384615384 0.5709134615384616 0.052884615384615384 0.09375
0 0.43509615384615385 0.5997596153846154 0.057692307692307696 0.0889423076923077
0 0.6911057692307693 0.6117788461538461 0.06009615384615385 0.10336538461538461
0 0.6045673076923077 0.640625 0.05048076923076923 0.06971153846153846
0 0.5504807692307693 0.6466346153846154 0.0625 0.10576923076923077
0 0.7403846153846154 0.6634615384615384 0.057692307692307696 0.08653846153846154
0 0.421875 0.6971153846153846 0.06490384615384616 0.11057692307692307
0 0.5925480769230769 0.7247596153846154 0.06009615384615385 0.10336538461538461
0 0.22115384615384615 0.7560096153846154 0.0625 0.10336538461538461
0 0.46875 0.7776442307692307 0.0625 0.10336538461538461
0 0.3389423076923077 0.7872596153846154 0.07211538461538461 0.11298076923076923
0 0.1658653846153846 0.8401442307692307 0.0625 0.10336538461538461
0 0.12620192307692307 0.9338942307692307 0.07451923076923077 0.11778846153846154
0 0.06009615384615385 0.9615384615384616 0.08173076923076923 0.07211538461538461