0 0.48046875 0.684375 0.0921875 0.1375
0 0.2875 0.6765625 0.09375 0.1375
0 0.38671875 0.6765625 0.0921875 0.1375
0 0.78359375 0.671875 0.0921875 0.1375
0 0.1796875 0.66796875 0.09375 0.1390625
0 0.690625 0.66640625 0.090625 0.1390625
0 0.5921875 0.665625 0.090625 0.1375
0 0.89375 0.6609375 0.09375 0.1375
0 0.43828125 0.5625 0.0921875 0.134375
0 0.33984375 0.5625 0.0921875 0.134375
0 0.52890625 0.5609375 0.0921875 0.1375
0 0.2390625 0.5609375 0.09375 0.134375
0 0.125 0.55625 0.096875 0.134375
0 0.83203125 0.5515625 0.0921875 0.1375
0 0.6421875 0.5484375 0.090625 0.134375
0 0.03359375 0.54921875 0.0671875 0.1390625
0 0.740625 0.54609375 0.090625 0.1390625
0 0.9390625 0.540625 0.09375 0.1375
0 0.1875 0.446875 0.096875 0.1375
0 0.58046875 0.446875 0.0890625 0.1375
0 0.38671875 0.446875 0.0921875 0.1375
0 0.290625 0.4453125 0.09375 0.134375
0 0.4828125 0.44296875 0.09375 0.1390625
0 0.0796875 0.4359375 0.096875 0.1375
0 0.88046875 0.434375 0.0921875 0.1375
0 0.9734375 0.4296875 0.053125 0.1375
0 0.6890625 0.42890625 0.09375 0.1390625
0 0.7875 0.4265625 0.09375 0.1375
0 0.23828125 0.33046875 0.0921875 0.1390625
0 0.33984375 0.32890625 0.0921875 0.1328125
0 0.1390625 0.32734375 0.096875 0.1390625
0 0.53203125 0.3265625 0.0921875 0.134375
0 0.62578125 0.32734375 0.0921875 0.1390625
0 0.43515625 0.325 0.0921875 0.134375
0 0.9359375 0.31953125 0.09375 0.1390625
0 0.040625 0.31484375 0.08125 0.1390625
0 0.8375 0.31328125 0.09375 0.1390625
0 0.734375 0.309375 0.09375 0.1375
0 0.290625 0.21484375 0.09375 0.1390625
0 0.1921875 0.2078125 0.09375 0.1375
0 0.38671875 0.20859375 0.0921875 0.1421875
0 0.97265625 0.2078125 0.0515625 0.146875
0 0.4828125 0.20703125 0.090625 0.1390625
0 0.671875 0.20625 0.09375 0.1375
0 0.0921875 0.20703125 0.09375 0.1390625
0 0.5796875 0.203125 0.090625 0.1375
0 0.89375 0.1984375 0.09375 0.1375
0 0.790625 0.19765625 0.096875 0.1390625
0 0.0453125 0.09140625 0.090625 0.1390625
0 0.2421875 0.08984375 0.09375 0.1390625
0 0.33671875 0.08984375 0.0921875 0.1421875
0 0.14375 0.08984375 0.09375 0.1390625
0 0.43203125 0.08984375 0.0890625 0.1390625
0 0.7234375 0.08828125 0.09375 0.1421875
0 0.946875 0.0875 0.09375 0.134375
0 0.52734375 0.0859375 0.0921875 0.1375
0 0.62578125 0.0828125 0.0921875 0.1375
0 0.840625 0.08125 0.09375 0.1375
0 0.2796875 0.90234375 0.09375 0.1390625
0 0.3375 0.79296875 0.09375 0.1390625
0 0.228125 0.78828125 0.09375 0.1390625
0 0.54140625 0.78671875 0.0921875 0.1390625