0 0.5140625 0.31328125 0.103125 0.1546875
0 0.31484375 0.321875 0.1109375 0.165625
0 0.10625 0.321875 0.115625 0.165625
0 0.409375 0.33046875 0.0875 0.1203125
0 0.58984375 0.3375 0.0765625 0.115625
0 0.221875 0.340625 0.090625 0.128125
0 0.60546875 0.459375 0.0984375 0.153125
0 0.41015625 0.46015625 0.1140625 0.1609375
0 0.50078125 0.465625 0.0765625 0.128125
0 0.31640625 0.478125 0.0890625 0.1375
0 0.1234375 0.4828125 0.090625 0.134375
0 0.5921875 0.603125 0.075 0.128125
0 0.5140625 0.60625 0.103125 0.159375
0 0.409375 0.6109375 0.0875 0.134375
0 0.3125 0.61796875 0.115625 0.1640625
0 0.21640625 0.62578125 0.0921875 0.1390625
0 0.10546875 0.634375 0.1109375 0.165625
0 0.6078125 0.7453125 0.10625 0.159375
0 0.5046875 0.7484375 0.084375 0.1375
0 0.4140625 0.7625 0.10625 0.16875
0 0.31328125 0.7640625 0.0921875 0.134375
0 0.115625 0.778125 0.090625 0.1375
0 0.20546875 0.7859375 0.1140625 0.165625
0 0.4140625 0.16796875 0.10625 0.1546875
0 0.60546875 0.17421875 0.1015625 0.1546875
0 0.21484375 0.17421875 0.1109375 0.1640625
0 0.31640625 0.196875 0.0890625 0.115625
0 0.49609375 0.20078125 0.0828125 0.1140625
0 0.128125 0.20390625 0.090625 0.1234375