0 0.48515625 0.312890625 0.1046875 0.15390625
0 0.68515625 0.319921875 0.1109375 0.16484375
0 0.89453125 0.321875 0.1140625 0.165625
0 0.591015625 0.33046875 0.08515625 0.1203125
0 0.41171875 0.337890625 0.0765625 0.11640625
0 0.778515625 0.33984375 0.09140625 0.1265625
0 0.394140625 0.459765625 0.09765625 0.15390625
0 0.590234375 0.46015625 0.11171875 0.1609375
0 0.50078125 0.462890625 0.0765625 0.12890625
0 0.684375 0.47734375 0.0875 0.1359375
0 0.876171875 0.4828125 0.08984375 0.134375
0 0.407421875 0.602734375 0.07421875 0.12734375
0 0.48515625 0.603515625 0.1046875 0.16015625
0 0.591796875 0.6109375 0.08671875 0.134375
0 0.68671875 0.617578125 0.1140625 0.16328125
0 0.782421875 0.62578125 0.08984375 0.1390625
0 0.89453125 0.634375 0.1109375 0.165625
0 0.39140625 0.744921875 0.1046875 0.15859375
0 0.496875 0.74921875 0.084375 0.1359375
0 0.587109375 0.76171875 0.10546875 0.1671875
0 0.68671875 0.7640625 0.0921875 0.134375
0 0.883984375 0.77734375 0.08984375 0.1359375
0 0.794140625 0.7859375 0.11328125 0.165625
0 0.587109375 0.167578125 0.10546875 0.15390625
0 0.394140625 0.173828125 0.10078125 0.15390625
0 0.78671875 0.1734375 0.1109375 0.1625
0 0.684375 0.19765625 0.0875 0.1140625
0 0.505078125 0.20234375 0.08203125 0.1140625
0 0.871484375 0.20390625 0.08984375 0.1234375