0 0.2764423076923077 0.2608173076923077 0.057692307692307696 0.0985576923076923
0 0.2127403846153846 0.30288461538461536 0.04567307692307692 0.09134615384615384
0 0.2439903846153846 0.33533653846153844 0.055288461538461536 0.09375
0 0.31490384615384615 0.3449519230769231 0.052884615384615384 0.09375
0 0.3641826923076923 0.34615384615384615 0.06009615384615385 0.10096153846153846
0 0.19110576923076922 0.3762019230769231 0.04567307692307692 0.0889423076923077
0 0.23197115384615385 0.40865384615384615 0.04567307692307692 0.08653846153846154
0 0.2800480769230769 0.41586538461538464 0.05048076923076923 0.09134615384615384
0 0.3293269230769231 0.4338942307692308 0.057692307692307696 0.0985576923076923
0 0.3870192307692308 0.43990384615384615 0.0625 0.10096153846153846
0 0.14903846153846154 0.4579326923076923 0.04807692307692308 0.0889423076923077
0 0.20192307692307693 0.48677884615384615 0.04807692307692308 0.0889423076923077
0 0.2536057692307692 0.49158653846153844 0.05048076923076923 0.0889423076923077
0 0.30528846153846156 0.5012019230769231 0.052884615384615384 0.09375
0 0.13701923076923078 0.5192307692307693 0.04326923076923077 0.08173076923076923
0 0.36177884615384615 0.5216346153846154 0.06009615384615385 0.09615384615384616
0 0.4266826923076923 0.5252403846153846 0.06009615384615385 0.0985576923076923
0 0.17067307692307693 0.5552884615384616 0.04807692307692308 0.08653846153846154
0 0.22716346153846154 0.5685096153846154 0.05048076923076923 0.0889423076923077
0 0.2776442307692308 0.5757211538461539 0.05048076923076923 0.0889423076923077
0 0.1201923076923077 0.5877403846153846 0.04326923076923077 0.07932692307692307
0 0.3293269230769231 0.5889423076923077 0.057692307692307696 0.09134615384615384
0 0.3942307692307692 0.6081730769230769 0.057692307692307696 0.09615384615384616
0 0.16105769230769232 0.6189903846153846 0.04326923076923077 0.07932692307692307
0 0.4519230769230769 0.6225961538461539 0.0625 0.10096153846153846
0 0.20192307692307693 0.640625 0.04807692307692308 0.08413461538461539
0 0.10216346153846154 0.6466346153846154 0.040865384615384616 0.07692307692307693
0 0.25600961538461536 0.6490384615384616 0.05048076923076923 0.08653846153846154
0 0.30408653846153844 0.6598557692307693 0.055288461538461536 0.0889423076923077
0 0.3629807692307692 0.6670673076923077 0.057692307692307696 0.0889423076923077
0 0.14423076923076922 0.6790865384615384 0.04326923076923077 0.07932692307692307
0 0.18990384615384615 0.6935096153846154 0.04326923076923077 0.07451923076923077
0 0.42788461538461536 0.6935096153846154 0.0625 0.09375
0 0.4987980769230769 0.6959134615384616 0.06490384615384616 0.09375
0 0.5685096153846154 0.6983173076923077 0.06490384615384616 0.0985576923076923
0 0.6358173076923077 0.7139423076923077 0.06971153846153846 0.10096153846153846
0 0.23076923076923078 0.7151442307692307 0.04326923076923077 0.07932692307692307
0 0.27283653846153844 0.7355769230769231 0.05048076923076923 0.08653846153846154
0 0.12139423076923077 0.7367788461538461 0.040865384615384616 0.07451923076923077
0 0.17427884615384615 0.7451923076923077 0.040865384615384616 0.07211538461538461
0 0.33052884615384615 0.7463942307692307 0.055288461538461536 0.08413461538461539
0 0.39663461538461536 0.7451923076923077 0.057692307692307696 0.08653846153846154
0 0.4735576923076923 0.7596153846153846 0.057692307692307696 0.08653846153846154
0 0.21514423076923078 0.7644230769230769 0.04567307692307692 0.07692307692307693
0 0.5324519230769231 0.7836538461538461 0.06490384615384616 0.09134615384615384
0 0.25961538461538464 0.7920673076923077 0.04807692307692308 0.07932692307692307
0 0.671875 0.7932692307692307 0.06971153846153846 0.09615384615384616
0 0.5997596153846154 0.7944711538461539 0.06971153846153846 0.09375
0 0.3125 0.8028846153846154 0.052884615384615384 0.08173076923076923
0 0.3713942307692308 0.8112980769230769 0.055288461538461536 0.08413461538461539
0 0.13822115384615385 0.8112980769230769 0.040865384615384616 0.07451923076923077
0 0.43028846153846156 0.8245192307692307 0.057692307692307696 0.08653846153846154
0 0.18269230769230768 0.8305288461538461 0.04326923076923077 0.07451923076923077
0 0.23557692307692307 0.8413461538461539 0.04807692307692308 0.07692307692307693
0 0.5048076923076923 0.8473557692307693 0.0625 0.0889423076923077
0 0.5685096153846154 0.8569711538461539 0.06009615384615385 0.08413461538461539
0 0.29086538461538464 0.8641826923076923 0.04807692307692308 0.07932692307692307
0 0.7139423076923077 0.875 0.0673076923076923 0.09615384615384616
0 0.34375 0.8786057692307693 0.052884615384615384 0.07932692307692307
0 0.6310096153846154 0.8810096153846154 0.06490384615384616 0.0889423076923077
0 0.40865384615384615 0.8822115384615384 0.057692307692307696 0.08173076923076923
0 0.15625 0.8846153846153846 0.04326923076923077 0.07211538461538461
0 0.46634615384615385 0.8942307692307693 0.057692307692307696 0.08173076923076923
0 0.2127403846153846 0.8990384615384616 0.04567307692307692 0.07211538461538461
0 0.2668269230769231 0.9098557692307693 0.04807692307692308 0.06971153846153846
0 0.5324519230769231 0.9290865384615384 0.06009615384615385 0.08413461538461539
0 0.32572115384615385 0.9302884615384616 0.05048076923076923 0.07211538461538461
0 0.19471153846153846 0.9387019230769231 0.04326923076923077 0.06971153846153846
0 0.8810096153846154 0.9387019230769231 0.07451923076923077 0.09375
0 0.38461538461538464 0.9399038461538461 0.052884615384615384 0.07692307692307693
0 0.5973557692307693 0.9459134615384616 0.06490384615384616 0.08413461538461539
0 0.4387019230769231 0.9579326923076923 0.055288461538461536 0.07932692307692307
0 0.24639423076923078 0.9591346153846154 0.04567307692307692 0.07211538461538461
0 0.671875 0.9579326923076923 0.06971153846153846 0.07932692307692307
0 0.7427884615384616 0.9639423076923077 0.07211538461538461 0.0673076923076923
0 0.49399038461538464 0.9651442307692307 0.06009615384615385 0.06490384615384616
0 0.296875 0.9675480769230769 0.05048076923076923 0.06009615384615385
0 0.8149038461538461 0.9711538461538461 0.07692307692307693 0.057692307692307696
0 0.359375 0.9783653846153846 0.05048076923076923 0.04326923076923077