0 0.96015625 0.2515625 0.0765625 0.15625
0 0.03828125 0.346875 0.0703125 0.16875
0 0.35625 0.35078125 0.115625 0.1703125
0 0.128125 0.35 0.10625 0.165625
0 0.23515625 0.353125 0.1140625 0.16875
0 0.47421875 0.35625 0.1109375 0.16875
0 0.5921875 0.37734375 0.115625 0.1703125
0 0.70546875 0.38203125 0.1078125 0.1703125
0 0.92578125 0.384375 0.1015625 0.165625
0 0.81640625 0.3875 0.1078125 0.16875
0 0.0625 0.5 0.10625 0.16875
0 0.29296875 0.50234375 0.1140625 0.1765625
0 0.17265625 0.51015625 0.1078125 0.1734375
0 0.40859375 0.50859375 0.1140625 0.1765625
0 0.525 0.51796875 0.115625 0.1765625
0 0.6421875 0.53828125 0.115625 0.1734375
0 0.87734375 0.53828125 0.1078125 0.1734375
0 0.96484375 0.54296875 0.0671875 0.1703125
0 0.75859375 0.54453125 0.1140625 0.1703125
0 0.0296875 0.6453125 0.053125 0.178125
0 0.10859375 0.65546875 0.1109375 0.1765625
0 0.3421875 0.6609375 0.115625 0.178125
0 0.37265625 0.0703125 0.1109375 0.134375
0 0.15234375 0.0703125 0.1015625 0.134375
0 0.0484375 0.0703125 0.096875 0.134375
0 0.22109375 0.6640625 0.1109375 0.178125
0 0.4625 0.66796875 0.11875 0.1796875
0 0.25859375 0.071875 0.1078125 0.1375
0 0.928125 0.68984375 0.10625 0.1703125
0 0.5828125 0.68984375 0.115625 0.1828125
0 0.70078125 0.6953125 0.1140625 0.178125
0 0.81484375 0.70078125 0.1078125 0.1765625
0 0.48203125 0.07421875 0.1140625 0.1453125
0 0.0484375 0.80703125 0.096875 0.1703125
0 0.159375 0.82109375 0.115625 0.1765625
0 0.2796875 0.82265625 0.115625 0.1828125
0 0.3953125 0.83125 0.115625 0.18125
0 0.59296875 0.08515625 0.1078125 0.1546875
0 0.5140625 0.8390625 0.11875 0.178125
0 0.9609375 0.8484375 0.075 0.18125
0 0.87109375 0.85 0.1078125 0.18125
0 0.63671875 0.85625 0.1171875 0.178125
0 0.75703125 0.85703125 0.1140625 0.1765625
0 0.7015625 0.0921875 0.10625 0.15625
0 0.09453125 0.93828125 0.1109375 0.1203125
0 0.20859375 0.9453125 0.1140625 0.10625
0 0.32890625 0.94765625 0.1234375 0.1015625
0 0.45078125 0.95 0.1234375 0.096875
0 0.92578125 0.95390625 0.1109375 0.0890625
0 0.5765625 0.96015625 0.121875 0.0765625
0 0.69375 0.9609375 0.11875 0.075
0 0.80703125 0.9609375 0.1140625 0.075
0 0.809375 0.103125 0.103125 0.15625
0 0.90859375 0.10390625 0.0984375 0.1453125
0 0.30546875 0.20390625 0.1109375 0.1609375
0 0.0828125 0.2078125 0.103125 0.15625
0 0.190625 0.209375 0.10625 0.159375
0 0.42109375 0.2109375 0.1109375 0.165625
0 0.53203125 0.2140625 0.1109375 0.159375
0 0.64765625 0.23359375 0.1140625 0.1640625
0 0.87109375 0.2375 0.1015625 0.15625
0 0.76015625 0.23984375 0.1109375 0.1609375