0 0.54296875 0.29453125 0.0515625 0.0890625
0 0.9609375 0.303125 0.065625 0.115625
0 0.33828125 0.30546875 0.0546875 0.1015625
0 0.69375 0.31640625 0.065625 0.1140625
0 0.4734375 0.034375 0.05625 0.0625
0 0.2515625 0.32421875 0.05625 0.1015625
0 0.0421875 0.33828125 0.05625 0.0984375
0 0.5953125 0.34296875 0.05625 0.0984375
0 0.478125 0.34609375 0.05625 0.0984375
0 0.3859375 0.34609375 0.05625 0.0984375
0 0.7546875 0.34609375 0.05625 0.0984375
0 0.8140625 0.34921875 0.05625 0.0859375
0 0.18125 0.0359375 0.053125 0.071875
0 0.1171875 0.35703125 0.065625 0.1140625
0 0.27265625 0.040625 0.0546875 0.075
0 0.29296875 0.38203125 0.0578125 0.0984375
0 0.5359375 0.38515625 0.05625 0.0953125
0 0.87109375 0.4 0.0578125 0.096875
0 0.71015625 0.4 0.0546875 0.096875
0 0.91796875 0.4 0.0484375 0.084375
0 0.4359375 0.40625 0.05625 0.096875
0 0.2203125 0.4109375 0.05625 0.096875
0 0.64765625 0.4140625 0.0578125 0.10625
0 0.35234375 0.41953125 0.0546875 0.0984375
0 0.9734375 0.43203125 0.053125 0.1796875
0 0.02578125 0.43125 0.0515625 0.103125
0 0.0265625 0.046875 0.053125 0.09375
0 0.58125 0.4390625 0.05625 0.09375
0 0.096875 0.44453125 0.0625 0.1078125
0 0.48828125 0.446875 0.0578125 0.103125
0 0.821875 0.44921875 0.0625 0.1140625
0 0.24609375 0.4765625 0.0609375 0.10625
0 0.6734375 0.4828125 0.053125 0.096875
0 0.3984375 0.4828125 0.05625 0.096875
0 0.73671875 0.48671875 0.0578125 0.1015625
0 0.90859375 0.4890625 0.0453125 0.096875
0 0.07109375 0.49140625 0.0546875 0.0984375
0 0.86875 0.49453125 0.0625 0.0984375
0 0.18046875 0.49921875 0.0578125 0.0984375
0 0.5359375 0.5 0.05625 0.096875
0 0.32109375 0.5046875 0.0546875 0.096875
0 0.621875 0.51875 0.05625 0.09375
0 0.4515625 0.5203125 0.05625 0.096875
0 0.1234375 0.52734375 0.05625 0.0828125
0 0.96484375 0.5453125 0.0578125 0.103125
0 0.0265625 0.55390625 0.053125 0.0984375
0 0.653125 0.05859375 0.05625 0.1015625
0 0.23046875 0.553125 0.0546875 0.096875
0 0.57421875 0.56328125 0.0546875 0.0921875
0 0.3703125 0.56875 0.053125 0.09375
0 0.52109375 0.06015625 0.0546875 0.1015625
0 0.29296875 0.5859375 0.0546875 0.09375
0 0.0765625 0.5875 0.053125 0.096875
0 0.8609375 0.58984375 0.071875 0.1234375
0 0.4203125 0.60546875 0.053125 0.0921875
0 0.4984375 0.62109375 0.065625 0.1140625
0 0.11875 0.62421875 0.0625 0.1078125
0 0.54140625 0.6359375 0.0484375 0.09375
0 0.0296875 0.6421875 0.053125 0.0875
0 0.33046875 0.659375 0.0578125 0.096875
0 0.884375 0.66484375 0.09375 0.2578125
0 0.4671875 0.665625 0.053125 0.096875
0 0.0984375 0.06953125 0.0625 0.1140625
0 0.5828125 0.06953125 0.0625 0.1078125
0 0.07109375 0.6828125 0.0546875 0.096875
0 0.3859375 0.684375 0.05625 0.09375
0 0.20859375 0.07265625 0.0609375 0.1109375
0 0.425 0.07265625 0.05625 0.1015625
0 0.7296875 0.071875 0.065625 0.115625
0 0.50859375 0.721875 0.0546875 0.090625
0 0.7484375 0.7375 0.190625 0.334375
0 0.14140625 0.7421875 0.0703125 0.121875
0 0.234375 0.75703125 0.065625 0.1140625
0 0.6296875 0.778125 0.075 0.128125
0 0.03828125 0.784375 0.0703125 0.178125
0 0.43828125 0.78671875 0.1015625 0.1734375
0 0.35078125 0.08515625 0.0671875 0.1234375
0 0.52265625 0.81484375 0.0484375 0.0921875
0 0.5765625 0.8265625 0.065625 0.115625
0 0.20234375 0.8359375 0.1109375 0.184375
0 0.3109375 0.84609375 0.115625 0.1953125
0 0.91015625 0.09453125 0.1328125 0.1828125
0 0.77265625 0.9046875 0.1515625 0.1875
0 0.615625 0.90703125 0.153125 0.1828125
0 0.9484375 0.9078125 0.103125 0.18125
0 0.39296875 0.91875 0.1015625 0.159375
0 0.0671875 0.93203125 0.103125 0.1328125
0 0.18125 0.934375 0.1 0.128125
0 0.278125 0.9359375 0.103125 0.125
0 0.49140625 0.946875 0.1109375 0.103125
0 0.475 0.1140625 0.05625 0.103125
0 0.28359375 0.12578125 0.0546875 0.1015625
0 0.1859375 0.15859375 0.05625 0.1015625
0 0.07578125 0.16015625 0.0609375 0.1078125
0 0.9515625 0.1609375 0.096875 0.18125
0 0.525 0.16328125 0.05625 0.1015625
0 0.5984375 0.165625 0.071875 0.128125
0 0.74140625 0.17421875 0.0546875 0.1015625
0 0.42734375 0.17734375 0.0546875 0.0984375
0 0.32421875 0.18125 0.0578125 0.1
0 0.6890625 0.18984375 0.059375 0.1078125
0 0.24375 0.19609375 0.05625 0.0984375
0 0.14921875 0.23359375 0.0578125 0.1015625
0 0.37421875 0.02421875 0.0609375 0.0484375
0 0.3796875 0.23671875 0.05625 0.1015625
0 0.02421875 0.24453125 0.0484375 0.0984375
0 0.8328125 0.2484375 0.065625 0.115625
0 0.49375 0.24765625 0.05625 0.1015625
0 0.28984375 0.25234375 0.0546875 0.0984375
0 0.6265625 0.25390625 0.05625 0.0984375
0 0.87578125 0.2546875 0.0484375 0.10625
0 0.0765625 0.2578125 0.05625 0.096875
0 0.715625 0.26328125 0.05625 0.0890625
0 0.20625 0.26796875 0.05625 0.0984375
0 0.43046875 0.27890625 0.0578125 0.1015625