0 0.600390625 0.01796875 0.08203125 0.0359375
0 0.94375 0.17734375 0.078125 0.0453125
0 0.040625 0.17578125 0.08125 0.0546875
0 0.55390625 0.178515625 0.0796875 0.05078125
0 0.42734375 0.183203125 0.0796875 0.05078125
0 0.19296875 0.185546875 0.0828125 0.05546875
0 0.86953125 0.19375 0.0734375 0.046875
0 0.626953125 0.198828125 0.07578125 0.05078125
0 0.7984375 0.20703125 0.078125 0.0515625
0 0.284765625 0.21171875 0.07578125 0.0515625
0 0.941796875 0.021484375 0.07421875 0.04296875
0 0.12890625 0.2140625 0.0796875 0.053125
0 0.487890625 0.21640625 0.07578125 0.0484375
0 0.366796875 0.217578125 0.07421875 0.05078125
0 0.939453125 0.219140625 0.08203125 0.05390625
0 0.721875 0.222265625 0.078125 0.05078125
0 0.559765625 0.23671875 0.07578125 0.0484375
0 0.8640625 0.23984375 0.078125 0.0515625
0 0.634765625 0.248828125 0.07578125 0.05078125
0 0.424609375 0.251171875 0.07421875 0.04921875
0 0.78359375 0.25703125 0.0765625 0.0515625
0 0.247265625 0.26015625 0.07578125 0.0515625
0 0.327734375 0.257421875 0.07421875 0.04921875
0 0.73671875 0.02578125 0.0765625 0.0515625
0 0.976171875 0.2640625 0.04296875 0.053125
0 0.50078125 0.26484375 0.0765625 0.0515625
0 0.0640625 0.265234375 0.109375 0.07421875
0 0.709375 0.275 0.078125 0.053125
0 0.920703125 0.27578125 0.07578125 0.0515625
0 0.160546875 0.02890625 0.08671875 0.0578125
0 0.57890625 0.27890625 0.0796875 0.0515625
0 0.852734375 0.29375 0.08046875 0.053125
0 0.444140625 0.301953125 0.07578125 0.05078125
0 0.287890625 0.302734375 0.07578125 0.04921875
0 0.36875 0.305859375 0.071875 0.04921875
0 0.771484375 0.308984375 0.08046875 0.04921875
0 0.044921875 0.316015625 0.08984375 0.05390625
0 0.96796875 0.31796875 0.0640625 0.0484375
0 0.51796875 0.318359375 0.0765625 0.04921875
0 0.154296875 0.318359375 0.10546875 0.07109375
0 0.69140625 0.3265625 0.0828125 0.053125
0 0.8734375 0.034765625 0.078125 0.05390625
0 0.912109375 0.32890625 0.08046875 0.0515625
0 0.402734375 0.34375 0.08046875 0.053125
0 0.32109375 0.342578125 0.0828125 0.05390625
0 0.82265625 0.346484375 0.0765625 0.04921875
0 0.58671875 0.351171875 0.0765625 0.04921875
0 0.115234375 0.358984375 0.08984375 0.05859375
0 0.75390625 0.3609375 0.0796875 0.053125
0 0.51328125 0.369140625 0.0796875 0.05078125
0 0.9625 0.368359375 0.06875 0.05546875
0 0.03671875 0.373828125 0.0734375 0.06015625
0 0.25546875 0.03828125 0.0765625 0.0484375
0 0.33515625 0.0390625 0.0796875 0.053125
0 0.65234375 0.38046875 0.0765625 0.0484375
0 0.886328125 0.381640625 0.07578125 0.05078125
0 0.439453125 0.384765625 0.08515625 0.05390625
0 0.812109375 0.3953125 0.08046875 0.053125
0 0.5796875 0.399609375 0.078125 0.04921875
0 0.184375 0.40078125 0.0875 0.0609375
0 0.3546875 0.4015625 0.0875 0.05625
0 0.716015625 0.412109375 0.07578125 0.04921875
0 0.0953125 0.416796875 0.09375 0.05859375
0 0.505078125 0.420703125 0.08203125 0.05390625
0 0.646484375 0.427734375 0.08046875 0.04921875
0 0.025 0.4328125 0.05 0.059375
0 0.872265625 0.436328125 0.08203125 0.05390625
0 0.419921875 0.441796875 0.08671875 0.05546875
0 0.42109375 0.044140625 0.0765625 0.05078125
0 0.965234375 0.444140625 0.06484375 0.06015625
0 0.787109375 0.45 0.08046875 0.053125
0 0.571484375 0.45234375 0.08046875 0.0515625
0 0.1734375 0.4609375 0.0875 0.05625
0 0.337109375 0.460546875 0.08671875 0.05546875
0 0.7078125 0.462109375 0.078125 0.04921875
0 0.4890625 0.47265625 0.084375 0.0515625
0 0.076171875 0.47578125 0.08984375 0.0578125
0 0.637109375 0.4828125 0.08046875 0.053125
0 0.925390625 0.485546875 0.09140625 0.05859375
0 0.2828125 0.486328125 0.078125 0.05078125
0 0.41015625 0.4953125 0.0828125 0.053125
0 0.83359375 0.503515625 0.0953125 0.06015625
0 0.55859375 0.5046875 0.0828125 0.053125
0 0.696484375 0.51484375 0.08046875 0.0515625
0 0.141796875 0.516796875 0.08984375 0.05859375
0 0.336328125 0.519921875 0.08203125 0.05546875
0 0.269921875 0.532421875 0.05859375 0.03984375
0 0.051171875 0.534765625 0.08671875 0.06015625
0 0.625390625 0.53515625 0.08203125 0.0515625
0 0.80078125 0.052734375 0.0765625 0.04921875
0 0.66015625 0.053515625 0.0734375 0.04453125
0 0.75859375 0.543359375 0.0796875 0.04921875
0 0.410546875 0.548828125 0.08046875 0.05078125
0 0.17890625 0.555859375 0.0640625 0.03359375
0 0.33046875 0.55859375 0.0578125 0.0265625
0 0.55625 0.5671875 0.084375 0.053125
0 0.114453125 0.567578125 0.06015625 0.02890625
0 0.675390625 0.57734375 0.08203125 0.0515625
0 0.21484375 0.576171875 0.0671875 0.04296875
0 0.478515625 0.584375 0.08203125 0.053125
0 0.826171875 0.58359375 0.08046875 0.0515625
0 0.104296875 0.058203125 0.07421875 0.05078125
0 0.01953125 0.59140625 0.0390625 0.0453125
0 0.183984375 0.596484375 0.05859375 0.03984375
0 0.346875 0.59765625 0.0625 0.0453125
0 0.407421875 0.5984375 0.06484375 0.040625
0 0.271484375 0.601953125 0.07109375 0.04453125
0 0.750390625 0.601953125 0.08203125 0.05390625
0 0.5734375 0.061328125 0.078125 0.05078125
0 0.86796875 0.615234375 0.0765625 0.04921875
0 0.08515625 0.6171875 0.0671875 0.046875
0 0.6140625 0.626953125 0.09375 0.06015625
0 0.0296875 0.62890625 0.059375 0.0421875
0 0.68671875 0.634765625 0.0734375 0.05390625
0 0.21015625 0.63671875 0.0671875 0.0484375
0 0.812890625 0.639453125 0.08203125 0.05390625
0 0.334765625 0.640625 0.06015625 0.040625
0 0.39453125 0.64609375 0.0734375 0.0421875
0 0.52265625 0.646484375 0.0890625 0.05859375
0 0.133203125 0.6515625 0.06953125 0.046875
0 0.0796875 0.65546875 0.046875 0.0328125
0 0.958203125 0.656640625 0.07578125 0.05390625
0 0.61171875 0.6703125 0.0828125 0.040625
0 0.74453125 0.669140625 0.0828125 0.05390625
0 0.286328125 0.06875 0.08203125 0.05625
0 0.251953125 0.67421875 0.06640625 0.0453125
0 0.460546875 0.682421875 0.06484375 0.04296875
0 0.53515625 0.685546875 0.0828125 0.04296875
0 0.857421875 0.683203125 0.08046875 0.05390625
0 0.937109375 0.068359375 0.08046875 0.04921875
0 0.391015625 0.68984375 0.06640625 0.0421875
0 0.03203125 0.687890625 0.0640625 0.04453125
0 0.323046875 0.69375 0.06484375 0.040625
0 0.106640625 0.69609375 0.06953125 0.0453125
0 0.674609375 0.7 0.08046875 0.053125
0 0.25546875 0.70234375 0.0640625 0.0296875
0 0.189453125 0.70625 0.06015625 0.040625
0 0.93359375 0.709375 0.0828125 0.053125
0 0.790234375 0.7171875 0.08046875 0.053125
0 0.594921875 0.7171875 0.08046875 0.053125
0 0.50234375 0.721484375 0.0671875 0.04296875
0 0.076953125 0.72265625 0.06640625 0.0421875
0 0.434765625 0.72578125 0.06640625 0.0421875
0 0.36640625 0.730859375 0.0640625 0.04296875
0 0.297265625 0.7328125 0.06640625 0.040625
0 0.021484375 0.73671875 0.04296875 0.0484375
0 0.716015625 0.73984375 0.08203125 0.0515625
0 0.966796875 0.74375 0.05859375 0.053125
0 0.216796875 0.745703125 0.06484375 0.04453125
0 0.871484375 0.748828125 0.08046875 0.05390625
0 0.55078125 0.75234375 0.0671875 0.0421875
0 0.149609375 0.755078125 0.06484375 0.04453125
0 0.48046875 0.762890625 0.0671875 0.04453125
0 0.643359375 0.7640625 0.08046875 0.053125
0 0.205859375 0.07890625 0.07421875 0.0453125
0 0.085546875 0.767578125 0.06484375 0.04453125
0 0.41171875 0.769921875 0.0671875 0.04296875
0 0.7921875 0.77109375 0.084375 0.0515625
0 0.341796875 0.774609375 0.06484375 0.04296875
0 0.273828125 0.775390625 0.06640625 0.04453125
0 0.025 0.78125 0.05 0.04375
0 0.72265625 0.080078125 0.0796875 0.05078125
0 0.524609375 0.787890625 0.06484375 0.03828125
0 0.932421875 0.7890625 0.08046875 0.053125
0 0.7078125 0.794140625 0.078125 0.05390625
0 0.59453125 0.79609375 0.0640625 0.0421875
0 0.191015625 0.794140625 0.06640625 0.04453125
0 0.4578125 0.805859375 0.06875 0.04296875
0 0.38828125 0.80703125 0.0640625 0.0421875
0 0.31875 0.81484375 0.06875 0.0421875
0 0.075 0.815234375 0.0625 0.04296875
0 0.77734375 0.8171875 0.0796875 0.046875
0 0.65546875 0.82421875 0.0640625 0.0421875
0 0.240625 0.826171875 0.06875 0.04296875
0 0.542578125 0.83125 0.06640625 0.040625
0 0.04609375 0.084765625 0.0828125 0.05390625
0 0.431640625 0.8359375 0.06640625 0.040625
0 0.025 0.83515625 0.05 0.0453125
0 0.960546875 0.8421875 0.07109375 0.053125
0 0.359375 0.852734375 0.06875 0.04296875
0 0.60546875 0.8546875 0.0671875 0.040625
0 0.136328125 0.855859375 0.06015625 0.04296875
0 0.198828125 0.86015625 0.06953125 0.0421875
0 0.48828125 0.86328125 0.0609375 0.0421875
0 0.28671875 0.863671875 0.0671875 0.04296875
0 0.787890625 0.86484375 0.06640625 0.0421875
0 0.06171875 0.869921875 0.0640625 0.04296875
0 0.66640625 0.87421875 0.0640625 0.0421875
0 0.55078125 0.87890625 0.0609375 0.0421875
0 0.01796875 0.88125 0.0359375 0.040625
0 0.6375 0.089453125 0.078125 0.05390625
0 0.859375 0.08984375 0.078125 0.0484375
0 0.72890625 0.88671875 0.0609375 0.0421875
0 0.422265625 0.890625 0.06640625 0.040625
0 0.24609375 0.892578125 0.0671875 0.04453125
0 0.608984375 0.896484375 0.06484375 0.03984375
0 0.49140625 0.9046875 0.0640625 0.040625
0 0.321875 0.906640625 0.071875 0.04453125
0 0.09765625 0.908984375 0.0640625 0.04296875
0 0.79296875 0.91015625 0.0671875 0.0421875
0 0.671484375 0.913671875 0.06484375 0.03984375
0 0.041796875 0.918359375 0.06484375 0.04296875
0 0.554296875 0.921484375 0.06484375 0.03984375
0 0.8890625 0.92421875 0.071875 0.0453125
0 0.21796875 0.92734375 0.0609375 0.0421875
0 0.283203125 0.932421875 0.06953125 0.04296875
0 0.73359375 0.933203125 0.0640625 0.03828125
0 0.43671875 0.93671875 0.0640625 0.0421875
0 0.617578125 0.93984375 0.06640625 0.0421875
0 0.13984375 0.943359375 0.0640625 0.03984375
0 0.4984375 0.948046875 0.0625 0.03984375
0 0.67578125 0.95 0.0609375 0.0375
0 0.359765625 0.949609375 0.06953125 0.04296875
0 0.948828125 0.959375 0.07578125 0.046875
0 0.5625 0.961328125 0.0625 0.03828125
0 0.14296875 0.098046875 0.0796875 0.04296875
0 0.32890625 0.963671875 0.0609375 0.04296875
0 0.261328125 0.966796875 0.06640625 0.04296875
0 0.045703125 0.973046875 0.06640625 0.04296875
0 0.62578125 0.976171875 0.0640625 0.03359375
0 0.18203125 0.97890625 0.0640625 0.0421875
0 0.116796875 0.978515625 0.06484375 0.03828125
0 0.88359375 0.9796875 0.0734375 0.040625
0 0.2921875 0.01171875 0.08125 0.0234375
0 0.50625 0.985546875 0.06875 0.02734375
0 0.74375 0.985546875 0.06875 0.02421875
0 0.475 0.101171875 0.078125 0.04921875
0 0.78984375 0.105078125 0.0796875 0.05078125
0 0.23125 0.10546875 0.0875 0.0578125
0 0.81328125 0.01328125 0.0765625 0.0265625
0 0.70078125 0.1234375 0.0796875 0.053125
0 0.922265625 0.12265625 0.07578125 0.0515625
0 0.081640625 0.129296875 0.08515625 0.05546875
0 0.408203125 0.1296875 0.07578125 0.053125
0 0.165234375 0.129296875 0.08046875 0.05546875
0 0.37578125 0.0140625 0.0765625 0.028125
0 0.855859375 0.134765625 0.08046875 0.05390625
0 0.0703125 0.01640625 0.078125 0.0328125
0 0.6109375 0.1515625 0.078125 0.046875
0 0.7625 0.15625 0.078125 0.053125
0 0.49140625 0.15546875 0.0765625 0.0515625
0 0.346875 0.16015625 0.078125 0.0515625