0 0.859375 0.2515625 0.159375 0.240625
0 0.05625 0.278125 0.1125 0.2375
0 0.2640625 0.45078125 0.16875 0.2484375
0 0.9359375 0.453125 0.128125 0.25
0 0.77421875 0.46015625 0.1640625 0.2453125
0 0.59921875 0.46015625 0.1609375 0.2390625
0 0.43046875 0.4625 0.1671875 0.246875
0 0.78828125 0.0640625 0.1640625 0.128125
0 0.85 0.6609375 0.15625 0.234375
0 0.196875 0.6640625 0.15625 0.234375
0 0.5171875 0.665625 0.159375 0.240625
0 0.6765625 0.66796875 0.159375 0.2390625
0 0.059375 0.67421875 0.11875 0.2390625
0 0.35625 0.67890625 0.15625 0.2390625
0 0.10859375 0.07421875 0.1609375 0.1453125
0 0.2703125 0.07578125 0.1625 0.1515625
0 0.4421875 0.07890625 0.1625 0.1546875
0 0.6046875 0.078125 0.159375 0.15625
0 0.7578125 0.86875 0.153125 0.234375
0 0.92109375 0.86875 0.1546875 0.234375
0 0.2703125 0.875 0.15625 0.23125
0 0.11484375 0.88203125 0.1515625 0.2359375
0 0.590625 0.8828125 0.15625 0.234375
0 0.4328125 0.884375 0.159375 0.228125
0 0.18515625 0.2359375 0.1609375 0.246875
0 0.353125 0.23828125 0.165625 0.2484375
0 0.69765625 0.240625 0.1640625 0.246875
0 0.52421875 0.2453125 0.1609375 0.240625
0 0.93125 0.0796875 0.1375 0.159375
0 0.97578125 0.25078125 0.0484375 0.2140625
0 0.9625 0.6796875 0.075 0.221875
0 0.021875 0.878125 0.04375 0.196875