0 0.7046875 0.6078125 0.196875 0.303125
0 0.31953125 0.60546875 0.2015625 0.3015625
0 0.5140625 0.60234375 0.190625 0.2859375
0 0.890625 0.59921875 0.18125 0.2640625
0 0.13125 0.60078125 0.18125 0.2765625
0 0.94453125 0.36796875 0.1109375 0.2796875
0 0.60078125 0.3640625 0.1765625 0.28125
0 0.2234375 0.3609375 0.1875 0.29375
0 0.790625 0.35625 0.2 0.303125
0 0.06640625 0.346875 0.1328125 0.3125
0 0.4140625 0.34609375 0.196875 0.3109375
0 0.6796875 0.13203125 0.2 0.2578125
0 0.296875 0.12109375 0.209375 0.2390625
0 0.86484375 0.12109375 0.1703125 0.2390625
0 0.4890625 0.11875 0.178125 0.23125
0 0.1015625 0.1078125 0.1875 0.2125
0 0.6140625 0.8640625 0.184375 0.271875
0 0.23046875 0.85859375 0.1765625 0.2796875
0 0.41953125 0.853125 0.2046875 0.290625
0 0.071875 0.85 0.1375 0.3
0 0.8046875 0.84765625 0.190625 0.3015625
0 0.95078125 0.834375 0.0984375 0.29375