0 0.8497596153846154 0.25240384615384615 0.06009615384615385 0.08653846153846154
0 0.9086538461538461 0.2536057692307692 0.057692307692307696 0.08413461538461539
0 0.9663461538461539 0.25721153846153844 0.057692307692307696 0.08173076923076923
0 0.19230769230769232 0.2608173076923077 0.052884615384615384 0.08413461538461539
0 0.6105769230769231 0.2608173076923077 0.057692307692307696 0.08413461538461539
0 0.7271634615384616 0.26322115384615385 0.06009615384615385 0.08413461538461539
0 0.6682692307692307 0.26322115384615385 0.057692307692307696 0.08413461538461539
0 0.13822115384615385 0.2620192307692308 0.05048076923076923 0.08173076923076923
0 0.08533653846153846 0.26322115384615385 0.05048076923076923 0.07932692307692307
0 0.37259615384615385 0.2956730769230769 0.0673076923076923 0.09615384615384616
0 0.43990384615384615 0.296875 0.0673076923076923 0.0985576923076923
0 0.30649038461538464 0.29927884615384615 0.06490384615384616 0.09375
0 0.2403846153846154 0.29927884615384615 0.0625 0.09375
0 0.8245192307692307 0.328125 0.057692307692307696 0.0889423076923077
0 0.8822115384615384 0.3317307692307692 0.057692307692307696 0.08653846153846154
0 0.9423076923076923 0.3317307692307692 0.057692307692307696 0.08653846153846154
0 0.9855769230769231 0.3329326923076923 0.028846153846153848 0.0889423076923077
0 0.16105769230769232 0.3329326923076923 0.052884615384615384 0.08413461538461539
0 0.5805288461538461 0.33413461538461536 0.06009615384615385 0.08653846153846154
0 0.055288461538461536 0.33533653846153844 0.052884615384615384 0.08413461538461539
0 0.21394230769230768 0.33653846153846156 0.052884615384615384 0.07692307692307693
0 0.10817307692307693 0.33533653846153844 0.052884615384615384 0.08413461538461539
0 0.6394230769230769 0.33533653846153844 0.057692307692307696 0.08413461538461539
0 0.7572115384615384 0.33653846153846156 0.057692307692307696 0.08653846153846154
0 0.33533653846153844 0.38341346153846156 0.06490384615384616 0.0985576923076923
0 0.40384615384615385 0.38341346153846156 0.0673076923076923 0.10336538461538461
0 0.2704326923076923 0.38341346153846156 0.06490384615384616 0.0985576923076923
0 0.18509615384615385 0.40625 0.057692307692307696 0.08653846153846154
0 0.9158653846153846 0.4074519230769231 0.057692307692307696 0.0889423076923077
0 0.07572115384615384 0.4074519230769231 0.05048076923076923 0.08413461538461539
0 0.12980769230769232 0.40865384615384615 0.052884615384615384 0.08653846153846154
0 0.8545673076923077 0.4074519230769231 0.06009615384615385 0.0889423076923077
0 0.9711538461538461 0.40865384615384615 0.052884615384615384 0.09134615384615384
0 0.6706730769230769 0.41225961538461536 0.057692307692307696 0.0889423076923077
0 0.7319711538461539 0.41225961538461536 0.06009615384615385 0.0889423076923077
0 0.609375 0.41346153846153844 0.06009615384615385 0.08653846153846154
0 0.06610576923076923 0.5372596153846154 0.055288461538461536 0.0889423076923077
0 0.12139423076923077 0.5384615384615384 0.055288461538461536 0.08653846153846154
0 0.1778846153846154 0.5408653846153846 0.057692307692307696 0.09134615384615384
0 0.28846153846153844 0.5420673076923077 0.0625 0.09375
0 0.35216346153846156 0.5432692307692307 0.06009615384615385 0.09615384615384616
0 0.41466346153846156 0.5456730769230769 0.06490384615384616 0.09615384615384616
0 0.9591346153846154 0.5492788461538461 0.057692307692307696 0.0889423076923077
0 0.5997596153846154 0.5480769230769231 0.06009615384615385 0.09134615384615384
0 0.8425480769230769 0.5480769230769231 0.06009615384615385 0.08653846153846154
0 0.6622596153846154 0.5504807692307693 0.06009615384615385 0.09134615384615384
0 0.9002403846153846 0.5492788461538461 0.06009615384615385 0.0889423076923077
0 0.7223557692307693 0.5504807692307693 0.06009615384615385 0.09134615384615384
0 0.03485576923076923 0.6129807692307693 0.055288461538461536 0.08653846153846154
0 0.5793269230769231 0.06370192307692307 0.057692307692307696 0.07932692307692307
0 0.6947115384615384 0.06370192307692307 0.057692307692307696 0.07932692307692307
0 0.6358173076923077 0.0625 0.055288461538461536 0.07692307692307693
0 0.7512019230769231 0.06370192307692307 0.055288461538461536 0.07932692307692307
0 0.09014423076923077 0.6141826923076923 0.055288461538461536 0.0889423076923077
0 0.203125 0.6201923076923077 0.055288461538461536 0.09134615384615384
0 0.2548076923076923 0.625 0.0625 0.09615384615384616
0 0.8161057692307693 0.6274038461538461 0.06009615384615385 0.09134615384615384
0 0.8725961538461539 0.6274038461538461 0.057692307692307696 0.09134615384615384
0 0.31850961538461536 0.6274038461538461 0.06490384615384616 0.09615384615384616
0 0.9326923076923077 0.6262019230769231 0.057692307692307696 0.0889423076923077
0 0.9807692307692307 0.6286057692307693 0.038461538461538464 0.09375
0 0.38221153846153844 0.6298076923076923 0.0625 0.09615384615384616
0 0.6310096153846154 0.6298076923076923 0.06009615384615385 0.09134615384615384
0 0.6911057692307693 0.6298076923076923 0.06009615384615385 0.09134615384615384
0 0.7536057692307693 0.6298076923076923 0.06009615384615385 0.09134615384615384
0 0.5685096153846154 0.6298076923076923 0.06009615384615385 0.09134615384615384
0 0.44591346153846156 0.6322115384615384 0.06009615384615385 0.09615384615384616
0 0.06129807692307692 0.6911057692307693 0.055288461538461536 0.0889423076923077
0 0.11658653846153846 0.6947115384615384 0.055288461538461536 0.09134615384615384
0 0.17307692307692307 0.6995192307692307 0.057692307692307696 0.09134615384615384
0 0.9026442307692307 0.7067307692307693 0.06009615384615385 0.09134615384615384
0 0.8449519230769231 0.7055288461538461 0.06009615384615385 0.0889423076923077
0 0.9639423076923077 0.7055288461538461 0.057692307692307696 0.0889423076923077
0 0.5985576923076923 0.7091346153846154 0.0625 0.09134615384615384
0 0.7235576923076923 0.7103365384615384 0.0625 0.09375
0 0.2860576923076923 0.7103365384615384 0.0625 0.0985576923076923
0 0.6622596153846154 0.7115384615384616 0.06009615384615385 0.09134615384615384
0 0.8617788461538461 0.0733173076923077 0.055288461538461536 0.07932692307692307
0 0.8064903846153846 0.07211538461538461 0.055288461538461536 0.08173076923076923
0 0.9170673076923077 0.0733173076923077 0.055288461538461536 0.07932692307692307
0 0.3485576923076923 0.7139423076923077 0.0625 0.10096153846153846
0 0.41225961538461536 0.7163461538461539 0.06490384615384616 0.10096153846153846
0 0.9723557692307693 0.07572115384615384 0.055288461538461536 0.07932692307692307
0 0.9579326923076923 0.8401442307692307 0.06009615384615385 0.09375
0 0.8990384615384616 0.8389423076923077 0.057692307692307696 0.09134615384615384
0 0.8401442307692307 0.8413461538461539 0.06009615384615385 0.09134615384615384
0 0.7175480769230769 0.84375 0.06009615384615385 0.09134615384615384
0 0.6574519230769231 0.84375 0.06009615384615385 0.09134615384615384
0 0.5961538461538461 0.8461538461538461 0.0625 0.09134615384615384
0 0.020432692307692308 0.8545673076923077 0.040865384615384616 0.10336538461538461
0 0.07451923076923077 0.8605769230769231 0.0625 0.10096153846153846
0 0.13942307692307693 0.8641826923076923 0.0625 0.10336538461538461
0 0.27403846153846156 0.8737980769230769 0.0673076923076923 0.10336538461538461
0 0.34134615384615385 0.8774038461538461 0.0673076923076923 0.10576923076923077
0 0.40865384615384615 0.8822115384615384 0.0673076923076923 0.10576923076923077
0 0.9278846153846154 0.9194711538461539 0.057692307692307696 0.09375
0 0.9783653846153846 0.9194711538461539 0.038461538461538464 0.0985576923076923
0 0.8713942307692307 0.9206730769230769 0.06009615384615385 0.09134615384615384
0 0.8112980769230769 0.921875 0.06009615384615385 0.09375
0 0.7487980769230769 0.921875 0.06009615384615385 0.09375
0 0.6887019230769231 0.9230769230769231 0.06009615384615385 0.09134615384615384
0 0.6286057692307693 0.9254807692307693 0.06009615384615385 0.09134615384615384
0 0.5649038461538461 0.9254807692307693 0.0625 0.09134615384615384
0 0.037259615384615384 0.9471153846153846 0.06971153846153846 0.10096153846153846
0 0.10216346153846154 0.9495192307692307 0.06490384615384616 0.10096153846153846
0 0.16826923076923078 0.9519230769230769 0.0673076923076923 0.09134615384615384
0 0.23798076923076922 0.9543269230769231 0.0673076923076923 0.08653846153846154
0 0.30649038461538464 0.9543269230769231 0.06971153846153846 0.08653846153846154
0 0.3737980769230769 0.9567307692307693 0.06971153846153846 0.08173076923076923
0 0.44471153846153844 0.9591346153846154 0.07211538461538461 0.07692307692307693
0 0.9026442307692307 0.9759615384615384 0.06009615384615385 0.04326923076923077
0 0.8401442307692307 0.9759615384615384 0.06009615384615385 0.04326923076923077
0 0.9627403846153846 0.9759615384615384 0.06490384615384616 0.04326923076923077
0 0.71875 0.9783653846153846 0.0625 0.04326923076923077
0 0.6586538461538461 0.9783653846153846 0.0625 0.038461538461538464
0 0.5961538461538461 0.9783653846153846 0.0625 0.038461538461538464
0 0.7259615384615384 0.13221153846153846 0.057692307692307696 0.08173076923076923
0 0.6682692307692307 0.13221153846153846 0.057692307692307696 0.08173076923076923
0 0.6081730769230769 0.1346153846153846 0.057692307692307696 0.08173076923076923
0 0.8365384615384616 0.14182692307692307 0.057692307692307696 0.08173076923076923
0 0.8930288461538461 0.14182692307692307 0.055288461538461536 0.08173076923076923
0 0.9483173076923077 0.14302884615384615 0.055288461538461536 0.07932692307692307
0 0.6057692307692307 0.016826923076923076 0.057692307692307696 0.03365384615384615
0 0.7199519230769231 0.018028846153846152 0.06009615384615385 0.036057692307692304
0 0.6634615384615384 0.018028846153846152 0.057692307692307696 0.036057692307692304
0 0.8305288461538461 0.020432692307692308 0.055288461538461536 0.040865384615384616
0 0.8858173076923077 0.02283653846153846 0.06009615384615385 0.04567307692307692
0 0.40625 0.2127403846153846 0.0673076923076923 0.09375
0 0.34134615384615385 0.21394230769230768 0.0625 0.09615384615384616
0 0.2764423076923077 0.21514423076923078 0.0625 0.09375
0 0.9411057692307693 0.02283653846153846 0.06009615384615385 0.04567307692307692