0 0.02265625 0.17421875 0.0453125 0.1453125
0 0.08515625 0.17421875 0.0671875 0.1453125
0 0.15234375 0.18359375 0.0671875 0.1421875
0 0.215625 0.18984375 0.071875 0.1453125
0 0.28515625 0.1984375 0.0703125 0.146875
0 0.35703125 0.21171875 0.0734375 0.1453125
0 0.43125 0.2140625 0.071875 0.146875
0 0.04609375 0.29921875 0.0703125 0.1453125
0 0.11328125 0.30390625 0.0671875 0.1453125
0 0.17890625 0.3109375 0.0703125 0.140625
0 0.25234375 0.32265625 0.0703125 0.1453125
0 0.32421875 0.33359375 0.0671875 0.1453125
0 0.39296875 0.33671875 0.0703125 0.1453125
0 0.46640625 0.34296875 0.0734375 0.1453125
0 0.02265625 0.41484375 0.0453125 0.1421875
0 0.08046875 0.4234375 0.0671875 0.140625
0 0.15078125 0.43203125 0.0671875 0.1390625
0 0.2171875 0.43984375 0.065625 0.1453125
0 0.28515625 0.45078125 0.0703125 0.1421875
0 0.36015625 0.46015625 0.0734375 0.1453125
0 0.43203125 0.46484375 0.0703125 0.1421875
0 0.50390625 0.46953125 0.0703125 0.1421875
0 0.03984375 0.54140625 0.0703125 0.1453125
0 0.11015625 0.55 0.0703125 0.140625
0 0.18125 0.559375 0.06875 0.140625
0 0.24765625 0.5703125 0.0734375 0.140625
0 0.0484375 0.059375 0.0625 0.11875
0 0.32578125 0.57734375 0.0734375 0.1421875
0 0.39453125 0.58515625 0.0703125 0.1421875
0 0.46015625 0.59375 0.0734375 0.146875
0 0.53359375 0.59765625 0.0703125 0.1484375
0 0.11484375 0.0640625 0.0703125 0.128125
0 0.01875 0.65703125 0.0375 0.1484375
0 0.18671875 0.0671875 0.0703125 0.134375
0 0.06953125 0.66796875 0.0671875 0.1390625
0 0.1359375 0.67890625 0.071875 0.1421875
0 0.2078125 0.68671875 0.06875 0.1421875
0 0.27734375 0.69921875 0.0734375 0.1453125
0 0.25390625 0.07109375 0.0734375 0.1421875
0 0.32109375 0.071875 0.0703125 0.14375
0 0.346875 0.71171875 0.071875 0.1453125
0 0.42109375 0.71640625 0.0734375 0.1484375
0 0.48828125 0.72578125 0.0734375 0.1453125
0 0.5671875 0.734375 0.075 0.146875
0 0.0328125 0.78828125 0.0625 0.1421875
0 0.109375 0.79296875 0.065625 0.1390625
0 0.17578125 0.80859375 0.0703125 0.1421875
0 0.24609375 0.81640625 0.0671875 0.1421875
0 0.30703125 0.83203125 0.0703125 0.1421875
0 0.38828125 0.83984375 0.0703125 0.1453125
0 0.46015625 0.85078125 0.0703125 0.1453125
0 0.5296875 0.859375 0.075 0.146875
0 0.39296875 0.08984375 0.0703125 0.1484375
0 0.06484375 0.91015625 0.0671875 0.1421875
0 0.13203125 0.925 0.0671875 0.146875
0 0.20078125 0.93203125 0.0703125 0.1359375
0 0.27890625 0.9359375 0.0703125 0.128125
0 0.35546875 0.94296875 0.0703125 0.1109375
0 0.42734375 0.94921875 0.0671875 0.1015625
0 0.49453125 0.95546875 0.0703125 0.0890625