0 0.1765625 0.27109375 0.125 0.1859375
0 0.40546875 0.278125 0.1234375 0.190625
0 0.0765625 0.278125 0.09375 0.128125
0 0.64140625 0.28359375 0.1203125 0.1859375
0 0.93984375 0.28828125 0.0609375 0.0921875
0 0.29609375 0.290625 0.0953125 0.134375
0 0.82109375 0.29140625 0.0609375 0.0890625
0 0.5 0.2953125 0.096875 0.146875
0 0.71953125 0.3015625 0.0796875 0.146875
0 0.8609375 0.3046875 0.040625 0.075
0 0.9015625 0.359375 0.0625 0.096875
0 0.784375 0.36796875 0.065625 0.0984375
0 0.8328125 0.37109375 0.04375 0.0671875
0 0.94921875 0.37109375 0.0359375 0.0703125
0 0.0875 0.415625 0.128125 0.1875
0 0.5546875 0.42109375 0.125 0.1953125
0 0.321875 0.42421875 0.125 0.1953125
0 0.6703125 0.4359375 0.090625 0.146875
0 0.225 0.43984375 0.090625 0.1546875
0 0.43984375 0.440625 0.0984375 0.15
0 0.93359375 0.4421875 0.0609375 0.09375
0 0.97265625 0.44453125 0.0359375 0.0796875
0 0.8234375 0.44375 0.059375 0.096875
0 0.8640625 0.446875 0.040625 0.075
0 0.7578125 0.4515625 0.04375 0.071875
0 0.89765625 0.51796875 0.0671875 0.0984375
0 0.94453125 0.51796875 0.0390625 0.0703125
0 0.83515625 0.51953125 0.0390625 0.0703125
0 0.7859375 0.52265625 0.065625 0.1015625
0 0.634375 0.5625 0.121875 0.1875
0 0.06953125 0.5671875 0.0890625 0.134375
0 0.49765625 0.56640625 0.0921875 0.1453125
0 0.2859375 0.57109375 0.096875 0.1453125
0 0.71640625 0.571875 0.0796875 0.15
0 0.165625 0.57890625 0.125 0.1859375
0 0.396875 0.58046875 0.125 0.1859375
0 0.97109375 0.5875 0.0390625 0.075
0 0.8640625 0.5921875 0.04375 0.075
0 0.759375 0.5921875 0.034375 0.075
0 0.93125 0.5953125 0.065625 0.09375
0 0.8234375 0.5984375 0.0625 0.096875
0 0.9453125 0.66484375 0.040625 0.0671875
0 0.7328125 0.66796875 0.034375 0.0703125
0 0.8359375 0.6703125 0.040625 0.071875
0 0.78671875 0.67265625 0.0671875 0.1015625
0 0.9 0.6734375 0.0625 0.09375
0 0.65703125 0.70390625 0.0890625 0.1390625
0 0.4453125 0.709375 0.09375 0.146875
0 0.2203125 0.7125 0.0875 0.146875
0 0.56015625 0.7171875 0.1203125 0.184375
0 0.9703125 0.728125 0.040625 0.075
0 0.0765625 0.7296875 0.128125 0.190625
0 0.3171875 0.73125 0.125 0.190625
0 0.86015625 0.7328125 0.0453125 0.071875
0 0.75703125 0.734375 0.0453125 0.075
0 0.93203125 0.7484375 0.0609375 0.090625
0 0.8171875 0.75078125 0.0625 0.0921875
0 0.70546875 0.82265625 0.0890625 0.1453125
0 0.5 0.83359375 0.09375 0.1421875
0 0.2796875 0.8421875 0.09375 0.134375
0 0.06484375 0.8609375 0.0796875 0.11875
0 0.62734375 0.86875 0.1203125 0.18125
0 0.39921875 0.8703125 0.1203125 0.1875
0 0.16171875 0.87421875 0.1234375 0.1859375
0 0.1 0.10703125 0.128125 0.1921875
0 0.334375 0.1109375 0.125 0.190625
0 0.571875 0.11953125 0.121875 0.1859375
0 0.44921875 0.15859375 0.0984375 0.1453125
0 0.2375 0.159375 0.096875 0.146875
0 0.66328125 0.1609375 0.0890625 0.13125