0 0.2953125 0.3921875 0.196875 0.303125
0 0.68046875 0.39609375 0.2015625 0.3015625
0 0.4875 0.39765625 0.190625 0.2859375
0 0.109375 0.40234375 0.18125 0.2640625
0 0.86875 0.40078125 0.18125 0.2765625
0 0.05546875 0.63203125 0.1109375 0.2796875
0 0.40078125 0.6359375 0.1765625 0.28125
0 0.7765625 0.6390625 0.1875 0.29375
0 0.2109375 0.6453125 0.2 0.303125
0 0.93359375 0.6546875 0.1328125 0.3125
0 0.5875 0.65546875 0.196875 0.3109375
0 0.321875 0.86953125 0.2 0.2578125
0 0.703125 0.87890625 0.209375 0.2390625
0 0.13671875 0.87890625 0.1703125 0.2390625
0 0.5125 0.8828125 0.178125 0.23125
0 0.9 0.8921875 0.1875 0.2125
0 0.38671875 0.1359375 0.1859375 0.271875
0 0.77109375 0.14296875 0.1765625 0.2796875
0 0.58046875 0.1484375 0.2046875 0.290625
0 0.928125 0.15 0.1375 0.3
0 0.196875 0.15234375 0.190625 0.3015625
0 0.04921875 0.165625 0.0984375 0.29375