0 0.58984375 0.9640625 0.1484375 0.071875
0 0.74609375 0.96484375 0.1484375 0.0703125
0 0.43203125 0.9625 0.1515625 0.075
0 0.27265625 0.9625 0.1453125 0.075
0 0.11640625 0.96328125 0.1421875 0.0703125
0 0.89921875 0.9578125 0.1453125 0.084375
0 0.49375 0.5578125 0.15625 0.240625
0 0.3359375 0.55859375 0.15625 0.2390625
0 0.653125 0.55703125 0.15625 0.2390625
0 0.8171875 0.55390625 0.15625 0.2390625
0 0.17890625 0.55390625 0.1515625 0.2328125
0 0.9453125 0.54765625 0.10625 0.2390625
0 0.053125 0.54609375 0.10625 0.2265625
0 0.41953125 0.3578125 0.1515625 0.228125
0 0.57421875 0.35234375 0.1546875 0.2390625
0 0.26328125 0.3515625 0.1515625 0.23125
0 0.7328125 0.35078125 0.15625 0.2359375
0 0.1109375 0.35234375 0.15 0.2328125
0 0.88671875 0.35 0.1546875 0.228125
0 0.05625 0.1484375 0.1125 0.228125
0 0.9421875 0.13671875 0.115625 0.2359375
0 0.1859375 0.13515625 0.15 0.2265625
0 0.80859375 0.134375 0.1515625 0.23125
0 0.33671875 0.134375 0.1546875 0.23125
0 0.49296875 0.13359375 0.1546875 0.2328125
0 0.6515625 0.125 0.153125 0.23125
0 0.05625 0.83671875 0.1125 0.2359375
0 0.6703125 0.83515625 0.15625 0.2390625
0 0.509375 0.834375 0.159375 0.240625
0 0.1921875 0.83046875 0.15625 0.2390625
0 0.35 0.83046875 0.15625 0.2390625
0 0.82578125 0.82890625 0.1515625 0.2328125
0 0.95078125 0.82890625 0.0984375 0.2390625