0 0.480859375 0.316796875 0.08984375 0.13671875
0 0.2875 0.323046875 0.09375 0.13671875
0 0.386328125 0.323046875 0.09140625 0.13671875
0 0.783203125 0.327734375 0.09140625 0.13671875
0 0.17890625 0.33203125 0.0921875 0.1390625
0 0.689453125 0.333203125 0.09140625 0.13828125
0 0.590234375 0.33515625 0.08984375 0.1359375
0 0.89375 0.340234375 0.09375 0.13671875
0 0.437109375 0.4375 0.08984375 0.134375
0 0.339453125 0.4375 0.09140625 0.134375
0 0.527734375 0.436328125 0.08984375 0.13828125
0 0.23828125 0.440625 0.0953125 0.134375
0 0.124609375 0.44296875 0.09609375 0.1359375
0 0.830859375 0.44765625 0.08984375 0.1359375
0 0.642578125 0.45234375 0.09140625 0.1359375
0 0.03359375 0.45234375 0.0671875 0.1390625
0 0.741015625 0.453515625 0.09140625 0.13828125
0 0.93828125 0.460546875 0.0921875 0.13671875
0 0.187109375 0.554296875 0.09609375 0.13671875
0 0.58046875 0.55390625 0.0890625 0.1359375
0 0.387109375 0.554296875 0.08984375 0.13671875
0 0.290625 0.55625 0.09375 0.134375
0 0.48203125 0.556640625 0.0921875 0.13828125
0 0.07890625 0.563671875 0.0953125 0.13671875
0 0.880078125 0.566796875 0.09140625 0.13671875
0 0.9734375 0.571484375 0.053125 0.13671875
0 0.68828125 0.572265625 0.0921875 0.13828125
0 0.7875 0.57265625 0.09375 0.1359375
0 0.23671875 0.67109375 0.0921875 0.1390625
0 0.339453125 0.673046875 0.09140625 0.13359375
0 0.13984375 0.67421875 0.0953125 0.1390625
0 0.530859375 0.6734375 0.08984375 0.134375
0 0.625390625 0.67421875 0.09140625 0.1390625
0 0.434765625 0.6765625 0.09140625 0.134375
0 0.9359375 0.68046875 0.09375 0.1390625
0 0.040234375 0.68515625 0.08046875 0.1390625
0 0.8375 0.68828125 0.09375 0.1390625
0 0.73359375 0.691796875 0.0921875 0.13671875
0 0.290625 0.78671875 0.09375 0.1390625
0 0.1921875 0.791796875 0.09375 0.13671875
0 0.386328125 0.7921875 0.09140625 0.140625
0 0.972265625 0.7921875 0.05078125 0.146875
0 0.482421875 0.792578125 0.08984375 0.13828125
0 0.67109375 0.79453125 0.0921875 0.1359375
0 0.09296875 0.792578125 0.0921875 0.13828125
0 0.579296875 0.796484375 0.08984375 0.13671875
0 0.89375 0.801171875 0.09375 0.13671875
0 0.79140625 0.80390625 0.0953125 0.1390625
0 0.044921875 0.90859375 0.08984375 0.1390625
0 0.24140625 0.91171875 0.0921875 0.1390625
0 0.33828125 0.909375 0.0921875 0.140625
0 0.14375 0.91171875 0.09375 0.1390625
0 0.432421875 0.91171875 0.08984375 0.1390625
0 0.7234375 0.9125 0.09375 0.140625
0 0.94609375 0.9140625 0.0921875 0.134375
0 0.526171875 0.91484375 0.08984375 0.1359375
0 0.625390625 0.916796875 0.09140625 0.13671875
0 0.83984375 0.91953125 0.0921875 0.1359375
0 0.2796875 0.097265625 0.09375 0.13828125
0 0.3375 0.206640625 0.09375 0.13828125
0 0.228125 0.21171875 0.09375 0.1390625
0 0.541015625 0.21484375 0.09140625 0.1390625