0 0.04140625 0.2515625 0.0765625 0.15625
0 0.96328125 0.346875 0.0703125 0.16875
0 0.6453125 0.35078125 0.115625 0.1703125
0 0.8734375 0.35 0.10625 0.165625
0 0.76640625 0.353125 0.1140625 0.16875
0 0.52734375 0.35625 0.1109375 0.16875
0 0.409375 0.37734375 0.115625 0.1703125
0 0.29453125 0.38203125 0.1078125 0.1703125
0 0.07421875 0.384375 0.1015625 0.165625
0 0.18359375 0.3875 0.1078125 0.16875
0 0.9375 0.5 0.10625 0.16875
0 0.70859375 0.50234375 0.1140625 0.1765625
0 0.82890625 0.51015625 0.1078125 0.1734375
0 0.59296875 0.50859375 0.1140625 0.1765625
0 0.4765625 0.51796875 0.115625 0.1765625
0 0.3578125 0.53828125 0.115625 0.1734375
0 0.12421875 0.53828125 0.1078125 0.1734375
0 0.03671875 0.54296875 0.0671875 0.1703125
0 0.24140625 0.54453125 0.1140625 0.1703125
0 0.971875 0.6453125 0.053125 0.178125
0 0.89296875 0.65546875 0.1109375 0.1765625
0 0.659375 0.6609375 0.115625 0.178125
0 0.62734375 0.0703125 0.1109375 0.134375
0 0.84921875 0.0703125 0.1015625 0.134375
0 0.9515625 0.0703125 0.096875 0.134375
0 0.77890625 0.6640625 0.1109375 0.178125
0 0.5375 0.66796875 0.11875 0.1796875
0 0.74140625 0.071875 0.1078125 0.1375
0 0.071875 0.68984375 0.10625 0.1703125
0 0.41875 0.68984375 0.115625 0.1828125
0 0.29921875 0.6953125 0.1140625 0.178125
0 0.18671875 0.70078125 0.1078125 0.1765625
0 0.51796875 0.07421875 0.1140625 0.1453125
0 0.9515625 0.80703125 0.096875 0.1703125
0 0.8421875 0.82109375 0.115625 0.1765625
0 0.721875 0.82265625 0.115625 0.1828125
0 0.60625 0.83125 0.115625 0.18125
0 0.40859375 0.08515625 0.1078125 0.1546875
0 0.4875 0.8390625 0.11875 0.178125
0 0.040625 0.8484375 0.075 0.18125
0 0.12890625 0.85 0.1078125 0.18125
0 0.36484375 0.85625 0.1171875 0.178125
0 0.24453125 0.85703125 0.1140625 0.1765625
0 0.2984375 0.0921875 0.10625 0.15625
0 0.90703125 0.93828125 0.1109375 0.1203125
0 0.79296875 0.9453125 0.1140625 0.10625
0 0.67265625 0.94765625 0.1234375 0.1015625
0 0.55 0.95 0.121875 0.096875
0 0.07421875 0.95390625 0.1109375 0.0890625
0 0.42421875 0.96015625 0.1234375 0.0765625
0 0.30625 0.9609375 0.11875 0.075
0 0.19453125 0.9609375 0.1140625 0.075
0 0.1921875 0.103125 0.103125 0.15625
0 0.09296875 0.10390625 0.0984375 0.1453125
0 0.69453125 0.20390625 0.1109375 0.1609375
0 0.9171875 0.2078125 0.103125 0.15625
0 0.8109375 0.209375 0.10625 0.159375
0 0.58046875 0.2109375 0.1109375 0.165625
0 0.46953125 0.2140625 0.1109375 0.159375
0 0.35234375 0.23359375 0.1140625 0.1640625
0 0.1296875 0.2375 0.1 0.15625
0 0.24140625 0.23984375 0.1109375 0.1609375