0 0.859375 0.0265625 0.065625 0.053125
0 0.5859375 0.02734375 0.071875 0.0546875
0 0.3734375 0.02890625 0.071875 0.0578125
0 0.72734375 0.0296875 0.0765625 0.059375
0 0.65703125 0.0296875 0.0703125 0.059375
0 0.44375 0.0296875 0.071875 0.059375
0 0.5140625 0.0296875 0.071875 0.059375
0 0.68203125 0.30390625 0.0890625 0.0953125
0 0.77109375 0.30625 0.0890625 0.096875
0 0.85703125 0.30625 0.0890625 0.096875
0 0.94453125 0.30546875 0.0921875 0.1015625
0 0.3328125 0.30625 0.0875 0.096875
0 0.59375 0.30625 0.0875 0.09375
0 0.50703125 0.30625 0.0890625 0.09375
0 0.246875 0.31015625 0.084375 0.0953125
0 0.41875 0.30859375 0.0875 0.0984375
0 0.1609375 0.31015625 0.0875 0.0953125
0 0.95859375 0.040625 0.0703125 0.0625
0 0.7328125 0.396875 0.09375 0.10625
0 0.6390625 0.4 0.090625 0.10625
0 0.82421875 0.39921875 0.0921875 0.1109375
0 0.5453125 0.40234375 0.090625 0.1078125
0 0.915625 0.40625 0.09375 0.10625
0 0.26171875 0.40859375 0.0921875 0.1078125
0 0.35546875 0.40859375 0.0890625 0.1078125
0 0.44609375 0.4109375 0.0890625 0.10625
0 0.17421875 0.4140625 0.0921875 0.10625
0 0.078125 0.43359375 0.09375 0.1109375
0 0.790625 0.4984375 0.096875 0.121875
0 0.69453125 0.50234375 0.0984375 0.1234375
0 0.88828125 0.50546875 0.0984375 0.1203125
0 0.59375 0.50625 0.096875 0.121875
0 0.49609375 0.50625 0.0984375 0.121875
0 0.29609375 0.50859375 0.0953125 0.1171875
0 0.39296875 0.50859375 0.0984375 0.1171875
0 0.2 0.51015625 0.096875 0.1203125
0 0.02734375 0.53515625 0.0546875 0.1203125
0 0.1125 0.55390625 0.09375 0.1234375
0 0.75625 0.6125 0.103125 0.1375
0 0.5453125 0.615625 0.103125 0.134375
0 0.65 0.6171875 0.103125 0.1375
0 0.85546875 0.61796875 0.1015625 0.1390625
0 0.440625 0.61875 0.10625 0.134375
0 0.3359375 0.61953125 0.103125 0.1328125
0 0.23359375 0.6234375 0.1015625 0.1375
0 0.0421875 0.65546875 0.084375 0.1421875
0 0.13515625 0.66171875 0.1015625 0.1390625
0 0.9046875 0.07421875 0.065625 0.0671875
0 0.59921875 0.73828125 0.1109375 0.1546875
0 0.71328125 0.7390625 0.1140625 0.159375
0 0.37734375 0.74296875 0.1078125 0.1546875
0 0.2703125 0.7453125 0.10625 0.153125
0 0.48828125 0.7453125 0.1109375 0.153125
0 0.8203125 0.7484375 0.10625 0.153125
0 0.053125 0.784375 0.10625 0.159375
0 0.16015625 0.790625 0.1078125 0.15625
0 0.778125 0.0828125 0.075 0.071875
0 0.7015625 0.08828125 0.075 0.0703125
0 0.4 0.08828125 0.075 0.0703125
0 0.6265625 0.08671875 0.075 0.0671875
0 0.55 0.08828125 0.075 0.0703125
0 0.853125 0.08828125 0.075 0.0703125
0 0.425 0.88515625 0.11875 0.1734375
0 0.6609375 0.88828125 0.115625 0.1765625
0 0.30859375 0.88984375 0.1140625 0.1734375
0 0.54296875 0.89140625 0.1140625 0.1765625
0 0.778125 0.89296875 0.11875 0.1734375
0 0.328125 0.09296875 0.075 0.0703125
0 0.47578125 0.09375 0.0765625 0.071875
0 0.07890625 0.92265625 0.1234375 0.1515625
0 0.1921875 0.9234375 0.11875 0.15
0 0.275 0.14765625 0.075 0.0796875
0 0.58984375 0.15 0.0796875 0.075
0 0.43203125 0.15 0.0796875 0.075
0 0.51015625 0.15 0.0765625 0.075
0 0.82734375 0.15234375 0.0828125 0.0796875
0 0.74921875 0.15234375 0.0796875 0.0796875
0 0.66796875 0.153125 0.0765625 0.075
0 0.35546875 0.15546875 0.0796875 0.0796875
0 0.97109375 0.15859375 0.0578125 0.0828125
0 0.90390625 0.16171875 0.0828125 0.0765625
0 0.634375 0.21875 0.0875 0.0875
0 0.79453125 0.025 0.0671875 0.05
0 0.7171875 0.221875 0.084375 0.0875
0 0.8 0.2234375 0.084375 0.0875
0 0.38515625 0.2234375 0.0828125 0.0875
0 0.55 0.2234375 0.084375 0.0875
0 0.88125 0.22578125 0.084375 0.0859375
0 0.22109375 0.22578125 0.0828125 0.0859375
0 0.30234375 0.228125 0.0796875 0.084375
0 0.46640625 0.228125 0.0828125 0.0875
0 0.95859375 0.23671875 0.0828125 0.0890625