0 0.759375 0.27421875 0.1875 0.2796875
0 0.56484375 0.2875 0.1859375 0.28125
0 0.03984375 0.28984375 0.0796875 0.2765625
0 0.384375 0.29765625 0.18125 0.2765625
0 0.8484375 0.51875 0.18125 0.28125
0 0.665625 0.5265625 0.1875 0.284375
0 0.47578125 0.53359375 0.1828125 0.2828125
0 0.084375 0.53359375 0.16875 0.2796875
0 0.29296875 0.53828125 0.1859375 0.2859375
0 0.06015625 0.75625 0.1203125 0.24375
0 0.76015625 0.76796875 0.1828125 0.2796875
0 0.57421875 0.7734375 0.1859375 0.28125
0 0.38671875 0.778125 0.1859375 0.28125