0 0.04296875 0.31328125 0.0859375 0.1921875
0 0.7640625 0.3234375 0.109375 0.140625
0 0.658984375 0.3265625 0.12109375 0.178125
0 0.2984375 0.3296875 0.11875 0.178125
0 0.175 0.328515625 0.11875 0.17578125
0 0.41875 0.327734375 0.115625 0.17421875
0 0.87421875 0.33359375 0.1078125 0.1515625
0 0.533984375 0.33515625 0.11171875 0.1734375
0 0.797265625 0.037109375 0.12265625 0.07421875
0 0.41015625 0.0421875 0.1234375 0.084375
0 0.65859375 0.046875 0.1234375 0.09375
0 0.28671875 0.04921875 0.1203125 0.0984375
0 0.10390625 0.477734375 0.1203125 0.18046875
0 0.22578125 0.480859375 0.1234375 0.18359375
0 0.361328125 0.481640625 0.11640625 0.17578125
0 0.768359375 0.482421875 0.14296875 0.21484375
0 0.478125 0.483984375 0.115625 0.17421875
0 0.59296875 0.484765625 0.1140625 0.17578125
0 0.875390625 0.4859375 0.10703125 0.19375
0 0.95703125 0.488671875 0.0828125 0.18359375
0 0.16796875 0.05390625 0.1140625 0.1078125
0 0.532421875 0.0578125 0.11796875 0.115625
0 0.657421875 0.63671875 0.11796875 0.1765625
0 0.53828125 0.638671875 0.1078125 0.16796875
0 0.1625 0.6453125 0.13125 0.209375
0 0.048046875 0.64765625 0.09609375 0.2046875
0 0.291796875 0.646875 0.11171875 0.18125
0 0.415234375 0.65 0.12734375 0.196875
0 0.82578125 0.6640625 0.1359375 0.203125
0 0.93828125 0.78359375 0.1203125 0.1828125
0 0.7046875 0.80390625 0.125 0.1890625
0 0.8171875 0.806640625 0.11875 0.14765625
0 0.3484375 0.810546875 0.11875 0.17421875
0 0.587109375 0.815625 0.11171875 0.178125
0 0.466796875 0.8171875 0.11796875 0.171875
0 0.081640625 0.824609375 0.11640625 0.18359375
0 0.183984375 0.866796875 0.13671875 0.20546875
0 0.93828125 0.0921875 0.1171875 0.184375
0 0.291015625 0.929296875 0.11640625 0.13671875
0 0.63671875 0.93125 0.1109375 0.134375
0 0.525390625 0.931640625 0.11640625 0.13203125
0 0.410546875 0.933984375 0.11796875 0.12734375
0 0.755859375 0.9359375 0.11796875 0.125
0 0.96640625 0.936328125 0.0671875 0.12265625
0 0.87578125 0.938671875 0.1203125 0.11796875
0 0.603515625 0.15 0.12890625 0.19375
0 0.8484375 0.15859375 0.125 0.1921875
0 0.22890625 0.16640625 0.1203125 0.1828125
0 0.717578125 0.168359375 0.11328125 0.18359375
0 0.1078125 0.170703125 0.11875 0.17890625
0 0.473828125 0.17578125 0.11640625 0.1765625
0 0.357421875 0.176171875 0.11796875 0.17421875