0 0.634375 0.02734375 0.0625 0.0546875
0 0.4609375 0.246484375 0.084375 0.12734375
0 0.126953125 0.259765625 0.08515625 0.11640625
0 0.708203125 0.2703125 0.08515625 0.125
0 0.353515625 0.27890625 0.09140625 0.1296875
0 0.8578125 0.280078125 0.084375 0.12890625
0 0.197265625 0.29375 0.09140625 0.134375
0 0.4828125 0.03125 0.084375 0.0625
0 0.5375 0.305078125 0.084375 0.12890625
0 0.7359375 0.0328125 0.059375 0.065625
0 0.33671875 0.032421875 0.0578125 0.06484375
0 0.05703125 0.3421875 0.0828125 0.134375
0 0.7828125 0.353515625 0.084375 0.12890625
0 0.282421875 0.363671875 0.08984375 0.12734375
0 0.124609375 0.37109375 0.08984375 0.1296875
0 0.93671875 0.376953125 0.0890625 0.13203125
0 0.62109375 0.378515625 0.0921875 0.12890625
0 0.361328125 0.4109375 0.09140625 0.134375
0 0.706640625 0.4203125 0.09140625 0.134375
0 0.853515625 0.429296875 0.09140625 0.13359375
0 0.20703125 0.43203125 0.0921875 0.1234375
0 0.025 0.4359375 0.05 0.090625
0 0.550390625 0.455078125 0.09140625 0.13203125
0 0.282421875 0.047265625 0.05859375 0.08515625
0 0.08125 0.0484375 0.0875 0.096875
0 0.071875 0.4828125 0.05625 0.09375
0 0.285546875 0.4890625 0.08984375 0.134375
0 0.63671875 0.501171875 0.0953125 0.12734375
0 0.129296875 0.505859375 0.08984375 0.13671875
0 0.919921875 0.516015625 0.08984375 0.13203125
0 0.865625 0.053125 0.084375 0.10625
0 0.025 0.528125 0.05 0.096875
0 0.55625 0.055859375 0.084375 0.11171875
0 0.723828125 0.543359375 0.09140625 0.13359375
0 0.486328125 0.544140625 0.09140625 0.13203125
0 0.83203125 0.556640625 0.0921875 0.13203125
0 0.2109375 0.5578125 0.09375 0.134375
0 0.404296875 0.0578125 0.08671875 0.115625
0 0.07265625 0.573828125 0.0640625 0.09140625
0 0.369140625 0.58359375 0.06640625 0.0953125
0 0.57109375 0.584765625 0.0890625 0.13203125
0 0.969921875 0.587109375 0.05859375 0.13671875
0 0.685546875 0.0609375 0.05859375 0.084375
0 0.653515625 0.615625 0.09140625 0.134375
0 0.422265625 0.62421875 0.06640625 0.0984375
0 0.024609375 0.62265625 0.04921875 0.0953125
0 0.901171875 0.63984375 0.08984375 0.1359375
0 0.311328125 0.641796875 0.06640625 0.09609375
0 0.15234375 0.6609375 0.0578125 0.084375
0 0.50078125 0.669921875 0.0921875 0.13671875
0 0.372265625 0.682421875 0.06640625 0.09609375
0 0.22578125 0.069921875 0.0578125 0.08671875
0 0.08671875 0.689453125 0.0578125 0.08515625
0 0.251953125 0.692578125 0.06640625 0.09765625
0 0.77578125 0.694140625 0.0640625 0.10078125
0 0.58828125 0.71328125 0.0921875 0.1359375
0 0.19375 0.715625 0.05625 0.0875
0 0.830078125 0.729296875 0.06953125 0.10234375
0 0.03828125 0.730859375 0.0578125 0.08671875
0 0.43515625 0.736328125 0.0671875 0.10078125
0 0.961328125 0.737890625 0.06640625 0.10078125
0 0.31796875 0.740234375 0.0671875 0.09609375
0 0.14453125 0.7484375 0.0578125 0.084375
0 0.7109375 0.751953125 0.084375 0.12265625
0 0.90234375 0.7765625 0.0671875 0.1
0 0.376171875 0.780078125 0.06484375 0.09765625
0 0.08671875 0.787890625 0.0578125 0.08515625
0 0.18828125 0.79140625 0.0578125 0.0640625
0 0.26171875 0.798046875 0.0671875 0.09609375
0 0.127734375 0.81953125 0.05859375 0.0671875
0 0.0328125 0.81796875 0.05625 0.0828125
0 0.319140625 0.841015625 0.06640625 0.10078125
0 0.95 0.8453125 0.06875 0.09375
0 0.67109375 0.8453125 0.0671875 0.1
0 0.53203125 0.85078125 0.0671875 0.0984375
0 0.740625 0.850390625 0.06875 0.10078125
0 0.8109375 0.850390625 0.06875 0.10078125
0 0.46484375 0.853515625 0.0671875 0.10078125
0 0.183984375 0.8578125 0.06484375 0.09375
0 0.39453125 0.8609375 0.0671875 0.1
0 0.605078125 0.867578125 0.06953125 0.10078125
0 0.01796875 0.869921875 0.0359375 0.09609375
0 0.073046875 0.872265625 0.04921875 0.08515625
0 0.121484375 0.877734375 0.06484375 0.09609375
0 0.886328125 0.88125 0.06640625 0.1
0 0.95390625 0.88671875 0.0328125 0.0484375
0 0.984375 0.90625 0.03125 0.046875
0 0.903125 0.91953125 0.03125 0.0453125
0 0.934375 0.9234375 0.03125 0.046875
0 0.287109375 0.927734375 0.06484375 0.09609375
0 0.63515625 0.931640625 0.0671875 0.09765625
0 0.703125 0.934375 0.06875 0.1
0 0.56484375 0.934765625 0.0671875 0.10078125
0 0.2234375 0.937109375 0.0625 0.09609375
0 0.49765625 0.937890625 0.0671875 0.10078125
0 0.8421875 0.938671875 0.06875 0.10234375
0 0.771875 0.939453125 0.06875 0.10078125
0 0.96328125 0.93984375 0.0328125 0.0484375
0 0.43046875 0.94140625 0.0671875 0.0984375
0 0.160546875 0.94609375 0.06484375 0.0984375
0 0.98984375 0.94921875 0.0171875 0.0484375
0 0.08671875 0.951953125 0.0671875 0.09140625
0 0.361328125 0.951171875 0.06953125 0.08984375
0 0.9171875 0.959765625 0.03125 0.04453125
0 0.947265625 0.97890625 0.03515625 0.0421875
0 0.0265625 0.09921875 0.053125 0.1296875
0 0.9796875 0.981640625 0.03125 0.03515625
0 0.6265625 0.10703125 0.084375 0.1265625
0 0.7921875 0.10859375 0.084375 0.1234375
0 0.32421875 0.1109375 0.0578125 0.0875
0 0.940234375 0.11640625 0.08671875 0.1203125
0 0.476171875 0.126171875 0.08671875 0.12109375
0 0.266015625 0.13046875 0.06015625 0.0734375
0 0.1265625 0.139453125 0.0875 0.12890625
0 0.7171875 0.167578125 0.084375 0.11328125
0 0.8640625 0.171484375 0.084375 0.11796875
0 0.547265625 0.176953125 0.08515625 0.12265625
0 0.199609375 0.178515625 0.08671875 0.11640625
0 0.398828125 0.177734375 0.08515625 0.12109375
0 0.04921875 0.212890625 0.0890625 0.12890625
0 0.183984375 0.0234375 0.05859375 0.046875
0 0.273046875 0.219921875 0.08984375 0.13359375
0 0.7875 0.230859375 0.084375 0.12109375
0 0.931640625 0.2359375 0.08515625 0.125
0 0.619140625 0.236328125 0.08515625 0.12265625