0 0.01328125 0.25859375 0.0265625 0.0796875
0 0.053125 0.26171875 0.053125 0.0796875
0 0.25390625 0.31640625 0.0609375 0.0921875
0 0.31484375 0.31796875 0.0609375 0.0890625
0 0.19453125 0.31875 0.0578125 0.0875
0 0.37578125 0.3203125 0.0609375 0.096875
0 0.43828125 0.31953125 0.0609375 0.0921875
0 0.5 0.32109375 0.0625 0.0921875
0 0.5640625 0.32421875 0.065625 0.0921875
0 0.628125 0.325 0.0625 0.09375
0 0.7546875 0.3265625 0.065625 0.09375
0 0.690625 0.3265625 0.0625 0.09375
0 0.03203125 0.3265625 0.0484375 0.071875
0 0.08203125 0.3328125 0.0484375 0.075
0 0.97578125 0.34921875 0.0484375 0.0890625
0 0.0171875 0.3890625 0.034375 0.071875
0 0.17265625 0.3953125 0.0578125 0.084375
0 0.06015625 0.3953125 0.0484375 0.075
0 0.28671875 0.39765625 0.0578125 0.0890625
0 0.34609375 0.39765625 0.0609375 0.0921875
0 0.23046875 0.3984375 0.0546875 0.084375
0 0.46796875 0.40078125 0.0609375 0.0921875
0 0.40703125 0.40078125 0.0609375 0.0890625
0 0.10703125 0.40234375 0.0515625 0.0765625
0 0.5296875 0.40234375 0.0625 0.0890625
0 0.5953125 0.40546875 0.059375 0.0921875
0 0.65625 0.40703125 0.0625 0.0921875
0 0.78046875 0.40859375 0.0609375 0.0890625
0 0.71953125 0.40859375 0.0609375 0.0953125
0 0.94609375 0.4234375 0.0609375 0.084375
0 0.9875 0.4296875 0.025 0.084375
0 0.03828125 0.4578125 0.0484375 0.071875
0 0.084375 0.46640625 0.046875 0.0703125
0 0.1546875 0.47265625 0.05625 0.0828125
0 0.20703125 0.4734375 0.0578125 0.084375
0 0.2640625 0.4734375 0.05625 0.0875
0 0.37890625 0.47578125 0.0578125 0.0890625
0 0.32109375 0.4765625 0.0578125 0.0875
0 0.43828125 0.478125 0.0609375 0.0875
0 0.50078125 0.4796875 0.0609375 0.0875
0 0.5609375 0.4828125 0.059375 0.0875
0 0.621875 0.48515625 0.059375 0.0890625
0 0.6828125 0.48671875 0.059375 0.0890625
0 0.80625 0.4890625 0.0625 0.084375
0 0.74375 0.48984375 0.059375 0.0890625
0 0.96640625 0.496875 0.0578125 0.084375
0 0.91171875 0.4984375 0.0609375 0.084375
0 0.02421875 0.521875 0.0484375 0.075
0 0.06953125 0.52890625 0.0484375 0.0703125
0 0.11640625 0.53515625 0.0484375 0.0703125
0 0.1796875 0.55078125 0.05625 0.0828125
0 0.41015625 0.55078125 0.0578125 0.0828125
0 0.2328125 0.55234375 0.053125 0.0828125
0 0.46953125 0.55390625 0.0578125 0.0859375
0 0.34609375 0.55390625 0.0578125 0.0828125
0 0.28828125 0.55390625 0.0546875 0.0828125
0 0.52890625 0.55546875 0.0609375 0.0859375
0 0.596875 0.5671875 0.059375 0.084375
0 0.7796875 0.56875 0.0625 0.084375
0 0.659375 0.56953125 0.059375 0.0859375
0 0.9765625 0.57265625 0.046875 0.0828125
0 0.71796875 0.57421875 0.0578125 0.0859375
0 0.92734375 0.57421875 0.0578125 0.0828125
0 0.0140625 0.5796875 0.028125 0.06875
0 0.05390625 0.59140625 0.0484375 0.0671875
0 0.10078125 0.59609375 0.0484375 0.0671875
0 0.20625 0.62265625 0.053125 0.0796875
0 0.3828125 0.62265625 0.05625 0.0828125
0 0.31953125 0.62578125 0.0578125 0.0765625
0 0.43984375 0.62578125 0.0578125 0.0765625
0 0.2625 0.62734375 0.053125 0.0796875
0 0.49921875 0.62890625 0.0578125 0.0828125
0 0.559375 0.63046875 0.059375 0.0828125
0 0.5984375 0.065625 0.065625 0.103125
0 0.4671875 0.065625 0.065625 0.103125
0 0.665625 0.065625 0.065625 0.103125
0 0.5328125 0.06484375 0.065625 0.1015625
0 0.0296875 0.6421875 0.046875 0.065625
0 0.6234375 0.64296875 0.059375 0.0828125
0 0.74765625 0.64453125 0.0578125 0.0796875
0 0.9421875 0.64453125 0.05625 0.0765625
0 0.6859375 0.64765625 0.059375 0.0828125
0 0.98359375 0.6484375 0.0296875 0.075
0 0.08203125 0.653125 0.0484375 0.065625
0 0.3421875 0.06796875 0.0625 0.0984375
0 0.40390625 0.06796875 0.0640625 0.1046875
0 0.278125 0.07109375 0.065625 0.1015625
0 0.015625 0.68984375 0.03125 0.0703125
0 0.35703125 0.68984375 0.0578125 0.0765625
0 0.4140625 0.69296875 0.053125 0.0765625
0 0.29609375 0.69453125 0.0546875 0.0765625
0 0.2375 0.6953125 0.053125 0.075
0 0.4703125 0.69765625 0.05625 0.0796875
0 0.52734375 0.6984375 0.0578125 0.078125
0 0.05859375 0.7015625 0.0453125 0.065625
0 0.58515625 0.70234375 0.0546875 0.0796875
0 0.9625 0.7125 0.05625 0.075
0 0.65234375 0.71484375 0.0578125 0.0796875
0 0.715625 0.71484375 0.059375 0.0765625
0 0.03359375 0.74609375 0.0453125 0.0640625
0 0.33046875 0.7578125 0.0546875 0.075
0 0.2703125 0.75859375 0.053125 0.0734375
0 0.3875 0.76171875 0.053125 0.0734375
0 0.440625 0.7625 0.053125 0.075
0 0.4984375 0.7671875 0.05625 0.075
0 0.55546875 0.7671875 0.0546875 0.075
0 0.61171875 0.76796875 0.0578125 0.0765625
0 0.978125 0.7765625 0.04375 0.075
0 0.67890625 0.78125 0.0578125 0.075
0 0.30625 0.81953125 0.053125 0.0734375
0 0.3609375 0.8265625 0.053125 0.075
0 0.41640625 0.8265625 0.0546875 0.075
0 0.471875 0.8296875 0.053125 0.071875
0 0.5265625 0.8328125 0.053125 0.075
0 0.58203125 0.83359375 0.0546875 0.0734375
0 0.6390625 0.8359375 0.05625 0.075
0 0.4359375 0.15234375 0.065625 0.0953125
0 0.6984375 0.15390625 0.065625 0.1015625
0 0.5 0.15390625 0.0625 0.0953125
0 0.246875 0.15390625 0.0625 0.0953125
0 0.3734375 0.15390625 0.065625 0.0953125
0 0.565625 0.15546875 0.065625 0.0984375
0 0.31015625 0.15546875 0.0609375 0.0984375
0 0.63125 0.15703125 0.065625 0.1015625
0 0.025 0.1890625 0.05 0.08125
0 0.22109375 0.23515625 0.0609375 0.0953125
0 0.28046875 0.2390625 0.0609375 0.096875
0 0.46875 0.2390625 0.065625 0.096875
0 0.40625 0.23828125 0.0625 0.0953125
0 0.34375 0.23828125 0.0625 0.0953125
0 0.534375 0.23828125 0.065625 0.0953125
0 0.72890625 0.23984375 0.0671875 0.0953125
0 0.596875 0.240625 0.065625 0.096875
0 0.6625 0.2421875 0.0625 0.096875
0 0.0109375 0.1125 0.021875 0.06875
0 0.13671875 0.98515625 0.0359375 0.0296875
0 0.17421875 0.98515625 0.0390625 0.0296875
0 0.21328125 0.990625 0.0390625 0.01875
0 0.24921875 0.9921875 0.0390625 0.015625
0 0.53984375 0.9921875 0.0421875 0.015625
0 0.57890625 0.99453125 0.0359375 0.0109375
0 0.61875 0.99375 0.034375 0.0125
0 0.65546875 0.9875 0.0359375 0.025
0 0.69296875 0.9921875 0.0328125 0.015625
0 0.73203125 0.990625 0.0359375 0.01875
0 0.77109375 0.9890625 0.0359375 0.021875