0 0.303125 0.246875 0.10625 0.15625
0 0.9453125 0.37265625 0.10625 0.1546875
0 0.59921875 0.37265625 0.1203125 0.1828125
0 0.8328125 0.3734375 0.11875 0.18125
0 0.49296875 0.378125 0.1015625 0.15
0 0.71328125 0.38046875 0.1078125 0.1546875
0 0.2609375 0.38359375 0.103125 0.1515625
0 0.04375 0.38984375 0.0875 0.1515625
0 0.15078125 0.39765625 0.1140625 0.1640625
0 0.3734375 0.39765625 0.11875 0.1765625
0 0.4875 0.5390625 0.11875 0.16875
0 0.94453125 0.54453125 0.1109375 0.1859375
0 0.83359375 0.5453125 0.1078125 0.159375
0 0.59609375 0.54765625 0.1109375 0.1609375
0 0.71484375 0.55234375 0.1234375 0.1859375
0 0.26171875 0.55390625 0.1171875 0.1765625
0 0.03359375 0.55625 0.0671875 0.178125
0 0.37421875 0.565625 0.0984375 0.153125
0 0.1390625 0.565625 0.103125 0.153125
0 0.66484375 0.0609375 0.1078125 0.121875
0 0.89765625 0.0640625 0.1078125 0.128125
0 0.42890625 0.06484375 0.1078125 0.1296875
0 0.78125 0.06640625 0.125 0.1328125
0 0.546875 0.06953125 0.128125 0.1390625
0 0.9359375 0.70859375 0.103125 0.1515625
0 0.1828125 0.7109375 0.10625 0.15625
0 0.19921875 0.0734375 0.1015625 0.146875
0 0.46875 0.71484375 0.10625 0.1484375
0 0.70390625 0.7125 0.1078125 0.15625
0 0.06796875 0.7140625 0.1203125 0.178125
0 0.5859375 0.71640625 0.121875 0.1734375
0 0.82109375 0.715625 0.1234375 0.18125
0 0.30390625 0.7265625 0.1171875 0.178125
0 0.0625 0.07421875 0.115625 0.1484375
0 0.30625 0.08203125 0.115625 0.1640625
0 0.18515625 0.88203125 0.1203125 0.1765625
0 0.4609375 0.8875 0.11875 0.178125
0 0.3125 0.88828125 0.10625 0.1515625
0 0.06171875 0.89296875 0.1078125 0.1546875
0 0.7015625 0.89375 0.121875 0.18125
0 0.94375 0.8921875 0.1125 0.175
0 0.58046875 0.89296875 0.1078125 0.1515625
0 0.81953125 0.89453125 0.1109375 0.1546875
0 0.78046875 0.21796875 0.1078125 0.1609375
0 0.9015625 0.21953125 0.125 0.1828125
0 0.66640625 0.22578125 0.1203125 0.1828125
0 0.55625 0.22578125 0.10625 0.1546875
0 0.46015625 0.234375 0.0984375 0.165625
0 0.065625 0.23671875 0.10625 0.1609375
0 0.18828125 0.2421875 0.1203125 0.18125