0 0.409765625 0.2390625 0.24140625 0.146875
0 0.797265625 0.25390625 0.24765625 0.1578125
0 0.142578125 0.30234375 0.21640625 0.1234375
0 0.92578125 0.31171875 0.1453125 0.1140625
0 0.643359375 0.41015625 0.31484375 0.2140625
0 0.107421875 0.41640625 0.21484375 0.2078125
0 0.7328125 0.0453125 0.240625 0.090625
0 0.8625 0.466015625 0.24375 0.16328125
0 0.30625 0.46875 0.265625 0.1625
0 0.915625 0.584765625 0.165625 0.21640625
0 0.4125 0.58515625 0.3375 0.2140625
0 0.659765625 0.63515625 0.24765625 0.1671875
0 0.096875 0.65234375 0.19375 0.1453125
0 0.7640625 0.77109375 0.34375 0.2234375
0 0.1515625 0.836328125 0.303125 0.26328125
0 0.385546875 0.847265625 0.30546875 0.19140625
0 0.477734375 0.94296875 0.38671875 0.1109375
0 0.15625 0.10234375 0.25 0.1453125
0 0.5609375 0.11953125 0.25 0.1578125
0 0.9125 0.13828125 0.171875 0.1546875