0 0.48671875 0.31171875 0.1046875 0.1546875
0 0.68515625 0.3203125 0.1109375 0.165625
0 0.89375 0.321875 0.115625 0.165625
0 0.5921875 0.33046875 0.0875 0.1203125
0 0.41171875 0.3375 0.0765625 0.115625
0 0.7796875 0.3390625 0.090625 0.128125
0 0.39453125 0.45859375 0.0984375 0.1546875
0 0.5890625 0.4609375 0.1125 0.1625
0 0.4984375 0.4640625 0.078125 0.128125
0 0.68515625 0.4765625 0.0890625 0.1375
0 0.87734375 0.48203125 0.0921875 0.1359375
0 0.40625 0.603125 0.075 0.128125
0 0.48671875 0.6046875 0.1046875 0.159375
0 0.59140625 0.61015625 0.0859375 0.1359375
0 0.6859375 0.61640625 0.115625 0.1640625
0 0.7828125 0.625 0.090625 0.140625
0 0.89453125 0.6328125 0.1109375 0.165625
0 0.3921875 0.74375 0.10625 0.159375
0 0.496875 0.75 0.084375 0.1375
0 0.5875 0.7609375 0.10625 0.16875
0 0.6859375 0.76484375 0.090625 0.1359375
0 0.88515625 0.7765625 0.0921875 0.1375
0 0.7953125 0.784375 0.1125 0.165625
0 0.5859375 0.16796875 0.10625 0.1546875
0 0.39296875 0.17265625 0.1015625 0.1546875
0 0.78515625 0.1734375 0.1109375 0.1625
0 0.68359375 0.196875 0.0890625 0.115625
0 0.50390625 0.20078125 0.0828125 0.1140625
0 0.87265625 0.20390625 0.0921875 0.1234375