0 0.69921875 0.74140625 0.1328125 0.1953125
0 0.33046875 0.72421875 0.1390625 0.2078125
0 0.0765625 0.7109375 0.1375 0.209375
0 0.4671875 0.66796875 0.1375 0.2046875
0 0.91796875 0.63359375 0.1234375 0.1953125
0 0.20546875 0.60703125 0.1328125 0.2046875
0 0.80390625 0.59609375 0.1421875 0.2078125
0 0.63203125 0.56953125 0.1421875 0.2109375
0 0.33515625 0.51875 0.1328125 0.2
0 0.62734375 0.94921875 0.1390625 0.1015625
0 0.0828125 0.50078125 0.1375 0.2015625
0 0.47109375 0.4703125 0.1296875 0.190625
0 0.88828125 0.42421875 0.1421875 0.2078125
0 0.7375 0.4171875 0.1375 0.2
0 0.21875 0.40234375 0.134375 0.2015625
0 0.5921875 0.40078125 0.128125 0.1859375
0 0.3828125 0.34609375 0.125 0.1890625
0 0.1328125 0.32578125 0.125 0.1859375
0 0.0359375 0.3046875 0.071875 0.18125
0 0.503125 0.27578125 0.125 0.1859375
0 0.81171875 0.2734375 0.1328125 0.190625
0 0.31328125 0.92578125 0.1359375 0.1484375
0 0.68046875 0.26328125 0.1296875 0.1859375
0 0.284375 0.24765625 0.125 0.1828125
0 0.9140625 0.18359375 0.125 0.1828125
0 0.72578125 0.16875 0.0796875 0.10625
0 0.38828125 0.1484375 0.0796875 0.11875
0 0.5515625 0.146875 0.0875 0.125
0 0.64296875 0.1421875 0.0828125 0.115625
0 0.159375 0.14296875 0.125 0.1828125
0 0.75234375 0.91328125 0.1328125 0.1734375
0 0.47109375 0.1390625 0.0796875 0.11875
0 0.08984375 0.90859375 0.1390625 0.1828125
0 0.04453125 0.115625 0.0890625 0.1875
0 0.965625 0.1140625 0.065625 0.11875
0 0.27734375 0.1046875 0.0828125 0.11875
0 0.76484375 0.08828125 0.0765625 0.1140625
0 0.86171875 0.06484375 0.0828125 0.1203125
0 0.690625 0.05390625 0.0875 0.1015625
0 0.590625 0.05234375 0.084375 0.0984375
0 0.51015625 0.04921875 0.0828125 0.0921875
0 0.34140625 0.04921875 0.0828125 0.0921875
0 0.4265625 0.04765625 0.0875 0.0890625
0 0.93203125 0.03359375 0.0890625 0.0609375
0 0.946875 0.89296875 0.10625 0.2015625
0 0.4421875 0.86640625 0.134375 0.2015625
0 0.18984375 0.81953125 0.1421875 0.2140625
0 0.5765625 0.80546875 0.128125 0.1921875
0 0.85078125 0.78984375 0.1390625 0.2046875