0 0.9578125 0.196875 0.084375 0.15
0 0.809375 0.20625 0.24375 0.2
0 0.60546875 0.2109375 0.1828125 0.146875
0 0.4 0.2203125 0.240625 0.2
0 0.20546875 0.2234375 0.1765625 0.146875
0 0.05546875 0.2328125 0.1109375 0.2
0 0.8234375 0.36640625 0.184375 0.1453125
0 0.95390625 0.365625 0.0890625 0.1875
0 0.4234375 0.37734375 0.178125 0.1453125
0 0.62109375 0.3796875 0.2390625 0.190625
0 0.2171875 0.39140625 0.240625 0.1953125
0 0.05546875 0.390625 0.1109375 0.146875
0 0.6296875 0.5296875 0.18125 0.1375
0 0.83046875 0.53125 0.2390625 0.1875
0 0.80234375 0.05546875 0.1859375 0.1109375
0 0.2328125 0.5421875 0.178125 0.1375
0 0.421875 0.54765625 0.228125 0.1859375
0 0.07109375 0.56015625 0.1421875 0.1921875
0 0.39609375 0.0640625 0.1859375 0.128125
0 0.83203125 0.67890625 0.1828125 0.1296875
0 0.446875 0.6890625 0.18125 0.1375
0 0.63828125 0.69453125 0.2328125 0.1828125
0 0.23828125 0.709375 0.2359375 0.1875
0 0.59453125 0.0734375 0.2453125 0.146875
0 0.18125 0.0796875 0.24375 0.159375
0 0.64765625 0.83828125 0.1765625 0.1328125
0 0.2671875 0.8421875 0.178125 0.128125
0 0.846875 0.84296875 0.23125 0.1859375
0 0.453125 0.85859375 0.228125 0.1828125
0 0.08515625 0.87578125 0.1703125 0.1921875
0 0.27578125 0.9578125 0.2328125 0.084375
0 0.66328125 0.9578125 0.2328125 0.084375
0 0.85625 0.95859375 0.1875 0.0796875