0 0.48046875 0.3171875 0.0921875 0.1375
0 0.2875 0.3234375 0.09375 0.1375
0 0.38671875 0.3234375 0.0921875 0.1375
0 0.78359375 0.328125 0.0921875 0.1375
0 0.1796875 0.33203125 0.09375 0.1390625
0 0.690625 0.33515625 0.090625 0.1390625
0 0.5921875 0.3359375 0.090625 0.1375
0 0.89375 0.340625 0.09375 0.1375
0 0.43828125 0.4375 0.0921875 0.134375
0 0.33984375 0.4375 0.0921875 0.134375
0 0.52890625 0.4390625 0.0921875 0.1375
0 0.2390625 0.440625 0.09375 0.134375
0 0.125 0.4453125 0.096875 0.134375
0 0.83203125 0.4484375 0.0921875 0.1375
0 0.6421875 0.4515625 0.090625 0.134375
0 0.03359375 0.45234375 0.0671875 0.1390625
0 0.740625 0.45546875 0.090625 0.1390625
0 0.9390625 0.4609375 0.09375 0.1375
0 0.1875 0.5546875 0.096875 0.1375
0 0.58046875 0.5546875 0.0890625 0.1375
0 0.38671875 0.5546875 0.0921875 0.1375
0 0.290625 0.55625 0.09375 0.134375
0 0.4828125 0.55859375 0.09375 0.1390625
0 0.0796875 0.5640625 0.096875 0.1375
0 0.88046875 0.5671875 0.0921875 0.1375
0 0.9734375 0.571875 0.053125 0.1375
0 0.6890625 0.57265625 0.09375 0.1390625
0 0.7875 0.5734375 0.09375 0.1375
0 0.23828125 0.67109375 0.0921875 0.1390625
0 0.33984375 0.67265625 0.0921875 0.1328125
0 0.1390625 0.67421875 0.096875 0.1390625
0 0.53203125 0.6734375 0.0921875 0.134375
0 0.62578125 0.67421875 0.0921875 0.1390625
0 0.43515625 0.6765625 0.0921875 0.134375
0 0.9359375 0.68046875 0.09375 0.1390625
0 0.040625 0.68515625 0.08125 0.1390625
0 0.8375 0.68828125 0.09375 0.1390625
0 0.734375 0.6921875 0.09375 0.1375
0 0.290625 0.78671875 0.09375 0.1390625
0 0.1921875 0.7921875 0.09375 0.1375
0 0.38671875 0.79296875 0.0921875 0.1421875
0 0.97265625 0.7921875 0.0515625 0.146875
0 0.4828125 0.79296875 0.090625 0.1390625
0 0.671875 0.7953125 0.09375 0.1375
0 0.0921875 0.79296875 0.09375 0.1390625
0 0.5796875 0.796875 0.090625 0.1375
0 0.89375 0.8015625 0.09375 0.1375
0 0.790625 0.80390625 0.096875 0.1390625
0 0.0453125 0.90859375 0.090625 0.1390625
0 0.2421875 0.91171875 0.09375 0.1390625
0 0.33671875 0.91015625 0.0921875 0.1421875
0 0.14375 0.91171875 0.09375 0.1390625
0 0.43203125 0.91171875 0.0890625 0.1390625
0 0.7234375 0.91328125 0.09375 0.1421875
0 0.946875 0.9140625 0.09375 0.134375
0 0.52734375 0.915625 0.0921875 0.1375
0 0.62578125 0.9171875 0.0921875 0.1375
0 0.840625 0.9203125 0.09375 0.1375
0 0.2796875 0.09921875 0.09375 0.1390625
0 0.3375 0.20703125 0.09375 0.1390625
0 0.228125 0.21171875 0.09375 0.1390625
0 0.54140625 0.21484375 0.0921875 0.1390625