0 0.227734375 0.4921875 0.09609375 0.165625
0 0.4609375 0.49453125 0.1 0.1703125
0 0.10390625 0.495703125 0.1359375 0.20703125
0 0.34296875 0.494140625 0.1421875 0.20078125
0 0.694921875 0.49765625 0.10234375 0.1671875
0 0.9296875 0.49765625 0.1 0.1671875
0 0.823046875 0.505078125 0.13671875 0.20703125
0 0.5828125 0.50390625 0.140625 0.2046875
0 0.223828125 0.83046875 0.10703125 0.1609375
0 0.4546875 0.83046875 0.1 0.1546875
0 0.69140625 0.840625 0.1046875 0.165625
0 0.925 0.844140625 0.1 0.16328125
0 0.092578125 0.85390625 0.13828125 0.2015625
0 0.335546875 0.8546875 0.13671875 0.203125
0 0.575 0.858203125 0.140625 0.20703125
0 0.818359375 0.8640625 0.13671875 0.203125
0 0.07890625 0.119140625 0.1421875 0.21015625
0 0.326171875 0.131640625 0.14296875 0.21640625
0 0.569921875 0.132421875 0.14921875 0.21171875
0 0.8109375 0.134375 0.134375 0.209375
0 0.4515625 0.137890625 0.103125 0.16953125
0 0.208984375 0.137890625 0.10234375 0.16953125
0 0.685546875 0.14140625 0.10546875 0.1609375
0 0.93203125 0.144921875 0.1046875 0.16796875