0 0.67265625 0.24453125 0.1953125 0.3015625
0 0.48984375 0.24609375 0.1703125 0.2671875
0 0.85234375 0.25 0.1703125 0.259375
0 0.30078125 0.2546875 0.2171875 0.315625
0 0.0640625 0.26953125 0.128125 0.2796875
0 0.1703125 0.46953125 0.190625 0.2796875
0 0.7375 0.478125 0.165625 0.253125
0 0.57109375 0.4796875 0.1765625 0.2625
0 0.39375 0.48515625 0.18125 0.2671875
0 0.9203125 0.490625 0.159375 0.259375
0 0.66171875 0.7078125 0.1640625 0.259375
0 0.27421875 0.7078125 0.2171875 0.325
0 0.0875 0.7171875 0.175 0.271875
0 0.48671875 0.72421875 0.2015625 0.3078125
0 0.853125 0.728125 0.2 0.30625