0 0.9453125 0.7546875 0.071875 0.125
0 0.6265625 0.7546875 0.059375 0.11875
0 0.83515625 0.7515625 0.0765625 0.128125
0 0.7640625 0.75234375 0.0625 0.1328125
0 0.70546875 0.75234375 0.0796875 0.1296875
0 0.57265625 0.7484375 0.0828125 0.134375
0 0.49140625 0.74609375 0.0765625 0.1390625
0 0.22421875 0.74609375 0.0921875 0.1421875
0 0.296875 0.74375 0.075 0.128125
0 0.4109375 0.74375 0.084375 0.134375
0 0.9671875 0.65234375 0.065625 0.1109375
0 0.8015625 0.646875 0.071875 0.115625
0 0.8703125 0.6453125 0.071875 0.121875
0 0.73984375 0.6390625 0.0515625 0.128125
0 0.68984375 0.6328125 0.0671875 0.134375
0 0.3328125 0.96171875 0.0875 0.0765625
0 0.22109375 0.96171875 0.0890625 0.0765625
0 0.63046875 0.628125 0.0765625 0.134375
0 0.54140625 0.628125 0.0828125 0.134375
0 0.34921875 0.62734375 0.0859375 0.1390625
0 0.44375 0.62421875 0.084375 0.1421875
0 0.26796875 0.62421875 0.0828125 0.1421875
0 0.18671875 0.62109375 0.0890625 0.1453125
0 0.42734375 0.96015625 0.0890625 0.0796875
0 0.50078125 0.959375 0.0765625 0.08125
0 0.68828125 0.95703125 0.0765625 0.0859375
0 0.9046875 0.9546875 0.071875 0.090625
0 0.82734375 0.9546875 0.0765625 0.090625
0 0.97578125 0.5359375 0.0484375 0.128125
0 0.85625 0.53046875 0.053125 0.1328125
0 0.934375 0.528125 0.075 0.128125
0 0.81015625 0.51953125 0.0765625 0.1296875
0 0.7046875 0.5171875 0.071875 0.125
0 0.38203125 0.51171875 0.0609375 0.1328125
0 0.58515625 0.509375 0.0796875 0.1375
0 0.50859375 0.50390625 0.0796875 0.1328125
0 0.31953125 0.50078125 0.0890625 0.1390625
0 0.18671875 0.4984375 0.0890625 0.121875
0 0.85078125 0.4234375 0.0703125 0.10625
0 0.9234375 0.42109375 0.071875 0.1015625
0 0.775 0.415625 0.075 0.103125
0 0.6953125 0.41328125 0.071875 0.1015625
0 0.6046875 0.40625 0.075 0.096875
0 0.5328125 0.4 0.075 0.09375
0 0.390625 0.39921875 0.084375 0.1296875
0 0.465625 0.39921875 0.075 0.1015625
0 0.215625 0.3953125 0.084375 0.13125
0 0.1234375 0.39375 0.0875 0.1375
0 0.2921875 0.39296875 0.084375 0.1109375
0 0.9578125 0.32734375 0.053125 0.1203125
0 0.909375 0.315625 0.0625 0.125
0 0.86171875 0.30703125 0.0609375 0.1234375
0 0.2421875 0.28828125 0.075 0.1265625
0 0.3421875 0.2859375 0.084375 0.134375
0 0.8328125 0.28515625 0.075 0.1328125
0 0.75703125 0.28125 0.0765625 0.134375
0 0.16875 0.2765625 0.0875 0.134375
0 0.47265625 0.27578125 0.0796875 0.1328125
0 0.58515625 0.27578125 0.0828125 0.1328125
0 0.95078125 0.203125 0.0703125 0.128125
0 0.68125 0.17265625 0.071875 0.1328125
0 0.746875 0.1703125 0.075 0.10625
0 0.39453125 0.16796875 0.0828125 0.1328125
0 0.89921875 0.165625 0.0765625 0.1375
0 0.2109375 0.1625 0.084375 0.128125
0 0.3109375 0.1625 0.084375 0.1375
0 0.61328125 0.1640625 0.0828125 0.134375
0 0.52265625 0.159375 0.0765625 0.134375
0 0.125 0.15546875 0.0875 0.1328125
0 0.80859375 0.08828125 0.0578125 0.0984375
0 0.7484375 0.07890625 0.075 0.1140625
0 0.59453125 0.05859375 0.0765625 0.0984375
0 0.45703125 0.0609375 0.0828125 0.115625
0 0.521875 0.05703125 0.071875 0.1078125
0 0.284375 0.05390625 0.0875 0.1015625
0 0.19765625 0.04921875 0.0921875 0.0921875
0 0.9015625 0.03671875 0.071875 0.0671875
0 0.775 0.8703125 0.05625 0.115625
0 0.27734375 0.86796875 0.0859375 0.1453125
0 0.60703125 0.8671875 0.0703125 0.1375
0 0.540625 0.86640625 0.084375 0.1421875
0 0.72734375 0.8671875 0.0703125 0.128125
0 0.38828125 0.86796875 0.0890625 0.1390625
0 0.17421875 0.86640625 0.0890625 0.1453125
0 0.45625 0.86640625 0.075 0.1421875
0 0.66640625 0.86484375 0.0671875 0.1328125
0 0.86640625 0.8640625 0.0765625 0.128125
0 0.978125 0.8640625 0.04375 0.125
0 0.91953125 0.8578125 0.0609375 0.121875