0 0.41640625 0.59609375 0.1390625 0.1296875
0 0.9203125 0.5953125 0.134375 0.121875
0 0.68203125 0.5859375 0.1421875 0.128125
0 0.07109375 0.571875 0.0984375 0.115625
0 0.15234375 0.56640625 0.1453125 0.1328125
0 0.30234375 0.5359375 0.1328125 0.11875
0 0.7890625 0.528125 0.134375 0.11875
0 0.54453125 0.51171875 0.1421875 0.1234375
0 0.4265625 0.49140625 0.125 0.1015625
0 0.65625 0.48046875 0.125 0.1015625
0 0.19375 0.4828125 0.128125 0.09375
0 0.8828125 0.4796875 0.125 0.103125
0 0.084375 0.46015625 0.115625 0.1015625
0 0.3203125 0.44296875 0.125 0.0859375
0 0.75546875 0.4265625 0.1296875 0.096875
0 0.95390625 0.421875 0.0890625 0.103125
0 0.540625 0.42265625 0.128125 0.0890625
0 0.42890625 0.39765625 0.1203125 0.0890625
0 0.21015625 0.3828125 0.1203125 0.096875
0 0.64375 0.38203125 0.121875 0.0984375
0 0.84921875 0.3796875 0.1203125 0.09375
0 0.12890625 0.37734375 0.0984375 0.0890625
0 0.32109375 0.353125 0.1078125 0.09375
0 0.5296875 0.3484375 0.115625 0.084375
0 0.7375 0.33515625 0.11875 0.0921875
0 0.42890625 0.3109375 0.1140625 0.084375
0 0.1390625 0.29296875 0.096875 0.0796875
0 0.94453125 0.29140625 0.1078125 0.0953125
0 0.24140625 0.290625 0.1109375 0.084375
0 0.83046875 0.275 0.1109375 0.0875
0 0.63359375 0.26171875 0.1171875 0.0890625
0 0.521875 0.24296875 0.10625 0.0828125
0 0.4265625 0.22890625 0.096875 0.0765625
0 0.321875 0.22578125 0.103125 0.0765625
0 0.72578125 0.2203125 0.1109375 0.084375