0 0.36171875 0.146875 0.0453125 0.096875
0 0.19453125 0.16015625 0.0609375 0.1140625
0 0.04609375 0.16796875 0.0484375 0.0921875
0 0.771875 0.17890625 0.115625 0.2265625
0 0.3265625 0.19609375 0.053125 0.0890625
0 0.09765625 0.19765625 0.0359375 0.0578125
0 0.1421875 0.20546875 0.053125 0.1078125
0 0.25546875 0.21484375 0.0484375 0.1015625
0 0.44921875 0.21796875 0.1546875 0.3109375
0 0.3390625 0.025 0.040625 0.05
0 0.01796875 0.25 0.0359375 0.0875
0 0.3625 0.25 0.040625 0.096875
0 0.12890625 0.26328125 0.0453125 0.0796875
0 0.07734375 0.26875 0.0484375 0.075
0 0.30390625 0.26953125 0.0578125 0.1109375
0 0.21875 0.271875 0.04375 0.0875
0 0.259375 0.02890625 0.040625 0.0578125
0 0.64453125 0.30078125 0.1203125 0.2453125
0 0.1828125 0.30078125 0.04375 0.0828125
0 0.25390625 0.31953125 0.0453125 0.0890625
0 0.19921875 0.03515625 0.0515625 0.0703125
0 0.8765625 0.3390625 0.103125 0.25
0 0.1453125 0.340625 0.04375 0.084375
0 0.0140625 0.3453125 0.028125 0.103125
0 0.35625 0.34921875 0.053125 0.1015625
0 0.0609375 0.353125 0.05625 0.103125
0 0.19921875 0.359375 0.0484375 0.09375
0 0.31328125 0.3828125 0.0484375 0.096875
0 0.7921875 0.41171875 0.1375 0.2984375
0 0.24921875 0.41328125 0.0453125 0.0890625
0 0.396875 0.4140625 0.04375 0.0875
0 0.51171875 0.42109375 0.0390625 0.0765625
0 0.12734375 0.42578125 0.0453125 0.0921875
0 0.44375 0.42734375 0.040625 0.0890625
0 0.05234375 0.43359375 0.0453125 0.0765625
0 0.0625 0.04453125 0.053125 0.0890625
0 0.36015625 0.446875 0.0453125 0.084375
0 0.0140625 0.44609375 0.028125 0.0859375
0 0.10390625 0.4515625 0.0390625 0.084375
0 0.21015625 0.45546875 0.0453125 0.0890625
0 0.54921875 0.45703125 0.0390625 0.0828125
0 0.37734375 0.0453125 0.0453125 0.0875
0 0.48046875 0.46640625 0.0359375 0.0765625
0 0.18984375 0.47890625 0.0328125 0.0765625
0 0.30234375 0.4875 0.0453125 0.09375
0 0.515625 0.50546875 0.040625 0.0828125
0 0.41015625 0.51171875 0.0453125 0.0890625
0 0.45078125 0.51640625 0.0359375 0.0796875
0 0.04140625 0.5203125 0.0484375 0.09375
0 0.90859375 0.52265625 0.0921875 0.2046875
0 0.24375 0.53359375 0.053125 0.1015625
0 0.35078125 0.53671875 0.0484375 0.0921875
0 0.54921875 0.5375 0.0390625 0.075
0 0.09921875 0.54140625 0.0484375 0.0921875
0 0.48359375 0.55 0.0390625 0.075
0 0.6609375 0.5578125 0.1375 0.284375
0 0.83125 0.56953125 0.11875 0.2046875
0 0.5140625 0.58125 0.034375 0.065625
0 0.390625 0.58671875 0.040625 0.0828125
0 0.29921875 0.5875 0.0484375 0.090625
0 0.44765625 0.5921875 0.0390625 0.075
0 0.06953125 0.603125 0.0453125 0.0875
0 0.56171875 0.621875 0.0453125 0.09375
0 0.48046875 0.634375 0.0390625 0.075
0 0.01328125 0.6359375 0.0265625 0.09375
0 0.41484375 0.63671875 0.0359375 0.0703125
0 0.20859375 0.646875 0.0515625 0.10625
0 0.3296875 0.64921875 0.053125 0.1015625
0 0.44609375 0.6609375 0.0359375 0.065625
0 0.14765625 0.6625 0.0515625 0.103125
0 0.3828125 0.66328125 0.034375 0.0671875
0 0.21796875 0.0671875 0.0515625 0.096875
0 0.60703125 0.67578125 0.0453125 0.0921875
0 0.16015625 0.06953125 0.0453125 0.0890625
0 0.52578125 0.6875 0.0515625 0.096875
0 0.08046875 0.6921875 0.0484375 0.090625
0 0.4234375 0.69921875 0.034375 0.0703125
0 0.56328125 0.7078125 0.0390625 0.084375
0 0.2546875 0.7140625 0.053125 0.10625
0 0.8609375 0.715625 0.096875 0.190625
0 0.32578125 0.07421875 0.0453125 0.0890625
0 0.45234375 0.7234375 0.0296875 0.071875
0 0.753125 0.728125 0.096875 0.196875
0 0.4828125 0.7328125 0.04375 0.090625
0 0.18046875 0.73515625 0.0328125 0.0796875
0 0.59921875 0.73671875 0.0390625 0.0703125
0 0.38671875 0.74140625 0.0359375 0.0703125
0 0.31640625 0.74140625 0.0515625 0.0984375
0 0.13359375 0.7484375 0.0453125 0.075
0 0.21796875 0.75 0.0515625 0.096875
0 0.3484375 0.76328125 0.034375 0.0703125
0 0.43125 0.76328125 0.034375 0.0703125
0 0.5265625 0.76953125 0.04375 0.0828125
0 0.1609375 0.7734375 0.04375 0.084375
0 0.56015625 0.78671875 0.0390625 0.0828125
0 0.68359375 0.08046875 0.1296875 0.1609375
0 0.0140625 0.0796875 0.028125 0.09375
0 0.4890625 0.8109375 0.040625 0.075
0 0.08515625 0.81484375 0.0453125 0.0828125
0 0.14765625 0.8171875 0.0328125 0.065625
0 0.19453125 0.8171875 0.0453125 0.0875
0 0.31875 0.8171875 0.040625 0.0625
0 0.39609375 0.821875 0.0359375 0.075
0 0.5984375 0.8234375 0.04375 0.09375
0 0.353125 0.84453125 0.040625 0.0765625
0 0.29765625 0.84609375 0.0359375 0.0796875
0 0.24296875 0.85234375 0.0578125 0.1078125
0 0.1734375 0.85234375 0.04375 0.0796875
0 0.4046875 0.08515625 0.040625 0.0703125
0 0.5609375 0.86015625 0.03125 0.0703125
0 0.5296875 0.86171875 0.04375 0.0890625
0 0.45234375 0.86953125 0.0390625 0.0796875
0 0.6453125 0.878125 0.04375 0.096875
0 0.0140625 0.89140625 0.028125 0.1046875
0 0.95 0.09140625 0.096875 0.1828125
0 0.41796875 0.90234375 0.0390625 0.0796875
0 0.334375 0.90546875 0.04375 0.0796875
0 0.97109375 0.90625 0.0578125 0.1875
0 0.85859375 0.91171875 0.0984375 0.1765625
0 0.48828125 0.91328125 0.0390625 0.0828125
0 0.60234375 0.9328125 0.0453125 0.096875
0 0.0578125 0.94140625 0.053125 0.0984375
0 0.25 0.95 0.04375 0.0875
0 0.11640625 0.95546875 0.0546875 0.0890625
0 0.453125 0.95859375 0.040625 0.0796875
0 0.38125 0.96015625 0.040625 0.0765625
0 0.6390625 0.96171875 0.04375 0.0765625
0 0.2953125 0.9625 0.04375 0.071875
0 0.34765625 0.9640625 0.0359375 0.071875
0 0.5640625 0.96640625 0.040625 0.0671875
0 0.42109375 0.97109375 0.0390625 0.0578125
0 0.48515625 0.97421875 0.0390625 0.0515625
0 0.26796875 0.10078125 0.0515625 0.1015625
0 0.0828125 0.1046875 0.05625 0.103125
0 0.5609375 0.128125 0.125 0.25