0 0.81484375 0.275 0.0921875 0.146875
0 0.20625 0.28671875 0.09375 0.1546875
0 0.71796875 0.3171875 0.0890625 0.146875
0 0.62890625 0.3796875 0.0890625 0.146875
0 0.89921875 0.3796875 0.0921875 0.15
0 0.409375 0.40390625 0.0875 0.1453125
0 0.2640625 0.41953125 0.09375 0.1515625
0 0.80546875 0.425 0.0921875 0.146875
0 0.53046875 0.4578125 0.0890625 0.146875
0 0.965625 0.4578125 0.065625 0.1375
0 0.690625 0.48046875 0.090625 0.1515625
0 0.221875 0.5140625 0.0875 0.15
0 0.44609375 0.521875 0.0890625 0.15
0 0.86875 0.528125 0.09375 0.146875
0 0.0421875 0.52890625 0.084375 0.1546875
0 0.615625 0.565625 0.096875 0.15
0 0.365625 0.5734375 0.0875 0.146875
0 0.753125 0.5921875 0.090625 0.15
0 0.52734375 0.60390625 0.0859375 0.1453125
0 0.94765625 0.60703125 0.0921875 0.1421875
0 0.27890625 0.63203125 0.0921875 0.1484375
0 0.10234375 0.64453125 0.0890625 0.1453125
0 0.190625 0.65390625 0.0875 0.1453125
0 0.43984375 0.66953125 0.0921875 0.1421875
0 0.6765625 0.6734375 0.09375 0.153125
0 0.90859375 0.74140625 0.0921875 0.1421875
0 0.24453125 0.7609375 0.0609375 0.128125
0 0.97578125 0.76328125 0.0453125 0.1421875
0 0.30703125 0.76640625 0.0890625 0.1515625
0 0.6140625 0.76875 0.0875 0.146875
0 0.7203125 0.77421875 0.084375 0.1296875
0 0.484375 0.78203125 0.09375 0.1546875
0 0.8078125 0.78203125 0.090625 0.1453125
0 0.06015625 0.78125 0.0828125 0.15
0 0.12734375 0.796875 0.0890625 0.1375