0 0.4984375 0.2015625 0.103125 0.165625
0 0.396875 0.2078125 0.103125 0.165625
0 0.7890625 0.22265625 0.10625 0.1703125
0 0.1296875 0.3109375 0.103125 0.165625
0 0.3203125 0.321875 0.103125 0.1625
0 0.9046875 0.3484375 0.103125 0.159375
0 0.5515625 0.35 0.10625 0.165625
0 0.44453125 0.3546875 0.1015625 0.159375
0 0.80859375 0.384375 0.1078125 0.165625
0 0.20390625 0.4359375 0.1109375 0.165625
0 0.7109375 0.4453125 0.103125 0.159375
0 0.9609375 0.46640625 0.075 0.2265625
0 0.08515625 0.4734375 0.1078125 0.165625
0 0.60859375 0.48515625 0.1015625 0.1640625
0 0.30078125 0.48828125 0.1015625 0.1609375
0 0.503125 0.496875 0.103125 0.165625
0 0.39765625 0.5078125 0.1015625 0.165625
0 0.85546875 0.52734375 0.1421875 0.2171875
0 0.0359375 0.57734375 0.071875 0.1640625
0 0.1625 0.59296875 0.10625 0.1640625
0 0.71875 0.63671875 0.146875 0.2265625
0 0.56484375 0.6515625 0.1453125 0.21875
0 0.25625 0.6640625 0.103125 0.165625
0 0.94453125 0.6859375 0.1109375 0.21875
0 0.41328125 0.6890625 0.1421875 0.215625
0 0.05625 0.73828125 0.10625 0.1609375
0 0.82421875 0.7390625 0.1421875 0.2125
0 0.16640625 0.74375 0.1015625 0.15
0 0.65234375 0.82265625 0.1421875 0.2046875
0 0.2546875 0.82421875 0.103125 0.1609375
0 0.50859375 0.84609375 0.1453125 0.2078125
0 0.5984375 0.090625 0.115625 0.178125
0 0.36640625 0.88671875 0.1453125 0.1921875
0 0.04453125 0.89921875 0.0890625 0.1640625
0 0.2375 0.946875 0.103125 0.10625
0 0.6921875 0.1546875 0.10625 0.16875
0 0.15234375 0.8828125 0.1109375 0.15
0 0.65234375 0.30703125 0.1109375 0.1546875