0 0.11484375 0.27578125 0.0609375 0.2515625
0 0.17890625 0.275 0.0609375 0.25
0 0.05390625 0.28828125 0.0578125 0.2484375
0 0.4296875 0.29140625 0.0625 0.2546875
0 0.66875 0.30859375 0.0625 0.2484375
0 0.25234375 0.31640625 0.0578125 0.2453125
0 0.74140625 0.3171875 0.0671875 0.259375
0 0.915625 0.31953125 0.065625 0.2546875
0 0.49140625 0.32421875 0.0609375 0.2453125
0 0.36640625 0.35625 0.0609375 0.253125
0 0.6078125 0.37578125 0.059375 0.2453125
0 0.85625 0.39296875 0.065625 0.2515625
0 0.30859375 0.4234375 0.0609375 0.240625
0 0.546875 0.43359375 0.0625 0.2453125
0 0.79140625 0.46953125 0.0671875 0.2546875
0 0.15078125 0.49765625 0.0609375 0.2515625
0 0.08984375 0.49921875 0.0609375 0.2453125
0 0.02890625 0.51875 0.0578125 0.246875
0 0.921875 0.053125 0.065625 0.10625
0 0.4140625 0.53671875 0.0625 0.2484375
0 0.43671875 0.05625 0.0671875 0.1125
0 0.653125 0.5515625 0.0625 0.240625
0 0.47734375 0.5625 0.0609375 0.24375
0 0.7234375 0.56953125 0.065625 0.2546875
0 0.23828125 0.56875 0.0609375 0.24375
0 0.9 0.571875 0.065625 0.253125
0 0.35390625 0.5984375 0.0609375 0.240625
0 0.5921875 0.61484375 0.0625 0.2390625
0 0.8359375 0.64375 0.065625 0.246875
0 0.29296875 0.66015625 0.0609375 0.2359375
0 0.53125 0.6703125 0.0625 0.240625
0 0.2015625 0.71171875 0.05625 0.2234375
0 0.7734375 0.71328125 0.065625 0.2453125
0 0.1390625 0.7140625 0.05625 0.215625
0 0.0828125 0.7328125 0.053125 0.21875
0 0.40859375 0.765625 0.0609375 0.228125
0 0.978125 0.76953125 0.04375 0.2234375
0 0.6390625 0.77421875 0.059375 0.2265625
0 0.8625 0.78828125 0.0625 0.2265625
0 0.35078125 0.83046875 0.0578125 0.2265625
0 0.5828125 0.8421875 0.059375 0.228125
0 0.80546875 0.8578125 0.0609375 0.228125
0 0.7609375 0.0875 0.06875 0.175
0 0.2609375 0.0890625 0.0625 0.178125
0 0.29453125 0.8875 0.0578125 0.221875
0 0.23515625 0.8890625 0.0609375 0.21875
0 0.52265625 0.89140625 0.0609375 0.2140625
0 0.1703125 0.89140625 0.05625 0.2140625
0 0.146875 0.08984375 0.059375 0.1796875
0 0.9109375 0.89453125 0.0625 0.2078125
0 0.4578125 0.89765625 0.0625 0.2015625
0 0.74609375 0.9 0.0609375 0.196875
0 0.1140625 0.90234375 0.05625 0.1921875
0 0.6859375 0.9078125 0.0625 0.18125
0 0.0609375 0.91171875 0.05625 0.1765625
0 0.07421875 0.09375 0.0609375 0.1875
0 0.96015625 0.9359375 0.0609375 0.125
0 0.39296875 0.93984375 0.0609375 0.1203125
0 0.6234375 0.946875 0.059375 0.10625
0 0.50390625 0.09765625 0.0671875 0.1953125
0 0.02265625 0.10234375 0.0453125 0.2046875
0 0.38359375 0.1203125 0.0609375 0.240625
0 0.6234375 0.13203125 0.0625 0.2484375
0 0.87265625 0.13671875 0.0671875 0.2546875
0 0.32421875 0.18046875 0.0609375 0.2453125
0 0.5609375 0.1890625 0.0625 0.24375
0 0.80234375 0.21015625 0.0671875 0.2546875
0 0.984375 0.23828125 0.03125 0.2484375