0 0.88671875 0.725 0.0609375 0.253125
0 0.82109375 0.7234375 0.0609375 0.25
0 0.94765625 0.7109375 0.0578125 0.246875
0 0.5703125 0.71015625 0.0625 0.2546875
0 0.3328125 0.69140625 0.0625 0.2484375
0 0.74765625 0.68359375 0.0578125 0.2453125
0 0.26015625 0.6828125 0.0671875 0.259375
0 0.0859375 0.68046875 0.065625 0.2546875
0 0.50859375 0.67578125 0.0609375 0.2453125
0 0.634375 0.64296875 0.059375 0.2515625
0 0.39140625 0.62578125 0.0609375 0.2453125
0 0.14375 0.6078125 0.065625 0.253125
0 0.69140625 0.5765625 0.0609375 0.240625
0 0.4515625 0.56796875 0.0625 0.2453125
0 0.21015625 0.53203125 0.0671875 0.2546875
0 0.85078125 0.50234375 0.0609375 0.2515625
0 0.91015625 0.50078125 0.0609375 0.2453125
0 0.97109375 0.48203125 0.0578125 0.2484375
0 0.078125 0.946875 0.065625 0.10625
0 0.5875 0.46328125 0.0625 0.2484375
0 0.56328125 0.94375 0.0671875 0.1125
0 0.346875 0.446875 0.0625 0.240625
0 0.52265625 0.4359375 0.0609375 0.24375
0 0.278125 0.43046875 0.065625 0.2546875
0 0.7609375 0.43203125 0.059375 0.2421875
0 0.1 0.4265625 0.065625 0.253125
0 0.6453125 0.4015625 0.059375 0.240625
0 0.409375 0.38671875 0.0625 0.2390625
0 0.16484375 0.35703125 0.0640625 0.2484375
0 0.70625 0.33984375 0.059375 0.2359375
0 0.46875 0.3296875 0.0625 0.240625
0 0.8 0.28828125 0.05625 0.2234375
0 0.22734375 0.28671875 0.0640625 0.2453125
0 0.8625 0.28671875 0.05625 0.2171875
0 0.91875 0.26875 0.053125 0.21875
0 0.58984375 0.234375 0.0609375 0.228125
0 0.021875 0.23046875 0.04375 0.2234375
0 0.36171875 0.2265625 0.0609375 0.225
0 0.1375 0.21171875 0.0625 0.2265625
0 0.64921875 0.16796875 0.0578125 0.2265625
0 0.41796875 0.1578125 0.0609375 0.228125
0 0.19453125 0.14375 0.0609375 0.228125
0 0.2375 0.9125 0.06875 0.175
0 0.7390625 0.9109375 0.0625 0.178125
0 0.70546875 0.1140625 0.0578125 0.221875
0 0.76640625 0.1125 0.0609375 0.21875
0 0.47734375 0.11015625 0.0609375 0.2140625
0 0.828125 0.11015625 0.05625 0.2140625
0 0.853125 0.91015625 0.059375 0.1796875
0 0.0890625 0.10546875 0.0625 0.2078125
0 0.54375 0.10390625 0.0625 0.2015625
0 0.25390625 0.1015625 0.0609375 0.196875
0 0.8859375 0.09921875 0.05625 0.1921875
0 0.315625 0.0921875 0.0625 0.18125
0 0.93984375 0.08828125 0.0546875 0.1765625
0 0.92734375 0.90625 0.0609375 0.1875
0 0.03984375 0.065625 0.0609375 0.125
0 0.6078125 0.06015625 0.059375 0.1203125
0 0.37734375 0.053125 0.0609375 0.10625
0 0.49609375 0.90234375 0.0671875 0.1953125
0 0.97734375 0.89765625 0.0453125 0.2046875
0 0.6171875 0.8796875 0.059375 0.240625
0 0.378125 0.8671875 0.0625 0.246875
0 0.12734375 0.86328125 0.0671875 0.2546875
0 0.6765625 0.81953125 0.059375 0.2453125
0 0.440625 0.8109375 0.0625 0.24375
0 0.19765625 0.78828125 0.0671875 0.2546875
0 0.015625 0.7609375 0.03125 0.246875