0 0.82421875 0.25 0.1234375 0.221875
0 0.7015625 0.2546875 0.115625 0.19375
0 0.57421875 0.2609375 0.1328125 0.23125
0 0.4421875 0.26796875 0.128125 0.2078125
0 0.296875 0.26796875 0.159375 0.2359375
0 0.771875 0.446875 0.10625 0.1875
0 0.64765625 0.4578125 0.1421875 0.21875
0 0.5125 0.4671875 0.11875 0.196875
0 0.37421875 0.48046875 0.1515625 0.2390625
0 0.2265625 0.48828125 0.13125 0.2078125
0 0.578125 0.06640625 0.11875 0.1328125
0 0.759375 0.65234375 0.125 0.2109375
0 0.2953125 0.06640625 0.1375 0.1328125
0 0.83515625 0.06875 0.1140625 0.134375
0 0.64140625 0.6765625 0.1140625 0.1875
0 0.50234375 0.684375 0.1421875 0.21875
0 0.43515625 0.071875 0.1421875 0.14375
0 0.3640625 0.70078125 0.125 0.1953125
0 0.21875 0.71484375 0.159375 0.2359375
0 0.70859375 0.0734375 0.1328125 0.146875
0 0.83515625 0.8453125 0.1171875 0.2
0 0.715625 0.8671875 0.115625 0.184375
0 0.5875 0.88203125 0.128125 0.2140625
0 0.453125 0.9046875 0.125 0.190625
0 0.309375 0.90703125 0.15 0.1859375
0 0.82578125 0.97734375 0.0984375 0.0453125
0 0.70703125 0.984375 0.0984375 0.03125