0 0.10234375 0.23203125 0.2046875 0.3484375
0 0.5171875 0.24609375 0.2125 0.3296875
0 0.30390625 0.24765625 0.1921875 0.2984375
0 0.72109375 0.25234375 0.1828125 0.2859375
0 0.90859375 0.25703125 0.1828125 0.3296875
0 0.04296875 0.53515625 0.0859375 0.2796875
0 0.41953125 0.53828125 0.1796875 0.2859375
0 0.2046875 0.53828125 0.23125 0.3359375
0 0.628125 0.54140625 0.221875 0.3328125
0 0.8328125 0.54296875 0.18125 0.2765625
0 0.05625 0.83828125 0.1125 0.3171875
0 0.41171875 0.84375 0.2171875 0.3125
0 0.8171875 0.84296875 0.2125 0.3109375
0 0.20546875 0.84921875 0.1828125 0.2703125
0 0.61953125 0.85625 0.1765625 0.275