0 0.10234375 0.23203125 0.2046875 0.3484375
0 0.5171875 0.24609375 0.2125 0.3296875
0 0.30390625 0.24609375 0.1921875 0.2984375
0 0.72109375 0.25078125 0.1828125 0.2859375
0 0.90859375 0.25703125 0.1828125 0.3296875
0 0.04296875 0.53515625 0.0859375 0.2796875
0 0.41875 0.53828125 0.18125 0.2859375
0 0.2046875 0.5375 0.23125 0.3375
0 0.6265625 0.53984375 0.221875 0.3328125
0 0.8328125 0.54296875 0.18125 0.2765625
0 0.05625 0.83828125 0.1125 0.3171875
0 0.41171875 0.84375 0.2171875 0.3125
0 0.8171875 0.84296875 0.2125 0.3109375
0 0.20546875 0.84765625 0.1828125 0.2703125
0 0.61953125 0.85546875 0.1765625 0.2734375
0 0.31484375 0.0359375 0.1765625 0.071875
0 0.5140625 0.03515625 0.165625 0.0703125
0 0.0890625 0.02265625 0.178125 0.0453125
0 0.7265625 0.04296875 0.2 0.0828125
0 0.92265625 0.040625 0.1546875 0.08125