0 0.3359375 0.79296875 0.09375 0.1390625
0 0.228125 0.7875 0.09375 0.1375
0 0.54375 0.78671875 0.0875 0.1390625
0 0.4828125 0.684375 0.090625 0.1375
0 0.2875 0.67890625 0.09375 0.1390625
0 0.38671875 0.6765625 0.0921875 0.134375
0 0.7828125 0.6734375 0.09375 0.134375
0 0.1765625 0.66796875 0.0875 0.1421875
0 0.690625 0.66875 0.090625 0.134375
0 0.58984375 0.66640625 0.0890625 0.1390625
0 0.8921875 0.66171875 0.096875 0.1390625
0 0.52890625 0.5640625 0.0921875 0.1375
0 0.43828125 0.5625 0.0921875 0.134375
0 0.33984375 0.5609375 0.0921875 0.134375
0 0.2390625 0.559375 0.09375 0.1375
0 0.1234375 0.55625 0.09375 0.134375
0 0.83203125 0.55234375 0.0921875 0.1421875
0 0.64140625 0.55 0.0890625 0.1375
0 0.0328125 0.54609375 0.065625 0.1390625
0 0.73984375 0.5453125 0.0890625 0.1375
0 0.93828125 0.53984375 0.0921875 0.1328125
0 0.1859375 0.446875 0.09375 0.134375
0 0.38828125 0.446875 0.0890625 0.134375
0 0.58046875 0.446875 0.0890625 0.1375
0 0.29140625 0.44375 0.0953125 0.1375
0 0.4796875 0.44296875 0.09375 0.1390625
0 0.078125 0.43515625 0.09375 0.1390625
0 0.87734375 0.4359375 0.0921875 0.134375
0 0.68828125 0.4296875 0.0921875 0.1375
0 0.78671875 0.42890625 0.0921875 0.1390625
0 0.9734375 0.4265625 0.053125 0.1375
0 0.23671875 0.33046875 0.0921875 0.1390625
0 0.340625 0.328125 0.09375 0.1375
0 0.1390625 0.32734375 0.09375 0.1390625
0 0.53046875 0.32421875 0.0890625 0.1390625
0 0.62578125 0.32421875 0.0921875 0.1390625
0 0.43515625 0.32421875 0.0921875 0.1390625
0 0.9375 0.31953125 0.096875 0.1421875
0 0.0421875 0.3171875 0.084375 0.1375
0 0.8375 0.3140625 0.09375 0.1375
0 0.7359375 0.31015625 0.090625 0.1390625
0 0.28828125 0.21484375 0.0921875 0.1390625
0 0.38671875 0.2078125 0.0921875 0.1375
0 0.9734375 0.20703125 0.053125 0.1390625
0 0.19296875 0.2078125 0.0921875 0.1375
0 0.6734375 0.20703125 0.090625 0.1390625
0 0.0953125 0.20625 0.09375 0.1375
0 0.48203125 0.2046875 0.0890625 0.134375
0 0.5765625 0.2015625 0.090625 0.1375
0 0.890625 0.2 0.09375 0.134375
0 0.790625 0.19453125 0.09375 0.1390625
0 0.2421875 0.08984375 0.09375 0.1421875
0 0.04453125 0.08984375 0.0890625 0.1421875
0 0.3375 0.090625 0.09375 0.1375
0 0.14375 0.08984375 0.09375 0.1390625
0 0.43359375 0.08671875 0.0890625 0.1390625
0 0.7203125 0.0875 0.09375 0.1375
0 0.946875 0.08671875 0.09375 0.1390625
0 0.52578125 0.084375 0.0890625 0.134375
0 0.6265625 0.08125 0.09375 0.1375
0 0.840625 0.0796875 0.09375 0.134375
0 0.278125 0.903125 0.09375 0.1375