0 0.6015625 0.0875 0.04375 0.065625
0 0.5 0.871875 0.04375 0.065625
0 0.40703125 0.8734375 0.0453125 0.0625
0 0.45546875 0.87421875 0.0453125 0.0609375
0 0.36171875 0.884375 0.0484375 0.0625
0 0.26796875 0.8859375 0.0453125 0.065625
0 0.31484375 0.8890625 0.0453125 0.0625
0 0.22109375 0.890625 0.0453125 0.0625
0 0.67421875 0.1 0.0453125 0.0625
0 0.61875 0.1140625 0.04375 0.0625
0 0.559375 0.134375 0.04375 0.0625
0 0.696875 0.1546875 0.04375 0.0625
0 0.65 0.165625 0.04375 0.0625
0 0.596875 0.165625 0.04375 0.0625
0 0.4796875 0.171875 0.04375 0.0625
0 0.825 0.1765625 0.04375 0.0625
0 0.7734375 0.18125 0.04375 0.0625
0 0.5265625 0.184375 0.04375 0.0625
0 0.71875 0.20078125 0.04375 0.0609375
0 0.56875 0.2140625 0.04375 0.0625
0 0.6234375 0.221875 0.04375 0.065625
0 0.66875 0.22265625 0.04375 0.0609375
0 0.40234375 0.225 0.0453125 0.0625
0 0.45546875 0.22734375 0.0453125 0.0640625
0 0.796875 0.23359375 0.04375 0.0609375
0 0.5015625 0.24375 0.04375 0.0625
0 0.8578125 0.25078125 0.04375 0.0609375
0 0.75625 0.2515625 0.04375 0.0625
0 0.71484375 0.26171875 0.0453125 0.0609375
0 0.59140625 0.2671875 0.0453125 0.0625
0 0.54375 0.26875 0.04375 0.0625
0 0.32421875 0.275 0.0453125 0.0625
0 0.65 0.2796875 0.04375 0.0625
0 0.37890625 0.2828125 0.0453125 0.0625
0 0.43046875 0.284375 0.0453125 0.0625
0 0.80625 0.28828125 0.040625 0.0578125
0 0.47578125 0.3 0.0453125 0.0625
0 0.8765625 0.30546875 0.04375 0.0609375
0 0.7765625 0.3109375 0.04375 0.0625
0 0.6875 0.315625 0.04375 0.0625
0 0.7328125 0.31953125 0.04375 0.0609375
0 0.56875 0.32109375 0.04375 0.0609375
0 0.5203125 0.3234375 0.04375 0.065625
0 0.6171875 0.32421875 0.04375 0.0609375
0 0.31484375 0.3390625 0.0453125 0.065625
0 0.36328125 0.34296875 0.0453125 0.0640625
0 0.41015625 0.3453125 0.0453125 0.0625
0 0.8421875 0.353125 0.04375 0.0625
0 0.45703125 0.3578125 0.0484375 0.0625
0 0.65390625 0.3578125 0.0453125 0.0625
0 0.796875 0.37109375 0.04375 0.0609375
0 0.753125 0.3734375 0.04375 0.0625
0 0.7015625 0.3734375 0.04375 0.0625
0 0.5484375 0.38046875 0.04375 0.0609375
0 0.59609375 0.38125 0.0453125 0.0625
0 0.23984375 0.38125 0.0484375 0.0625
0 0.5046875 0.38359375 0.04375 0.0609375
0 0.33671875 0.39609375 0.0453125 0.0609375
0 0.29296875 0.396875 0.0453125 0.0625
0 0.8828125 0.40234375 0.04375 0.0609375
0 0.38984375 0.403125 0.0453125 0.0625
0 0.44765625 0.4203125 0.0453125 0.0625
0 0.9578125 0.42890625 0.04375 0.0609375
0 0.6765625 0.43125 0.04375 0.0625
0 0.8265625 0.44140625 0.04375 0.0609375
0 0.5828125 0.4421875 0.04375 0.0625
0 0.778125 0.44296875 0.04375 0.0578125
0 0.23671875 0.4453125 0.0453125 0.065625
0 0.628125 0.44453125 0.04375 0.0609375
0 0.915625 0.44921875 0.04375 0.0609375
0 0.734375 0.4515625 0.04375 0.0625
0 0.50234375 0.4515625 0.0453125 0.0625
0 0.33359375 0.459375 0.0453125 0.0625
0 0.28203125 0.46015625 0.0453125 0.0609375
0 0.8765625 0.46484375 0.04375 0.0609375
0 0.39609375 0.46484375 0.0453125 0.0609375
0 0.9828125 0.47578125 0.03125 0.0671875
0 0.696875 0.484375 0.04375 0.0625
0 0.4671875 0.4890625 0.04375 0.0625
0 0.5546875 0.49375 0.04375 0.0625
0 0.94375 0.49609375 0.04375 0.0609375
0 0.8359375 0.50234375 0.04375 0.0609375
0 0.6 0.503125 0.04375 0.059375
0 0.21796875 0.5046875 0.0453125 0.065625
0 0.6484375 0.50625 0.04375 0.059375
0 0.36171875 0.50703125 0.0484375 0.0609375
0 0.790625 0.509375 0.040625 0.0625
0 0.31328125 0.5140625 0.0453125 0.0625
0 0.9015625 0.515625 0.04375 0.0625
0 0.51171875 0.51875 0.0453125 0.0625
0 0.26484375 0.5203125 0.0453125 0.065625
0 0.75 0.5234375 0.04375 0.065625
0 0.43046875 0.5265625 0.0453125 0.0625
0 0.7078125 0.5484375 0.04375 0.059375
0 0.575 0.553125 0.04375 0.059375
0 0.9578125 0.5578125 0.04375 0.059375
0 0.821875 0.56328125 0.04375 0.0609375
0 0.6203125 0.56640625 0.04375 0.0609375
0 0.775 0.5671875 0.04375 0.0625
0 0.66796875 0.56875 0.0453125 0.0625
0 0.86875 0.5703125 0.04375 0.059375
0 0.9890625 0.571875 0.021875 0.059375
0 0.9109375 0.57890625 0.04375 0.0609375
0 0.40234375 0.5796875 0.0453125 0.059375
0 0.509375 0.5828125 0.04375 0.0625
0 0.35234375 0.5828125 0.0453125 0.059375
0 0.30390625 0.5875 0.0484375 0.0625
0 0.25703125 0.5953125 0.0453125 0.059375
0 0.7359375 0.6 0.04375 0.059375
0 0.55 0.6078125 0.04375 0.0625
0 0.46796875 0.61328125 0.0453125 0.0609375
0 0.59375 0.61875 0.04375 0.065625
0 0.69375 0.6203125 0.04375 0.0625
0 0.64140625 0.6234375 0.0453125 0.0625
0 0.8375 0.6234375 0.04375 0.0625
0 0.884375 0.628125 0.04375 0.059375
0 0.9765625 0.6296875 0.04375 0.0625
0 0.7859375 0.6296875 0.04375 0.0625
0 0.9328125 0.63125 0.04375 0.059375
0 0.4234375 0.6359375 0.04375 0.059375
0 0.33046875 0.640625 0.0453125 0.065625
0 0.38046875 0.6421875 0.0453125 0.0625
0 0.2796875 0.64375 0.04375 0.0625
0 0.50234375 0.65 0.0453125 0.065625
0 0.23671875 0.6578125 0.0453125 0.065625
0 0.18984375 0.6734375 0.0453125 0.065625
0 0.565625 0.6765625 0.04375 0.065625
0 0.8109375 0.6765625 0.04375 0.0625
0 0.903125 0.67890625 0.04375 0.0578125
0 0.8609375 0.68125 0.04375 0.0625
0 0.7640625 0.6828125 0.04375 0.0625
0 0.66328125 0.690625 0.0453125 0.0625
0 0.71796875 0.6921875 0.0390625 0.059375
0 0.46796875 0.6984375 0.0453125 0.0625
0 0.41328125 0.7015625 0.0453125 0.0625
0 0.31484375 0.7015625 0.0453125 0.065625
0 0.36484375 0.70625 0.0453125 0.065625
0 0.26796875 0.7078125 0.0453125 0.065625
0 0.52265625 0.7078125 0.0453125 0.0625
0 0.6046875 0.715625 0.04375 0.0625
0 0.22109375 0.721875 0.0484375 0.0625
0 0.934375 0.7234375 0.04375 0.0625
0 0.9828125 0.728125 0.034375 0.0625
0 0.8375 0.7328125 0.04375 0.0625
0 0.16796875 0.7328125 0.0484375 0.065625
0 0.8828125 0.7328125 0.04375 0.0625
0 0.740625 0.7359375 0.04375 0.0625
0 0.790625 0.7390625 0.04375 0.0625
0 0.56328125 0.74375 0.0453125 0.065625
0 0.69296875 0.74375 0.0453125 0.065625
0 0.6453125 0.7484375 0.04375 0.0625
0 0.44453125 0.753125 0.0453125 0.0625
0 0.49140625 0.7546875 0.0453125 0.0625
0 0.39765625 0.7609375 0.0453125 0.0625
0 0.29921875 0.7640625 0.0453125 0.0625
0 0.34765625 0.7640625 0.0453125 0.059375
0 0.25234375 0.7703125 0.0453125 0.0625
0 0.9125 0.7765625 0.04375 0.0625
0 0.19921875 0.7796875 0.0453125 0.065625
0 0.8578125 0.7859375 0.04375 0.0625
0 0.7546875 0.7859375 0.04375 0.0625
0 0.809375 0.79375 0.04375 0.0625
0 0.71640625 0.7953125 0.0453125 0.065625
0 0.66875 0.8015625 0.04375 0.0625
0 0.15234375 0.8015625 0.0453125 0.065625
0 0.42421875 0.8109375 0.0453125 0.065625
0 0.621875 0.81171875 0.04375 0.0609375
0 0.52734375 0.8140625 0.0453125 0.065625
0 0.47109375 0.8140625 0.0453125 0.0625
0 0.5765625 0.815625 0.04375 0.065625
0 0.37890625 0.8234375 0.0453125 0.0625
0 0.33046875 0.8265625 0.0484375 0.0625
0 0.23046875 0.8265625 0.0453125 0.065625
0 0.9359375 0.82734375 0.04375 0.0609375
0 0.9828125 0.82890625 0.034375 0.0609375
0 0.8875 0.83203125 0.04375 0.0609375
0 0.8359375 0.8390625 0.04375 0.0625
0 0.7390625 0.8484375 0.04375 0.0625
0 0.18671875 0.85078125 0.0453125 0.0671875
0 0.69453125 0.853125 0.0453125 0.0625
0 0.6484375 0.8578125 0.04375 0.0625
0 0.79296875 0.85859375 0.0453125 0.0609375
0 0.5921875 0.86484375 0.04375 0.0578125
0 0.5453125 0.865625 0.04375 0.0625