0 0.4 0.0875 0.04375 0.065625
0 0.5 0.871875 0.04375 0.065625
0 0.59296875 0.875 0.0453125 0.0625
0 0.54453125 0.87421875 0.0453125 0.0609375
0 0.63671875 0.884375 0.0484375 0.0625
0 0.73203125 0.8859375 0.0453125 0.065625
0 0.68359375 0.8890625 0.0453125 0.0625
0 0.77734375 0.8921875 0.0453125 0.0625
0 0.32578125 0.1015625 0.0453125 0.0625
0 0.3796875 0.115625 0.04375 0.0625
0 0.440625 0.134375 0.04375 0.0625
0 0.303125 0.15625 0.04375 0.0625
0 0.3484375 0.165625 0.04375 0.0625
0 0.4046875 0.165625 0.04375 0.0625
0 0.5203125 0.1734375 0.04375 0.0625
0 0.1765625 0.1765625 0.04375 0.0625
0 0.2265625 0.1828125 0.04375 0.0625
0 0.4734375 0.1859375 0.04375 0.0625
0 0.28125 0.20078125 0.04375 0.0609375
0 0.43125 0.2140625 0.04375 0.0625
0 0.378125 0.2234375 0.04375 0.065625
0 0.3328125 0.22265625 0.04375 0.0609375
0 0.59765625 0.2265625 0.0453125 0.0625
0 0.54453125 0.22734375 0.0453125 0.0640625
0 0.2015625 0.23515625 0.04375 0.0609375
0 0.4984375 0.2453125 0.04375 0.0625
0 0.1421875 0.25234375 0.04375 0.0609375
0 0.24375 0.253125 0.04375 0.0625
0 0.28515625 0.26328125 0.0453125 0.0609375
0 0.40859375 0.2671875 0.0453125 0.0625
0 0.4578125 0.2703125 0.04375 0.0625
0 0.67734375 0.2765625 0.0453125 0.0625
0 0.3484375 0.2796875 0.04375 0.0625
0 0.62109375 0.284375 0.0453125 0.0625
0 0.56953125 0.284375 0.0453125 0.0625
0 0.19375 0.28828125 0.040625 0.0578125
0 0.52578125 0.3015625 0.0453125 0.0625
0 0.1234375 0.30703125 0.04375 0.0609375
0 0.2234375 0.3109375 0.04375 0.0625
0 0.3125 0.315625 0.04375 0.0625
0 0.2671875 0.31953125 0.04375 0.0609375
0 0.43125 0.32109375 0.04375 0.0609375
0 0.48125 0.3234375 0.04375 0.065625
0 0.3828125 0.32421875 0.04375 0.0609375
0 0.68671875 0.340625 0.0453125 0.065625
0 0.63671875 0.34296875 0.0453125 0.0640625
0 0.58984375 0.346875 0.0453125 0.0625
0 0.159375 0.353125 0.04375 0.0625
0 0.54296875 0.3578125 0.0484375 0.0625
0 0.34609375 0.3578125 0.0453125 0.0625
0 0.2015625 0.37109375 0.04375 0.0609375
0 0.2484375 0.375 0.04375 0.0625
0 0.2984375 0.375 0.04375 0.0625
0 0.4515625 0.38203125 0.04375 0.0609375
0 0.40234375 0.3828125 0.0453125 0.0625
0 0.76015625 0.3828125 0.0484375 0.0625
0 0.4953125 0.38359375 0.04375 0.0609375
0 0.66328125 0.39609375 0.0453125 0.0609375
0 0.70859375 0.396875 0.0453125 0.0625
0 0.11875 0.40234375 0.04375 0.0609375
0 0.61015625 0.4046875 0.0453125 0.0625
0 0.55234375 0.4203125 0.0453125 0.0625
0 0.040625 0.42890625 0.04375 0.0609375
0 0.325 0.43125 0.04375 0.0625
0 0.1734375 0.44140625 0.04375 0.0609375
0 0.41875 0.4421875 0.04375 0.0625
0 0.221875 0.44296875 0.04375 0.0578125
0 0.76328125 0.446875 0.0453125 0.065625
0 0.3734375 0.44609375 0.04375 0.0609375
0 0.084375 0.44921875 0.04375 0.0609375
0 0.2640625 0.4515625 0.04375 0.0625
0 0.49609375 0.4515625 0.0453125 0.0625
0 0.66796875 0.459375 0.0453125 0.0625
0 0.71796875 0.46015625 0.0453125 0.0609375
0 0.1234375 0.46484375 0.04375 0.0609375
0 0.60546875 0.46484375 0.0453125 0.0609375
0 0.01875 0.47578125 0.03125 0.0671875
0 0.303125 0.4859375 0.04375 0.0625
0 0.534375 0.4890625 0.04375 0.0625
0 0.4453125 0.4953125 0.04375 0.0625
0 0.05625 0.49609375 0.04375 0.0609375
0 0.1640625 0.50234375 0.04375 0.0609375
0 0.4 0.50390625 0.04375 0.0609375
0 0.78359375 0.5046875 0.0453125 0.065625
0 0.3515625 0.50625 0.04375 0.059375
0 0.63671875 0.50859375 0.0484375 0.0609375
0 0.2078125 0.509375 0.040625 0.0625
0 0.68671875 0.5140625 0.0453125 0.0625
0 0.0984375 0.5171875 0.04375 0.0625
0 0.48984375 0.5203125 0.0453125 0.0625
0 0.73515625 0.5203125 0.0453125 0.065625
0 0.25 0.5234375 0.04375 0.065625
0 0.56953125 0.5265625 0.0453125 0.0625
0 0.29375 0.55 0.04375 0.059375
0 0.4265625 0.5546875 0.04375 0.059375
0 0.04375 0.55859375 0.04375 0.0609375
0 0.178125 0.5640625 0.04375 0.059375
0 0.3796875 0.56640625 0.04375 0.0609375
0 0.2234375 0.5671875 0.04375 0.0625
0 0.33359375 0.5703125 0.0453125 0.0625
0 0.1328125 0.571875 0.04375 0.059375
0 0.0109375 0.571875 0.021875 0.059375
0 0.0890625 0.57890625 0.04375 0.0609375
0 0.59765625 0.58125 0.0453125 0.059375
0 0.490625 0.584375 0.04375 0.0625
0 0.64765625 0.5828125 0.0453125 0.059375
0 0.69765625 0.5890625 0.0484375 0.0625
0 0.74453125 0.5953125 0.0453125 0.059375
0 0.2640625 0.6 0.04375 0.059375
0 0.45 0.6078125 0.04375 0.0625
0 0.53359375 0.6140625 0.0453125 0.059375
0 0.40625 0.61875 0.04375 0.065625
0 0.30625 0.6203125 0.04375 0.0625
0 0.36015625 0.625 0.0453125 0.0625
0 0.1640625 0.625 0.04375 0.0625
0 0.115625 0.62890625 0.04375 0.0609375
0 0.025 0.6296875 0.04375 0.0625
0 0.2140625 0.6296875 0.04375 0.0625
0 0.0671875 0.63125 0.04375 0.059375
0 0.5765625 0.6359375 0.04375 0.059375
0 0.66953125 0.640625 0.0453125 0.065625
0 0.61953125 0.6421875 0.0453125 0.0625
0 0.71875 0.6453125 0.04375 0.0625
0 0.49921875 0.65 0.0453125 0.065625
0 0.76328125 0.6578125 0.0453125 0.065625
0 0.81171875 0.675 0.0453125 0.065625
0 0.4359375 0.6765625 0.04375 0.065625
0 0.1875 0.678125 0.04375 0.0625
0 0.096875 0.68046875 0.04375 0.0578125
0 0.1390625 0.6828125 0.04375 0.0625
0 0.2359375 0.6828125 0.04375 0.0625
0 0.33828125 0.690625 0.0453125 0.0625
0 0.28203125 0.69375 0.0390625 0.059375
0 0.53359375 0.7 0.0453125 0.0625
0 0.58828125 0.7015625 0.0453125 0.0625
0 0.68359375 0.703125 0.0453125 0.065625
0 0.63671875 0.70625 0.0453125 0.065625
0 0.73203125 0.7078125 0.0453125 0.065625
0 0.47734375 0.709375 0.0453125 0.0625
0 0.3953125 0.7171875 0.04375 0.0625
0 0.77890625 0.721875 0.0484375 0.0625
0 0.06484375 0.7234375 0.0421875 0.0625
0 0.0171875 0.728125 0.034375 0.0625
0 0.1640625 0.7328125 0.04375 0.0625
0 0.83203125 0.734375 0.0484375 0.065625
0 0.11875 0.7328125 0.04375 0.0625
0 0.259375 0.7359375 0.04375 0.0625
0 0.209375 0.740625 0.04375 0.0625
0 0.43671875 0.74375 0.0453125 0.065625
0 0.30703125 0.74375 0.0453125 0.065625
0 0.35625 0.75 0.04375 0.0625
0 0.55390625 0.753125 0.0453125 0.0625
0 0.50859375 0.7546875 0.0453125 0.0625
0 0.60234375 0.7625 0.0453125 0.0625
0 0.70078125 0.7640625 0.0453125 0.0625
0 0.65234375 0.76640625 0.0453125 0.0609375
0 0.74921875 0.7703125 0.0453125 0.0625
0 0.0875 0.7765625 0.04375 0.0625
0 0.80234375 0.7796875 0.0453125 0.065625
0 0.1421875 0.7859375 0.04375 0.0625
0 0.2453125 0.7859375 0.04375 0.0625
0 0.190625 0.79375 0.04375 0.0625
0 0.28359375 0.796875 0.0453125 0.065625
0 0.3328125 0.8015625 0.04375 0.0625
0 0.84765625 0.8015625 0.0453125 0.065625
0 0.57578125 0.8109375 0.0453125 0.065625
0 0.378125 0.81171875 0.04375 0.0609375
0 0.47265625 0.8140625 0.0453125 0.065625
0 0.53046875 0.815625 0.0453125 0.0625
0 0.4234375 0.8171875 0.04375 0.065625
0 0.62109375 0.825 0.0453125 0.0625
0 0.66796875 0.8265625 0.0484375 0.0625
0 0.76796875 0.828125 0.0453125 0.065625
0 0.0625 0.82890625 0.04375 0.0609375
0 0.0171875 0.82890625 0.034375 0.0609375
0 0.1140625 0.83359375 0.04375 0.0609375
0 0.1640625 0.8390625 0.04375 0.0625
0 0.259375 0.8484375 0.04375 0.0625
0 0.81484375 0.85078125 0.0453125 0.0671875
0 0.30703125 0.853125 0.0453125 0.0625
0 0.3515625 0.8578125 0.04375 0.0625
0 0.20859375 0.86015625 0.0453125 0.0609375
0 0.409375 0.86640625 0.04375 0.0578125
0 0.4546875 0.865625 0.04375 0.0625