0 0.6765625 0.20546875 0.065625 0.0828125
0 0.43984375 0.23125 0.0765625 0.0875
0 0.5234375 0.25625 0.075 0.084375
0 0.575 0.265625 0.053125 0.084375
0 0.67109375 0.29296875 0.0671875 0.0796875
0 0.8734375 0.30546875 0.0625 0.0828125
0 0.64140625 0.3328125 0.0703125 0.084375
0 0.41953125 0.33671875 0.0796875 0.0921875
0 0.5203125 0.34140625 0.071875 0.0828125
0 0.91328125 0.37109375 0.0515625 0.0703125
0 0.97421875 0.378125 0.0515625 0.06875
0 0.64921875 0.38828125 0.0671875 0.0640625
0 0.48828125 0.39296875 0.0765625 0.0859375
0 0.86015625 0.40390625 0.0609375 0.0765625
0 0.71171875 0.4109375 0.0578125 0.071875
0 0.540625 0.428125 0.071875 0.0875
0 0.93984375 0.43203125 0.0515625 0.0609375
0 0.2671875 0.46484375 0.071875 0.0765625
0 0.71640625 0.47578125 0.0578125 0.0578125
0 0.65703125 0.478125 0.0578125 0.075
0 0.9328125 0.48515625 0.04375 0.0609375
0 0.8890625 0.48515625 0.053125 0.0703125
0 0.37265625 0.5 0.0671875 0.071875
0 0.57421875 0.51484375 0.0671875 0.0828125
0 0.4859375 0.52265625 0.071875 0.0828125
0 0.34453125 0.53671875 0.0765625 0.0859375
0 0.73515625 0.53984375 0.0609375 0.0796875
0 0.83203125 0.540625 0.0578125 0.075
0 0.9859375 0.5421875 0.025 0.075
0 0.86484375 0.5453125 0.0359375 0.075
0 0.41484375 0.58203125 0.0703125 0.0828125
0 0.625 0.596875 0.0625 0.071875
0 0.6875 0.60078125 0.0625 0.0765625
0 0.8734375 0.61015625 0.053125 0.0703125
0 0.94453125 0.6140625 0.0515625 0.065625
0 0.77109375 0.6140625 0.0546875 0.065625
0 0.3 0.62109375 0.075 0.0828125
0 0.62265625 0.66328125 0.0671875 0.0828125
0 0.8921875 0.67265625 0.053125 0.0703125
0 0.4203125 0.67265625 0.071875 0.0796875
0 0.765625 0.6765625 0.05625 0.059375
0 0.303125 0.70234375 0.071875 0.0828125
0 0.94921875 0.72109375 0.0453125 0.0578125
0 0.7015625 0.73046875 0.053125 0.0703125
0 0.88046875 0.73125 0.0484375 0.053125
0 0.4609375 0.73046875 0.065625 0.0796875
0 0.8328125 0.73046875 0.053125 0.0578125
0 0.55078125 0.73203125 0.0671875 0.0796875
0 0.509375 0.07734375 0.071875 0.0828125
0 0.396875 0.74609375 0.071875 0.0828125
0 0.95390625 0.7796875 0.0453125 0.065625
0 0.90390625 0.7796875 0.0484375 0.065625
0 0.25 0.78828125 0.071875 0.0796875
0 0.821875 0.78828125 0.05625 0.0703125
0 0.4265625 0.8 0.0625 0.065625
0 0.6078125 0.80078125 0.065625 0.0828125
0 0.6953125 0.80078125 0.0625 0.0765625
0 0.83359375 0.834375 0.0515625 0.053125
0 0.88984375 0.83515625 0.0484375 0.0609375
0 0.95859375 0.8359375 0.0453125 0.05625
0 0.78359375 0.84296875 0.0515625 0.0515625
0 0.74453125 0.84453125 0.0359375 0.0671875
0 0.7109375 0.84921875 0.059375 0.0671875
0 0.27265625 0.8546875 0.0546875 0.075
0 0.43203125 0.859375 0.0453125 0.065625
0 0.65 0.86015625 0.059375 0.0515625
0 0.38203125 0.8625 0.0671875 0.075
0 0.225 0.86640625 0.075 0.0765625
0 0.84921875 0.89765625 0.0484375 0.0671875
0 0.784375 0.90078125 0.053125 0.0703125
0 0.49453125 0.9046875 0.0453125 0.065625
0 0.67578125 0.90859375 0.0578125 0.0703125
0 0.61796875 0.915625 0.0578125 0.075
0 0.4671875 0.9203125 0.0625 0.075
0 0.3921875 0.92421875 0.0625 0.0703125
0 0.33046875 0.92421875 0.0703125 0.0796875
0 0.23671875 0.92734375 0.0703125 0.0703125
0 0.50859375 0.1703125 0.0703125 0.084375
0 0.57734375 0.18359375 0.0671875 0.0828125
0 0.2859375 0.19140625 0.071875 0.0796875