0 0.3234375 0.20546875 0.065625 0.0828125
0 0.56015625 0.23125 0.0765625 0.0875
0 0.478125 0.25625 0.075 0.084375
0 0.4265625 0.265625 0.053125 0.084375
0 0.33046875 0.29296875 0.0671875 0.0796875
0 0.128125 0.30546875 0.0625 0.0828125
0 0.36015625 0.3328125 0.0703125 0.084375
0 0.58046875 0.33671875 0.0796875 0.0921875
0 0.48125 0.34140625 0.071875 0.0828125
0 0.08828125 0.37109375 0.0515625 0.0703125
0 0.02578125 0.378125 0.0515625 0.06875
0 0.35078125 0.38828125 0.0671875 0.0640625
0 0.51171875 0.39296875 0.0765625 0.0859375
0 0.14140625 0.40390625 0.0609375 0.0765625
0 0.28828125 0.4109375 0.0578125 0.071875
0 0.459375 0.428125 0.071875 0.0875
0 0.06171875 0.43203125 0.0515625 0.0609375
0 0.7328125 0.46484375 0.071875 0.0765625
0 0.28359375 0.47578125 0.0578125 0.0578125
0 0.34453125 0.478125 0.0578125 0.075
0 0.0671875 0.48515625 0.04375 0.0609375
0 0.1109375 0.48515625 0.053125 0.0703125
0 0.62734375 0.5 0.0671875 0.071875
0 0.42578125 0.51484375 0.0671875 0.0828125
0 0.5140625 0.52265625 0.071875 0.0828125
0 0.65703125 0.53671875 0.0765625 0.0859375
0 0.26640625 0.53984375 0.0609375 0.0796875
0 0.16796875 0.540625 0.0578125 0.075
0 0.0140625 0.5421875 0.025 0.075
0 0.13671875 0.5453125 0.0359375 0.075
0 0.58515625 0.58203125 0.0703125 0.0828125
0 0.375 0.596875 0.0625 0.071875
0 0.3125 0.60078125 0.0625 0.0765625
0 0.128125 0.61015625 0.053125 0.0703125
0 0.05703125 0.6140625 0.0515625 0.065625
0 0.23046875 0.6140625 0.0546875 0.065625
0 0.7015625 0.62109375 0.075 0.0828125
0 0.37734375 0.66328125 0.0671875 0.0828125
0 0.1078125 0.67265625 0.053125 0.0703125
0 0.5796875 0.67265625 0.071875 0.0796875
0 0.234375 0.6765625 0.05625 0.059375
0 0.696875 0.70234375 0.071875 0.0828125
0 0.05234375 0.72109375 0.0453125 0.0578125
0 0.2984375 0.73046875 0.053125 0.0703125
0 0.12109375 0.73125 0.0484375 0.053125
0 0.540625 0.73046875 0.065625 0.0796875
0 0.16875 0.73046875 0.053125 0.0578125
0 0.44921875 0.73203125 0.0671875 0.0796875
0 0.490625 0.07734375 0.071875 0.0828125
0 0.603125 0.74609375 0.071875 0.0828125
0 0.04765625 0.7796875 0.0453125 0.065625
0 0.09609375 0.7796875 0.0484375 0.065625
0 0.75 0.78828125 0.071875 0.0796875
0 0.1796875 0.78828125 0.05625 0.0703125
0 0.575 0.8 0.0625 0.065625
0 0.39375 0.80078125 0.065625 0.0828125
0 0.30625 0.80078125 0.0625 0.0765625
0 0.16796875 0.834375 0.0515625 0.053125
0 0.11171875 0.83515625 0.0484375 0.0609375
0 0.04296875 0.8359375 0.0453125 0.05625
0 0.21796875 0.84296875 0.0515625 0.0515625
0 0.25703125 0.84453125 0.0359375 0.0671875
0 0.28984375 0.84921875 0.0609375 0.0671875
0 0.72734375 0.8546875 0.0546875 0.075
0 0.56953125 0.859375 0.0453125 0.065625
0 0.35078125 0.86015625 0.0609375 0.0515625
0 0.61796875 0.8625 0.0671875 0.075
0 0.775 0.86640625 0.075 0.0765625
0 0.15234375 0.89765625 0.0484375 0.0671875
0 0.2171875 0.90078125 0.053125 0.0703125
0 0.50703125 0.9046875 0.0453125 0.065625
0 0.32421875 0.90859375 0.0578125 0.0703125
0 0.38203125 0.915625 0.0578125 0.075
0 0.534375 0.9203125 0.0625 0.075
0 0.6078125 0.92421875 0.0625 0.0703125
0 0.66953125 0.92421875 0.0703125 0.0796875
0 0.76328125 0.92734375 0.0703125 0.0703125
0 0.49140625 0.1703125 0.0703125 0.084375
0 0.42421875 0.18359375 0.0671875 0.0828125
0 0.7140625 0.19140625 0.071875 0.0796875