0 0.675 0.20546875 0.065625 0.0828125
0 0.4390625 0.2296875 0.078125 0.0875
0 0.521875 0.2546875 0.075 0.084375
0 0.5734375 0.265625 0.053125 0.084375
0 0.66953125 0.29140625 0.0671875 0.0796875
0 0.8734375 0.30390625 0.0625 0.0828125
0 0.64140625 0.3328125 0.0703125 0.084375
0 0.41953125 0.33671875 0.0796875 0.0921875
0 0.51953125 0.34140625 0.0734375 0.0828125
0 0.91328125 0.37109375 0.0515625 0.0703125
0 0.97421875 0.37734375 0.0515625 0.0703125
0 0.64921875 0.3875 0.0671875 0.065625
0 0.4875 0.3921875 0.078125 0.0875
0 0.86015625 0.40390625 0.0609375 0.0765625
0 0.71171875 0.4109375 0.0578125 0.071875
0 0.54140625 0.428125 0.0734375 0.0875
0 0.93828125 0.43203125 0.0515625 0.0609375
0 0.26640625 0.46328125 0.0734375 0.0765625
0 0.71640625 0.47421875 0.0578125 0.0578125
0 0.65546875 0.478125 0.0578125 0.075
0 0.93125 0.48359375 0.04375 0.0609375
0 0.8890625 0.48515625 0.053125 0.0703125
0 0.37265625 0.49921875 0.0671875 0.0734375
0 0.57421875 0.51328125 0.0671875 0.0828125
0 0.48671875 0.52265625 0.0734375 0.0828125
0 0.34296875 0.534375 0.0765625 0.0875
0 0.73515625 0.53984375 0.0609375 0.0796875
0 0.83046875 0.5390625 0.0578125 0.075
0 0.9859375 0.540625 0.025 0.075
0 0.86484375 0.5453125 0.0359375 0.075
0 0.41328125 0.58203125 0.0703125 0.0828125
0 0.625 0.59453125 0.0625 0.0734375
0 0.6875 0.60078125 0.0625 0.0765625
0 0.871875 0.60859375 0.053125 0.0703125
0 0.94296875 0.6140625 0.0515625 0.065625
0 0.77109375 0.6140625 0.0546875 0.065625
0 0.3 0.62109375 0.075 0.0828125
0 0.62265625 0.66328125 0.0671875 0.0828125
0 0.890625 0.67109375 0.053125 0.0703125
0 0.42109375 0.67265625 0.0734375 0.0796875
0 0.765625 0.675 0.05625 0.059375
0 0.30234375 0.70234375 0.0734375 0.0828125
0 0.946875 0.71953125 0.046875 0.0578125
0 0.7015625 0.73046875 0.053125 0.0703125
0 0.88046875 0.7296875 0.0484375 0.053125
0 0.4609375 0.7296875 0.065625 0.078125
0 0.83125 0.73046875 0.053125 0.0578125
0 0.55078125 0.73046875 0.0671875 0.0796875
0 0.51015625 0.07578125 0.0734375 0.0828125
0 0.39765625 0.74609375 0.0734375 0.0828125
0 0.953125 0.7796875 0.046875 0.065625
0 0.90390625 0.78125 0.0484375 0.065625
0 0.25078125 0.78828125 0.0734375 0.0796875
0 0.821875 0.78828125 0.05625 0.0703125
0 0.425 0.7984375 0.0625 0.065625
0 0.60625 0.80078125 0.065625 0.0828125
0 0.69375 0.80078125 0.0625 0.0765625
0 0.83359375 0.834375 0.0515625 0.053125
0 0.88984375 0.83671875 0.0484375 0.0609375
0 0.95625 0.8359375 0.046875 0.05625
0 0.7828125 0.84140625 0.05 0.0515625
0 0.74296875 0.84296875 0.0359375 0.0671875
0 0.7109375 0.84921875 0.059375 0.0671875
0 0.27265625 0.8546875 0.0546875 0.075
0 0.43125 0.859375 0.046875 0.065625
0 0.65 0.85859375 0.059375 0.0515625
0 0.38203125 0.8609375 0.0671875 0.075
0 0.225 0.86484375 0.075 0.0765625
0 0.84921875 0.89765625 0.0484375 0.0671875
0 0.784375 0.89921875 0.053125 0.0703125
0 0.49375 0.90625 0.046875 0.065625
0 0.67421875 0.90859375 0.0578125 0.0703125
0 0.61640625 0.9140625 0.0578125 0.075
0 0.4671875 0.91875 0.0625 0.075
0 0.3921875 0.92421875 0.0625 0.0703125
0 0.33046875 0.92421875 0.0703125 0.0796875
0 0.23671875 0.92578125 0.0703125 0.0703125
0 0.50859375 0.1703125 0.0703125 0.084375
0 0.57734375 0.18203125 0.0671875 0.0828125
0 0.28671875 0.18984375 0.0734375 0.0796875
0 0.60546875 0.53046875 0.0546875 0.0703125
0 0.9265625 0.87265625 0.04375 0.0484375
0 0.9828125 0.8703125 0.034375 0.05625
0 0.4671875 0.85 0.053125 0.065625
0 0.46796875 0.6 0.0578125 0.075
0 0.5921875 0.72421875 0.065625 0.0734375
0 0.9890625 0.6109375 0.021875 0.075
0 0.99140625 0.67265625 0.0171875 0.0578125
0 0.9859375 0.77734375 0.025 0.0703125
0 0.98359375 0.48515625 0.0296875 0.0546875
0 0.9921875 0.43515625 0.015625 0.0578125