0 0.9515625 0.2015625 0.096875 0.2125
0 0.8171875 0.334375 0.15625 0.246875
0 0.67109375 0.3703125 0.1328125 0.20625
0 0.93671875 0.415625 0.1234375 0.196875
0 0.56796875 0.54140625 0.1703125 0.2609375
0 0.875 0.5640625 0.15625 0.25
0 0.68828125 0.58046875 0.1234375 0.2015625
0 0.971875 0.60703125 0.053125 0.1953125
0 0.77890625 0.74296875 0.1296875 0.2046875
0 0.91015625 0.7625 0.1234375 0.19375
0 0.50625 0.7765625 0.16875 0.2625
0 0.64765625 0.78359375 0.1296875 0.2078125
0 0.3453125 0.80234375 0.140625 0.2140625
0 0.75 0.878125 0.15 0.096875
0 0.91171875 0.89140625 0.1296875 0.0609375
0 0.43828125 0.91484375 0.1359375 0.0765625
0 0.6078125 0.90859375 0.146875 0.0734375