0 0.73984375 0.22421875 0.0984375 0.1984375
0 0.17890625 0.27265625 0.1109375 0.2078125
0 0.869140625 0.328515625 0.09765625 0.19453125
0 0.63671875 0.355078125 0.0953125 0.18515625
0 0.53828125 0.35390625 0.0984375 0.1890625
0 0.3765625 0.3875 0.103125 0.196875
0 0.271875 0.39296875 0.109375 0.2015625
0 0.71484375 0.414453125 0.0921875 0.17890625
0 0.11796875 0.45703125 0.1109375 0.2078125
0 0.85234375 0.522265625 0.0921875 0.18515625
0 0.43203125 0.52890625 0.1046875 0.1921875
0 0.6671875 0.561328125 0.09375 0.19453125
0 0.569921875 0.563671875 0.10546875 0.19921875
0 0.2234375 0.5828125 0.109375 0.203125
0 0.748828125 0.617578125 0.09765625 0.19140625
0 0.06640625 0.639453125 0.1140625 0.20703125
0 0.823828125 0.709375 0.09140625 0.171875
0 0.487890625 0.717578125 0.10078125 0.20078125
0 0.39140625 0.753125 0.1078125 0.203125
0 0.1625 0.753515625 0.109375 0.20078125
0 0.866015625 0.131640625 0.09140625 0.19140625
0 0.39140625 0.182421875 0.1046875 0.20546875
0 0.28359375 0.18359375 0.1078125 0.2078125
0 0.598828125 0.18515625 0.10078125 0.1921875
0 0.5015625 0.20234375 0.103125 0.2015625