0 0.73984375 0.225 0.0984375 0.196875
0 0.17890625 0.2734375 0.1109375 0.209375
0 0.86953125 0.32890625 0.0984375 0.1953125
0 0.6359375 0.35546875 0.096875 0.1859375
0 0.53828125 0.3546875 0.0984375 0.190625
0 0.3765625 0.3859375 0.103125 0.196875
0 0.27265625 0.39296875 0.1109375 0.2015625
0 0.715625 0.415625 0.09375 0.18125
0 0.11796875 0.4578125 0.1109375 0.209375
0 0.8515625 0.52265625 0.09375 0.1859375
0 0.43125 0.52890625 0.10625 0.1921875
0 0.665625 0.56015625 0.09375 0.1953125
0 0.5703125 0.5625 0.10625 0.2
0 0.22265625 0.58203125 0.1109375 0.2015625
0 0.7484375 0.61640625 0.096875 0.1921875
0 0.0671875 0.63984375 0.115625 0.2078125
0 0.82421875 0.70859375 0.0921875 0.1734375
0 0.48828125 0.7171875 0.1015625 0.2
0 0.38984375 0.75234375 0.1078125 0.2046875
0 0.16328125 0.75546875 0.1109375 0.2015625
0 0.86640625 0.13203125 0.0921875 0.1921875
0 0.390625 0.18359375 0.10625 0.2046875
0 0.28359375 0.184375 0.1078125 0.209375
0 0.59921875 0.18515625 0.1015625 0.1921875
0 0.5 0.20078125 0.103125 0.2015625
0 0.109375 0.92421875 0.11875 0.1515625
0 0.22578125 0.91875 0.1078125 0.15625
0 0.3375 0.91953125 0.10625 0.1609375
0 0.4359375 0.90703125 0.103125 0.1515625
0 0.54140625 0.87578125 0.0890625 0.1609375
0 0.7125 0.790625 0.090625 0.178125
0 0.80859375 0.8953125 0.0984375 0.178125