0 0.73984375 0.2265625 0.0984375 0.196875
0 0.17890625 0.2734375 0.1109375 0.209375
0 0.86953125 0.32890625 0.0984375 0.1953125
0 0.6375 0.35546875 0.096875 0.1859375
0 0.53828125 0.3546875 0.0984375 0.190625
0 0.3765625 0.3875 0.103125 0.196875
0 0.27265625 0.39296875 0.1109375 0.2015625
0 0.715625 0.415625 0.09375 0.18125
0 0.11796875 0.4578125 0.1109375 0.209375
0 0.853125 0.52265625 0.09375 0.1859375
0 0.4328125 0.52890625 0.10625 0.1921875
0 0.6671875 0.56171875 0.09375 0.1953125
0 0.5703125 0.5640625 0.10625 0.2
0 0.22421875 0.58203125 0.1109375 0.2015625
0 0.75 0.61796875 0.096875 0.1921875
0 0.0671875 0.63984375 0.115625 0.2078125
0 0.82421875 0.71015625 0.0921875 0.1734375
0 0.48828125 0.7171875 0.1015625 0.2
0 0.39140625 0.75390625 0.1078125 0.2046875
0 0.16328125 0.75546875 0.1109375 0.2015625
0 0.86640625 0.13203125 0.0921875 0.1921875
0 0.3921875 0.18359375 0.10625 0.2046875
0 0.28359375 0.184375 0.1078125 0.209375
0 0.59921875 0.18515625 0.1015625 0.1921875
0 0.5015625 0.20234375 0.103125 0.2015625