0 0.33984375 0.33359375 0.1015625 0.1765625
0 0.625 0.384375 0.15 0.196875
0 0.4265625 0.3859375 0.16875 0.253125
0 0.15625 0.46796875 0.0875 0.1515625
0 0.3984375 0.52734375 0.11875 0.1515625
0 0.2125 0.53203125 0.1375 0.2171875
0 0.5328125 0.55 0.11875 0.18125
0 0.82421875 0.5984375 0.1453125 0.196875
0 0.6359375 0.61953125 0.165625 0.2390625
0 0.26796875 0.68125 0.1015625 0.153125
0 0.08125 0.69921875 0.128125 0.2046875
0 0.34609375 0.74375 0.1421875 0.21875
0 0.6671875 0.7796875 0.128125 0.159375
0 0.48671875 0.79375 0.1546875 0.221875
0 0.79375 0.86171875 0.178125 0.2390625
0 0.29609375 0.13359375 0.1578125 0.2484375
0 0.48046875 0.14296875 0.1109375 0.2046875
0 0.59765625 0.1671875 0.1859375 0.271875