0 0.5671875 0.53828125 0.096875 0.1515625
0 0.34609375 0.51953125 0.1078125 0.1546875
0 0.68828125 0.51171875 0.1203125 0.1765625
0 0.4671875 0.503125 0.125 0.178125
0 0.21953125 0.47421875 0.1296875 0.1828125
0 0.6734375 0.37421875 0.096875 0.1328125
0 0.46015625 0.36015625 0.1015625 0.1328125
0 0.2359375 0.3484375 0.10625 0.128125
0 0.57421875 0.3421875 0.1203125 0.16875
0 0.35234375 0.33203125 0.1234375 0.1734375
0 0.5625 0.22109375 0.096875 0.1234375
0 0.35390625 0.20625 0.1015625 0.11875
0 0.678125 0.1921875 0.115625 0.159375
0 0.4625 0.17890625 0.11875 0.1609375
0 0.2390625 0.1484375 0.125 0.165625