0 0.489809375 0.7727890625 0.48115625 0.751990625 0.468265625 0.7430109375 0.4666015625 0.7396640624999999 0.45716093750000003 0.7412046875 0.44732656249999997 0.75353125 0.44339218750000003 0.77818125 0.44339218750000003 0.8012921875 0.45440625 0.8282546875 0.46699375 0.8267140625 0.4807625 0.8228624999999999 0.489415625 0.8120765625 0.49138281250000004 0.7935890624999999 0.489809375 0.7727890625
0 0.5271796875 0.63875 0.5224593750000001 0.6248828125 0.515771875 0.607165625 0.5013171875 0.6019625 0.483909375 0.6125578125 0.48036874999999996 0.6302749999999999 0.4795828125 0.6487640625 0.48115625 0.6649406250000001 0.490203125 0.6872812500000001 0.49728281250000006 0.7019171875 0.5134109375 0.6942140625000001 0.52481875 0.6865109375 0.5263921875 0.6711031249999999 0.528359375 0.6549265625 0.5271796875 0.63875
0 0.533190625 0.561496875 0.5295390624999999 0.5786625 0.533865625 0.6110171875 0.5421265625 0.6279640625 0.553928125 0.6333562500000001 0.5657281249999999 0.628734375 0.57516875 0.613328125 0.5798890625 0.5840546875 0.5743828125 0.559403125 0.5657281249999999 0.5416859374999999 0.54999375 0.5370640625 0.540946875 0.5416859374999999 0.533190625 0.561496875
0 0.0735 0.540209375 0.06868125 0.5406875 0.0550109375 0.55330625 0.05383125 0.5825781250000001 0.05383125 0.6010671875 0.058157812499999996 0.6180140625 0.0675984375 0.63188125 0.0735 0.6403546875 0.08884062499999999 0.63804375 0.098675 0.6164734375 0.10142812500000001 0.588740625 0.0967078125 0.561009375 0.08766093750000001 0.543290625 0.0735 0.540209375
0 0.2052765625 0.715078125 0.1942625 0.697359375 0.184034375 0.6927375 0.172234375 0.7042937499999999 0.1702671875 0.7019828125 0.16121875000000002 0.7158484374999999 0.158859375 0.7381890624999999 0.1627921875 0.7574468750000001 0.16712031249999998 0.7767062499999999 0.1808875 0.7944234375 0.1883609375 0.796734375 0.20448906249999999 0.790571875 0.21196406250000002 0.76823125 0.209209375 0.7428109375 0.2052765625 0.715078125
0 0.1568921875 0.5809453125 0.1742 0.606365625 0.1926890625 0.5955812500000001 0.2021296875 0.57709375 0.2009484375 0.5462796875 0.197015625 0.515465625 0.1856078125 0.5100734375 0.17459375 0.503140625 0.16326093749999998 0.5103 0.15256562499999998 0.5301015625 0.1509921875 0.557834375 0.1568921875 0.5809453125
0 0.14718124999999999 0.4158234375 0.1317171875 0.4376609375 0.1364375 0.46847500000000003 0.14115781249999998 0.4877328125 0.14351875 0.5016 0.15610625 0.5100734375 0.170659375 0.503140625 0.18128125 0.4808 0.184034375 0.45460781250000004 0.1789203125 0.42302343750000004 0.16869375 0.409928125 0.1568921875 0.4076171875 0.14718124999999999 0.4158234375
0 0.138328125 0.5857765625 0.1317171875 0.6018375 0.1313234375 0.6226359375 0.13447031250000002 0.6418953125 0.1415515625 0.66500625 0.15256562499999998 0.67733125 0.171840625 0.66500625 0.17459375 0.63804375 0.1730203125 0.615703125 0.16475937499999999 0.5933640625 0.15335156249999998 0.585659375 0.139978125 0.57795625 0.138328125 0.5857765625
0 0.18914843750000002 0.658071875 0.2021296875 0.666546875 0.2202234375 0.6603828125 0.2233703125 0.6326515625 0.216290625 0.5956750000000001 0.2021296875 0.5818078125 0.1922953125 0.5949046874999999 0.183640625 0.606459375 0.181415625 0.627396875 0.184821875 0.6465171875 0.18914843750000002 0.658071875
0 0.2392578125 0.36726562500000004 0.22533750000000002 0.37594062500000003 0.21865 0.397509375 0.2194375 0.4129171875 0.22140468750000003 0.43294531249999996 0.23123749999999998 0.4537453125 0.24303906249999999 0.4506640625 0.25680625 0.44604218749999996 0.26428124999999997 0.42678281250000005 0.26428124999999997 0.3982796875 0.2564140625 0.37825156249999997 0.2392578125 0.36726562500000004
0 0.241859375 0.46761093750000005 0.22140468750000003 0.469921875 0.210390625 0.48995156250000005 0.2135375 0.530009375 0.222190625 0.560053125 0.240678125 0.5716078125 0.254446875 0.5608234375000001 0.267034375 0.5261578124999999 0.25877343750000004 0.49919531250000004 0.24515937499999998 0.46785 0.241859375 0.46761093750000005
0 0.2788359375 0.5663078125000001 0.2650671875 0.5632265624999999 0.2532671875 0.5778640625 0.24972656249999997 0.5963515625 0.24815312500000003 0.6125296875 0.2501203125 0.6410312499999999 0.2595609375 0.642571875 0.2788359375 0.625625 0.292209375 0.6156109375 0.2882765625 0.584796875 0.2788359375 0.5663078125000001
0 0.3130578125 0.445271875 0.31227031250000004 0.4136875 0.30755 0.3859546875 0.2994609375 0.371890625 0.30125625 0.3720890625 0.29575 0.3666953125 0.27686875 0.37131875000000003 0.2654609375 0.385184375 0.266246875 0.3967390625 0.266246875 0.41676875 0.2713609375 0.4383375 0.2811953125 0.4599078125 0.2977171875 0.460678125 0.30715781249999996 0.457596875 0.3130578125 0.445271875
0 0.3847609375 0.1796 0.3783203125 0.16433124999999998 0.3678125 0.16433124999999998 0.3562875 0.171634375 0.351540625 0.18955781249999998 0.3518796875 0.2088078125 0.3566265625 0.2293875 0.3610328125 0.24465625000000002 0.372896875 0.24664687500000002 0.3847609375 0.2346984375 0.3918796875 0.21478281250000003 0.38815 0.19287656250000002 0.3847609375 0.1796
0 0.3281515625 0.2174390625 0.32713437500000003 0.19951406249999998 0.3162875 0.1756171875 0.305440625 0.1683140625 0.29764375 0.17694375 0.28747500000000004 0.1948671875 0.289846875 0.2227484375 0.29459375 0.23934531250000002 0.3006953125 0.247975 0.3078125 0.25129375 0.3152703125 0.2506296875 0.3217109375 0.24332812499999998 0.32713437500000003 0.23270624999999998 0.3281515625 0.2174390625
0 0.28747500000000004 0.20814531249999998 0.2871359375 0.1915484375 0.29086406249999996 0.181590625 0.2942546875 0.1709703125 0.2844234375 0.1669875 0.27628906249999996 0.1742890625 0.2708640625 0.1882296875 0.2691703125 0.2114640625 0.272559375 0.2300515625 0.27628906249999996 0.24465625000000002 0.2820515625 0.24930312500000001 0.288153125 0.24996562500000002 0.2928984375 0.2473109375 0.29086406249999996 0.236025 0.2888296875 0.2240765625 0.28747500000000004 0.20814531249999998
0 0.2735765625 0.26988124999999996 0.2756109375 0.26457031249999996 0.2742546875 0.25129375 0.26883124999999997 0.240009375 0.262390625 0.24332812499999998 0.2556109375 0.24996562500000002 0.24815312500000003 0.2579328125 0.24408593750000002 0.279175 0.2464578125 0.30108125 0.2498484375 0.3190046875 0.2606953125 0.33825625000000004 0.267475 0.34223906249999997 0.2773046875 0.3402484375 0.27459375 0.3236515625 0.27188124999999996 0.30838437500000004 0.2698484375 0.289796875 0.2708640625 0.27585625 0.2735765625 0.26988124999999996
0 0.29086406249999996 0.2997546875 0.2888296875 0.28581406249999997 0.28916875000000003 0.2771828125 0.2915421875 0.26988124999999996 0.2926421875 0.26766875 0.285440625 0.2605875 0.279678125 0.25726875 0.2742546875 0.2718734375 0.2722203125 0.2844859375 0.2732375 0.2984265625 0.275271875 0.3123671875 0.279678125 0.32763437500000003 0.2864578125 0.333609375 0.29188125 0.333609375 0.2966265625 0.33294531250000003 0.29459375 0.3123671875 0.29086406249999996 0.2997546875
0 0.34069375 0.2625796875 0.32882968749999997 0.26390625 0.33154218750000003 0.2672265625 0.32205 0.2725359375 0.319678125 0.293115625 0.32069375 0.31303125 0.32577968749999997 0.33161874999999996 0.33154218750000003 0.33692812499999997 0.344421875 0.33228125 0.352896875 0.330290625 0.3562875 0.3216609375 0.3569640625 0.30307343750000004 0.35493125000000003 0.279175 0.35357500000000003 0.2678890625 0.34069375 0.2625796875
0 0.318321875 0.3050640625 0.31764375 0.28714062500000004 0.3185828125 0.2726515625 0.31493125 0.26390625 0.3047625 0.2579328125 0.295609375 0.26988124999999996 0.2935765625 0.2891328125 0.29459375 0.3077203125 0.29832187499999996 0.324315625 0.30340625 0.33692812499999997 0.3132375 0.339584375 0.319 0.3409125 0.3223890625 0.336265625 0.3186609375 0.31568593749999996 0.318321875 0.3050640625
0 0.349846875 0.548771875 0.354253125 0.5301859375 0.35527031249999996 0.508278125 0.3512015625 0.4916828125 0.3394359375 0.4729046875 0.3281515625 0.461146875 0.319 0.46247343750000003 0.30611875 0.47707812499999996 0.302728125 0.48902812500000004 0.3030671875 0.5102703125 0.30611875 0.532840625 0.313575 0.554746875 0.3267953125 0.5633765625 0.335609375 0.5660328125 0.344084375 0.5620499999999999 0.349846875 0.548771875
0 0.4078109375 0.7035265625 0.400353125 0.6802921875 0.39154062500000003 0.6630328125 0.3816515625 0.6492484375 0.381709375 0.6504203125 0.368490625 0.651746875 0.36205 0.6597140625 0.3566265625 0.6783 0.35357500000000003 0.7081734375 0.3617109375 0.7327359375 0.3718796875 0.7440203125 0.3823875 0.7539781249999999 0.3925578125 0.7539781249999999 0.40340468749999997 0.7340625000000001 0.4078109375 0.7035265625
0 0.3878109375 0.6371421875000001 0.39798125 0.62519375 0.404421875 0.6019593750000001 0.4023875 0.578725 0.397928125 0.5536046875 0.398659375 0.5495171875 0.3918796875 0.5408875 0.3803546875 0.536240625 0.3674734375 0.5375671875 0.355609375 0.547525 0.35052343750000003 0.57540625 0.35052343750000003 0.595321875 0.3566265625 0.6205468749999999 0.3661171875 0.63780625 0.37730312499999996 0.6411265625 0.3878109375 0.6371421875000001
0 0.47018281249999994 0.596065625 0.4630640625 0.5774781250000001 0.45323437499999997 0.5642015625 0.43764062499999995 0.564865625 0.4284890625 0.5761499999999999 0.4240828125 0.6007125 0.4240828125 0.6259375 0.43255625000000003 0.655146875 0.440353125 0.6637765625000001 0.45391250000000005 0.66576875 0.4684875 0.656475 0.47221718749999997 0.6385515625 0.47594531250000005 0.6179718750000001 0.47018281249999994 0.596065625
0 0.45662343749999995 0.7148921875 0.44848906250000004 0.7029421874999999 0.44001406249999997 0.6890015625 0.424759375 0.6783812499999999 0.423065625 0.6800437500000001 0.41052343750000003 0.6949765625000001 0.4078109375 0.72219375 0.40916718750000003 0.745428125 0.4176421875 0.76700625 0.43018437499999995 0.7743078125 0.43798125 0.7696609375000001 0.441709375 0.7699906249999999 0.447471875 0.75273125 0.45459062499999997 0.738790625 0.45662343749999995 0.7148921875
0 0.3732359375 0.7490828125 0.361371875 0.734478125 0.355609375 0.722528125 0.3525578125 0.7085874999999999 0.3488296875 0.7105796875 0.3403546875 0.715890625 0.33323593749999997 0.727175 0.33154218750000003 0.7524015625 0.33154218750000003 0.76103125 0.335609375 0.772315625 0.341371875 0.7809468749999999 0.3539140625 0.784265625 0.3674734375 0.7895765625 0.3762875 0.787584375 0.378659375 0.7743078125 0.3759484375 0.7583765625 0.3732359375 0.7490828125
0 0.527753125 0.5812734374999999 0.5318937499999999 0.5606875 0.535396875 0.5488359375 0.5385828125 0.5388546875 0.5427234375000001 0.5338640625 0.54145 0.5232593750000001 0.54176875 0.522634375 0.5382640624999999 0.509534375 0.5287078125 0.493315625 0.516921875 0.48894843750000005 0.507046875 0.49581093750000005 0.5003578125 0.510159375 0.49430625 0.5288734374999999 0.4952609375 0.5457156249999999 0.5000390625 0.56755 0.5057734375 0.5794015625 0.5146921875 0.5843921875 0.5232921875 0.5837687500000001 0.527753125 0.5812734374999999
0 0.57935625 0.49760625 0.579675 0.4826359375 0.5799937500000001 0.47390156250000004 0.5799937500000001 0.463296875 0.5799937500000001 0.45206875 0.5799937500000001 0.4458296875 0.5812671875000001 0.43772031250000004 0.5808953125 0.42754375 0.574259375 0.4177578125 0.5605625 0.41214375 0.555465625 0.4165109375 0.5446359375000001 0.42524375000000003 0.5449531249999999 0.44957343749999995 0.5462281250000001 0.46579218750000007 0.5481390625 0.483259375 0.5529171875000001 0.4988546875 0.5618359374999999 0.5088359375 0.5685265625 0.5094593749999999 0.5761703125000001 0.5019734375 0.57935625 0.49760625
0 0.6487984375 0.410271875 0.6465687499999999 0.3846953125 0.641790625 0.370971875 0.6344640625 0.360990625 0.622996875 0.3553765625 0.6153515625 0.3553765625 0.6112109375 0.3553765625 0.6064328125 0.3628625 0.603565625 0.374090625 0.6019734375 0.39280624999999997 0.603246875 0.410896875 0.60706875 0.4283625 0.6115296875 0.440215625 0.61758125 0.44395937500000004 0.6249078124999999 0.447078125 0.6344640625 0.446453125 0.6440203125 0.4395921875 0.6481609374999999 0.4258671875 0.6487984375 0.410271875
0 0.7074109375 0.44964843749999994 0.7051796875 0.4265671875 0.7004015625 0.40660468749999995 0.6863859375 0.39163281250000004 0.6774671875 0.3891375 0.6634515624999999 0.3903859375 0.6548499999999999 0.41221874999999997 0.6532578124999999 0.4334296875 0.65516875 0.45900625 0.6593109375 0.47397656250000003 0.6650437499999999 0.4877015625 0.6733265625 0.49643437500000004 0.6867046875 0.4976828125 0.6959421875 0.48957187500000005 0.70390625 0.4677390625 0.7074109375 0.44964843749999994
0 0.6621765625 0.4827109375 0.6535765625 0.46586718749999995 0.6449765625 0.4552625 0.6354203125 0.4558859375 0.6261812499999999 0.4627484375 0.621721875 0.47772031249999997 0.616625 0.4989296875 0.6163078125 0.5182687500000001 0.622359375 0.5388546875 0.6306421875 0.5569453125 0.6392421875000001 0.5650546875 0.6484796875 0.5669265625000001 0.660903125 0.5538265625000001 0.6688671875 0.5344875 0.6691859375 0.514525 0.6679109375000001 0.49643437500000004 0.6621765625 0.4827109375
0 0.630959375 0.6130890625000001 0.6287296875 0.5943734375 0.6242703125 0.5800265625 0.61694375 0.5681734374999999 0.605271875 0.567978125 0.59846875 0.5737875 0.592734375 0.591878125 0.5908234375 0.614959375 0.594009375 0.6280593750000001 0.59974375 0.6405359374999999 0.6048390625 0.651765625 0.6108921875 0.6555078125 0.6201296875 0.6536359375 0.6261812499999999 0.648021875 0.6290484375000001 0.6305546875 0.630959375 0.6130890625000001
0 0.611846875 0.44403437500000004 0.60770625 0.43529999999999996 0.604521875 0.42531875 0.59974375 0.4153390625 0.5876390625 0.4278140625 0.5825421875 0.447153125 0.584134375 0.476471875 0.5866828125 0.49705781250000003 0.594328125 0.5120296875 0.6073875 0.5163968750000001 0.6150328125 0.509534375 0.6204484375 0.4814625 0.6242703125 0.4646203125 0.623634375 0.4552625 0.6179 0.4515203125 0.611846875 0.44403437500000004
0 0.6621765625 0.691065625 0.6672734375 0.6829562499999999 0.670459375 0.6773421875000001 0.67555625 0.659875 0.6768296874999999 0.6405359374999999 0.67428125 0.6230703125 0.669821875 0.6093453125 0.666 0.6043546875 0.6548499999999999 0.6012359375 0.6463765625 0.5998109375 0.63669375 0.6031078125 0.6338265625 0.608721875 0.632553125 0.6143359375 0.630959375 0.6255640625 0.6296859375 0.6374171875 0.6296859375 0.651765625 0.633190625 0.6667375 0.6382859375 0.6767171875 0.6456125 0.6916890625 0.652303125 0.6941843750000001 0.6621765625 0.691065625
0 0.7377765625 0.592503125 0.736821875 0.5669265625000001 0.7336359375 0.5457156249999999 0.726946875 0.5270015625 0.7126125 0.5188921875 0.70241875 0.5220109374999999 0.6944546875000001 0.5313687500000001 0.6861734375 0.5519546875 0.6887218749999999 0.578778125 0.6919078125 0.5949984374999999 0.6963671875 0.6049781249999999 0.707196875 0.6143359375 0.7199390625000001 0.6137125 0.7294953125 0.6118406249999999 0.7377765625 0.592503125
0 0.7059234375 0.6997984374999999 0.7186640625 0.699175 0.7329984375 0.6885703125 0.736503125 0.6686078125 0.7377765625 0.6424078125 0.732409375 0.6250890625000001 0.7294953125 0.6174546875 0.725671875 0.618703125 0.718028125 0.621821875 0.7084718750000001 0.6211984375 0.7005078124999999 0.6137125 0.6957296875 0.6174546875 0.6928625 0.628684375 0.6912703125 0.64989375 0.6935 0.6667375 0.7005078124999999 0.684203125 0.7059234375 0.6997984374999999
0 0.8158203125 0.6717265625 0.8100859375 0.664865625 0.8005296875000001 0.66985625 0.7916109375 0.672975 0.7907203125 0.6793890625000001 0.7861953125000001 0.6916890625 0.783965625 0.704165625 0.783965625 0.726 0.7865140625 0.7415953125 0.793203125 0.750328125 0.803396875 0.7559421875 0.821553125 0.74845625 0.8295171874999999 0.737228125 0.8336578125 0.7210093750000001 0.8327031249999999 0.7060375 0.8247390625 0.6829562499999999 0.8158203125 0.6717265625
0 0.7817359374999999 0.7047890625 0.7782312499999999 0.684203125 0.7725578125 0.6756453125 0.765171875 0.6667375 0.755296875 0.6673609375 0.7431921874999999 0.6792125 0.737140625 0.7035421875 0.737140625 0.72225625 0.7409625 0.7366046875000001 0.747015625 0.74845625 0.7572078125 0.750328125 0.773453125 0.750328125 0.7820546875 0.7459609375 0.784284375 0.7347328125 0.7817359374999999 0.7047890625
0 0.746378125 0.46204999999999996 0.754659375 0.446453125 0.755934375 0.43023437500000006 0.756253125 0.41214375 0.7521109375 0.3946765625 0.7425546875 0.37970468749999997 0.7343203125 0.37417968749999997 0.725671875 0.3722203125 0.7193015625 0.37596250000000003 0.7135687500000001 0.3846953125 0.7084718750000001 0.397796875 0.7084718750000001 0.41463906250000004 0.7097453125000001 0.4346015625 0.7126125 0.45144375 0.7196203125 0.46516875 0.7288578125 0.4707828125 0.736821875 0.47327812500000005 0.746378125 0.46204999999999996
0 0.7495625 0.3429 0.7642156250000001 0.327928125 0.7680390625 0.30796718749999996 0.7680390625 0.2836375 0.7626234375000001 0.2611796875 0.7524296875 0.24558437500000002 0.741490625 0.2402984375 0.7349109375 0.2430890625 0.73045 0.24558437500000002 0.7247171875 0.2511984375 0.7199390625000001 0.2580609375 0.716115625 0.2680421875 0.7151609375 0.282390625 0.7154796875 0.304846875 0.7205765625 0.3204421875 0.727903125 0.33354218750000003 0.736184375 0.3429 0.7495625 0.3429
0 0.7113375 0.35288125 0.717390625 0.34664375000000003 0.72153125 0.33354218750000003 0.7212125 0.3241859375 0.7142046875 0.3110859375 0.71165625 0.2961140625 0.71325 0.2830140625 0.7138859375 0.26492343749999997 0.7089890624999999 0.2655765625 0.7008265625 0.25431875000000004 0.687446875 0.2580609375 0.6762984375000001 0.2661703125 0.6734312499999999 0.285509375 0.6734312499999999 0.29736093750000003 0.6734312499999999 0.31358125000000003 0.675025 0.331671875 0.6778906250000001 0.34664375000000003 0.68458125 0.3553765625 0.6938187499999999 0.360990625 0.70178125 0.3584953125 0.7113375 0.35288125
0 0.8811203125 0.60996875 0.8852625 0.5831453125 0.88366875 0.556321875 0.8781859375 0.5333375 0.86615 0.514525 0.8556374999999999 0.512653125 0.8460812499999999 0.5151484375 0.8378 0.5245062500000001 0.832384375 0.5401015625000001 0.8304734375 0.5613109374999999 0.8339765625 0.5912546875 0.840665625 0.6124640625 0.8534078125000001 0.6293078125 0.8671046875 0.6274359375 0.8811203125 0.60996875
0 0.832384375 0.5288734374999999 0.8342953124999999 0.5082875 0.831825 0.4912078125 0.8272875000000001 0.476471875 0.8161390624999999 0.46524374999999996 0.8043531249999999 0.45651093749999994 0.7916109375 0.4646203125 0.7833281249999999 0.48520624999999995 0.7810984375000001 0.509534375 0.7826921875 0.532615625 0.793203125 0.5532015625 0.8021218749999999 0.5600640625 0.8123156249999999 0.5613109374999999 0.8256953125000001 0.55445 0.832384375 0.5288734374999999
0 0.811996875 0.59375 0.8062640625 0.5712921875 0.7957515625 0.5600640625 0.78355 0.5614250000000001 0.7750468749999999 0.5650546875 0.7674015625 0.581896875 0.7629421875 0.6006125 0.7632609375 0.6230703125 0.764534375 0.6392890625 0.76963125 0.65675625 0.7820546875 0.6711031249999999 0.7947968750000001 0.6686078125 0.8094484375000001 0.651765625 0.811678125 0.6311796875 0.8129531249999999 0.608721875 0.811996875 0.59375
0 0.8387546875 0.6124640625 0.8311093749999999 0.5981171875 0.8288796875 0.5843921875 0.8288796875 0.5700453125 0.8291984375 0.556321875 0.8270453124999999 0.5576796875000001 0.81805 0.5663015625 0.8129531249999999 0.5843921875 0.811678125 0.6006125 0.8142265625 0.6236937499999999 0.8209171874999999 0.6424078125 0.8279249999999999 0.646775 0.8390734375 0.646775 0.8492671875 0.644903125 0.8556374999999999 0.63679375 0.8489484375 0.6293078125 0.8435328125 0.6193265625000001 0.8387546875 0.6124640625
0 0.97543125 0.3110109375 0.9704328125 0.29928125 0.9630078125000001 0.29229531249999996 0.95631875 0.2873046875 0.94644375 0.2904234375 0.93593125 0.3060203125 0.92796875 0.3253578125 0.932428125 0.35966718750000004 0.9435765625 0.3827484375 0.9623703125 0.380878125 0.971290625 0.369025 0.9751125 0.3471921875 0.97543125 0.32598125 0.97543125 0.3110109375
0 0.91809375 0.3827484375 0.922871875 0.35966718750000004 0.922553125 0.3422015625 0.9188124999999999 0.3226875 0.912359375 0.3097625 0.9028031249999999 0.2991578125 0.8926109375 0.2966625 0.8865578125000001 0.3010296875 0.8776390624999999 0.304771875 0.873815625 0.3228625 0.87095 0.34032968750000003 0.875090625 0.3621625 0.8770015624999999 0.380878125 0.8916546875 0.3933546875 0.904715625 0.3914828125 0.91809375 0.3827484375
0 0.971290625 0.6211234375 0.9728828125 0.6030328125 0.9681046875 0.5930515625 0.9614156250000001 0.5830703125000001 0.950903125 0.5712171875000001 0.9435765625 0.5712171875000001 0.92860625 0.5880609375 0.9273312499999999 0.6061515625 0.9247828124999999 0.6261140625 0.9301984375 0.6385890625 0.9352953125000001 0.6535609375 0.9451703124999999 0.664165625 0.95631875 0.6566796874999999 0.9658749999999999 0.6373421875 0.971290625 0.6211234375