0 0.032671875 0.7352171875 0.049475000000000005 0.751078125 0.0766296875 0.7363562499999999 0.0735796875 0.6786171875 0.05823906250000001 0.6592125 0.0478890625 0.6627484375 0.039490625 0.668915625 0.030115625 0.6899375 0.032671875 0.7352171875
0 0.022673437499999997 0.8815640625000001 0.022568750000000002 0.8811703124999999 0.0276109375 0.8718625 0.02708125 0.8551328125 0.026729687499999998 0.8400765625 0.023203124999999998 0.8293703125 0.01703125 0.8186640625000001 0.010859375000000001 0.8189984375 0.003278125 0.8223437499999999 0 0.8310421874999999 0.0001046875 0.8745390625 0.009273437499999999 0.8869171874999999 0.022673437499999997 0.8815640625000001
0 0.007332812499999999 0.7835328125000001 0.01703125 0.7999265624999999 0.0411875 0.7731609374999999 0.0344875 0.7440515624999999 0.016175000000000002 0.7373875 0.01615 0.7376953125 0.0078625 0.751746875 0.0055703125 0.7681421875 0.007332812499999999 0.7835328125000001
0 0.0080390625 0.6801468749999999 0.002284375 0.6868125 0.0001046875 0.694534375 0 0.72498125 0.002925 0.7326765625 0.009978125000000001 0.7393671875 0.0246140625 0.725315625 0.025671875 0.721634375 0.026023437500000003 0.7115984375 0.02531875 0.6998875 0.021615625 0.6881765625 0.014209375 0.6798124999999999 0.0080390625 0.6801468749999999
0 0.06023125 0.806953125 0.0738078125 0.8072874999999999 0.088090625 0.7932359375 0.0928515625 0.7637921875 0.0870328125 0.74070625 0.0849171875 0.7350187499999999 0.0454984375 0.7553609375 0.047359374999999995 0.777175 0.05194375 0.7929015625 0.06023125 0.806953125
0 0.12529531249999998 0.6420046875 0.1160515625 0.648359375 0.1081921875 0.6630828125 0.1036078125 0.6875078125 0.10519375 0.70624375 0.11259999999999999 0.7269890625000001 0.126 0.7376953125 0.1342875 0.7376953125 0.1455734375 0.72631875 0.1513921875 0.7075828125 0.15386093750000002 0.6925265625 0.1468078125 0.6577296875 0.13834375000000002 0.6466890624999999 0.12529531249999998 0.6420046875
0 0.168671875 0.7479734375 0.1607375 0.7345906249999999 0.154634375 0.7295296875 0.1491 0.7266546875000001 0.142575 0.73066875 0.13358281249999998 0.7433828124999999 0.12917499999999998 0.75643125 0.1265296875 0.774071875 0.126353125 0.7934765625 0.1323484375 0.811209375 0.147159375 0.82593125 0.1586203125 0.8269343750000001 0.16990624999999998 0.815559375 0.175725 0.774740625 0.168671875 0.7479734375
0 0.19167499999999998 0.671765625 0.1845984375 0.6845749999999999 0.1816 0.7013046875 0.18177656250000002 0.729409375 0.1895359375 0.7491484374999999 0.20099687500000002 0.7571796875000001 0.2145734375 0.7528296875 0.2212734375 0.7384421875 0.225153125 0.7126796875 0.22197968750000002 0.6818984375 0.21263437500000001 0.6645 0.201878125 0.659146875 0.19167499999999998 0.671765625
0 0.2618296875 0.6875859375 0.24948593749999998 0.6815640625 0.24260937500000002 0.6849093749999999 0.2384171875 0.6893203125 0.23026718750000003 0.699296875 0.22480000000000003 0.720040625 0.22215625 0.736434375 0.226034375 0.7662125 0.23396875 0.7785921874999999 0.2440203125 0.7889640625000001 0.252484375 0.7889640625000001 0.25953750000000003 0.78695625 0.26711874999999996 0.7779234374999999 0.2739953125 0.7491484374999999 0.27152656249999996 0.7073265625 0.2618296875 0.6875859375
0 0.30908437499999997 0.775246875 0.3113765625 0.76688125 0.306615625 0.7571796875000001 0.29133125 0.749090625 0.282459375 0.750153125 0.27223281250000003 0.76989375 0.2676484375 0.792309375 0.2695875 0.8140578125 0.27699375000000004 0.8294484375 0.2847515625 0.84149375 0.2955078125 0.8451734375 0.30538125 0.8388171874999999 0.3080265625 0.8364750000000001 0.30555781249999997 0.8194109375 0.30608749999999996 0.8023468749999999 0.30908437499999997 0.775246875
0 0.3491109375 0.7695578125 0.3434671875 0.760525 0.33359375 0.756509375 0.3255046875 0.7591218750000001 0.3161375 0.7685546875 0.3110234375 0.77993125 0.3085546875 0.79264375 0.30679218750000004 0.8110468750000001 0.3073203125 0.8277749999999999 0.31120000000000003 0.8421625 0.32530625 0.85655 0.33976562499999996 0.8552109375000001 0.3508734375 0.8435015625 0.355634375 0.8093734375 0.35281250000000003 0.7839453125 0.3491109375 0.7695578125
0 0.27311406250000003 0.849384375 0.26482656250000003 0.8426921875 0.2586546875 0.8420234375 0.2551734375 0.8439703125 0.2510734375 0.8435015625 0.24260937500000002 0.85855625 0.23802500000000001 0.867925 0.235028125 0.8853234375 0.23837812500000002 0.914765625 0.2449015625 0.9261421875 0.258478125 0.9367093750000001 0.2688828125 0.9353718750000001 0.2796375 0.920315625 0.2835171875 0.8922109375 0.2789328125 0.8620984375 0.27311406250000003 0.849384375
0 0.1932375 0.8433609375 0.1995859375 0.8634359375 0.20910781250000002 0.87548125 0.22074531249999998 0.8728046875000001 0.23749531250000003 0.8410187499999999 0.21898125 0.8319859375 0.1998328125 0.7949937499999999 0.19341406249999998 0.804884375 0.1912984375 0.8226171875 0.1932375 0.8433609375
0 0.2112234375 0.8142531249999999 0.220921875 0.83098125 0.23255937499999998 0.8363359375 0.2433140625 0.8303125 0.2501921875 0.8125796875000001 0.25715781249999997 0.7954125000000001 0.2436671875 0.791059375 0.231853125 0.7806875 0.2244484375 0.764628125 0.22145 0.7462265625 0.2195109375 0.7468953125 0.21475 0.755259375 0.2099890625 0.7579359375 0.20804999999999998 0.7707578125000001 0.206815625 0.78949375 0.206815625 0.803546875 0.2112234375 0.8142531249999999
0 0.39449999999999996 0.675928125 0.39079687500000004 0.6602015625 0.380184375 0.6575546875 0.3696375 0.6591984375 0.3595859375 0.670909375 0.3541203125 0.68195 0.35112343749999997 0.702025 0.352534375 0.7264484375 0.3569421875 0.7448515625 0.36893125000000004 0.7565609375 0.379159375 0.75856875 0.39361718749999997 0.7465234374999999 0.39837812499999997 0.733140625 0.401728125 0.7047015625 0.39449999999999996 0.675928125
0 0.39132500000000003 0.5959625 0.3863875 0.6080078125 0.38215625000000003 0.6317625 0.38437343749999997 0.65379375 0.40208125 0.6735859375000001 0.4093109375 0.67693125 0.42465156249999997 0.676596875 0.43593593750000004 0.640128125 0.434878125 0.6237328125 0.430821875 0.604996875 0.4248265625 0.589271875 0.414071875 0.579903125 0.40419687499999996 0.5819109375 0.3973203125 0.5879328125 0.39132500000000003 0.5959625
0 0.412484375 0.6939953125 0.4103890625 0.695590625 0.40454999999999997 0.701690625 0.40067031249999996 0.718753125 0.4013765625 0.7461890624999999 0.4079 0.7655953125 0.41742187499999994 0.777640625 0.4325859375 0.7793125 0.445634375 0.7665984375 0.454096875 0.7394984375 0.45127656250000003 0.7057046875 0.44034375 0.692990625 0.4267671875 0.6896453124999999 0.412484375 0.6939953125
0 0.48407343750000004 0.6257406249999999 0.47507968749999996 0.605665625 0.4659109375 0.594959375 0.456565625 0.59663125 0.4459859375 0.601315625 0.440696875 0.6120234375 0.43628906250000005 0.62105625 0.436640625 0.6354437500000001 0.43575937500000006 0.6481578125 0.43399687499999995 0.660871875 0.4414015625 0.6802765625 0.447396875 0.691653125 0.4576234375 0.6990140625000001 0.4761375 0.677934375 0.48354375000000005 0.6498296875 0.48407343750000004 0.6257406249999999
0 0.5145765625000001 0.708715625 0.51351875 0.693325 0.5094640625 0.6839578125 0.5015296874999999 0.6762625 0.4928484375 0.6746921875 0.48513124999999996 0.6776 0.4763140625 0.691653125 0.47208281249999995 0.69834375 0.4696140625 0.7204265624999999 0.4694375 0.7388281250000001 0.47190624999999997 0.7545546875 0.48178124999999994 0.7659296875 0.492184375 0.769275 0.504703125 0.7615796875 0.5152828125 0.7411703125 0.518809375 0.7210953124999999 0.5145765625000001 0.708715625
0 0.55178125 0.6404625 0.532534375 0.6437625 0.5232171875 0.6568562499999999 0.5161640625 0.6786046875 0.515459375 0.6946640625 0.5195140625 0.7164125 0.5256859375 0.732471875 0.5373234375 0.74418125 0.5491375 0.73715625 0.5576 0.728121875 0.5660640625 0.7107234375 0.5669453125 0.677265625 0.5614796875 0.6528421875 0.55178125 0.6404625
0 0.5436703125 0.7438859375 0.5359125 0.75291875 0.532915625 0.7605765625 0.5286828125 0.778978125 0.53009375 0.805409375 0.5325624999999999 0.819128125 0.5426124999999999 0.8361921875 0.55178125 0.8421671875 0.5635953125000001 0.83781875 0.5785828125 0.8160703125 0.5824625 0.7789328125 0.5727640625 0.74748125 0.5602453125 0.7388671875 0.5436703125 0.7438859375
0 0.520571875 0.8282 0.515459375 0.8479390625000001 0.516340625 0.8633312500000001 0.523746875 0.884409375 0.53168125 0.89478125 0.5456109375 0.8964546875 0.5556609375 0.8840749999999999 0.5609515625 0.869353125 0.5634187500000001 0.854296875 0.56324375 0.842921875 0.5547796875000001 0.8455984375 0.5434953124999999 0.8385718750000001 0.52665625 0.8208546875 0.520571875 0.8282
0 0.529740625 0.9062093750000001 0.52515625 0.89215625 0.517575 0.8787734374999999 0.504703125 0.872415625 0.5018812500000001 0.8734203125000001 0.5003437500000001 0.8727453125 0.5002953125 0.8730328125 0.4927125 0.88039375 0.485659375 0.8931078125 0.482309375 0.905821875 0.4821328125 0.9212125 0.48354375000000005 0.9366031250000001 0.48742343750000006 0.94803125 0.496415625 0.9560609375 0.5087578125000001 0.9587375 0.5211015625 0.9473625 0.52833125 0.923271875 0.529740625 0.9062093750000001
0 0.4784296875 0.8372859375000001 0.47031875 0.8349437500000001 0.45815312500000005 0.8402968749999999 0.4533921875 0.8426390625 0.44775 0.8486609375 0.4435171875 0.8690703125000001 0.4438703125 0.8904828124999999 0.45550781249999994 0.9108921875 0.4671453125 0.9165812499999999 0.481428125 0.9075468750000001 0.48760000000000003 0.8740890625000001 0.48689375 0.8489953124999999 0.4784296875 0.8372859375000001
0 0.4368171875 0.8694046875 0.43769843750000004 0.8436421875000001 0.43276250000000005 0.8218937499999999 0.424121875 0.8118578125000001 0.41965 0.8108281249999999 0.4079 0.8115218750000001 0.39961250000000004 0.8185484375 0.3943234375 0.830259375 0.3902671875 0.8392921875000001 0.38920937499999997 0.85066875 0.3895625 0.8684015625000001 0.393440625 0.8834578125 0.40049375 0.8958375000000001 0.40772343749999995 0.9035328125 0.41918437500000005 0.90219375 0.43205625000000003 0.8888109375000001 0.4368171875 0.8694046875
0 0.4784296875 0.8141984375 0.4853078125 0.7717078125 0.463265625 0.7470984374999999 0.45691875 0.74275 0.44968906249999996 0.75780625 0.44475156250000003 0.7728609375 0.4329375 0.780740625 0.4414015625 0.824571875 0.44845468750000006 0.8312625 0.455684375 0.8329359375 0.46449999999999997 0.8322671875 0.4717296875 0.8255750000000001 0.4784296875 0.8141984375
0 0.357190625 0.6086796875 0.3501375 0.59195 0.3416734375 0.5862625 0.33673593749999997 0.585928125 0.331678125 0.587753125 0.32492187499999997 0.5932890625 0.3189265625 0.606003125 0.3155765625 0.6147015625 0.31451875 0.6290890625000001 0.31663437499999997 0.65284375 0.32121875 0.6668968750000001 0.33409062500000003 0.677603125 0.345728125 0.6779375 0.35278125 0.6699078125 0.35983437500000004 0.65150625 0.3612453125 0.6297578125000001 0.357190625 0.6086796875
0 0.280840625 0.5665218750000001 0.2722 0.560165625 0.263771875 0.5605859375 0.2561546875 0.56986875 0.2498078125 0.5855937499999999 0.24822031249999998 0.6033265625 0.249984375 0.6237359375 0.2577421875 0.641803125 0.26179687500000004 0.6498328124999999 0.27625625 0.646153125 0.281721875 0.6501671875 0.290715625 0.621728125 0.2914203125 0.596634375 0.2877171875 0.5792359375 0.280840625 0.5665218750000001
0 0.29776875 0.45343437499999995 0.29133125 0.4519125 0.2852484375 0.45276562499999995 0.2794296875 0.459121875 0.2757265625 0.468825 0.27290625 0.48354687500000004 0.2730828125 0.5012796875000001 0.27890156250000003 0.51533125 0.2856015625 0.5250343749999999 0.29635781250000004 0.5246999999999999 0.30305781249999997 0.5146625 0.30940625 0.4925796875 0.3060546875 0.46581406249999996 0.29776875 0.45343437499999995
0 0.2690265625 0.5267078125 0.2653234375 0.5183421874999999 0.2561546875 0.5126546875 0.247515625 0.5146625 0.24046249999999997 0.5226921875 0.23693593750000003 0.5380828125 0.23552499999999998 0.5605 0.24575156250000002 0.5929546875 0.25668437499999996 0.5645140625 0.26796875 0.5561499999999999 0.2739140625 0.5451203125 0.2690265625 0.5267078125
0 0.20777031250000003 0.48493281250000003 0.20308125000000002 0.49291406249999997 0.19937812500000002 0.5073015625 0.19937812500000002 0.5246999999999999 0.2050203125 0.544775 0.2175390625 0.5584921875 0.22706093749999998 0.5554812499999999 0.2357015625 0.5364093750000001 0.235878125 0.51098125 0.229353125 0.489234375 0.22018437500000002 0.4808703125 0.21207343750000002 0.4822078125 0.20777031250000003 0.48493281250000003
0 0.257565625 0.427159375 0.2505421875 0.43101406249999996 0.2464578125 0.439715625 0.24363593749999998 0.457784375 0.2454 0.47618593750000004 0.2503359375 0.4925796875 0.258446875 0.49726406250000005 0.2684984375 0.4945875 0.27149531250000003 0.48655781249999996 0.27466875 0.46949375 0.2769609375 0.457784375 0.273434375 0.4400515625 0.26549999999999996 0.42934374999999997 0.257565625 0.427159375
0 0.5880328125000001 0.579203125 0.5725171875 0.5905781250000001 0.569575 0.5969484375 0.5637 0.6123265625000001 0.5605265625 0.6334046875 0.5638765625 0.6591671875 0.5719875 0.6758968750000001 0.5830968750000001 0.6825890625000001 0.5963203125 0.6789078125 0.60760625 0.662178125 0.6128953125 0.639428125 0.612365625 0.6129953125000001 0.6061953124999999 0.595596875 0.5987890625000001 0.5822140625000001 0.5880328125000001 0.579203125
0 0.6315859374999999 0.5715078124999999 0.633525 0.5437375 0.6315859374999999 0.5236625 0.6248859375 0.5082718749999999 0.6174796875 0.5005765625 0.607253125 0.5002421874999999 0.6022046875 0.503740625 0.59614375 0.5092749999999999 0.5901500000000001 0.5219890625 0.5867984374999999 0.5353734375 0.5859171875 0.549425 0.5859171875 0.5608015625 0.59279375 0.5681625 0.6002 0.57385 0.60778125 0.585559375 0.6114843750000001 0.594928125 0.6187140624999999 0.5909125000000001 0.6257671874999999 0.584890625 0.6315859374999999 0.5715078124999999
0 0.68906875 0.5437375 0.6738609375 0.5480453125 0.666675 0.5594625 0.6583875 0.5751875 0.65415625 0.5962671875 0.6539796875 0.615671875 0.6694953124999999 0.6444468750000001 0.6901265624999999 0.6434421875 0.7038796875 0.629725 0.7089921875 0.6129953125000001 0.7089921875 0.5882359375 0.7059953125 0.5618046875 0.6998234375 0.5477531250000001 0.68906875 0.5437375
0 0.65750625 0.6287203124999999 0.6508046875 0.6153375 0.6389921875 0.610653125 0.6273390625 0.618265625 0.61941875 0.6277171874999999 0.6137765625 0.6437765625 0.61095625 0.6595015625 0.6114843750000001 0.6779046875 0.6155406250000001 0.6936296875 0.6217109375 0.7053390625 0.6319390625 0.7137046875 0.643046875 0.713034375 0.653096875 0.701325 0.6608562499999999 0.6782390625 0.6624421875000001 0.65481875 0.65750625 0.6287203124999999
0 0.7424953125 0.72643125 0.7324437500000001 0.7086984375000001 0.718396875 0.7052031249999999 0.7089921875 0.711028125 0.698765625 0.72641875 0.6947109375 0.7387984375000001 0.693653125 0.7612281249999999 0.6964734375 0.7796296875000001 0.7017640625 0.794015625 0.7100515625 0.80305 0.7213359374999999 0.8043875 0.73561875 0.793346875 0.7446109375 0.7729375 0.7470796875 0.75219375 0.7424953125 0.72643125
0 0.765946875 0.70066875 0.7599515625000001 0.69565 0.753075 0.695984375 0.7447874999999999 0.6989953125 0.7369171875 0.708884375 0.74743125 0.7324531249999999 0.7488421875 0.757546875 0.7446109375 0.7799640625 0.7458453125 0.7806328125 0.750253125 0.7843140625 0.7594218749999999 0.7806328125 0.7715890625 0.7692578125 0.7742328125 0.7488484375 0.7745859375 0.7284390625 0.7726468750000001 0.716728125 0.765946875 0.70066875
0 0.6531359375 0.7970765625 0.6472781249999999 0.8017109375 0.6402265625 0.8127531250000001 0.6374046875 0.82814375 0.6351125 0.8448718749999999 0.6432234375 0.8755109375 0.6578578125 0.88186875 0.672140625 0.8758453125000001 0.679546875 0.857109375 0.6804281249999999 0.82599375 0.674609375 0.8042453125 0.664559375 0.7935390625000001 0.6531359375 0.7970765625
0 0.647984375 0.9029468749999999 0.6432234375 0.887890625 0.6361703125 0.8791921874999999 0.6275609375 0.87725625 0.6199484375 0.8791921874999999 0.6116609375000001 0.8888953125000001 0.6060187499999999 0.9029468749999999 0.6033734374999999 0.916665625 0.6033734374999999 0.9300484375 0.6074296875 0.94845 0.6150109375 0.9614984375000001 0.6273546875 0.9671859375 0.6368750000000001 0.9628375 0.645515625 0.9467765625 0.6490421875 0.9200109375000001 0.647984375 0.9029468749999999
0 0.582390625 0.9085015625 0.5781734375 0.9077671875 0.5783359375 0.9079656249999999 0.5681078125 0.9136531250000001 0.5601734375 0.932390625 0.5587625 0.9581531249999999 0.5647578125 0.9748812499999999 0.5705765625 0.9824437500000001 0.57939375 0.9851203125 0.5957921875000001 0.9790984375 0.60108125 0.961365625 0.60108125 0.93526875 0.5917359375 0.9145234375 0.582390625 0.9085015625
0 0.61741875 0.739 0.6037265625 0.7365203124999999 0.5924421875 0.7448859375 0.5855640625 0.7589375 0.5838015624999999 0.7816890625 0.5855640625 0.7957421874999999 0.590325 0.8144781249999999 0.6026687500000001 0.8231781249999999 0.6160687499999999 0.8235125 0.6252375 0.804775 0.6314093749999999 0.7766703125000001 0.626825 0.754253125 0.61741875 0.739
0 0.5688140625 0.6716125 0.5679328124999999 0.6739546875 0.566875 0.7104234375 0.561584375 0.723471875 0.56318125 0.72604375 0.5633484375 0.726484375 0.5659921875 0.7355171875 0.5741031249999999 0.7455546875 0.586975 0.7458890625000001 0.5952625 0.7358515625 0.6016109375 0.718453125 0.6019625 0.7000515625 0.5987890625000001 0.680646875 0.5876812499999999 0.6833234375 0.5838015624999999 0.6843265625 0.57269375 0.6783046875000001 0.5688140625 0.6716125
0 0.9778249999999999 0.543675 0.94825625 0.52385 0.916090625 0.555046875 0.9022359375000001 0.57826875 0.8989 0.6158140624999999 0.8993453125 0.64871875 0.9193546874999999 0.657578125 0.9260234374999999 0.66221875 0.943365625 0.66896875 0.9560375000000001 0.67740625 0.96070625 0.69090625 0.969821875 0.6849999999999999 0.9871624999999999 0.6415484375 0.9907203125 0.5791125 0.9778249999999999 0.543675
0 0.7812640625 0.7716359374999999 0.7712859375 0.7794984375 0.765284375 0.7997484375 0.764171875 0.8195765625 0.773065625 0.83560625 0.7815140625 0.845309375 0.7944078125 0.8377156250000001 0.8004109375 0.8267468750000001 0.8048578125000001 0.8102953125000001 0.8039687499999999 0.7984828125 0.79463125 0.7875140625 0.7892953125 0.7714828125000001 0.7812640625 0.7716359374999999
0 0.8326484375 0.7149546875 0.8221984375 0.7060953125 0.8035234375 0.7128453125 0.7944078125 0.7259218749999999 0.7897390625 0.741109375 0.7888499999999999 0.761359375 0.7895171875 0.7672656250000001 0.794853125 0.7803421875 0.7993 0.7887796875 0.807303125 0.8001703125 0.8226437499999999 0.7934203125 0.8326484375 0.7799203125 0.83709375 0.757140625 0.8375390625 0.735203125 0.8326484375 0.7149546875
0 0.8522125 0.7056734375 0.8453203125 0.7027203125 0.8368718749999999 0.7014546875 0.82886875 0.7048296875 0.83820625 0.7229687499999999 0.8402062499999999 0.747859375 0.83709375 0.7689515625000001 0.8319812499999999 0.7854046875 0.83709375 0.7896234375 0.8559921875000001 0.7794984375 0.858659375 0.760515625 0.8597718750000001 0.735625 0.8575484375 0.71959375 0.8522125 0.7056734375
0 0.9121984375000001 0.7479203125 0.9057921875 0.7525000000000001 0.89845625 0.766421875 0.8933421875 0.7794984375 0.8917859375000001 0.8056546875 0.8980109374999999 0.826325 0.9077937500000001 0.839825 0.9226890624999999 0.839825 0.9366953125 0.8162015625000001 0.942253125 0.7875140625 0.9398078125 0.762203125 0.9269140625000001 0.7440625 0.9121984375000001 0.7479203125
0 0.954703125 0.6769859375 0.9286921875 0.6879546875 0.9224671875 0.6976578124999999 0.918465625 0.7132671875 0.916909375 0.73309375 0.9238 0.7402656249999999 0.9315828125 0.745328125 0.9369171875 0.753765625 0.9413640624999999 0.762625 0.9424765624999999 0.7723265625 0.9520359375 0.763046875 0.9615953125000001 0.745328125 0.9655968749999999 0.7107359375 0.954703125 0.6769859375
0 0.7954421875000001 0.6124906250000001 0.7882453125 0.6186546875000001 0.7824640625 0.6308890625 0.7780171874999999 0.6456546875 0.77690625 0.673075 0.782909375 0.693325 0.7913578125 0.7045234375 0.8100328125 0.7057890625 0.8200375 0.6884921875 0.827596875 0.6657124999999999 0.8304859375 0.6370250000000001 0.8131453125 0.6049640625 0.7954421875000001 0.6124906250000001
0 0.8329703125 0.549128125 0.82359375 0.5556062500000001 0.8155906249999999 0.5800734375000001 0.8147015625 0.6015890625 0.8324875 0.638290625 0.846271875 0.635759375 0.8584984375 0.620571875 0.8636125 0.6011671875 0.8645015624999999 0.5737453125 0.8591656249999999 0.55391875 0.8500515625 0.5446375 0.8387125 0.5437937500000001 0.8329703125 0.549128125
0 0.8238171875000001 0.46058750000000004 0.816925 0.48294531249999995 0.8165687500000001 0.49431875 0.8204812499999999 0.519325 0.8289296875 0.531559375 0.8447156250000001 0.534934375 0.8536078125 0.534934375 0.8589437500000001 0.518903125 0.864946875 0.49222656249999996 0.864725 0.46986718749999995 0.8616125 0.45510312500000005 0.8551640624999999 0.44286875 0.8444921875 0.43949375 0.8315984375 0.448353125 0.8238171875000001 0.46058750000000004
0 0.7470703125 0.3711484375 0.7375546875000001 0.3762140625 0.7302187499999999 0.3880265625 0.724659375 0.40279218749999995 0.7237703125 0.421353125 0.7293296875 0.44033749999999994 0.7351093750000001 0.44793125 0.7442249999999999 0.4538375 0.759565625 0.44329062500000005 0.7651234375 0.413759375 0.7637890625 0.39013593750000003 0.7573421875 0.3732609375 0.7470703125 0.3711484375
0 0.914525 0.3074515625 0.9069171875 0.3158125 0.9000734375 0.33698125 0.8962937500000001 0.3644015625 0.9034093750000001 0.3939328125 0.9176375 0.40701093750000006 0.931865625 0.4032140625 0.942759375 0.3859171875 0.9494296875 0.352590625 0.9480953124999999 0.324746875 0.9400921875 0.30998125 0.9325328125000001 0.3036546875 0.9223062499999999 0.3015453125 0.914525 0.3074515625
0 0.866725 0.3880265625 0.8618828125 0.3885390625 0.851384375 0.39604218750000003 0.8469390625000001 0.4074328125 0.8496062500000001 0.41671250000000004 0.8562765625000001 0.426415625 0.8573875 0.43949375 0.8598328125 0.45088437499999995 0.8651687499999999 0.46143124999999996 0.88073125 0.45847812499999996 0.8918484375 0.442446875 0.894515625 0.4184 0.889625 0.3994171875 0.866725 0.3880265625
0 0.9727609375 0.2720140625 0.965825 0.2689078125 0.9587546874999999 0.2707484375 0.9511953125 0.28045156250000003 0.9438593750000001 0.2990140625 0.9431921875 0.31166875 0.9476375000000001 0.320528125 0.9514171875 0.34795 0.9605328125 0.351325 0.9732062499999999 0.338246875 0.9818765624999999 0.3192625 0.9829874999999999 0.2977484375 0.979875 0.2791859375 0.9727609375 0.2720140625
0 0.974984375 0.5335687499999999 0.9925484375 0.5107890625 0.9994390624999999 0.5006640625000001 0.9989953125 0.3681984375 0.9741640625000001 0.3532296875 0.9576421875 0.356809375 0.9487500000000001 0.37115156250000003 0.9414125 0.39477656250000004 0.9342984375000001 0.4023703125 0.9276296875 0.41418125000000006 0.9231828125 0.44666562499999996 0.9240718749999999 0.47619531249999997 0.9322984375000001 0.5057265625 0.9369671875 0.5116328125 0.9498609374999999 0.5154296875 0.9636453125 0.52513125 0.974984375 0.5335687499999999
0 0.885165625 0.46986718749999995 0.8796078125 0.46564843749999996 0.8740484374999999 0.464384375 0.8674156249999999 0.4665375 0.8667125 0.48309687500000004 0.8651562500000001 0.5012359375 0.8578187500000001 0.5320328125 0.8613765624999999 0.5341421875 0.8711593750000001 0.5421578125 0.8784953124999999 0.5362515625000001 0.8864984375 0.524709375 0.8907234374999999 0.5133203125 0.8920578125 0.4964453125 0.8885 0.4783046875 0.885165625 0.46986718749999995
0 0.9428359374999999 0.8081109375000001 0.924828125 0.843125 0.9039296875 0.843125 0.886365625 0.8148609375 0.877028125 0.8135953125000001 0.8783609374999999 0.8427031250000001 0.883696875 0.868015625 0.893925 0.8827796875 0.9045953125 0.8958578125000001 0.922159375 0.8954359375 0.9406125 0.8823578124999999 0.9530625 0.86253125 0.9603984375 0.8325781250000001 0.9637343749999999 0.7823765625 0.9581765624999999 0.76001875 0.9448359375000001 0.7768921875 0.9428359374999999 0.8081109375000001
0 0.6468734375 0.4632328125 0.6622140625 0.4653875 0.6718734375000001 0.44490468749999995 0.666759375 0.40393749999999995 0.6531421875000001 0.3908421875 0.6389203125 0.400703125 0.631534375 0.4233421875 0.6349421875 0.45029531250000004 0.6468734375 0.4632328125