0 0.1140859375 0.18153593750000002 0.1055390625 0.168234375 0.091071875 0.1626921875 0.0772640625 0.1704515625 0.0660859375 0.1771015625 0.065428125 0.202596875 0.070359375 0.22199531249999999 0.082525 0.2314171875 0.0996203125 0.22809218750000002 0.1107984375 0.21867031250000002 0.1154015625 0.2014890625 0.1140859375 0.18153593750000002
0 0.0443859375 0.1721140625 0.05885312499999999 0.173221875 0.0726609375 0.1671265625 0.08219531249999999 0.156040625 0.08745625 0.1377515625 0.0884421875 0.121678125 0.08383906249999999 0.0989546875 0.075290625 0.085653125 0.0614828125 0.07955625 0.049646875 0.07789375 0.0378109375 0.083990625 0.0279484375 0.09230468750000001 0.0200578125 0.10726875 0.0170984375 0.1255578125 0.021371875000000002 0.146065625 0.0279484375 0.1593671875 0.0443859375 0.1721140625
0 0.0453734375 0.1998265625 0.0391265625 0.20647656250000002 0.036167187499999996 0.2192234375 0.0427421875 0.22642968749999998 0.052934375 0.232525 0.05918125 0.2292 0.0627984375 0.21811562499999998 0.060496875000000006 0.20647656250000002 0.0535921875 0.19927187500000001 0.0453734375 0.1998265625
0 0.03025 0.17155937500000001 0.022359375 0.17543906250000002 0.016770312500000002 0.1859703125 0.019728125 0.20592187499999998 0.0269625 0.2109109375 0.0348515625 0.2114640625 0.039784375 0.19927187500000001 0.0473453125 0.1970546875 0.04603125 0.18153593750000002 0.038140625 0.17543906250000002 0.03025 0.17155937500000001
0 0.2058140625 0.10948593749999999 0.2094296875 0.094521875 0.20811562499999997 0.0767859375 0.202196875 0.0629296875 0.20186874999999999 0.06348437500000001 0.19266250000000001 0.0551703125 0.179840625 0.053507812499999995 0.1686625 0.0601578125 0.1588 0.0773390625 0.16110156250000002 0.0989546875 0.16340156249999999 0.10893125 0.17458125 0.11391875 0.185759375 0.11558281249999999 0.1949640625 0.11225624999999999 0.2058140625 0.10948593749999999
0 0.1647171875 0.121125 0.1785265625 0.1250046875 0.197265625 0.12334062500000001 0.21107499999999998 0.10893125 0.22389687500000002 0.0928578125 0.227184375 0.065146875 0.2268546875 0.04353125 0.22027968750000002 0.0246875 0.2137046875 0.0097234375 0.2044984375 0.0008546875000000001 0.16373125 0 0.1538671875 0.001409375 0.1426890625 0.0158203125 0.1311828125 0.046303125 0.1374296875 0.085653125 0.1512375 0.10782343750000001 0.1647171875 0.121125
0 0.04504375 0.004734375 0.036496875 0.006951562499999999 0.025646875000000003 0.014710937499999998 0.0184140625 0.026904687500000003 0.0187421875 0.0490734375 0.02433125 0.066809375 0.0328796875 0.07623125 0.0434 0.0801109375 0.0627984375 0.0706890625 0.0759484375 0.049628125 0.0706890625 0.0379890625 0.056221875 0.0102765625 0.04504375 0.004734375
0 0.06345625 0.016373437499999997 0.07134531250000001 0.031337500000000004 0.0789078125 0.034664062499999995 0.0887703125 0.0363265625 0.0989625 0.032446875 0.10652500000000001 0.0191453125 0.111128125 0.004734375 0.0601671875 0.0003015625 0.06345625 0.016373437499999997
0 0.0539203125 0.236959375 0.072003125 0.24638125 0.0946890625 0.24749062500000002 0.10718281249999999 0.24749062500000002 0.1252640625 0.23917656250000002 0.1420328125 0.2125734375 0.1505796875 0.1876328125 0.1502515625 0.1626921875 0.14762187499999999 0.13664375 0.1374296875 0.1111484375 0.127565625 0.09175 0.11441562499999999 0.07955625 0.10389375 0.0767859375 0.0881140625 0.07124375 0.07759218749999999 0.0740140625 0.055565624999999993 0.0740140625 0.0404421875 0.08066562499999999 0.0282765625 0.08620781250000001 0.0200578125 0.0956296875 0.011509374999999999 0.12057031250000001 0.0233453125 0.153825 0.022359375 0.164909375 0.014139062499999999 0.1876328125 0.025646875000000003 0.21368125 0.0335375 0.2236578125 0.0539203125 0.236959375
0 0.32044375 0.0607125 0.3164984375 0.04020625 0.309265625 0.028012500000000003 0.300059375 0.018590625 0.2911828125 0.013048437500000001 0.27737500000000004 0.016373437499999997 0.26718281250000003 0.025242187500000002 0.256990625 0.0363265625 0.2497578125 0.052953125000000004 0.2497578125 0.08066562499999999 0.2579765625 0.0972921875 0.26718281250000003 0.10837656250000001 0.28395000000000004 0.115028125 0.30038906249999997 0.10948593749999999 0.31353906249999997 0.101171875 0.3197859375 0.07955625 0.32044375 0.0607125
0 0.353228125 0.1310625 0.36071718750000004 0.1290828125 0.3658578125 0.12487343749999999 0.37114375 0.11422812499999999 0.372759375 0.10135625 0.370115625 0.09194843750000001 0.3649765625 0.084275 0.35778125 0.079571875 0.3499984375 0.0790765625 0.34471093750000004 0.0830375 0.338103125 0.0879875 0.3353125 0.0996234375 0.337515625 0.1157140625 0.34089375 0.12264531249999999 0.3455921875 0.1273484375 0.353228125 0.1310625
0 0.2813828125 0.1907234375 0.288725 0.1966640625 0.2925421875 0.180078125 0.2938640625 0.164978125 0.2919546875 0.148390625 0.286375 0.13428125 0.2778578125 0.1246265625 0.2619984375 0.1132390625 0.251425 0.11274375 0.23145312499999998 0.1191796875 0.2210265625 0.133290625 0.21662187500000002 0.14442968750000001 0.21309687500000002 0.1555703125 0.21412499999999998 0.1689390625 0.21324375 0.1790875 0.2608234375 0.2234 0.267871875 0.2182015625 0.2731578125 0.21894375 0.2718375 0.2102796875 0.27125 0.202853125 0.2771234375 0.19542656249999998 0.2813828125 0.1907234375
0 0.299609375 0.433559375 0.3005953125 0.40862031249999997 0.294678125 0.38922500000000004 0.2871171875 0.3775875 0.27692656250000003 0.368165625 0.264434375 0.363178125 0.2453671875 0.359853125 0.2312328125 0.3687203125 0.21709687500000002 0.3864546875 0.2141375 0.4064046875 0.21249375 0.4341125 0.22695781249999997 0.456834375 0.240765625 0.46902499999999997 0.25917500000000004 0.475675 0.27955625 0.4673625 0.28941875 0.4529546875 0.299609375 0.433559375
0 0.4132109375 0.3696375 0.4260578125 0.3707203125 0.43419375000000004 0.36638906250000003 0.439975 0.360253125 0.4416875 0.3591703125 0.4498234375 0.342928125 0.4481109375 0.3180234375 0.4427578125 0.3028640625 0.43312343750000004 0.2949234375 0.4157796875 0.2934796875 0.40785781249999997 0.2970890625 0.4007921875 0.3050296875 0.3945828125 0.31477499999999997 0.39201406250000004 0.3302953125 0.3945828125 0.3432890625 0.4016484375 0.360253125 0.4132109375 0.3696375
0 0.336559375 0.3028640625 0.326925 0.3086390625 0.3202875 0.3176625 0.3142921875 0.3367921875 0.3134359375 0.35050781249999996 0.315790625 0.3584484375 0.3209296875 0.36530625 0.3286375 0.37396875 0.3399859375 0.3772171875 0.346409375 0.376134375 0.357328125 0.36638906250000003 0.36503593749999996 0.35700468750000003 0.36589218749999997 0.334265625 0.3586125 0.3151359375 0.35004843750000003 0.308278125 0.336559375 0.3028640625
0 0.342340625 0.47683593750000003 0.3532609375 0.480084375 0.36289531249999996 0.47647500000000004 0.37338593750000004 0.45915 0.375528125 0.446878125 0.3748859375 0.42666562499999994 0.3684625 0.4176421875 0.36096875 0.41222812500000006 0.35133281250000004 0.40645312499999997 0.3382734375 0.410784375 0.33035000000000003 0.4219734375 0.3254265625 0.4335234375 0.3254265625 0.44976562500000006 0.32906562500000003 0.46384218749999995 0.333134375 0.4707 0.342340625 0.47683593750000003
0 0.4410453125 0.5039078124999999 0.44918125 0.4970484375 0.4538921875 0.49235625 0.45581875 0.47936249999999997 0.4538921875 0.46312031249999996 0.4530359375 0.4620375 0.449609375 0.452653125 0.442971875 0.44976562500000006 0.43440781250000005 0.44976562500000006 0.4247734375 0.454096875 0.41835000000000006 0.4609546875 0.41663750000000005 0.47467031249999997 0.41813593750000005 0.48730312500000006 0.424559375 0.4970484375 0.43248125000000004 0.5017421875 0.4410453125 0.5039078124999999
0 0.0029421875 0.8169578124999999 0 0.8769109374999999 0.0021328125 0.8823624999999999 0.007790625 0.884178125 0.017759375 0.884178125 0.02584375 0.8782734375000001 0.032578125 0.8673734375000001 0.0366203125 0.8542015624999999 0.0355421875 0.8383046875 0.026381250000000002 0.8192281250000001 0.0139875 0.813778125 0.0029421875 0.8169578124999999
0 0.158940625 0.8646484375 0.15409062499999998 0.85874375 0.048475000000000004 0.8591984374999999 0.0465890625 0.918696875 0.0514390625 0.9241484375000001 0.156515625 0.93050625 0.1578625 0.9255109375 0.158940625 0.8646484375
0 0.0417390625 0.9582124999999999 0.043625000000000004 0.99954375 0.1570546875 0.99954375 0.1554375 0.9595750000000001 0.0417390625 0.9582124999999999
0 0.206090625 0.8442640625 0.2165984375 0.8324546875 0.2225265625 0.8215546874999999 0.2252203125 0.806565625 0.223334375 0.7902140625 0.2217171875 0.774771875 0.2217171875 0.7738640625000001 0.213634375 0.761146875 0.20366562500000002 0.7552421875 0.189925 0.7547875000000001 0.1769921875 0.758875 0.1654078125 0.77568125 0.163790625 0.79884375 0.16702343749999998 0.8206453125 0.1778015625 0.8360890624999999 0.19073281250000002 0.84471875 0.206090625 0.8442640625
0 0.25889843749999997 0.9700218749999999 0.2721015625 0.9632093749999999 0.2809921875 0.9523078125 0.2858421875 0.93459375 0.2858421875 0.91551875 0.280721875 0.9032546874999999 0.2818 0.9005296875000001 0.2710234375 0.8909921875 0.2586296875 0.8846328124999999 0.24677500000000002 0.8850875 0.23357187499999998 0.8909921875 0.22495156249999998 0.9028 0.2217171875 0.9255109375 0.22710625 0.946403125 0.23626718750000003 0.9582124999999999 0.2475828125 0.965025 0.25889843749999997 0.9700218749999999
0 0.277759375 0.8773734375 0.28988281250000003 0.8696515625 0.29419375 0.8551171875 0.2958109375 0.8419453125 0.29419375 0.8237781249999999 0.2885359375 0.8087890625 0.27910625 0.7992515625000001 0.26455625 0.7965265625 0.2551265625 0.7987968750000001 0.24219374999999999 0.8087890625 0.2378828125 0.8274109375 0.23976875 0.8446703125000001 0.24542812500000002 0.8564796875 0.25216249999999996 0.8687437499999999 0.26213125000000004 0.8760109375 0.277759375 0.8773734375
0 0.3744453125 0.9196125 0.384953125 0.9168875 0.396 0.9078046875 0.4056984375 0.8909984375000001 0.410009375 0.8719234374999999 0.40893281249999996 0.8523921874999999 0.40085 0.8328625000000001 0.3868390625 0.8183281250000001 0.3768703125 0.8169656249999999 0.36636250000000004 0.8165109375 0.3555859375 0.822415625 0.345346875 0.8328625000000001 0.3359171875 0.8496671875 0.3345703125 0.8764640625 0.33915 0.894178125 0.34723281250000004 0.9091671874999999 0.362590625 0.9173421875000001 0.3744453125 0.9196125
0 0.444496875 0.7860796875 0.43560625000000003 0.7729078125 0.42698437499999997 0.7706375000000001 0.41728437500000004 0.77745 0.40839375 0.789259375 0.40893281249999996 0.8083359375000001 0.417015625 0.821053125 0.4277921875 0.8242328125 0.43776093749999995 0.821053125 0.44315 0.8160562499999999 0.44692187499999997 0.800159375 0.444496875 0.7860796875
0 0.46238437499999996 0.8383125 0.46319375 0.890090625 0.5723109375 0.8923609375 0.573928125 0.826503125 0.4766640625 0.821053125 0.46238437499999996 0.8383125
0 0.4594203125 0.7324843750000001 0.46615624999999994 0.753378125 0.4812453125 0.7424765625 0.47262343749999997 0.7211296875000001 0.4634625 0.7274890625 0.4594203125 0.7324843750000001
0 0.5472546875 0.729759375 0.5450999999999999 0.7411140625 0.5499484375 0.7706375000000001 0.55803125 0.7797203125000001 0.5706953125 0.7806296875000001 0.586590625 0.7779046875 0.591171875 0.7606453125 0.5930578125 0.74293125 0.5873999999999999 0.7211296875000001 0.5782390625 0.7134078125000001 0.5688093750000001 0.7120453125 0.559109375 0.7129546875 0.5472546875 0.729759375
0 0.5855140624999999 0.814240625 0.5857828125 0.8283203125 0.58524375 0.837403125 0.6006015625 0.834225 0.601140625 0.8237781249999999 0.6016796875 0.8056109375 0.5855140624999999 0.814240625
0 0.4365203125 0.6984203124999999 0.4292453125 0.7029625 0.4217015625 0.7102296875 0.42197031249999994 0.7329390625000001 0.42870625 0.7424765625 0.44379375000000004 0.74565625 0.45268593749999997 0.7361187499999999 0.454840625 0.7252171875 0.4532234375 0.7093203124999999 0.444871875 0.7038703125 0.4365203125 0.6984203124999999
0 0.096003125 0.787678125 0.09519531249999999 0.7994875 0.09465625 0.81901875 0.1065109375 0.82310625 0.1175578125 0.824921875 0.1310296875 0.8281015625 0.1299515625 0.8162921875 0.1312984375 0.7954 0.1286046875 0.7940375000000001 0.11890468750000001 0.7899499999999999 0.096003125 0.787678125
0 0.9020781250000001 0.8608234375 0.8971937499999999 0.86645625 0.8959078125 0.8744734375000001 0.8960375 0.8850906249999999 0.8995078124999999 0.8918062499999999 0.9052906249999999 0.89440625 0.9124890625000001 0.89505625 0.9181437499999999 0.890940625 0.92135625 0.882490625 0.9218703125 0.87425625 0.9194281249999999 0.866240625 0.9149296874999999 0.8614734374999999 0.9087609375 0.859090625 0.9020781250000001 0.8608234375
0 0.8816421875 0.9355734375000001 0.887040625 0.9325390625000001 0.8905109375 0.92820625 0.893209375 0.9221390625 0.8935953124999999 0.91130625 0.891409375 0.9050234375 0.8871687500000001 0.900690625 0.8821562500000001 0.8978734375 0.8754734375 0.8972234374999999 0.8713593749999999 0.9004734375 0.8676328124999999 0.9043734375 0.8659625 0.9123890625 0.866990625 0.92300625 0.8714890625 0.9310234375 0.8765015625 0.9349234375 0.8816421875 0.9355734375000001
0 0.8708453125 0.97305625 0.8766296875 0.9702390624999999 0.880228125 0.9633062499999999 0.8808703124999999 0.9552890625 0.8797140625000001 0.94900625 0.8775296875 0.9390390625 0.872903125 0.9355734375000001 0.867890625 0.9351390625 0.8628765625 0.9357890624999999 0.85709375 0.9396890625 0.85388125 0.9520390624999999 0.8549093750000001 0.9615734375 0.8587640625 0.9689390625 0.8648046875000001 0.9741390624999999 0.8708453125 0.97305625
0 0.886140625 0.9819390625000001 0.8916671875000001 0.9817234375 0.8973218749999999 0.9758734375 0.9005359374999999 0.9687234374999999 0.90015 0.9598390625000001 0.90015 0.9570234375 0.8962937500000001 0.9500890625 0.8912812499999999 0.9479234375000001 0.8871687500000001 0.9479234375000001 0.8826703124999999 0.9487890625000001 0.8835703125000001 0.9572390625 0.8824140625 0.96590625 0.8758578124999999 0.9721890625 0.8766296875 0.9752234375000001 0.8806140625 0.9795562500000001 0.886140625 0.9819390625000001
0 0.9245703125 0.95030625 0.9235421875000001 0.9427234375 0.9128734375 0.9360062499999999 0.9033625000000001 0.9390390625 0.8988640625000001 0.9446734375 0.8986078125000001 0.9479234375000001 0.9007921874999999 0.9522562499999999 0.9014359375 0.9572390625 0.9009203125 0.9672062499999999 0.9055484375 0.9702390624999999 0.9099171875 0.9728390625 0.9148015624999999 0.97240625 0.9194281249999999 0.9685062500000001 0.92225625 0.9639562500000001 0.9243124999999999 0.9574562500000001 0.9245703125 0.95030625
0 0.9341312500000001 0.9370890624999999 0.93824375 0.9301562499999999 0.9396578124999999 0.9214890625000001 0.9379859375 0.91520625 0.9356734375 0.9084890624999999 0.9307890625 0.90480625 0.92410625 0.9052390625 0.918065625 0.9091390625000001 0.9143375 0.91585625 0.91408125 0.9251734375 0.916265625 0.93340625 0.9207640625 0.9399062499999999 0.9270609375 0.9403390625 0.9341312500000001 0.9370890624999999
0 0.9458265625 0.9487890625000001 0.9406859375 0.9477062500000001 0.9367015625 0.9481390624999999 0.930403125 0.9505234375 0.9266765625 0.9565890625 0.9250046875000001 0.9641734375000001 0.9256484374999999 0.9741390624999999 0.9287328125000001 0.98020625 0.9329734375 0.9830234375 0.93914375 0.9830234375 0.9460828125 0.9804234375 0.9504531249999999 0.9732734375 0.951225 0.9622234375 0.9499390625 0.9539890625 0.9458265625 0.9487890625000001
0 0.9766734375 0.9591890624999999 0.9769296875 0.95160625 0.9739734375 0.94510625 0.9688328125 0.9418562500000001 0.9609921874999999 0.9407734375000001 0.9549515625 0.9448890625 0.95148125 0.9511734374999999 0.9516109374999999 0.9609234375 0.9528953124999999 0.9682890625 0.9563656249999999 0.9734890625 0.96215 0.9752234375000001 0.9687046875 0.97370625 0.9742312500000001 0.9698062500000001 0.9762875 0.9628734375000001 0.9766734375 0.9591890624999999
0 0.9859265625000001 0.94835625 0.9806578125 0.9557234375 0.978215625 0.9633062499999999 0.978471875 0.9711062500000001 0.9806578125 0.9778234375 0.9850265625000001 0.9808562500000001 0.9910671875 0.9810734374999999 0.9964656250000001 0.9797734374999999 0.99929375 0.9767390625000001 0.999421875 0.9500890625 0.9963374999999999 0.9468390624999999 0.990296875 0.9470562499999999 0.9859265625000001 0.94835625
0 0.9841265625 0.9394734375 0.9891390624999999 0.9353562500000001 0.992609375 0.9288562499999999 0.9929953125000001 0.91845625 0.9901687499999999 0.9076234375000001 0.985540625 0.9063234375 0.979371875 0.9058890625 0.9719171875000001 0.9082734374999999 0.9683187500000001 0.9182390625 0.9667765625 0.9243062500000001 0.9687046875 0.9342734374999999 0.9738453125 0.9399062499999999 0.9791140625000001 0.9420734375 0.9841265625 0.9394734375
0 0.9658765624999999 0.8653734375000001 0.9609921874999999 0.86060625 0.9541812500000001 0.8573562499999999 0.9468546874999999 0.8621234375 0.9423562499999999 0.8699234375 0.9423562499999999 0.8777234375 0.9437703125000001 0.8850906249999999 0.9469828124999999 0.8900734375000001 0.951225 0.892890625 0.9564937499999999 0.893540625 0.9624062500000001 0.8913734375000001 0.9660046875000001 0.8848734374999999 0.968446875 0.87880625 0.968446875 0.8705734375 0.9658765624999999 0.8653734375000001
0 0.9544375 0.9323234375 0.96125 0.9258234375000001 0.963434375 0.9195390625 0.9627921875000001 0.9093562500000001 0.96125 0.9026406250000001 0.9573937499999999 0.897440625 0.9495531250000001 0.898090625 0.9433843749999999 0.9017734374999999 0.939528125 0.9076234375000001 0.9409421874999999 0.9121734375000001 0.9410703125 0.9186734375000001 0.9409421874999999 0.92820625 0.944284375 0.9314562499999999 0.9490390625 0.93405625 0.9544375 0.9323234375
0 0.9937671874999999 0.889640625 0.9941515624999999 0.8814062500000001 0.9931234375000001 0.87425625 0.9888828125 0.867540625 0.9839984375 0.864940625 0.9798859375 0.866240625 0.9747453125 0.8686234374999999 0.9707609375 0.8740406249999999 0.9698609375 0.8829234375 0.972175 0.892890625 0.9769296875 0.8991734375 0.985284375 0.898740625 0.9904249999999999 0.8959234374999999 0.9937671874999999 0.889640625
0 0.9994390624999999 0.526896875 0.988234375 0.5077625 0.9765921875 0.496478125 0.9633499999999999 0.4888734375 0.9463250000000001 0.48789218749999996 0.9306093750000001 0.49672343750000003 0.9202765625 0.5026109375 0.913146875 0.5131593750000001 0.9052890625 0.528434375 0.9025234375 0.53971875 0.9004859375 0.5573812499999999 0.9009234375 0.5733265624999999 0.9065984374999999 0.590253125 0.9132921875 0.6061984375 0.9224593750000001 0.616746875 0.94530625 0.627475 0.9669890625 0.62453125 0.98226875 0.613246875 0.994346875 0.596565625 0.9998765625000001 0.582828125 0.9994390624999999 0.526896875
0 0.4415046875 0.5815 0.404446875 0.5855109374999999 0.40410625 0.63365625 0.44082499999999997 0.6325093749999999 0.4415046875 0.5815
0 0.4319 0.11680781250000001 0.42561875000000005 0.1175640625 0.41978593750000004 0.1236140625 0.41664531250000003 0.129665625 0.41589687499999994 0.1347078125 0.41709375 0.14151562499999998 0.4176921875 0.1452984375 0.420534375 0.1516015625 0.42696562499999996 0.1561390625 0.43324687500000003 0.157653125 0.43907968750000004 0.15361875 0.4444640625 0.14630625 0.44551093750000004 0.13596875 0.443715625 0.12512812499999998 0.439378125 0.11907656250000001 0.4319 0.11680781250000001
0 0.38703125 0.1687453125 0.3909203125 0.166225 0.394659375 0.161434375 0.39735156250000003 0.152609375 0.39585625 0.1402546875 0.39196718750000004 0.13546562499999998 0.38673281249999997 0.13294375 0.38239531250000003 0.13218749999999999 0.3764125 0.1357171875 0.3717765625 0.1420203125 0.371178125 0.1523578125 0.37446875 0.161434375 0.37701093750000003 0.165215625 0.38239531250000003 0.16849375 0.38703125 0.1687453125
0 0.3514359375 0.1538703125 0.349940625 0.1452984375 0.3457515625 0.1357171875 0.34021875 0.1326921875 0.332440625 0.13445625 0.3267578125 0.1389953125 0.3252625 0.149584375 0.326009375 0.15891249999999998 0.33094531250000003 0.1649640625 0.3337875 0.16899843750000001 0.3403671875 0.1697546875 0.3447046875 0.1672328125 0.34844375 0.1609296875 0.3514359375 0.1538703125
0 0.34844375 0.19950625 0.3509875 0.19269843749999999 0.3506875 0.18387343750000001 0.35188437499999997 0.18513437500000002 0.34844375 0.1768140625 0.343209375 0.172528125 0.33468437500000003 0.17076249999999998 0.32780468749999997 0.17731875 0.3251125 0.187403125 0.32556093750000004 0.19673281250000002 0.3300484375 0.2048 0.336628125 0.206565625 0.3429109375 0.20707031250000002 0.34844375 0.19950625
0 0.3536796875 0.2559828125 0.3509875 0.24993125 0.3448546875 0.2446375 0.339021875 0.24413281250000002 0.3331890625 0.2489234375 0.3264578125 0.253209375 0.32705625 0.2637984375 0.3290015625 0.2741359375 0.3336375 0.27968281250000004 0.3415640625 0.2829609375 0.34874375 0.2801875 0.3523328125 0.27514531249999996 0.355921875 0.266825 0.3536796875 0.2559828125
0 0.34635 0.22421406250000003 0.3450046875 0.2300140625 0.3470984375 0.242115625 0.35128593750000003 0.24741093749999998 0.36130625 0.2511921875 0.369084375 0.2489234375 0.3740203125 0.241359375 0.375515625 0.23253437500000002 0.3740203125 0.2227015625 0.37028125 0.21463437500000002 0.36355 0.21085156249999998 0.356071875 0.21034687500000002 0.3503890625 0.215390625 0.34635 0.22421406250000003
0 0.36474687499999997 0.209590625 0.3677375 0.21135625 0.3719265625 0.2131203125 0.37536562500000004 0.21513749999999998 0.3804515625 0.2138765625 0.384040625 0.208834375 0.3876296875 0.1957234375 0.3888265625 0.1886640625 0.3856859375 0.1826125 0.37835625 0.1768140625 0.373421875 0.17504999999999998 0.3680375 0.178075 0.362803125 0.180596875 0.360259375 0.18765625 0.3589140625 0.1959765625 0.3611578125 0.2030359375 0.36474687499999997 0.209590625
0 0.388378125 0.229509375 0.3803015625 0.237325 0.3767125 0.2456453125 0.37701093750000003 0.25724375 0.3794046875 0.26354687499999996 0.383890625 0.2680859375 0.392415625 0.27337968749999997 0.3992953125 0.2670765625 0.40482968750000003 0.2590078125 0.40617656249999995 0.2506875 0.4039328125 0.2416109375 0.40124062499999996 0.23556093749999998 0.3951078125 0.2305171875 0.388378125 0.229509375
0 0.416346875 0.20657968750000003 0.4147015625 0.1985125 0.4102140625 0.1932171875 0.40438124999999997 0.18741875 0.3975015625 0.187165625 0.3897234375 0.1932171875 0.38673281249999997 0.20456249999999998 0.3876296875 0.215153125 0.3900234375 0.2242296875 0.3975015625 0.22902031250000002 0.40438124999999997 0.2305328125 0.4112609375 0.2232203125 0.41455156249999997 0.215909375 0.416346875 0.20657968750000003
0 0.4154484375 0.194478125 0.42337499999999995 0.1884265625 0.4280125 0.18313125 0.4307046875 0.173046875 0.42980625000000006 0.1639703125 0.4265171875 0.1559015625 0.42113281249999995 0.15388437500000002 0.41589687499999994 0.1511109375 0.4109625 0.151615625 0.4039328125 0.1576671875 0.39989375 0.16447499999999998 0.4018390625 0.1780890625 0.40453124999999995 0.1846453125 0.41066250000000004 0.1899390625 0.4154484375 0.194478125
0 0.435340625 0.24540781250000002 0.4335453125 0.233809375 0.4293578125 0.22675 0.424721875 0.22195937500000001 0.41455156249999997 0.2242296875 0.407671875 0.2287671875 0.40572656250000005 0.241878125 0.40752187500000003 0.2524671875 0.4112609375 0.2587703125 0.4196359375 0.2638140625 0.4275640625 0.25851875 0.4335453125 0.2547375 0.435340625 0.24540781250000002
0 0.4651734375 0.2249859375 0.46248125 0.21742187500000001 0.455003125 0.2123796875 0.45605 0.21263125 0.44887187500000003 0.2106140625 0.4416921875 0.21288281250000002 0.43630781250000006 0.2222125 0.43555937499999997 0.2350703125 0.4392984375 0.2456609375 0.446628125 0.252215625 0.45545156249999996 0.25045 0.46248125 0.2428875 0.465921875 0.23607968750000002 0.4651734375 0.2249859375
0 0.44109375 0.2121265625 0.4451328125 0.2088484375 0.44961874999999996 0.20531875 0.448421875 0.1947296875 0.44378593750000006 0.1866625 0.43735468749999995 0.182628125 0.43137187499999996 0.182375 0.4261375 0.1869140625 0.42075312499999995 0.19195625 0.41970625000000006 0.2035546875 0.42195 0.21616093749999998 0.42733437500000004 0.2217078125 0.43406406249999996 0.223725 0.43690625 0.216665625 0.44109375 0.2121265625
0 0.444384375 0.1828796875 0.4469265625 0.18893125 0.44812343749999994 0.1917046875 0.44961874999999996 0.193721875 0.4559 0.19094843749999998 0.4618828125 0.187165625 0.46562187499999996 0.1732984375 0.46442500000000003 0.1622046875 0.45978906249999996 0.15489375 0.45530312500000003 0.152371875 0.4460296875 0.1513640625 0.44124375000000005 0.1566578125 0.43645781250000004 0.1624578125 0.435859375 0.1710296875 0.43660625 0.17960156249999998 0.44049531249999996 0.1828796875 0.444384375 0.1828796875
0 0.477159375 0.13270625 0.4726734375 0.1236296875 0.4674390625 0.12035156250000001 0.4608578125 0.12262031250000001 0.4533796875 0.12589843750000002 0.4503875 0.13421875 0.4500890625 0.14480781250000002 0.4514359375 0.1503546875 0.4535296875 0.1503546875 0.4565203125 0.150859375 0.4608578125 0.15489375 0.46429687499999994 0.1591796875 0.4674390625 0.158928125 0.4717765625 0.15388437500000002 0.4761125 0.151615625 0.4782078125 0.146825 0.4782078125 0.13875781250000002 0.477159375 0.13270625
0 0.494509375 0.16321406249999998 0.490471875 0.15640625 0.48718125 0.152625 0.48254374999999994 0.152371875 0.477609375 0.1518671875 0.4713265625 0.15691093750000001 0.4672890625 0.16371875 0.4671390625 0.1732984375 0.46983125000000003 0.18388906249999998 0.477459375 0.18893125 0.483590625 0.1917046875 0.49166718749999994 0.185653125 0.494359375 0.17859375 0.49540625 0.170778125 0.494509375 0.16321406249999998
0 0.4677375 0.18893125 0.46145625 0.1894359375 0.45457656249999995 0.194225 0.4524828125 0.20456249999999998 0.458165625 0.2088484375 0.46205468749999995 0.211621875 0.46579375 0.218934375 0.4677375 0.22826249999999998 0.473271875 0.22725468750000002 0.4782078125 0.22095156249999998 0.4806 0.215153125 0.48089843749999994 0.20557187500000002 0.47865624999999995 0.199771875 0.4749171875 0.19119999999999998 0.4677375 0.18893125
0 0.4983984375 0.2476765625 0.49525781249999995 0.235575 0.4907703125 0.229271875 0.487928125 0.22473281250000002 0.47985156250000005 0.22523749999999998 0.472225 0.2287671875 0.4684859375 0.23633125000000002 0.468634375 0.2509546875 0.47087812500000004 0.25700625 0.475515625 0.26280468749999997 0.48075 0.265578125 0.49002187499999994 0.2620484375 0.49570625 0.25498906250000003 0.4983984375 0.2476765625
0 0.507371875 0.215153125 0.511709375 0.2098578125 0.511859375 0.204815625 0.509615625 0.19699843749999998 0.5034828124999999 0.1901921875 0.496753125 0.18741875 0.489275 0.19044375 0.483590625 0.195990625 0.48284374999999996 0.20859687500000001 0.4853859375 0.218934375 0.48942500000000005 0.22473281250000002 0.49690312499999995 0.23002812499999997 0.5021375 0.22750625000000002 0.50393125 0.223725 0.507371875 0.215153125
0 0.5330703125 0.2423828125 0.5360609375000001 0.233053125 0.5359125 0.22523749999999998 0.53381875 0.21817812499999997 0.5279843750000001 0.2123796875 0.522003125 0.20859687500000001 0.514075 0.210109375 0.507046875 0.21742187500000001 0.5057 0.22977656249999998 0.506896875 0.240365625 0.5128796875 0.24792968750000002 0.5181140625 0.2517109375 0.526040625 0.249946875 0.5330703125 0.2423828125
0 0.49018281249999995 0.11934375 0.48345312500000004 0.12539375 0.48016249999999994 0.13724375 0.48300312500000003 0.14909375 0.489584375 0.152371875 0.495865625 0.15791875 0.50155 0.1536328125 0.5064859375 0.1498515625 0.5088781250000001 0.1440515625 0.509028125 0.132453125 0.5046906250000001 0.1246375 0.4964640625 0.11883906250000001 0.49018281249999995 0.11934375
0 0.52638125 0.1740546875 0.527703125 0.16825625 0.5271375 0.1622046875 0.5229796875 0.1543890625 0.518634375 0.1488421875 0.5106984375 0.1498515625 0.500684375 0.1561546875 0.4980390625 0.1629609375 0.49785 0.172290625 0.5018171875 0.182628125 0.509753125 0.188175 0.5152328125000001 0.1894359375 0.5227906250000001 0.1828796875 0.52638125 0.1740546875
0 0.5361890625 0.2195390625 0.5396734375000001 0.21737968749999997 0.5424109374999999 0.21289687499999999 0.547015625 0.20808125 0.5471390625 0.20276875 0.5476375 0.1939671875 0.5458953125 0.1899828125 0.5439796875 0.185290625 0.537434375 0.1803515625 0.5317093749999999 0.179190625 0.5246171875 0.18168125 0.5197640625 0.18749218750000002 0.51876875 0.19529687499999998 0.51876875 0.2031 0.5210078125 0.20775000000000002 0.5253640625 0.206753125 0.5294703125 0.20957656249999998 0.5334515625 0.21389375 0.5361890625 0.2195390625
0 0.5644359375 0.1790234375 0.55995625 0.1798546875 0.5543578124999999 0.1840046875 0.5487578125 0.18931875 0.5499546875 0.18827812500000002 0.5490062499999999 0.1947984375 0.5487578125 0.2031 0.5507484375 0.2099078125 0.5541078125000001 0.21505625 0.5610765625 0.21804375 0.5680453125 0.21804375 0.573271875 0.21289687499999999 0.5770046875 0.2059234375 0.5777515625 0.1974546875 0.5763828125 0.19031562500000002 0.57265 0.1836734375 0.5644359375 0.1790234375
0 0.560940625 0.24683125 0.5627953125 0.2380140625 0.5617515625 0.23074218750000003 0.5586218749999999 0.2256375 0.555375 0.22053281249999998 0.54923125 0.2182125 0.5414640625 0.220378125 0.5384671875 0.22295625000000002 0.5363625 0.22269843749999998 0.5371734375 0.22873125 0.537521875 0.23522812499999998 0.53659375 0.24017968750000002 0.534159375 0.24512968750000003 0.5368265625 0.2511625 0.5393765625 0.255184375 0.5451734375 0.25765937499999997 0.5522453125 0.25765937499999997 0.55723125 0.25348281250000004 0.560940625 0.24683125
0 0.5582734375 0.167125 0.5557234375 0.160009375 0.5516656249999999 0.153203125 0.5465640625 0.151190625 0.538796875 0.1501078125 0.5312609375 0.1564515625 0.5299859375 0.16588750000000002 0.5291750000000001 0.171765625 0.5292484375 0.1754125 0.529290625 0.1773359375 0.5348546875 0.17749062499999999 0.539725 0.17841875000000001 0.54355 0.18213125 0.5447093749999999 0.18584375 0.54714375 0.1872359375 0.550390625 0.1850703125 0.5532890625 0.183059375 0.55641875 0.1788828125 0.557578125 0.17362187499999998 0.5582734375 0.167125
0 0.5277828125 0.0860625 0.5245375 0.0934890625 0.525246875 0.10073281249999999 0.529521875 0.10926875 0.5350875 0.1128265625 0.541115625 0.11313593749999999 0.545521875 0.110196875 0.5498109375 0.105090625 0.550390625 0.09782031249999999 0.5496953125 0.08993124999999999 0.545984375 0.08296875000000001 0.5390296875 0.0784828125 0.533 0.0806484375 0.5277828125 0.0860625
0 0.5740015625 0.1187046875 0.571334375 0.11390937500000001 0.567509375 0.10942343750000001 0.562871875 0.10663750000000001 0.55708125 0.1086171875 0.55730625 0.10865 0.55139375 0.1134453125 0.548959375 0.12009687499999999 0.5484953124999999 0.128759375 0.5516265625 0.1352578125 0.5561484375 0.1403625 0.562640625 0.1414453125 0.5697125 0.13680468750000002 0.5726109375 0.1329375 0.5737703125 0.12535625 0.5740015625 0.1187046875
0 0.6208390625 0.0868375 0.61805625 0.077709375 0.61341875 0.0712125 0.6073906250000001 0.06688125 0.5983468750000001 0.063940625 0.5900000000000001 0.070284375 0.5842031249999999 0.0775546875 0.5803921875 0.0868171875 0.5795656250000001 0.0950359375 0.58176875 0.1049359375 0.5858265625 0.112053125 0.591275 0.11885937499999999 0.5984640625 0.1217984375 0.60414375 0.1221078125 0.609940625 0.11777656249999999 0.6155062499999999 0.11313593749999999 0.6208390625 0.1043171875 0.6209546875 0.096428125 0.6208390625 0.0868375
0 0.5862234374999999 0.17335781249999999 0.5898171875 0.167634375 0.5913234375 0.1608265625 0.5906281250000001 0.153246875 0.5876984375000001 0.146653125 0.5846 0.1438109375 0.581121875 0.139478125 0.574165625 0.138859375 0.5677890624999999 0.1416453125 0.5625734375 0.148915625 0.5602546875 0.15974375000000002 0.562340625 0.1685625 0.56709375 0.1755234375 0.5732390625 0.1792359375 0.580890625 0.1779984375 0.5862234374999999 0.17335781249999999
0 0.64910625 0.0017000000000000001 0.6453578125 0.0038078124999999996 0.6424609375 0.011696874999999999 0.6421125 0.02190625 0.6437359375 0.032271875 0.648025 0.0438734375 0.6563718749999999 0.046040625 0.6678499999999999 0.0441828125 0.6780515625 0.035984375 0.6804859375000001 0.02515625 0.6803703125 0.010923437499999999 0.677240625 0.000403125 0.64910625 0.0017000000000000001
0 0.66425625 0.0832078125 0.6628640625 0.08970625 0.6629796875 0.093728125 0.6631984375 0.09400625 0.6636765625 0.1009984375 0.6671546875 0.1059484375 0.6729499999999999 0.110125 0.6788640625 0.1099703125 0.6851234374999999 0.10703125 0.6892968749999999 0.1016171875 0.6898765625000001 0.09280000000000001 0.6881375000000001 0.0810421875 0.6844281249999999 0.0759375 0.6764281249999999 0.073771875 0.6697046875 0.0770203125 0.66425625 0.0832078125
0 0.6155640625000001 0.182178125 0.620084375 0.175371875 0.6228671875 0.1663984375 0.6228671875 0.1574265625 0.6219406249999999 0.15015625 0.6182296875 0.1442765625 0.6144046875 0.13948125 0.60431875 0.1362328125 0.5946953125000001 0.1405640625 0.59065625 0.1459578125 0.5897109375 0.14814375 0.5912171875000001 0.15123906250000002 0.5921453125 0.1582 0.5909859375 0.16748125 0.5876234375 0.1730515625 0.5898265625 0.17738281250000001 0.594928125 0.1832609375 0.6001453125 0.1849625 0.605709375 0.18681874999999998 0.6111578125 0.185890625 0.6155640625000001 0.182178125
0 0.5803203124999999 0.2602640625 0.5864640624999999 0.25763437499999997 0.5905218750000001 0.25485 0.59423125 0.24603125 0.5951593749999999 0.23891562500000002 0.5937875 0.2322328125 0.592725 0.22901406249999998 0.5888984374999999 0.2237546875 0.58194375 0.21926874999999998 0.5756828125 0.220196875 0.571509375 0.2231359375 0.5669875 0.23071562499999998 0.5660609375 0.2403078125 0.5669875 0.24835156249999998 0.5716249999999999 0.2556234375 0.5760296874999999 0.2593359375 0.5803203124999999 0.2602640625
0 0.595275 0.23042500000000002 0.5959703125 0.2353765625 0.5988687500000001 0.2327453125 0.6040859375000001 0.22965156250000002 0.605709375 0.22516562499999998 0.607796875 0.2191328125 0.608259375 0.21000468749999998 0.6075640625000001 0.2016515625 0.6042015625 0.19314375 0.600725 0.1900484375 0.592725 0.1857171875 0.5847249999999999 0.18741875 0.579175 0.1904875 0.5792765625 0.193453125 0.579971875 0.2004140625 0.5791609375 0.207375 0.5760296874999999 0.2135640625 0.572784375 0.217121875 0.572784375 0.2188234375 0.5778859375 0.21774062500000002 0.5835656250000001 0.2175859375 0.5875078125 0.21990625000000003 0.5923765624999999 0.22562968749999998 0.595275 0.23042500000000002
0 0.6150562500000001 0.279384375 0.6244468750000001 0.274434375 0.63024375 0.2679375 0.6323296875 0.25958281250000004 0.632909375 0.24952812500000002 0.6311703125 0.23854375 0.627709375 0.23385625000000002 0.6275765625 0.23359375 0.6249109374999999 0.23158281249999998 0.6181859375000001 0.2272515625 0.6123890624999999 0.228025 0.6036953125 0.2322015625 0.59755 0.2399359375 0.595115625 0.2515390625 0.59755 0.2640703125 0.6018390625000001 0.272578125 0.6074046875 0.27768281250000004 0.6150562500000001 0.279384375
0 0.626765625 0.17558125 0.6177234375 0.1823890625 0.6132015625 0.1905875 0.6117046875 0.19814062500000001 0.6106499999999999 0.20559375000000002 0.613896875 0.21750468750000002 0.6203890624999999 0.2250859375 0.625721875 0.22740624999999998 0.6324468750000001 0.2281796875 0.6425328125 0.2226109375 0.647865625 0.2128640625 0.6497203125000001 0.20126249999999998 0.6472859375 0.1891953125 0.64206875 0.1806875 0.6365031250000001 0.178521875 0.626765625 0.17558125
0 0.6708328125 0.2352953125 0.6668921875 0.22740624999999998 0.6604 0.2219921875 0.6556453125 0.2201359375 0.6477625 0.2210640625 0.6402265625 0.2275609375 0.6354734375 0.23931718750000003 0.6361687500000001 0.25277656249999997 0.6391828125 0.26205781250000004 0.6460234375 0.269484375 0.6524 0.271959375 0.6623703125 0.2693296875 0.6693265625 0.2611296875 0.6717609375 0.24952812500000002 0.6708328125 0.2352953125
0 0.7102031249999999 0.23560468750000002 0.707884375 0.2244671875 0.7023203125 0.21874218750000002 0.6962921875 0.2150296875 0.6915390625 0.214875 0.6860890625 0.21595781249999998 0.6787859375 0.22245625000000002 0.6741484375 0.23467656250000002 0.6756562500000001 0.2475171875 0.678321875 0.256025 0.6846984375 0.26159374999999996 0.6915390625 0.265153125 0.6986109375 0.2640703125 0.705334375 0.258809375 0.70904375 0.24720781249999998 0.7102031249999999 0.23560468750000002
0 0.6855015625 0.199978125 0.6855015625 0.19208750000000002 0.6829515625 0.186209375 0.6799375000000001 0.179403125 0.6739078125 0.174296875 0.6671984375 0.17378906249999998 0.6601125 0.176309375 0.652925 0.1811046875 0.649678125 0.191159375 0.6503734375 0.2057015625 0.6524609375 0.2140546875 0.6580250000000001 0.21962500000000001 0.6674156250000001 0.22457500000000002 0.6736765625000001 0.22240937500000002 0.6805171875 0.2156015625 0.6845749999999999 0.20771250000000002 0.6855015625 0.199978125
0 0.6504703125 0.13137656250000002 0.6409640624999999 0.1295203125 0.6318046875000001 0.1367921875 0.6270140625 0.145725 0.626125 0.1592234375 0.62844375 0.167421875 0.6326171875 0.17515624999999999 0.640384375 0.179334375 0.6482671875 0.180571875 0.65464375 0.177478125 0.6625281249999999 0.16649375 0.6624109375 0.1561296875 0.6612515625000001 0.14483593749999998 0.656846875 0.1367921875 0.6504703125 0.13137656250000002
0 0.6872953125000001 0.18010781250000002 0.6917 0.1725265625 0.6949468750000001 0.16649375 0.69529375 0.1564390625 0.693090625 0.1457640625 0.6881062499999999 0.1391125 0.6819625 0.135709375 0.676396875 0.133234375 0.66909375 0.1364828125 0.6635453124999999 0.14201406249999998 0.663528125 0.14483593749999998 0.6638765624999999 0.151178125 0.6648031249999999 0.16123437499999999 0.664571875 0.16649375 0.662021875 0.1697421875 0.6627171875 0.17159843749999998 0.6700203124999999 0.1700515625 0.6759328124999999 0.17159843749999998 0.6806859375000001 0.177478125 0.6841640625000001 0.1822734375 0.6872953125000001 0.18010781250000002
0 0.7432609375 0.14173750000000002 0.748709375 0.1367875 0.7526515625 0.13013593750000002 0.7548546875000001 0.1224 0.7547390625 0.11095312500000001 0.7520718750000001 0.102134375 0.7481296875 0.0961015625 0.7444203125 0.0920796875 0.7433765625000001 0.0911515625 0.740246875 0.0906875 0.7317843749999999 0.09223437500000001 0.72494375 0.0964109375 0.719378125 0.1047640625 0.7179875 0.1166765625 0.71903125 0.12735000000000002 0.7226250000000001 0.134003125 0.727378125 0.14034531249999999 0.7364203125000001 0.143284375 0.7432609375 0.14173750000000002
0 0.7601875 0.18540625 0.761346875 0.17473125 0.759259375 0.1680796875 0.755665625 0.15988125 0.7468734375 0.1533796875 0.736653125 0.1566328125 0.7324796874999999 0.1581796875 0.7242484375 0.168234375 0.7236687500000001 0.1768984375 0.7236687500000001 0.187571875 0.7288859375000001 0.19902031250000002 0.7363046875 0.20536249999999998 0.7455796875 0.204434375 0.75323125 0.1993296875 0.757753125 0.193759375 0.7601875 0.18540625
0 0.7583328125000001 0.25471093749999996 0.7634328125 0.24883281249999997 0.7652890625000001 0.24295468750000002 0.7656359375 0.23490937500000003 0.7644765625 0.22547343749999998 0.760303125 0.21711874999999997 0.7569625 0.2129828125 0.7548546875000001 0.2110859375 0.7456953125 0.2092296875 0.73804375 0.2104671875 0.73213125 0.21804687500000003 0.727609375 0.22872187500000002 0.727378125 0.23939531249999998 0.7310875 0.2519265625 0.7359578124999999 0.2581140625 0.7434921875 0.26074375 0.7503328125000001 0.260125 0.7583328125000001 0.25471093749999996
0 0.7795078125 0.2308875 0.787159375 0.2233078125 0.7922609375 0.21634531250000003 0.794346875 0.20861093749999998 0.794346875 0.20165000000000002 0.7933046874999999 0.19484218749999999 0.7926078125 0.1892734375 0.7897093749999999 0.186334375 0.78576875 0.18153906250000001 0.7800874999999999 0.1803015625 0.77470625 0.17981875 0.770696875 0.181384375 0.7644359374999999 0.184478125 0.7609578124999999 0.1922125 0.7577125 0.199484375 0.7571328125 0.20659999999999998 0.7582921875 0.21000312499999998 0.76258125 0.21216875000000002 0.7645531250000001 0.21804687500000003 0.7667546875 0.22547343749999998 0.77058125 0.2304234375 0.7795078125 0.2308875
0 0.7863484374999999 0.2482140625 0.7856515625 0.24125312499999998 0.7841 0.2357125 0.7808984375 0.23320781249999997 0.7781171875 0.2353734375 0.771971875 0.2372296875 0.76849375 0.23985937499999999 0.7667546875 0.24465625000000002 0.7682625 0.252390625 0.771625 0.25703125 0.77545 0.2588875 0.7796234375 0.2581140625 0.7842609375 0.2537828125 0.7863484374999999 0.2482140625
0 0.829178125 0.12170937500000001 0.82929375 0.110725 0.8289453124999999 0.101753125 0.8268593750000001 0.09664843749999999 0.8229171875000001 0.09076875 0.8190921875000001 0.0869015625 0.8121078125000001 0.08287343750000001 0.8014703125 0.0839625 0.7947453125 0.09076875 0.7877890625 0.10020625000000001 0.7862828125 0.11505625 0.7897609375 0.127278125 0.795440625 0.13686875 0.8050640625 0.14073750000000002 0.8156140625000001 0.14011875000000001 0.8214109374999999 0.1350125 0.824540625 0.130371875 0.829178125 0.12170937500000001
0 0.8607781250000001 0.15408125 0.8672093750000001 0.1613421875 0.8739687500000001 0.160021875 0.8777609375000001 0.15848125 0.8830375 0.15298125 0.8833671875 0.143740625 0.880234375 0.1340609375 0.8708359375000001 0.12789999999999999 0.8640765625 0.1331796875 0.8605625 0.1399625 0.8607781250000001 0.15408125
0 0.8796125 0.1703078125 0.8799046875000001 0.1747625 0.8822125 0.1809234375 0.8874890625 0.1868625 0.8970515625000001 0.1837828125 0.9019984375 0.179603125 0.9033171875000001 0.16596249999999999 0.899525 0.15540156249999998 0.8935890625 0.1516609375 0.8861703125 0.1521015625 0.880234375 0.16222187500000002 0.879409375 0.1664015625 0.8796125 0.1703078125
0 0.8274671874999999 0.23922500000000002 0.8418125 0.244065625 0.8540140624999999 0.24384531250000002 0.870996875 0.2383453125 0.881053125 0.23042500000000002 0.8871546875 0.22008437500000003 0.8945734375000001 0.211503125 0.899025 0.1947828125 0.9011687500000001 0.1866421875 0.9036421875 0.1778421875 0.9041375 0.1637609375 0.89935625 0.1543 0.8972125 0.14637968750000002 0.892265625 0.1349390625 0.8878140625000001 0.1267984375 0.8798999999999999 0.1140390625 0.87165625 0.10677812499999999 0.8615984375 0.0973171875 0.8484078125 0.0944578125 0.84049375 0.0933578125 0.8308734375 0.093784375 0.833403125 0.10325781249999999 0.833403125 0.119978125 0.8238406250000001 0.139340625 0.7864125 0.1681609375 0.7854234375 0.1758625 0.7923484375000001 0.1837828125 0.7977890624999999 0.1963234375 0.8010875000000001 0.215684375 0.813453125 0.22954375 0.8190593749999999 0.2363640625 0.8274671874999999 0.23922500000000002
0 0.0682921875 0.4433296875 0.069665625 0.44275937499999996 0.067315625 0.4491890625 0.06877968749999999 0.4579765625 0.0724390625 0.4654640625 0.0782921875 0.4683921875 0.0860984375 0.4683921875 0.09073281250000001 0.4635109375 0.0946359375 0.4511421875 0.09170937500000001 0.43975 0.0863421875 0.4329140625 0.07975625 0.4312875 0.0736578125 0.43421562500000005 0.0682921875 0.4433296875
0 0.7686546875 0.34523125 0.7686546875 0.3429140625 0.7672343749999999 0.33133124999999997 0.760446875 0.3290140625 0.7558703125 0.331753125 0.75458125 0.338246875 0.7574484375 0.3458625 0.76313125 0.3481796875 0.7686546875 0.34523125
0 0.5684078125 0.4981265625 0.5728718749999999 0.49182031249999997 0.5728718749999999 0.3933546875 0.56709375 0.3884484375 0.49776718750000004 0.39020156250000004 0.49268124999999996 0.3947 0.493565625 0.488665625 0.49724218750000004 0.4974265625 0.5684078125 0.4981265625
0 0.575759375 0.59976875 0.575759375 0.506209375 0.5699828124999999 0.500253125 0.49934375 0.499903125 0.4946515625 0.5065953125 0.4959296875 0.59869375 0.50170625 0.60850625 0.56735625 0.605375 0.575759375 0.59976875
0 0.056842187499999995 0.4688359375 0.0493859375 0.5859203125 0.0497515625 0.5879749999999999 0.0481765625 0.6135546875 0.1621453125 0.612503125 0.1634578125 0.472340625 0.056842187499999995 0.4688359375
0 0.27453906250000004 0.47689531250000006 0.262721875 0.4818015625 0.2425015625 0.47864843749999997 0.230421875 0.4684859375 0.173115625 0.47350000000000003 0.167396875 0.6111015625 0.279790625 0.6121531250000001 0.2829421875 0.4793484375 0.27453906250000004 0.47689531250000006
0 0.32425000000000004 0.45745781250000006 0.3245125 0.47042343750000004 0.32792656249999996 0.49775468749999996 0.40618125000000005 0.4939 0.40591875 0.39508437500000004 0.4006671875 0.389478125 0.3252140625 0.38997187499999997 0.324775 0.42662187500000004 0.3205734375 0.44589375000000003 0.32425000000000004 0.45745781250000006
0 0.413009375 0.3901796875 0.40933281250000003 0.400340625 0.41150937499999996 0.4903109375 0.41353437499999995 0.496353125 0.4193109375 0.5005578125000001 0.4250890625 0.5033609375 0.43296718749999996 0.507565625 0.4434703125 0.5051140625 0.4510859375 0.501259375 0.48575 0.5005578125000001 0.4894265625 0.49039687499999995 0.4910015625 0.39823906249999996 0.486275 0.3901796875 0.413009375 0.3901796875
0 0.59101875 0.285490625 0.5897249999999999 0.3838640625 0.6684328125000001 0.38787812499999996 0.66793125 0.2872 0.59101875 0.285490625
0 0.675953125 0.2821828125 0.6722609375 0.2849890625 0.671190625 0.38777343750000004 0.747390625 0.3842203125 0.749646875 0.2898765625 0.7441328125 0.2831859375 0.675953125 0.2821828125
0 0.753575 0.282878125 0.7540765625 0.385228125 0.8275203125000001 0.38489375 0.8300281249999999 0.2852203125 0.7546328124999999 0.2794734375 0.753575 0.282878125
0 0.8222578125 0.49729062500000004 0.744478125 0.4981046875 0.7463062500000001 0.596296875 0.8250140625 0.5916140624999999 0.8222578125 0.49729062500000004
0 0.6654265625 0.391334375 0.590265625 0.3907953125 0.588975 0.4913421875 0.6644234375 0.4916765625 0.6654265625 0.391334375
0 0.5842125 0.504684375 0.5887234375 0.5956625 0.6689359375 0.6040234375 0.6631703124999999 0.5016734375 0.585753125 0.501615625 0.5842125 0.504684375
0 0.6676828125000001 0.5010046874999999 0.67169375 0.6003453125 0.7408765625 0.6000109375 0.7398734375 0.49832968749999995 0.6685 0.49760312500000003 0.6676828125000001 0.5010046874999999
0 0.7456390625 0.487665625 0.7458890625000001 0.392340625 0.6689359375 0.3916703125 0.6699390625 0.4926828125 0.7456390625 0.487665625
0 0.826753125 0.386653125 0.751053125 0.3910015625 0.7528078125000001 0.48465625 0.8252484375 0.48599375 0.8276015624999999 0.393303125 0.826753125 0.386653125