0 0.1515625 0.496875 0.0125 0.015625
0 0.17890625 0.48828125 0.0109375 0.0140625
0 0.1890625 0.48828125 0.009375 0.0140625
0 0.20234375 0.48984375 0.0109375 0.0140625
0 0.21484375 0.490625 0.0109375 0.0125
0 0.2265625 0.49140625 0.009375 0.0140625
0 0.23828125 0.490625 0.0109375 0.0125
0 0.24921875 0.4921875 0.0109375 0.0125
0 0.26015625 0.490625 0.0109375 0.0125
0 0.271875 0.4921875 0.009375 0.0125
0 0.1765625 0.5046875 0.009375 0.0125
0 0.17734375 0.5203125 0.0109375 0.0125
0 0.178125 0.534375 0.009375 0.0125
0 0.178125 0.55 0.009375 0.0125
0 0.190625 0.5484375 0.0125 0.0125
0 0.18984375 0.534375 0.0109375 0.0125
0 0.190625 0.51875 0.009375 0.0125
0 0.1890625 0.5046875 0.009375 0.0125
0 0.20078125 0.5046875 0.0109375 0.0125
0 0.21171875 0.50546875 0.0109375 0.0140625
0 0.2015625 0.51875 0.009375 0.0125
0 0.21484375 0.52109375 0.0109375 0.0140625
0 0.20234375 0.53515625 0.0109375 0.0140625
0 0.2140625 0.534375 0.009375 0.0125
0 0.20390625 0.55 0.0109375 0.0125
0 0.2140625 0.55078125 0.009375 0.0140625
0 0.22578125 0.50625 0.0109375 0.0125
0 0.22578125 0.5203125 0.0109375 0.0125
0 0.2265625 0.53515625 0.0125 0.0140625
0 0.22734375 0.55078125 0.0109375 0.0140625
0 0.2390625 0.50625 0.009375 0.0125
0 0.2390625 0.5203125 0.0125 0.0125
0 0.2390625 0.5359375 0.009375 0.0125
0 0.23828125 0.55078125 0.0109375 0.0140625
0 0.25078125 0.5515625 0.0109375 0.015625
0 0.24921875 0.53515625 0.0109375 0.0140625
0 0.24921875 0.521875 0.0109375 0.0125
0 0.24921875 0.50625 0.0109375 0.0125
0 0.26015625 0.50625 0.0078125 0.0125
0 0.27265625 0.50625 0.0109375 0.0125
0 0.27265625 0.52109375 0.0109375 0.0140625
0 0.27265625 0.5359375 0.0109375 0.015625
0 0.275 0.5515625 0.0125 0.0125
0 0.26171875 0.5515625 0.0109375 0.015625
0 0.2609375 0.5359375 0.0125 0.0125
0 0.26171875 0.521875 0.0109375 0.0125
0 0.521875 0.51640625 0.025 0.0140625
0 0.5484375 0.51640625 0.025 0.0140625
0 0.57578125 0.49921875 0.0234375 0.0140625
0 0.60078125 0.49921875 0.0234375 0.0140625
0 0.575 0.51484375 0.025 0.0140625
0 0.6 0.51640625 0.025 0.0140625
0 0.52265625 0.5328125 0.0234375 0.0125
0 0.5484375 0.53203125 0.025 0.0140625
0 0.575 0.5328125 0.025 0.0125
0 0.6015625 0.5328125 0.025 0.0125
0 0.521875 0.54921875 0.025 0.0140625
0 0.54765625 0.55 0.0234375 0.0125
0 0.57421875 0.5484375 0.0234375 0.0125
0 0.60078125 0.54921875 0.0234375 0.0140625
0 0.628125 0.4953125 0.015625 0.009375
0 0.64765625 0.4953125 0.0171875 0.009375
0 0.665625 0.4953125 0.015625 0.009375
0 0.6296875 0.50703125 0.015625 0.0078125
0 0.646875 0.50625 0.015625 0.009375
0 0.66640625 0.5078125 0.0171875 0.009375
0 0.684375 0.5078125 0.015625 0.009375
0 0.70234375 0.5078125 0.0171875 0.009375
0 0.71953125 0.50859375 0.0171875 0.0078125
0 0.6296875 0.51875 0.015625 0.009375
0 0.646875 0.51953125 0.015625 0.0078125
0 0.6296875 0.52890625 0.015625 0.0109375
0 0.6328125 0.540625 0.015625 0.009375
0 0.6328125 0.55234375 0.015625 0.0078125
0 0.65 0.54140625 0.015625 0.0078125
0 0.6484375 0.5296875 0.015625 0.009375
0 0.66640625 0.51953125 0.0171875 0.0078125
0 0.665625 0.52890625 0.015625 0.0109375
0 0.684375 0.51953125 0.015625 0.0109375
0 0.7015625 0.51875 0.015625 0.009375
0 0.71796875 0.51796875 0.0171875 0.0109375
0 0.6828125 0.53046875 0.015625 0.0078125
0 0.7 0.53046875 0.015625 0.0078125
0 0.71796875 0.52890625 0.0171875 0.0078125
0 0.6671875 0.5421875 0.015625 0.009375
0 0.684375 0.540625 0.015625 0.009375
0 0.7 0.54140625 0.015625 0.0078125
0 0.7171875 0.5421875 0.015625 0.009375
0 0.65 0.55234375 0.0125 0.0078125
0 0.66640625 0.55 0.0171875 0.00625
0 0.6828125 0.55078125 0.015625 0.0109375
0 0.69921875 0.5515625 0.0171875 0.009375
0 0.7171875 0.55234375 0.015625 0.0078125
0 0.303125 0.90390625 0.034375 0.0203125
0 0.30703125 0.92578125 0.0328125 0.0171875
0 0.34296875 0.925 0.0328125 0.015625
0 0.3765625 0.90390625 0.03125 0.0171875
0 0.37734375 0.92421875 0.0296875 0.0140625
0 0.41640625 0.8859375 0.0234375 0.015625
0 0.41484375 0.91015625 0.0234375 0.0109375
0 0.415625 0.9265625 0.025 0.009375
0 0.44765625 0.9078125 0.0328125 0.040625
0 0.44921875 0.8609375 0.0359375 0.04375
0 0.48515625 0.86796875 0.0328125 0.0484375
0 0.48671875 0.909375 0.0265625 0.015625
0 0.484375 0.9296875 0.025 0.015625
0 0.4578125 0.8125 0.034375 0.04375
0 0.52109375 0.8296875 0.0265625 0.015625
0 0.54921875 0.8296875 0.0265625 0.015625
0 0.58046875 0.84609375 0.0265625 0.0171875
0 0.55078125 0.846875 0.0265625 0.0125
0 0.52421875 0.84765625 0.0265625 0.0140625
0 0.52265625 0.865625 0.0265625 0.015625
0 0.55234375 0.86484375 0.0265625 0.0140625
0 0.57890625 0.86484375 0.0265625 0.0140625
0 0.521875 0.884375 0.025 0.015625
0 0.5546875 0.88359375 0.028125 0.0140625
0 0.58359375 0.88359375 0.0265625 0.0140625
0 0.52265625 0.9046875 0.0265625 0.01875
0 0.55078125 0.903125 0.0265625 0.015625
0 0.5796875 0.90234375 0.028125 0.0140625
0 0.5234375 0.9234375 0.028125 0.015625
0 0.55078125 0.92265625 0.0265625 0.0140625
0 0.57890625 0.9203125 0.0265625 0.0125
0 0.6078125 0.91015625 0.0125 0.0296875
0 0.6359375 0.88515625 0.025 0.0265625
0 0.6390625 0.91640625 0.025 0.0265625
0 0.609375 0.80625 0.0125 0.0375
0 0.6109375 0.84375 0.0125 0.03125
0 0.6078125 0.87890625 0.0125 0.0296875
0 0.71796875 0.8859375 0.0234375 0.028125
0 0.71640625 0.91953125 0.0234375 0.0296875
0 0.80859375 0.8390625 0.0171875 0.009375
0 0.7734671875 0.903475 0.769609375 0.9126031250000001 0.7806578125 0.924540625 0.7860953125 0.9177515625 0.7734671875 0.903475
0 0.7836390625 0.8994953125 0.77960625 0.9051125000000001 0.7882 0.9179859374999999 0.7952140625 0.9116671875 0.7836390625 0.8994953125
0 0.754175 0.9196249999999999 0.741746875 0.9284203124999999 0.74540625 0.93530625 0.758384375 0.9278171875 0.754175 0.9196249999999999
0 0.12416093749999998 0.7900609375000001 0.09313125 0.8462624999999999 0.1074375 0.8578250000000001 0.138265625 0.8045828125 0.12416093749999998 0.7900609375000001
0 0.1378625 0.808346875 0.1074375 0.8637406249999999 0.12154218750000001 0.8774546875 0.1515640625 0.8217921875 0.1378625 0.808346875
0 0.1283296875 0.8721249999999999 0.1152953125 0.9355375 0.1318171875 0.940378125 0.1445109375 0.8766484374999999 0.1283296875 0.8721249999999999
0 0.24835781250000002 0.906325 0.2390890625 0.90498125 0.23767812500000002 0.9173500000000001 0.2497671875 0.918425 0.24835781250000002 0.906325
0 0.2370734375 0.9254171875000001 0.2296109375 0.9211703124999999 0.2263953125 0.9302578125000001 0.2340515625 0.934290625 0.2370734375 0.9254171875000001
0 0.23667031249999998 0.9305265625000001 0.23646875 0.940475 0.24593906250000003 0.9299890625 0.23667031249999998 0.9305265625000001
0 0.2574234375 0.910628125 0.2502703125 0.916803125 0.2527890625 0.9273 0.26205781250000004 0.9195015625 0.2574234375 0.910628125
0 0.2660875 0.9095515625000001 0.26346875000000003 0.921384375 0.272334375 0.922190625 0.275759375 0.9133171875 0.2660875 0.9095515625000001
0 0.26991718750000004 0.9294499999999999 0.266490625 0.9238031250000001 0.25822968749999997 0.9297203125 0.2632671875 0.9367109375 0.26991718750000004 0.9294499999999999
0 0.2594390625 0.9353671875 0.2564171875 0.92756875 0.250371875 0.9318703125000001 0.2525890625 0.9394 0.2594390625 0.9353671875
0 0.0002609375 0.8275140625 0.0498265625 0.8347749999999999 0.053453125000000004 0.81245625 0.002275 0.8030453124999999 0.0002609375 0.8275140625
0 0.0484171875 0.839078125 0.001603125 0.83080625 0.0012671875 0.850909375 0.048820312500000004 0.85709375 0.0484171875 0.839078125
0 0.15859375 0.8640625 0.0171875 0.06875
0 0.1578125 0.909375 0.025 0.015625
0 0.15625 0.92734375 0.025 0.0109375
0 0.014059374999999999 0.861853125 0.00519375 0.862121875 0.00009062500000000001 0.867421875 0 0.9352640624999999 0.009223437499999999 0.9425234375 0.020909375 0.9430609375 0.0329984375 0.9366078124999999 0.0408578125 0.9247765625 0.0446859375 0.9124062500000001 0.0458953125 0.8965421875 0.0412609375 0.8825593749999999 0.035215625 0.8704578125 0.024737500000000003 0.8661562500000001 0.014059374999999999 0.861853125
0 0.08921562499999999 0.849753125 0.07611875 0.8481390624999999 0.0654390625 0.849484375 0.058790625 0.8545921875 0.050228125 0.872796875 0.0483125 0.8793312500000001 0.050126562500000006 0.8976171875000001 0.0599984375 0.9210109375 0.07168593749999999 0.9250453125 0.0853859375 0.9242390625000001 0.09888593749999999 0.9116 0.10614062500000002 0.8978859375000001 0.1089609375 0.883365625 0.10674375 0.8701890625 0.097678125 0.856475 0.08921562499999999 0.849753125
0 0.209171875 0.883365625 0.1920453125 0.8801390625 0.18277656250000002 0.8876671875 0.1797546875 0.9019203125 0.18035937500000002 0.9167093749999999 0.186 0.9253140625 0.193053125 0.9282718750000001 0.2031265625 0.9312296874999999 0.2136046875 0.9269281250000001 0.21985000000000002 0.9150953124999999 0.21802187499999998 0.8926171875 0.209171875 0.883365625
0 0.2678046875 0.8715343750000001 0.25954375 0.8634671875000001 0.24805937500000003 0.862928125 0.23717812500000002 0.8664249999999999 0.2258953125 0.8779875 0.22028906250000002 0.890265625 0.22045468750000002 0.9129453125 0.22468593750000002 0.9255828125000001 0.229925 0.938490625 0.243828125 0.9444062499999999 0.259946875 0.9411796875 0.268409375 0.93284375 0.27183437499999996 0.9266578125 0.27667031249999996 0.9146921875 0.2788875 0.8981546874999999 0.2740515625 0.882828125 0.2678046875 0.8715343750000001
0 0.8278796875 0.8987203125000001 0.825359375 0.899178125 0.82169375 0.9028453125 0.8198609375 0.9083453125000001 0.8198609375 0.914303125 0.8212359375 0.9178171875000001 0.823640625 0.9188875 0.827421875 0.9194984375 0.832346875 0.9176640624999999 0.8353249999999999 0.9124703125 0.8347515624999999 0.9065125 0.8328046875 0.9010125 0.8301703125 0.8985671875 0.8278796875 0.8987203125000001
0 0.786184375 0.86495625 0.7838937500000001 0.8657203125 0.7821765625 0.8683171875 0.78034375 0.8742765625000001 0.782290625 0.880234375 0.78458125 0.884053125 0.7900796875 0.8843593750000001 0.7930578125000001 0.8819156250000001 0.796265625 0.8785546875 0.79615 0.87458125 0.7956921875 0.8680125000000001 0.793859375 0.8643453125 0.7900796875 0.8632765625 0.786184375 0.86495625
0 0.748728125 0.8680125000000001 0.7475828124999999 0.8764156249999999 0.748728125 0.8811515625 0.7529671875 0.8837484375000001 0.7589234375 0.881609375 0.76144375 0.8790125 0.7610421875 0.8735890625 0.7599546875 0.8678593749999999 0.7582359375000001 0.8646515625 0.7536546875 0.864040625 0.748728125 0.8680125000000001
0 0.781203125 0.8810921875 0.7797140625 0.875134375 0.77685 0.8752859374999999 0.7684875 0.8800218750000001 0.763334375 0.8893421874999999 0.76253125 0.9030921875000001 0.766928125 0.913440625 0.7671140624999999 0.9119531249999999 0.7704359375000001 0.9012578124999999 0.7842953125000001 0.8977437500000001 0.794146875 0.907828125 0.79609375 0.8998828124999999 0.7952921875000001 0.8911749999999999 0.7935734375 0.8841468750000001 0.7889921875 0.885828125 0.7855546875 0.8853703124999999 0.78315 0.88460625 0.781203125 0.8810921875
0 0.82621875 0.869175 0.8208359375000001 0.8687171875 0.8140765625 0.8581749999999999 0.8082359374999999 0.859703125 0.803653125 0.8623 0.798384375 0.872078125 0.7964375 0.8838421875 0.7998734375 0.8943828125 0.8051421875000001 0.900953125 0.8107546875 0.9021750000000001 0.8279375 0.8934671875 0.8297703125 0.89148125 0.8311437500000001 0.88185625 0.8304578125000001 0.8722312499999999 0.82621875 0.869175
0 0.8602390625 0.8648984375 0.8618421875 0.8633703125000001 0.8623 0.8613843749999999 0.8625296875 0.8577171874999999 0.8592078125 0.8535921875 0.8571453124999999 0.8549671875 0.85565625 0.8580234375 0.8560000000000001 0.8618421875 0.857375 0.8641343750000001 0.8602390625 0.8648984375
0 0.856746875 0.8650499999999999 0.8495296874999999 0.8561890625 0.8439171875 0.8581749999999999 0.8402515625 0.8603140625 0.8365859375 0.8708562499999999 0.8360140625 0.8821609374999999 0.839678125 0.8936203125000001 0.86568125 0.8908703125 0.8700328125000001 0.88323125 0.869575 0.8733000000000001 0.867284375 0.8644390625 0.8638484375000001 0.8601609375000001 0.8608703125 0.8656609375000001 0.856746875 0.8650499999999999
0 0.9675703125 0.8740890625000001 0.97306875 0.8699640625 0.9766187499999999 0.8633953125 0.9766187499999999 0.8568250000000001 0.9719234374999999 0.8490343749999999 0.9632171875 0.8472 0.9579484375 0.8546859375 0.956115625 0.8643109375 0.9602390625 0.8727140625 0.9675703125 0.8740890625000001
0 0.9672265624999999 0.922365625 0.973640625 0.923740625 0.9794828125 0.9206859375 0.9819453125000001 0.911671875 0.9791390625 0.9029640625 0.9712359375 0.8986859375 0.9629890624999999 0.9054078125 0.962071875 0.9109078125 0.9633312500000001 0.917325 0.9672265624999999 0.922365625
0 0.937215625 0.9177828124999999 0.9407671875 0.9164078124999999 0.94225625 0.9132 0.9407671875 0.9064781249999999 0.935484375 0.9041625 0.9318328125 0.909075 0.9314890625000001 0.9124359375 0.9337796875000001 0.9165609375000001 0.937215625 0.9177828124999999
0 0.9436296875 0.9252687500000001 0.9521062499999999 0.92664375 0.9540531250000001 0.921296875 0.9542828125 0.9180890625 0.9537109375 0.9162546875 0.9538249999999999 0.9151859375000001 0.951878125 0.9132 0.947753125 0.911825 0.943171875 0.915490625 0.9419124999999999 0.919921875 0.9436296875 0.9252687500000001
0 0.9345812499999999 0.9319906250000001 0.9381328124999999 0.93245 0.9413390625 0.9312265625 0.9432859375 0.9283250000000001 0.9432859375 0.9240468749999999 0.9411109375000001 0.9196156249999999 0.9383609375 0.9191578125 0.9360703125000001 0.920075 0.9326343749999999 0.9229765625 0.9318328125 0.9261859375 0.9345812499999999 0.9319906250000001
0 0.928625 0.9238937500000001 0.931603125 0.92114375 0.9314890625000001 0.9153390625 0.9288531250000001 0.912740625 0.9255328125 0.911671875 0.923240625 0.9136578125 0.92335625 0.92114375 0.9250734375 0.9238937500000001 0.928625 0.9238937500000001
0 0.9279375 0.8140859375 0.930571875 0.8117953124999999 0.931603125 0.80828125 0.9317171875 0.8030859375 0.9285109374999999 0.7992671875 0.9248453124999999 0.7991140624999999 0.9223250000000001 0.8050734374999999 0.9211796874999999 0.80935 0.92335625 0.8131703124999999 0.9279375 0.8140859375
0 0.9420265625 0.8114890625 0.9411109375000001 0.8072109375000001 0.9357421875 0.8060515625000001 0.9332062499999999 0.808434375 0.9330921875 0.816684375 0.9383609375 0.817753125 0.9404234375 0.816225 0.9420265625 0.8114890625
0 0.932978125 0.8229468750000001 0.9324046875 0.8172953125 0.9274953125 0.8163609375 0.9230124999999999 0.820196875 0.922896875 0.82478125 0.9271359374999999 0.827071875 0.931259375 0.827225 0.932978125 0.8229468750000001
0 0.9135046875 0.8117953124999999 0.9119015625 0.8136281249999999 0.9120156250000001 0.8174468750000001 0.9143062499999999 0.8212671874999999 0.9186593750000001 0.820809375 0.9216374999999999 0.8205031249999999 0.9225546874999999 0.81515625 0.92095 0.810878125 0.9170562500000001 0.8091984374999999 0.9169281249999999 0.8094890625 0.9135046875 0.8117953124999999
0 0.8900234375 0.8154609374999999 0.8940328125000001 0.817753125 0.8967812500000001 0.816684375 0.8987281250000001 0.8136281249999999 0.8981562500000001 0.8087390624999999 0.89609375 0.8053781250000001 0.8900234375 0.806753125 0.888190625 0.812253125 0.8900234375 0.8154609374999999
0 0.9066328125 0.8267671875 0.9089234375 0.824475 0.9082359375 0.816378125 0.9072046874999999 0.8146984375 0.90205 0.8127109375 0.8989578125 0.8159203125 0.8988437499999999 0.8243218750000001 0.9026234375 0.827225 0.9066328125 0.8267671875
0 0.8870453125 0.8174468750000001 0.8869296875 0.8140859375 0.8793703125000001 0.8159203125 0.8786828124999999 0.8205031249999999 0.8807453125 0.8227953125 0.8830359375000001 0.8230999999999999 0.8861281249999999 0.820809375 0.8870453125 0.8174468750000001
0 0.8899078125000001 0.8308921874999999 0.8949484375000001 0.8313499999999999 0.8964375 0.8286 0.8966671875 0.8237109374999999 0.8956359375 0.820809375 0.892771875 0.8198921875 0.8892218749999999 0.8206562500000001 0.8876171875000001 0.8243218750000001 0.8876171875000001 0.8287531250000001 0.8899078125000001 0.8308921874999999
0 0.9006765624999999 0.841128125 0.8995296875 0.8345578124999999 0.8964375 0.8321140625 0.894834375 0.83440625 0.8902515624999999 0.834253125 0.8873890624999999 0.8324203125 0.886471875 0.82890625 0.8857843750000001 0.8253921875 0.8789125 0.82753125 0.872840625 0.8370031250000001 0.867915625 0.8460171875 0.8696343750000001 0.8570171875 0.875246875 0.8666421874999999 0.87994375 0.8678640625 0.8931156250000001 0.8652671875 0.8968953125000001 0.8628218750000001 0.8995296875 0.8553359374999999 0.9010187500000001 0.84678125 0.9006765624999999 0.841128125
0 0.9887609375 0.8111843750000001 0.9934578125 0.81515625 0.9967796874999999 0.816378125 0.9999859375 0.816225 1 0.774059375 0.9978093749999999 0.7742125 0.992540625 0.7748234375 0.9884171875 0.7786421875 0.9839499999999999 0.7830734374999999 0.98360625 0.7865875 0.98360625 0.794684375 0.98429375 0.8030859375 0.98566875 0.8085859375 0.9887609375 0.8111843750000001
0 0.7497453125 0.8251781250000001 0.75033125 0.8298640625000001 0.7520875 0.8371515625000001 0.7589187500000001 0.8361109375 0.7639921875 0.8345484375 0.7643828125 0.8262203124999999 0.7630171875 0.8207531250000001 0.7579421875000001 0.8163281250000001 0.751696875 0.8202328124999999 0.7497453125 0.8251781250000001
0 0.7856546875 0.8277812499999999 0.7913140624999999 0.8275218750000001 0.7942421875 0.8241375 0.7959984375 0.8191921875 0.7954125000000001 0.8142453125 0.7899484375 0.8106015624999999 0.783703125 0.8139859375 0.7823375 0.8186703124999999 0.7835078125 0.8238765625 0.7856546875 0.8277812499999999
0 0.7780437499999999 0.7832703125 0.7721890625000001 0.7895187499999999 0.77101875 0.7999296874999999 0.770628125 0.8108625 0.7735546875 0.8186703124999999 0.77995 0.8238484375 0.7821421875000001 0.8272609375 0.7911203125 0.831165625 0.7954125000000001 0.8264796875 0.797559375 0.821534375 0.79873125 0.8176296875 0.803609375 0.8066968749999999 0.8039999999999999 0.7978468750000001 0.7973640625 0.7866546875 0.7899484375 0.78196875 0.7852640625 0.780928125 0.7780437499999999 0.7832703125
0 0.8034140624999999 0.849646875 0.8106359375000001 0.8558937500000001 0.8141484374999999 0.8566734374999999 0.822540625 0.852509375 0.8282 0.8486046875 0.8317125000000001 0.8405359375 0.8322984375000001 0.831165625 0.8309312500000001 0.8236171875 0.826834375 0.8163281250000001 0.8162953125 0.8121640625 0.8084890625 0.8139859375 0.800096875 0.822575 0.7989265624999999 0.8277812499999999 0.7985359375 0.8361109375 0.7991203125 0.8433984375 0.8034140624999999 0.849646875
0 0.731790625 0.83819375 0.7292546875 0.8514687500000001 0.730425 0.8637015625 0.737840625 0.874375 0.744671875 0.8735937500000001 0.7448671874999999 0.8712500000000001 0.7495499999999999 0.8608390625 0.760675 0.8634421874999999 0.7622359375000001 0.85355 0.7604796875 0.8394953125000001 0.7579421875000001 0.83819375 0.752478125 0.8374124999999999 0.7483796875000001 0.8306453125000001 0.74428125 0.8316859375 0.7370609375 0.8348093750000001 0.731790625 0.83819375
0 0.735009375 0.80174375 0.73614375 0.8162609375000001 0.740225 0.8244265625 0.7434000000000001 0.824728125 0.752696875 0.8147484374999999 0.7653953125 0.8195874999999999 0.7674359374999999 0.8159578125 0.7695890624999999 0.8062796875 0.768115625 0.7941828125 0.76358125 0.788134375 0.7549640625 0.7823875 0.7449874999999999 0.7857140625000001 0.73931875 0.7917625 0.735009375 0.80174375
0 0.865309375 0.8498296875 0.86825625 0.8422703125 0.87143125 0.8301718749999999 0.8696171874999999 0.8183765624999999 0.86168125 0.8093046875000001 0.8505703125 0.8108171875 0.844675 0.8171671875 0.8396859375 0.8319875 0.839459375 0.8416640624999999 0.8442203125000001 0.8513421875 0.8483031249999999 0.8534593750000001 0.8541984375 0.8477140625 0.865309375 0.8498296875
0 0.9673468749999999 0.8071875000000001 0.98140625 0.8053734374999999 0.9811796875000001 0.792065625 0.97823125 0.7817828125 0.969615625 0.777246875 0.961225 0.7787578125 0.9564640624999999 0.7820859375 0.9492078125000001 0.792065625 0.949434375 0.808396875 0.9582546875 0.8184421875 0.9673468749999999 0.8071875000000001
0 0.9546875 0.6921875 0.015625 0.01875
0 0.9734375 0.69375 0.015625 0.01875
0 0.990625 0.69296875 0.015625 0.0203125
0 0.9890625 0.7140625 0.015625 0.01875
0 0.97109375 0.7140625 0.0140625 0.01875
0 0.9546875 0.71484375 0.015625 0.0203125
0 0.95390625 0.73671875 0.0140625 0.0203125
0 0.97109375 0.73515625 0.0171875 0.0203125
0 0.9890625 0.7359375 0.015625 0.01875
0 0.84765625 0.69140625 0.0109375 0.0140625
0 0.86171875 0.6890625 0.0109375 0.0125
0 0.87578125 0.69140625 0.0109375 0.0140625
0 0.88828125 0.6921875 0.0109375 0.0125
0 0.91171875 0.690625 0.0109375 0.0125
0 0.92265625 0.6890625 0.0109375 0.0125
0 0.8453125 0.70859375 0.0125 0.0171875
0 0.8578125 0.70703125 0.009375 0.0140625
0 0.8703125 0.7078125 0.0125 0.015625
0 0.88359375 0.7078125 0.0109375 0.015625
0 0.89609375 0.7078125 0.0109375 0.0125
0 0.91015625 0.70703125 0.0109375 0.0140625
0 0.921875 0.70703125 0.0125 0.0140625
0 0.93515625 0.70703125 0.0109375 0.0140625
0 0.84453125 0.7265625 0.0109375 0.0125
0 0.8578125 0.7265625 0.0125 0.015625
0 0.8703125 0.72421875 0.0125 0.0140625
0 0.88359375 0.725 0.0109375 0.015625
0 0.89453125 0.725 0.0109375 0.0125
0 0.9078125 0.72421875 0.0125 0.0140625
0 0.91953125 0.72265625 0.0109375 0.0140625
0 0.93203125 0.721875 0.0109375 0.0125
0 0.93125 0.73984375 0.0125 0.0140625
0 0.91953125 0.7390625 0.0109375 0.015625
0 0.90703125 0.73984375 0.0109375 0.0140625
0 0.89453125 0.740625 0.0109375 0.0125
0 0.88203125 0.7390625 0.0109375 0.0125
0 0.86953125 0.740625 0.0109375 0.0125
0 0.85703125 0.740625 0.0109375 0.0125
0 0.84375 0.7421875 0.0125 0.0125
0 0.8015625 0.73046875 0.0125 0.0421875
0 0.62578125 0.6890625 0.0109375 0.0125
0 0.63828125 0.6890625 0.0109375 0.0125
0 0.65 0.6890625 0.009375 0.0125
0 0.66171875 0.690625 0.0078125 0.0125
0 0.67421875 0.6890625 0.0109375 0.0125
0 0.68515625 0.68984375 0.0109375 0.0109375
0 0.696875 0.6890625 0.009375 0.0125
0 0.70703125 0.6890625 0.0109375 0.0125
0 0.71875 0.6890625 0.009375 0.0125
0 0.62734375 0.7046875 0.0109375 0.0125
0 0.6390625 0.7046875 0.009375 0.0125
0 0.65078125 0.7046875 0.0109375 0.0125
0 0.66171875 0.703125 0.0109375 0.0125
0 0.67265625 0.7046875 0.0109375 0.0125
0 0.6875 0.70390625 0.009375 0.0109375
0 0.69921875 0.7046875 0.0109375 0.0125
0 0.709375 0.7046875 0.009375 0.0125
0 0.71953125 0.703125 0.0078125 0.0125
0 0.62734375 0.71875 0.0109375 0.0125
0 0.63984375 0.7203125 0.0109375 0.0125
0 0.6515625 0.7203125 0.009375 0.0125
0 0.66328125 0.71875 0.0109375 0.0125
0 0.67578125 0.7203125 0.0109375 0.0125
0 0.6875 0.71796875 0.0125 0.0109375
0 0.69921875 0.71875 0.0109375 0.009375
0 0.709375 0.71875 0.009375 0.0125
0 0.72109375 0.71875 0.0109375 0.0125
0 0.628125 0.734375 0.009375 0.0125
0 0.63828125 0.73515625 0.0109375 0.0109375
0 0.65078125 0.73359375 0.0109375 0.0109375
0 0.665625 0.734375 0.009375 0.0125
0 0.6765625 0.73359375 0.009375 0.0109375
0 0.68828125 0.734375 0.0109375 0.0125
0 0.69921875 0.7328125 0.0109375 0.0125
0 0.709375 0.73203125 0.009375 0.0109375
0 0.7203125 0.7328125 0.009375 0.0125
0 0.63125 0.75 0.009375 0.0125
0 0.64140625 0.7484375 0.0078125 0.0125
0 0.653125 0.7484375 0.009375 0.0125
0 0.6640625 0.7484375 0.009375 0.0125
0 0.675 0.7484375 0.009375 0.0125
0 0.68671875 0.7484375 0.0109375 0.0125
0 0.6984375 0.746875 0.009375 0.009375
0 0.709375 0.74609375 0.009375 0.0109375
0 0.71953125 0.746875 0.0078125 0.009375
0 0.46015625 0.68359375 0.0171875 0.0078125
0 0.521875 0.696875 0.025 0.0125
0 0.546875 0.6953125 0.025 0.0125
0 0.57421875 0.69609375 0.0265625 0.0140625
0 0.60078125 0.696875 0.0234375 0.015625
0 0.52109375 0.7125 0.0234375 0.0125
0 0.546875 0.7140625 0.025 0.0125
0 0.5734375 0.71171875 0.025 0.0140625
0 0.6015625 0.7140625 0.025 0.015625
0 0.521875 0.73125 0.025 0.0125
0 0.54765625 0.73125 0.0234375 0.0125
0 0.57421875 0.73125 0.0265625 0.0125
0 0.6015625 0.73046875 0.025 0.0140625
0 0.52265625 0.7484375 0.0234375 0.0125
0 0.5484375 0.74765625 0.025 0.0109375
0 0.575 0.746875 0.025 0.0125
0 0.60390625 0.74609375 0.0265625 0.0109375
0 0.29921875 0.684375 0.0328125 0.01875
0 0.33515625 0.68515625 0.0359375 0.0171875
0 0.37578125 0.68515625 0.0328125 0.0203125
0 0.29921875 0.70703125 0.0328125 0.0203125
0 0.334375 0.70703125 0.034375 0.0203125
0 0.3765625 0.70546875 0.034375 0.0171875
0 0.3015625 0.72890625 0.034375 0.0171875
0 0.340625 0.7265625 0.034375 0.015625
0 0.37734375 0.72890625 0.0328125 0.0203125
0 0.3 0.75078125 0.034375 0.0203125
0 0.33984375 0.7484375 0.0328125 0.01875
0 0.37578125 0.75 0.0328125 0.01875
0 0.26104375 0.6908000000000001 0.25655937500000003 0.6993796875 0.25558593749999997 0.7089984375 0.2557796875 0.7183578125000001 0.26006874999999996 0.7248578125 0.265721875 0.7295375 0.2717640625 0.7313578125 0.2793671875 0.7303171875000001 0.2795609375 0.6856 0.2705953125 0.6858593749999999 0.26104375 0.6908000000000001
0 0.234725 0.6940031249999999 0.22575781250000002 0.6875046874999999 0.2132828125 0.68464375 0.204315625 0.6882843750000001 0.196325 0.696603125 0.192425 0.708303125 0.19184062500000001 0.7207828125 0.19535 0.7319625000000001 0.1988578125 0.7389812499999999 0.20684999999999998 0.7486015625 0.21581718749999998 0.7504203125 0.2265375 0.74548125 0.2329703125 0.7389812499999999 0.237259375 0.7288421875 0.2401828125 0.7158421875000001 0.23862343749999998 0.7031031249999999 0.234725 0.6940031249999999
0 0.219325 0.744440625 0.22127500000000003 0.741321875 0.22244531250000002 0.7353421875 0.2185453125 0.7301421875 0.21523281249999998 0.7304015625 0.21250312500000001 0.73378125 0.21211406249999998 0.73768125 0.2138671875 0.74288125 0.219325 0.744440625
0 0.15948281250000002 0.7023234375 0.1487625 0.6994640624999999 0.14065 0.7009421875 0.1333625 0.708303125 0.1300484375 0.7168828125 0.1298546875 0.730921875 0.131803125 0.7389812499999999 0.1388203125 0.7462609375 0.14954218749999998 0.75068125 0.16006718749999999 0.7460015624999999 0.164940625 0.7395015625 0.168059375 0.7306625 0.1676703125 0.7197421875 0.16533124999999999 0.7098625000000001 0.15948281250000002 0.7023234375
0 0.12700781249999998 0.6907484375 0.1282421875 0.6919015625 0.1307109375 0.692065625 0.132440625 0.6902546875 0.13219375 0.6879500000000001 0.1309578125 0.686303125 0.12866093750000002 0.6854109375 0.12626718750000002 0.686796875 0.12626718750000002 0.6886078125 0.12700781249999998 0.6907484375
0 0.12355156249999999 0.6935484375 0.12416875000000001 0.6909140625 0.123921875 0.6871265625 0.1215765625 0.6861390625 0.11848906249999999 0.68844375 0.11762500000000001 0.6917375 0.11762500000000001 0.6942062499999999 0.1207125 0.6951953125 0.12355156249999999 0.6935484375
0 0.12564999999999998 0.6940421875 0.124415625 0.6951953125 0.124415625 0.6975 0.12762500000000002 0.6993109375000001 0.1294765625 0.6956890625 0.1284890625 0.6943718750000001 0.12564999999999998 0.6940421875
0 0.1296 0.7034281250000001 0.131946875 0.704415625 0.1337984375 0.7035921875 0.134909375 0.701615625 0.13503281250000002 0.69898125 0.1347859375 0.6965125 0.1328109375 0.6956890625 0.131453125 0.695853125 0.129846875 0.6983234375 0.1286125 0.7004640625 0.1296 0.7034281250000001
0 0.10923125 0.694865625 0.1105890625 0.6937125 0.11207031249999999 0.6917375 0.11083593750000001 0.686796875 0.1083828125 0.687078125 0.1067609375 0.6887734375 0.10663750000000001 0.691571875 0.10713124999999998 0.69321875 0.10923125 0.694865625
0 0.12713125 0.708696875 0.122934375 0.70705 0.12120625 0.710178125 0.12219374999999999 0.7133078125 0.123921875 0.71511875 0.1267609375 0.714459375 0.1272546875 0.7116609375 0.12713125 0.708696875
0 0.093428125 0.6963468749999999 0.0955265625 0.695359375 0.09651562500000001 0.6925609374999999 0.093921875 0.6881140625 0.0913296875 0.6892671874999999 0.0898484375 0.691571875 0.09021875 0.6937125 0.09120625 0.6950296875 0.093428125 0.6963468749999999
0 0.1088609375 0.7248328125 0.11083593750000001 0.72466875 0.111946875 0.7231859375 0.11219375000000001 0.7212109375 0.1117 0.718740625 0.10861406250000001 0.7175874999999999 0.1062671875 0.717753125 0.10565 0.7205515625000001 0.1088609375 0.7248328125
0 0.1210828125 0.727796875 0.1207125 0.723515625 0.1171328125 0.72189375 0.11441562499999999 0.7231859375 0.11392187499999999 0.72565625 0.1146625 0.728784375 0.1170078125 0.7296078125000001 0.1210828125 0.727796875
0 0.1110828125 0.7414640625 0.11416875 0.7414640625 0.1165140625 0.7403109375 0.11676093750000001 0.7371828125000001 0.11589687500000001 0.7345484375 0.1124109375 0.733375 0.10997187500000001 0.7350421875 0.1096015625 0.73899375 0.1110828125 0.7414640625
0 0.1037984375 0.7324078125 0.10466249999999999 0.7350421875 0.10787187499999999 0.7363593749999999 0.10935468749999999 0.7347125 0.1096015625 0.7319140625 0.10910781249999998 0.7297734375 0.10787187499999999 0.72845625 0.10560624999999998 0.7280046875 0.1037984375 0.7301015625 0.1037984375 0.7324078125
0 0.1008359375 0.74953125 0.102934375 0.7472265625000001 0.10305781249999998 0.744428125 0.101453125 0.741628125 0.09960156249999999 0.7408046875000001 0.097271875 0.742634375 0.095403125 0.746403125 0.097503125 0.74953125 0.1008359375 0.74953125
0 0.0983671875 0.7271390625 0.1000953125 0.7281265625 0.101453125 0.7292796874999999 0.1035515625 0.72895 0.10416875 0.72565625 0.1037984375 0.7230218749999999 0.1028109375 0.721375 0.101453125 0.7205515625000001 0.09923125000000001 0.7210453125 0.0983671875 0.7249984375 0.0983671875 0.7271390625
0 0.097503125 0.7365234375 0.1000953125 0.737840625 0.10256406250000001 0.7371828125000001 0.1035515625 0.7350421875 0.10318125 0.732571875 0.10194687499999999 0.7302671875 0.0991078125 0.73043125 0.09799687500000001 0.7309249999999999 0.09651562500000001 0.7320781249999999 0.09651562500000001 0.733725 0.097503125 0.7365234375
0 0.0917 0.7195640625 0.08910781250000001 0.721375 0.08861406250000001 0.7238453125000001 0.089971875 0.72664375 0.093521875 0.728559375 0.0963921875 0.7269734375 0.095896875 0.7226921875000001 0.0940453125 0.7202234375 0.0917 0.7195640625
0 0.0930578125 0.7454156249999999 0.09490937499999999 0.744428125 0.095896875 0.7424515625 0.09515625 0.7386640625 0.09416875 0.737346875 0.0917 0.736853125 0.089971875 0.7393234375 0.08947812499999999 0.7422875 0.0903421875 0.7450859375000001 0.0930578125 0.7454156249999999
0 0.0873796875 0.7375125 0.0887375 0.7355359375 0.088490625 0.732571875 0.0876265625 0.7309249999999999 0.0863921875 0.7296078125000001 0.0847875 0.7297734375 0.0830578125 0.732571875 0.08342812499999999 0.735865625 0.085528125 0.737840625 0.0873796875 0.7375125
0 0.082440625 0.69799375 0.0847875 0.6942062499999999 0.08441562500000001 0.6917375 0.082440625 0.6894312499999999 0.0792171875 0.6904109375 0.07824375 0.6935484375 0.0786140625 0.6965125 0.0800953125 0.6976640625 0.082440625 0.69799375
0 0.0835515625 0.6981578125000001 0.0833046875 0.70178125 0.08540468749999999 0.7035921875 0.0883671875 0.702934375 0.08923125 0.701615625 0.08812031249999999 0.69700625 0.08676249999999999 0.6955234375 0.085034375 0.695359375 0.0835515625 0.6981578125000001
0 0.07120625 0.7162703125000001 0.07330624999999999 0.7154484375 0.075528125 0.7138015625 0.075528125 0.7096843749999999 0.074046875 0.7063921875 0.0715765625 0.7063921875 0.069478125 0.7088609375 0.068490625 0.71231875 0.0688609375 0.7147890625 0.07120625 0.7162703125000001
0 0.07021875 0.7403109375 0.07145312499999999 0.7398171875 0.07244062500000001 0.7386640625 0.0725640625 0.73323125 0.07021875 0.7314203125 0.06775 0.732571875 0.0668859375 0.735371875 0.0667625 0.73800625 0.0681203125 0.740475 0.07021875 0.7403109375
0 0.053059375 0.7478859375 0.0534296875 0.7498609375 0.055898437499999995 0.750190625 0.05923125 0.7475562499999999 0.058984375 0.74475625 0.0576265625 0.7431109375 0.055281250000000004 0.7431109375 0.05330625 0.74376875 0.053059375 0.7454156249999999 0.053059375 0.7478859375
0 0.050590625 0.74179375 0.0487375 0.7381703125 0.0458984375 0.73800625 0.044170312499999996 0.740146875 0.0436765625 0.74278125 0.04429375 0.7462390625 0.047996875 0.746896875 0.05034375 0.7452515625 0.050590625 0.74179375
0 0.051084375 0.7391578125 0.053182812499999996 0.7394875 0.055651562499999994 0.7384999999999999 0.0568859375 0.7360296875000001 0.05676250000000001 0.7327375 0.055528125 0.73043125 0.053676562500000004 0.7296078125000001 0.05034375 0.7307609375 0.049725000000000005 0.7338890625000001 0.049725000000000005 0.7366890625 0.051084375 0.7391578125
0 0.0488609375 0.72845625 0.0499734375 0.7249984375 0.0488609375 0.722034375 0.0451578125 0.7207171875 0.0431828125 0.7238453125000001 0.0434296875 0.72664375 0.0444171875 0.72944375 0.0468859375 0.7302671875 0.0488609375 0.72845625
0 0.0436765625 0.7388296875 0.0447875 0.737840625 0.0454046875 0.7343828125 0.04429375 0.7314203125 0.040745312500000005 0.7313375 0.038492187500000004 0.7333953125 0.038120312499999996 0.7370171875 0.040714062499999995 0.7393234375 0.0436765625 0.7388296875
0 0.060465625 0.7217046875 0.061948437499999995 0.7233515625 0.0646640625 0.7233515625 0.0663921875 0.7217046875 0.06731875000000001 0.7190703125 0.06528125 0.714459375 0.0629671875 0.71485625 0.06021875 0.7161062499999999 0.0600953125 0.7189062500000001 0.060465625 0.7217046875
0 0.06429375000000001 0.7264796875 0.0663921875 0.72845625 0.0703421875 0.7276328125 0.0707125 0.7258218750000001 0.070465625 0.7226921875000001 0.06923125 0.721375 0.0671328125 0.72189375 0.0654046875 0.7228578125 0.0641703125 0.7248328125 0.06429375000000001 0.7264796875
0 0.0637046875 0.7274671875000001 0.0622234375 0.7258218750000001 0.061606249999999994 0.7269734375 0.061853124999999995 0.7299375 0.0629640625 0.731584375 0.064815625 0.733559375 0.06642187499999999 0.7338890625000001 0.0672859375 0.7322421875 0.06864375 0.72944375 0.06666875 0.73043125 0.0646921875 0.7292796874999999 0.0637046875 0.7274671875000001
0 0.04271875 0.698653125 0.0400015625 0.6975 0.0380265625 0.6981578125000001 0.037409375 0.7009578125 0.0370390625 0.7032625 0.04160625 0.7083671875 0.0433359375 0.7077093750000001 0.044446875000000004 0.701121875 0.04271875 0.698653125
0 0.0083984375 0.7291140625 0.008275000000000001 0.7249984375 0.006668749999999999 0.722528125 0.004200000000000001 0.7231859375 0.002471875 0.7264796875 0.001978125 0.7297734375 0.0038296875 0.7322421875 0.0071625 0.731090625 0.0083984375 0.7291140625
0 0.013829687500000002 0.7366890625 0.0155578125 0.733725 0.015434375 0.7301015625 0.013953125 0.728290625 0.0108828125 0.7296703124999999 0.00975625 0.7314203125 0.009015625 0.7350421875 0.0103734375 0.7365234375 0.013829687500000002 0.7366890625
0 0.018396875 0.732571875 0.0201265625 0.733559375 0.022101562499999998 0.7345484375 0.0228421875 0.734878125 0.0230890625 0.73043125 0.022225 0.728290625 0.0211140625 0.7276328125 0.0191390625 0.7274671875000001 0.018396875 0.7281265625 0.018106249999999997 0.7304109375000001 0.018396875 0.732571875
0 0.016051562499999998 0.746403125 0.0191390625 0.7452515625 0.020620312499999998 0.7431109375 0.02074375 0.7381703125 0.015928125 0.7360296875000001 0.01370625 0.7366890625 0.013829687500000002 0.7408046875000001 0.01370625 0.742615625 0.0140765625 0.74475625 0.016051562499999998 0.746403125
0 0.0121015625 0.7552953125 0.013212499999999999 0.7524953125 0.012965625 0.7473921875 0.011484375 0.746403125 0.0086609375 0.745596875 0.0060515625000000005 0.748709375 0.006298437499999999 0.7520015625 0.00876875 0.755459375 0.0121015625 0.7552953125
0 0.004940625 0.7518374999999999 0.003953125 0.748709375 0.0018546875 0.7475562499999999 0.00005 0.74781875 0.00037343749999999996 0.7574359375 0.002965625 0.7575999999999999 0.00469375 0.7569421875 0.004940625 0.7518374999999999
0 0.9578125 0.57421875 0.0125 0.0171875
0 0.96875 0.5921875 0.0125 0.0125
0 0.98125 0.59296875 0.0125 0.0140625
0 0.99375 0.590625 0.0125 0.015625
0 0.99375 0.6078125 0.0125 0.0125
0 0.98125 0.609375 0.0125 0.015625
0 0.9671875 0.6078125 0.0125 0.015625
0 0.95390625 0.6078125 0.0109375 0.015625
0 0.95390625 0.625 0.0109375 0.015625
0 0.96875 0.6265625 0.0125 0.015625
0 0.98125 0.62578125 0.0125 0.0140625
0 0.99453125 0.6265625 0.0109375 0.015625
0 0.95546875 0.6421875 0.0109375 0.015625
0 0.96796875 0.64375 0.0140625 0.0125
0 0.9828125 0.64375 0.0125 0.015625
0 0.99453125 0.64375 0.0109375 0.015625
0 0.9234375 0.60859375 0.034375 0.0171875
0 0.87734375 0.6265625 0.0109375 0.015625
0 0.89296875 0.62734375 0.0140625 0.0140625
0 0.90625 0.62734375 0.0125 0.0140625
0 0.91953125 0.6265625 0.0109375 0.0125
0 0.9328125 0.6265625 0.0125 0.0125
0 0.87578125 0.6421875 0.0140625 0.0125
0 0.88828125 0.6421875 0.0109375 0.0125
0 0.90234375 0.64453125 0.0109375 0.0171875
0 0.91484375 0.64375 0.0109375 0.015625
0 0.92890625 0.64296875 0.0109375 0.0171875
0 0.8609375 0.628125 0.0125 0.040625
0 0.8453125 0.6296875 0.015625 0.04375
0 0.7515625 0.5765625 0.0125 0.015625
0 0.7640625 0.57734375 0.0125 0.0140625
0 0.778125 0.57734375 0.0125 0.0140625
0 0.790625 0.57734375 0.0125 0.0140625
0 0.803125 0.5765625 0.0125 0.015625
0 0.81640625 0.5765625 0.0109375 0.015625
0 0.8296875 0.575 0.0125 0.015625
0 0.7515625 0.59453125 0.0125 0.0140625
0 0.76484375 0.59453125 0.0109375 0.0140625
0 0.7765625 0.59453125 0.0125 0.0140625
0 0.7890625 0.59375 0.0125 0.0125
0 0.803125 0.59296875 0.0125 0.0140625
0 0.81640625 0.5921875 0.0109375 0.0125
0 0.82890625 0.5921875 0.0109375 0.015625
0 0.7375 0.6125 0.0125 0.015625
0 0.75 0.6125 0.009375 0.015625
0 0.7625 0.6109375 0.0125 0.0125
0 0.77578125 0.61171875 0.0109375 0.0140625
0 0.7890625 0.61015625 0.0125 0.0140625
0 0.803125 0.61015625 0.0125 0.0140625
0 0.815625 0.61015625 0.0125 0.0140625
0 0.82890625 0.61015625 0.0109375 0.0140625
0 0.7375 0.6296875 0.0125 0.0125
0 0.74921875 0.62890625 0.0109375 0.0140625
0 0.7625 0.62890625 0.0125 0.0140625
0 0.77578125 0.62890625 0.0109375 0.0140625
0 0.7890625 0.628125 0.0125 0.015625
0 0.8015625 0.628125 0.0125 0.015625
0 0.8171875 0.62890625 0.0125 0.0171875
0 0.8296875 0.628125 0.0125 0.01875
0 0.7390625 0.646875 0.0125 0.015625
0 0.75078125 0.6453125 0.0109375 0.015625
0 0.7640625 0.64453125 0.0125 0.0140625
0 0.7765625 0.6453125 0.0125 0.015625
0 0.790625 0.64609375 0.0125 0.0140625
0 0.80390625 0.6453125 0.0109375 0.0125
0 0.8171875 0.64609375 0.0125 0.0140625
0 0.83046875 0.64609375 0.0109375 0.0140625
0 0.628125 0.59921875 0.015625 0.0203125
0 0.6484375 0.59921875 0.015625 0.0203125
0 0.6671875 0.6 0.015625 0.01875
0 0.6828125 0.60078125 0.015625 0.0203125
0 0.7 0.60078125 0.015625 0.0203125
0 0.7171875 0.6 0.015625 0.01875
0 0.62890625 0.62109375 0.0171875 0.0203125
0 0.646875 0.6203125 0.015625 0.01875
0 0.665625 0.621875 0.015625 0.01875
0 0.68203125 0.621875 0.0171875 0.01875
0 0.6984375 0.62109375 0.015625 0.0203125
0 0.71796875 0.62265625 0.0171875 0.0203125
0 0.62734375 0.64296875 0.0140625 0.0203125
0 0.6453125 0.64296875 0.015625 0.0203125
0 0.6609375 0.6421875 0.015625 0.01875
0 0.68046875 0.64375 0.0171875 0.021875
0 0.6984375 0.64453125 0.015625 0.0203125
0 0.71640625 0.64453125 0.0171875 0.0203125
0 0.5296875 0.6234375 0.009375 0.015625
0 0.5657453125 0.639865625 0.569253125 0.62660625 0.5600921875 0.6208859375 0.55619375 0.63180625 0.5657453125 0.639865625
0 0.579584375 0.629465625 0.5717875 0.6237468749999999 0.5682796875 0.637525 0.575296875 0.6416859374999999 0.579584375 0.629465625
0 0.27855625 0.6386703125000001 0.2814453125 0.6337796875 0.2832234375 0.6300749999999999 0.282778125 0.6260734375 0.279778125 0.6229609375 0.2762234375 0.621034375 0.2732234375 0.621034375 0.26966718749999996 0.6260734375 0.269778125 0.6340765625 0.2736703125 0.637703125 0.27855625 0.6386703125000001
0 0.26455625 0.6524515625 0.26955625 0.6554156250000001 0.2732234375 0.6520078125000001 0.274890625 0.6465234375 0.273890625 0.6405968750000001 0.2706671875 0.6380765625 0.2657953125 0.6387031249999999 0.2630015625 0.642375 0.2622234375 0.6491921875 0.26455625 0.6524515625
0 0.25655625 0.623703125 0.2550015625 0.626665625 0.256334375 0.63363125 0.2587796875 0.636003125 0.26377968749999997 0.637484375 0.26677968750000003 0.63363125 0.26766718749999996 0.6272593750000001 0.2646671875 0.6199984374999999 0.26255625 0.6197015625 0.2592234375 0.6197015625 0.25655625 0.623703125
0 0.2512234375 0.6519453125 0.25666875 0.653428125 0.26111249999999997 0.6494265625 0.26189062500000004 0.641571875 0.256890625 0.63668125 0.254890625 0.6362375 0.2522234375 0.6363859374999999 0.2490015625 0.641128125 0.2484453125 0.6470546875000001 0.2512234375 0.6519453125
0 0.24133437500000002 0.6286796875 0.2457796875 0.6365328124999999 0.24933437500000002 0.6360890625 0.2530015625 0.6341625 0.254334375 0.6303093750000001 0.2544453125 0.624678125 0.249890625 0.620825 0.2450015625 0.6202328125000001 0.24277968749999998 0.6234921875 0.24133437500000002 0.6286796875
0 0.23200156249999998 0.6196390625 0.22833593749999997 0.6229 0.226890625 0.6251218749999999 0.2270015625 0.6303093750000001 0.2291125 0.6347546875 0.2333359375 0.6360890625 0.23689062500000002 0.6353484375 0.23866874999999999 0.6337171875000001 0.2400015625 0.6297171875 0.23955781250000002 0.6245296875 0.23866874999999999 0.6218625 0.235334375 0.620084375 0.23200156249999998 0.6196390625
0 0.23433593749999998 0.6432015625 0.234446875 0.6470546875000001 0.2351125 0.6509078125000001 0.237890625 0.653428125 0.2421125 0.6537234375 0.2462234375 0.6512046875 0.24744531250000001 0.6475 0.24689062499999997 0.6424609375 0.24444531249999998 0.63668125 0.2397796875 0.63460625 0.2351125 0.6384593749999999 0.23433593749999998 0.6432015625
0 0.2221125 0.636978125 0.2193359375 0.641275 0.218446875 0.6466109375 0.219225 0.650315625 0.22366875 0.65313125 0.2281125 0.6537234375 0.23122343750000002 0.650759375 0.2322234375 0.64690625 0.2317796875 0.641128125 0.22866875000000003 0.637421875 0.2221125 0.636978125
0 0.21211406249999998 0.6237890625 0.210890625 0.6307546875 0.212446875 0.6331249999999999 0.217225 0.6354968750000001 0.22077968750000002 0.6353484375 0.222890625 0.632384375 0.22466875000000003 0.6286796875 0.2237796875 0.6245296875 0.2217796875 0.6212703125 0.2191125 0.6196390625 0.214890625 0.6203796875 0.21211406249999998 0.6237890625
0 0.20577968750000003 0.6458703125 0.2071140625 0.65001875 0.20989062500000003 0.6526859375 0.21366875 0.6519453125 0.2170015625 0.64794375 0.21744687499999998 0.6430546875 0.2170015625 0.6394968750000001 0.21400156250000002 0.6360890625 0.2083359375 0.6362375 0.20566874999999998 0.6399421875 0.20577968750000003 0.6458703125
0 0.20089218749999999 0.6191953125 0.19855781249999999 0.6203796875 0.196225 0.6248265625 0.196446875 0.6300125000000001 0.19911406250000002 0.6335703125000001 0.20333593749999998 0.6356437500000001 0.207225 0.6352 0.209003125 0.633421875 0.20977968749999998 0.628234375 0.20866875000000001 0.6223062500000001 0.206003125 0.619490625 0.20089218749999999 0.6191953125
0 0.19066875 0.6086734375 0.19055781249999998 0.6128218750000001 0.19166875 0.6166750000000001 0.19511406250000002 0.61875 0.199225 0.6181578125 0.203003125 0.615490625 0.203003125 0.6040796875 0.1997796875 0.601115625 0.1946703125 0.6018703125 0.192003125 0.6048203125 0.19066875 0.6086734375
0 0.1795578125 0.6191953125 0.18367031250000002 0.619046875 0.1865578125 0.61623125 0.1883359375 0.610303125 0.18666875 0.6033390625 0.182446875 0.6012640625000001 0.175446875 0.6079328125 0.175446875 0.6126750000000001 0.1768921875 0.61623125 0.1795578125 0.6191953125
0 0.18367031250000002 0.6309015625 0.187003125 0.6347546875 0.19255781249999998 0.6350515624999999 0.19511406250000002 0.631790625 0.19611406250000002 0.6258640625 0.19489218749999998 0.6209734375 0.191446875 0.6171203125 0.1875578125 0.6163796875 0.1845578125 0.6203796875 0.1838921875 0.6258640625 0.18367031250000002 0.6309015625
0 0.189446875 0.6434984375 0.191003125 0.6489812500000001 0.19311406250000002 0.65313125 0.1963359375 0.6525375 0.20066875 0.65105625 0.20411406250000003 0.647203125 0.20466875 0.64290625 0.204003125 0.636978125 0.1993359375 0.63460625 0.19455781249999998 0.6332734375 0.19211406250000002 0.6368296875 0.191003125 0.641275 0.189446875 0.6434984375
0 0.1761140625 0.6433500000000001 0.1768921875 0.6491296875 0.17933593750000001 0.652390625 0.18267031250000001 0.6532796875 0.18666875 0.651353125 0.1885578125 0.6480921875 0.1875578125 0.6426093749999999 0.186225 0.6386078125 0.1823359375 0.6357921875 0.179225 0.6363859374999999 0.1768921875 0.6389046875 0.1761140625 0.6433500000000001
0 0.15179375 0.6459984375000001 0.1472375 0.63918125 0.1432375 0.644515625 0.146571875 0.6488140625 0.15179375 0.6459984375000001
0 0.156015625 0.65251875 0.1521265625 0.6477765625 0.14768281249999998 0.65148125 0.1519046875 0.656815625 0.156015625 0.65251875
0 0.146571875 0.6538515625 0.14279375 0.649109375 0.140015625 0.6537046875 0.1434609375 0.658890625 0.146571875 0.6538515625
0 0.14090468750000001 0.6492578124999999 0.137015625 0.643775 0.1342390625 0.6488140625 0.1379046875 0.654 0.14090468750000001 0.6492578124999999
0 0.13212812499999999 0.64940625 0.1274609375 0.643478125 0.12468281249999999 0.6480734375 0.1282390625 0.6520734375 0.13212812499999999 0.64940625
0 0.12317031249999999 0.6468703125 0.1256828125 0.64229375 0.12068281249999999 0.6375515625 0.11757187499999999 0.6421453125000001 0.12317031249999999 0.6468703125
0 0.12068281249999999 0.6531109374999999 0.1154609375 0.6464421875 0.11257187500000002 0.6537046875 0.11701718750000001 0.65815 0.12068281249999999 0.6531109374999999
0 0.1112390625 0.6529625 0.11435 0.6467390625 0.110128125 0.64229375 0.10634999999999999 0.648665625 0.1112390625 0.6529625
0 0.11057187500000001 0.6059 0.10629531249999999 0.5992031250000001 0.10135000000000001 0.6036765625 0.10634999999999999 0.6113828125 0.11057187500000001 0.6059
0 0.11757187499999999 0.61256875 0.1126828125 0.6054546875 0.10912812499999999 0.6103453125 0.1130171875 0.6174593749999999 0.11757187499999999 0.61256875
0 0.1040171875 0.611234375 0.10090625 0.606196875 0.0970171875 0.610196875 0.10035000000000001 0.615384375 0.1040171875 0.611234375
0 0.1106828125 0.6183484375 0.1057953125 0.6123703125 0.10235000000000001 0.6165703125 0.1066828125 0.6219046875 0.1106828125 0.6183484375
0 0.11534843749999998 0.6288703124999999 0.11479375 0.6346484375 0.1161265625 0.638946875 0.121571875 0.63405625 0.130459375 0.6373171875 0.13968125 0.6413171875 0.1406265625 0.63405625 0.1381265625 0.62694375 0.1345703125 0.6216078125 0.129015625 0.618940625 0.123015625 0.61864375 0.11979375 0.62175625 0.11534843749999998 0.6288703124999999
0 0.1424203125 0.6405375 0.1532375 0.6395390625 0.15768125 0.6533218749999999 0.1621265625 0.6536171875 0.1683484375 0.6426515625 0.1690140625 0.6316859375 0.1631265625 0.6226453125 0.1541265625 0.6195328124999999 0.1492375 0.6211640625 0.1451265625 0.62590625 0.142015625 0.633759375 0.1424203125 0.6405375
0 0.0982390625 0.6184968750000001 0.090128125 0.6182000000000001 0.08435000000000001 0.6272390624999999 0.0834609375 0.6370203125 0.08657187499999999 0.6449484375 0.0889046875 0.6493203125 0.0964609375 0.652284375 0.10379374999999999 0.6510984375 0.1066828125 0.6448750000000001 0.10957187500000001 0.63924375 0.10946093750000001 0.6296109375000001 0.10779375 0.624571875 0.10435000000000001 0.6254609375 0.1021265625 0.6184968750000001 0.0982390625 0.6184968750000001
0 0.0796828125 0.59715625 0.0747953125 0.6020375 0.07979375 0.6104937500000001 0.08379375 0.606640625 0.0796828125 0.59715625
0 0.078128125 0.6110859375000001 0.07390624999999999 0.616865625 0.07879375 0.6232375 0.08357187499999999 0.6174593749999999 0.078128125 0.6110859375000001
0 0.0700171875 0.6036765625 0.0652390625 0.6096046875 0.071128125 0.614790625 0.0744609375 0.6104937500000001 0.0700171875 0.6036765625
0 0.0710171875 0.6180515625 0.065571875 0.611828125 0.0627953125 0.6180515625 0.06712812500000001 0.6226453125 0.0710171875 0.6180515625
0 0.061906249999999996 0.642059375 0.057460937499999996 0.6355375000000001 0.053571875000000005 0.6398359375 0.0570171875 0.6450218750000001 0.061906249999999996 0.642059375
0 0.05404375 0.6477421875 0.05004375 0.6419625 0.0453765625 0.6470015625000001 0.0479328125 0.6521874999999999 0.05404375 0.6477421875
0 0.06048750000000001 0.6526328125 0.057043750000000004 0.646259375 0.0533765625 0.6512984375 0.0557109375 0.6566328125 0.06048750000000001 0.6526328125
0 0.060598437500000005 0.6477421875 0.0650453125 0.6538703124999999 0.068821875 0.6492234375 0.0649328125 0.6425546875 0.060598437500000005 0.6477421875
0 0.049265625 0.608321875 0.0439328125 0.614546875 0.049043750000000004 0.620178125 0.054265625 0.6141015624999999 0.049265625 0.608321875
0 0.0356 0.6062484375 0.0400453125 0.6112031250000001 0.045489062499999997 0.6041734375 0.0404890625 0.5985421875 0.0356 0.6062484375
0 0.0439328125 0.6212156249999999 0.038821875 0.615584375 0.0339328125 0.62195625 0.039265625 0.6275875 0.0439328125 0.6212156249999999
0 0.036378125 0.6158796875 0.030489062500000004 0.6095078125 0.026821875000000002 0.6146953125 0.0321546875 0.620178125 0.036378125 0.6158796875
0 0.02215625 0.63114375 0.01815625 0.63633125 0.0217109375 0.6418140625000001 0.026378125000000002 0.636775 0.02215625 0.63114375
0 0.01904375 0.6465562499999999 0.0142671875 0.640628125 0.0099328125 0.6467046875 0.014599999999999998 0.6512984375 0.01904375 0.6465562499999999
0 0.020821875 0.6461125 0.017821875 0.650853125 0.0224890625 0.6584125000000001 0.026043749999999997 0.6520390625 0.020821875 0.6461125
0 0.0339328125 0.6450750000000001 0.0272671875 0.6387015625 0.0244890625 0.6453703125 0.029489062500000003 0.65174375 0.0339328125 0.6450750000000001
0 0.007710937499999999 0.616621875 0.0034890625 0.6167703125 0 0.617659375 0.0007109375 0.647296875 0.004378125 0.6501125 0.0110453125 0.651446875 0.0090453125 0.642259375 0.013710937500000001 0.6389984375 0.017599999999999998 0.6354421875 0.02104375 0.6293656249999999 0.0184328125 0.624771875 0.0130453125 0.6179546874999999 0.007710937499999999 0.616621875
0 0.403125 0.5 0.00625 0.009375
0 0.41015625 0.50078125 0.0078125 0.0078125
0 0.41796875 0.50078125 0.0078125 0.0078125
0 0.42734375 0.50078125 0.0078125 0.0078125
0 0.43515625 0.50078125 0.0078125 0.0078125
0 0.40234375 0.51015625 0.0078125 0.0078125
0 0.41015625 0.51015625 0.0078125 0.0078125
0 0.41953125 0.51171875 0.0078125 0.0078125
0 0.42734375 0.51015625 0.0078125 0.0078125
0 0.4359375 0.51171875 0.009375 0.0078125
0 0.4453125 0.5125 0.00625 0.009375
0 0.45234375 0.51171875 0.0078125 0.0078125
0 0.46015625 0.51171875 0.0078125 0.0078125
0 0.46875 0.51171875 0.00625 0.0078125
0 0.47734375 0.51171875 0.0078125 0.0078125
0 0.48515625 0.51171875 0.0078125 0.0078125
0 0.49453125 0.51171875 0.0078125 0.0078125
0 0.5015625 0.51171875 0.00625 0.0078125
0 0.40234375 0.521875 0.0078125 0.009375
0 0.41015625 0.521875 0.0078125 0.009375
0 0.41953125 0.521875 0.0078125 0.009375
0 0.42734375 0.521875 0.0078125 0.009375
0 0.43671875 0.521875 0.0078125 0.009375
0 0.44609375 0.52265625 0.0078125 0.0078125
0 0.453125 0.52265625 0.00625 0.0078125
0 0.46171875 0.521875 0.0078125 0.009375
0 0.46953125 0.52265625 0.0078125 0.0078125
0 0.47734375 0.52265625 0.0078125 0.0078125
0 0.48671875 0.52109375 0.0078125 0.0078125
0 0.49453125 0.52265625 0.0078125 0.0078125
0 0.50234375 0.521875 0.0078125 0.009375
0 0.40234375 0.5328125 0.0078125 0.009375
0 0.41171875 0.534375 0.0078125 0.009375
0 0.41953125 0.534375 0.0078125 0.009375
0 0.42890625 0.534375 0.0078125 0.009375
0 0.43671875 0.5328125 0.0046875 0.009375
0 0.44453125 0.53203125 0.0078125 0.0078125
0 0.45390625 0.5328125 0.0078125 0.009375
0 0.4625 0.5328125 0.00625 0.009375
0 0.46953125 0.53359375 0.0078125 0.0078125
0 0.47890625 0.53359375 0.0078125 0.0109375
0 0.48671875 0.53359375 0.0078125 0.0078125
0 0.49453125 0.53203125 0.0078125 0.0078125
0 0.5015625 0.53203125 0.00625 0.0078125
0 0.40234375 0.54453125 0.0078125 0.0078125
0 0.41171875 0.54453125 0.0078125 0.0078125
0 0.41953125 0.54296875 0.0078125 0.0078125
0 0.428125 0.54375 0.00625 0.009375
0 0.43515625 0.54296875 0.0078125 0.0078125
0 0.44296875 0.54296875 0.0078125 0.0078125
0 0.453125 0.54296875 0.009375 0.0078125
0 0.46328125 0.54453125 0.0078125 0.0078125
0 0.4703125 0.54296875 0.00625 0.0078125
0 0.47890625 0.54296875 0.0078125 0.0078125
0 0.4859375 0.54296875 0.00625 0.0078125
0 0.49375 0.54296875 0.00625 0.0078125
0 0.50234375 0.54453125 0.0078125 0.0078125
0 0.403125 0.55546875 0.00625 0.0109375
0 0.4109375 0.55390625 0.00625 0.0078125
0 0.41875 0.55390625 0.00625 0.0078125
0 0.42734375 0.5546875 0.0078125 0.009375
0 0.43515625 0.5546875 0.0078125 0.009375
0 0.44375 0.55546875 0.00625 0.0109375
0 0.4515625 0.5546875 0.00625 0.009375
0 0.4609375 0.553125 0.009375 0.009375
0 0.46875 0.553125 0.00625 0.009375
0 0.47578125 0.55390625 0.0078125 0.0078125
0 0.4828125 0.55390625 0.00625 0.0078125
0 0.49296875 0.55390625 0.0078125 0.0078125
0 0.50234375 0.55390625 0.0078125 0.0078125
0 0.8375 0.525 0.015625 0.009375
0 0.85625 0.525 0.015625 0.009375
0 0.87265625 0.52578125 0.0140625 0.0078125
0 0.890625 0.52578125 0.015625 0.0078125
0 0.90625 0.52421875 0.015625 0.0078125
0 0.8390625 0.53515625 0.015625 0.0078125
0 0.8546875 0.5359375 0.015625 0.009375
0 0.871875 0.53671875 0.015625 0.0078125
0 0.88984375 0.53671875 0.0140625 0.0078125
0 0.90546875 0.5359375 0.0140625 0.009375
0 0.83828125 0.54609375 0.0140625 0.0078125
0 0.85625 0.54609375 0.015625 0.0078125
0 0.871875 0.54765625 0.015625 0.0078125
0 0.8890625 0.54609375 0.015625 0.0078125
0 0.90625 0.54609375 0.015625 0.0078125
0 0.95078125 0.4953125 0.0203125 0.01875
0 0.9859375 0.4953125 0.025 0.01875
0 0.953125 0.5171875 0.021875 0.01875
0 0.9828125 0.51640625 0.01875 0.0171875
0 0.9546875 0.540625 0.021875 0.01875
0 0.9875 0.5390625 0.021875 0.01875
0 0.9328125 0.40625 0.015625 0.009375
0 0.93046875 0.4171875 0.0140625 0.009375
0 0.9140625 0.4078125 0.015625 0.009375
0 0.40234375 0.390625 0.0078125 0.009375
0 0.41015625 0.390625 0.0078125 0.009375
0 0.41953125 0.390625 0.0078125 0.009375
0 0.428125 0.390625 0.00625 0.009375
0 0.4359375 0.390625 0.009375 0.009375
0 0.44375 0.390625 0.00625 0.009375
0 0.45234375 0.390625 0.0078125 0.009375
0 0.46015625 0.39140625 0.0078125 0.0078125
0 0.46953125 0.39140625 0.0078125 0.0078125
0 0.47734375 0.39140625 0.0078125 0.0078125
0 0.48671875 0.39140625 0.0078125 0.0078125
0 0.49375 0.390625 0.00625 0.009375
0 0.50234375 0.390625 0.0078125 0.009375
0 0.40234375 0.4015625 0.0078125 0.009375
0 0.4109375 0.4 0.00625 0.00625
0 0.41953125 0.40234375 0.0078125 0.0078125
0 0.42734375 0.4015625 0.0078125 0.009375
0 0.43515625 0.4015625 0.0078125 0.009375
0 0.44453125 0.40078125 0.0078125 0.0078125
0 0.45234375 0.40234375 0.0078125 0.0078125
0 0.4609375 0.40234375 0.00625 0.0078125
0 0.46953125 0.40234375 0.0078125 0.0078125
0 0.4765625 0.403125 0.00625 0.009375
0 0.48515625 0.40234375 0.0078125 0.0078125
0 0.49375 0.40234375 0.00625 0.0078125
0 0.41171875 0.4125 0.0078125 0.009375
0 0.40234375 0.4125 0.0078125 0.009375
0 0.41953125 0.4125 0.0078125 0.009375
0 0.42734375 0.4125 0.0078125 0.009375
0 0.4359375 0.4125 0.00625 0.009375
0 0.44453125 0.4125 0.0078125 0.009375
0 0.4546875 0.4125 0.00625 0.009375
0 0.46171875 0.4125 0.0078125 0.009375
0 0.4703125 0.41328125 0.00625 0.0078125
0 0.47734375 0.41328125 0.0078125 0.0078125
0 0.4859375 0.41328125 0.00625 0.0078125
0 0.49296875 0.4125 0.0078125 0.009375
0 0.50234375 0.4125 0.0078125 0.009375
0 0.5015625 0.4015625 0.00625 0.009375
0 0.403125 0.4234375 0.00625 0.009375
0 0.41171875 0.42265625 0.0078125 0.0078125
0 0.41953125 0.42265625 0.0078125 0.0078125
0 0.4265625 0.42421875 0.00625 0.0078125
0 0.43671875 0.4234375 0.0078125 0.009375
0 0.44609375 0.4234375 0.0078125 0.009375
0 0.45390625 0.42421875 0.0078125 0.0109375
0 0.46171875 0.4234375 0.0078125 0.009375
0 0.4703125 0.42421875 0.00625 0.0078125
0 0.478125 0.42421875 0.00625 0.0078125
0 0.48515625 0.4234375 0.0078125 0.009375
0 0.49453125 0.4234375 0.0078125 0.009375
0 0.50234375 0.4234375 0.0078125 0.009375
0 0.403125 0.434375 0.00625 0.009375
0 0.4109375 0.434375 0.00625 0.009375
0 0.41953125 0.434375 0.0078125 0.009375
0 0.42734375 0.43359375 0.0078125 0.0078125
0 0.43515625 0.434375 0.0078125 0.009375
0 0.44453125 0.434375 0.0078125 0.009375
0 0.45234375 0.434375 0.0078125 0.009375
0 0.4609375 0.43359375 0.00625 0.0078125
0 0.46953125 0.43359375 0.0078125 0.0078125
0 0.47734375 0.434375 0.0078125 0.009375
0 0.48515625 0.434375 0.0078125 0.009375
0 0.49375 0.434375 0.00625 0.009375
0 0.50234375 0.434375 0.0078125 0.009375
0 0.403125 0.44453125 0.00625 0.0078125
0 0.4109375 0.44453125 0.00625 0.0078125
0 0.41953125 0.446875 0.0078125 0.009375
0 0.42734375 0.4453125 0.0078125 0.009375
0 0.4359375 0.44453125 0.00625 0.0078125
0 0.44375 0.44453125 0.00625 0.0078125
0 0.45234375 0.44609375 0.0078125 0.0109375
0 0.46171875 0.44609375 0.0078125 0.0078125
0 0.46875 0.44453125 0.00625 0.0078125
0 0.478125 0.44453125 0.00625 0.0078125
0 0.48515625 0.44453125 0.0078125 0.0078125
0 0.49296875 0.44453125 0.0078125 0.0078125
0 0.5015625 0.4453125 0.00625 0.009375
0 0.403125 0.45625 0.00625 0.009375
0 0.41171875 0.45546875 0.0078125 0.0078125
0 0.41953125 0.45625 0.0078125 0.009375
0 0.4265625 0.45703125 0.00625 0.0078125
0 0.43671875 0.45625 0.0078125 0.009375
0 0.4453125 0.45625 0.00625 0.009375
0 0.45234375 0.45703125 0.0078125 0.0078125
0 0.4609375 0.45546875 0.00625 0.0078125
0 0.46875 0.45546875 0.00625 0.0078125
0 0.47734375 0.45625 0.0078125 0.009375
0 0.4859375 0.45546875 0.00625 0.0078125
0 0.49375 0.45546875 0.00625 0.0078125
0 0.5015625 0.45546875 0.00625 0.0078125
0 0.51640625 0.40546875 0.0171875 0.0203125
0 0.534375 0.4046875 0.015625 0.01875
0 0.553125 0.4046875 0.015625 0.021875
0 0.51875 0.421875 0.015625 0.009375
0 0.5359375 0.421875 0.015625 0.009375
0 0.553125 0.421875 0.015625 0.009375
0 0.571875 0.42109375 0.015625 0.0078125
0 0.5875 0.41015625 0.015625 0.0078125
0 0.6046875 0.41015625 0.015625 0.0078125
0 0.5875 0.4203125 0.015625 0.009375
0 0.60625 0.42109375 0.015625 0.0078125
0 0.51796875 0.43359375 0.0171875 0.0078125
0 0.534375 0.43359375 0.015625 0.0078125
0 0.5515625 0.43203125 0.015625 0.0078125
0 0.56875 0.43203125 0.015625 0.0078125
0 0.5859375 0.43203125 0.015625 0.0078125
0 0.60703125 0.4328125 0.0171875 0.009375
0 0.51875 0.44453125 0.015625 0.0078125
0 0.53671875 0.44453125 0.0140625 0.0078125
0 0.5546875 0.44453125 0.015625 0.0109375
0 0.571875 0.44375 0.015625 0.009375
0 0.5890625 0.44375 0.015625 0.009375
0 0.60625 0.44375 0.015625 0.009375
0 0.5203125 0.45625 0.015625 0.009375
0 0.5375 0.45625 0.015625 0.009375
0 0.553125 0.45546875 0.015625 0.0109375
0 0.5703125 0.4546875 0.015625 0.009375
0 0.5875 0.45546875 0.015625 0.0078125
0 0.60625 0.45390625 0.015625 0.0078125
0 0.61953125 0.4421875 0.0078125 0.009375
0 0.6265625 0.43203125 0.00625 0.0078125
0 0.634375 0.43359375 0.00625 0.0078125
0 0.6421875 0.43203125 0.00625 0.0078125
0 0.65078125 0.43203125 0.0078125 0.0078125
0 0.65859375 0.43125 0.0078125 0.00625
0 0.66640625 0.43203125 0.0078125 0.0078125
0 0.67421875 0.4328125 0.0046875 0.00625
0 0.68203125 0.4328125 0.0046875 0.00625
0 0.69140625 0.43203125 0.0078125 0.0046875
0 0.6953125 0.421875 0.00625 0.009375
0 0.7 0.43203125 0.00625 0.0078125
0 0.70859375 0.42109375 0.0046875 0.0078125
0 0.71640625 0.42109375 0.0078125 0.0078125
0 0.72421875 0.421875 0.0046875 0.00625
0 0.709375 0.43125 0.00625 0.00625
0 0.715625 0.43359375 0.00625 0.0078125
0 0.72421875 0.4328125 0.0078125 0.009375
0 0.628125 0.44296875 0.00625 0.0078125
0 0.6375 0.4421875 0.00625 0.00625
0 0.646875 0.44296875 0.00625 0.0078125
0 0.65234375 0.44296875 0.0046875 0.0078125
0 0.66015625 0.4421875 0.0046875 0.009375
0 0.66796875 0.44375 0.0078125 0.00625
0 0.67578125 0.44296875 0.0046875 0.0078125
0 0.684375 0.44375 0.00625 0.00625
0 0.69296875 0.44375 0.0078125 0.00625
0 0.70234375 0.44296875 0.0078125 0.0078125
0 0.7109375 0.44375 0.00625 0.00625
0 0.71640625 0.44375 0.0046875 0.009375
0 0.72265625 0.44375 0.0046875 0.00625
0 0.6296875 0.45390625 0.00625 0.0078125
0 0.62265625 0.45390625 0.0078125 0.0078125
0 0.63828125 0.45390625 0.0078125 0.0078125
0 0.64765625 0.453125 0.0078125 0.00625
0 0.65546875 0.45390625 0.0078125 0.0078125
0 0.6640625 0.453125 0.00625 0.00625
0 0.67265625 0.45390625 0.0078125 0.0078125
0 0.68203125 0.453125 0.0078125 0.00625
0 0.68984375 0.45390625 0.0078125 0.0078125
0 0.69765625 0.4546875 0.0078125 0.00625
0 0.70703125 0.45390625 0.0078125 0.0078125
0 0.71484375 0.4546875 0.0078125 0.00625
0 0.74375 0.38671875 0.015625 0.0078125
0 0.7609375 0.3875 0.015625 0.009375
0 0.7421875 0.3984375 0.015625 0.009375
0 0.7421875 0.409375 0.015625 0.009375
0 0.7421875 0.4203125 0.015625 0.009375
0 0.7390625 0.43203125 0.015625 0.0078125
0 0.7390625 0.4421875 0.015625 0.009375
0 0.740625 0.453125 0.015625 0.009375
0 0.7578125 0.453125 0.015625 0.009375
0 0.7546875 0.4421875 0.015625 0.009375
0 0.7578125 0.43203125 0.015625 0.0078125
0 0.7578125 0.42109375 0.015625 0.0078125
0 0.7578125 0.409375 0.015625 0.009375
0 0.75703125 0.39765625 0.0140625 0.0078125
0 0.775 0.39765625 0.015625 0.0078125
0 0.7765625 0.38828125 0.015625 0.0078125
0 0.778125 0.41015625 0.015625 0.0078125
0 0.77578125 0.4203125 0.0140625 0.009375
0 0.77578125 0.43203125 0.0140625 0.0078125
0 0.7734375 0.44296875 0.015625 0.0109375
0 0.775 0.4546875 0.015625 0.00625
0 0.790625 0.453125 0.0125 0.009375
0 0.78984375 0.4421875 0.0140625 0.009375
0 0.79140625 0.43203125 0.0140625 0.0078125
0 0.7953125 0.41875 0.015625 0.00625
0 0.796875 0.4078125 0.015625 0.009375
0 0.7953125 0.39765625 0.015625 0.0078125
0 0.7984375 0.3859375 0.015625 0.00625
0 0.8140625 0.3859375 0.015625 0.00625
0 0.8125 0.39765625 0.015625 0.0078125
0 0.8125 0.409375 0.015625 0.009375
0 0.81171875 0.4203125 0.0171875 0.009375
0 0.8078125 0.43046875 0.015625 0.0078125
0 0.80703125 0.4421875 0.0171875 0.009375
0 0.8109375 0.45390625 0.015625 0.0109375
0 0.828125 0.4546875 0.015625 0.009375
0 0.82734375 0.44140625 0.0171875 0.0078125
0 0.8296875 0.43046875 0.015625 0.0078125
0 0.8296875 0.41875 0.015625 0.009375
0 0.83125 0.4078125 0.015625 0.009375
0 0.8296875 0.396875 0.015625 0.009375
0 0.8328125 0.38671875 0.015625 0.0078125
0 0.846875 0.39609375 0.015625 0.0078125
0 0.846875 0.4078125 0.015625 0.009375
0 0.846875 0.41875 0.015625 0.009375
0 0.84609375 0.43125 0.0140625 0.009375
0 0.8453125 0.440625 0.015625 0.009375
0 0.8453125 0.45234375 0.015625 0.0109375
0 0.8640625 0.39609375 0.015625 0.0078125
0 0.86328125 0.40859375 0.0140625 0.0109375
0 0.8640625 0.4203125 0.015625 0.009375
0 0.86328125 0.43046875 0.0140625 0.0109375
0 0.8625 0.44140625 0.015625 0.0078125
0 0.8640625 0.45078125 0.015625 0.0078125
0 0.88125 0.40703125 0.015625 0.0078125
0 0.88125 0.41875 0.015625 0.009375
0 0.87890625 0.43046875 0.0140625 0.0078125
0 0.87890625 0.43984375 0.0140625 0.0078125
0 0.8796875 0.45234375 0.015625 0.0078125
0 0.8953125 0.4515625 0.0125 0.00625
0 0.89453125 0.440625 0.0140625 0.00625
0 0.89609375 0.43046875 0.0140625 0.0078125
0 0.89765625 0.41953125 0.0171875 0.0078125
0 0.89765625 0.40859375 0.0140625 0.0078125
0 0.9140625 0.41875 0.015625 0.009375
0 0.9125 0.4296875 0.015625 0.009375
0 0.928125 0.4296875 0.015625 0.009375
0 0.9109375 0.44140625 0.015625 0.0078125
0 0.9109375 0.4515625 0.015625 0.009375
0 0.93203125 0.4515625 0.0140625 0.009375
0 0.93046875 0.44140625 0.0140625 0.0078125
0 0.85703125 0.30078125 0.0140625 0.0203125
0 0.8578125 0.32265625 0.015625 0.0203125
0 0.85703125 0.346875 0.0140625 0.01875
0 0.87421875 0.34765625 0.0140625 0.0203125
0 0.890625 0.346875 0.015625 0.01875
0 0.9109375 0.34765625 0.015625 0.0203125
0 0.928125 0.346875 0.015625 0.01875
0 0.94453125 0.3484375 0.0140625 0.021875
0 0.94453125 0.32265625 0.0140625 0.0203125
0 0.928125 0.325 0.015625 0.01875
0 0.91015625 0.3234375 0.0171875 0.01875
0 0.89140625 0.32265625 0.0140625 0.0203125
0 0.87421875 0.325 0.0140625 0.01875
0 0.87578125 0.3015625 0.0140625 0.01875
0 0.89375 0.30078125 0.015625 0.0171875
0 0.91171875 0.3 0.0140625 0.015625
0 0.92734375 0.3 0.0140625 0.01875
0 0.94296875 0.30078125 0.0140625 0.0203125
0 0.62734375 0.28828125 0.0078125 0.0078125
0 0.63515625 0.28984375 0.0078125 0.0078125
0 0.62734375 0.3015625 0.0078125 0.009375
0 0.634375 0.30078125 0.00625 0.0078125
0 0.6265625 0.31328125 0.00625 0.0078125
0 0.63515625 0.31328125 0.0078125 0.0078125
0 0.625 0.32421875 0.00625 0.0078125
0 0.63515625 0.32421875 0.0078125 0.0078125
0 0.62578125 0.33359375 0.0078125 0.0078125
0 0.6359375 0.33515625 0.00625 0.0078125
0 0.6265625 0.34453125 0.00625 0.0078125
0 0.634375 0.34453125 0.00625 0.0078125
0 0.62734375 0.35703125 0.0078125 0.0078125
0 0.634375 0.35703125 0.00625 0.0078125
0 0.6421875 0.35703125 0.00625 0.0078125
0 0.6421875 0.34453125 0.00625 0.0078125
0 0.64453125 0.33515625 0.0046875 0.0078125
0 0.64296875 0.32265625 0.0078125 0.0078125
0 0.64375 0.31171875 0.00625 0.0078125
0 0.64375 0.30078125 0.00625 0.0078125
0 0.64453125 0.28984375 0.0078125 0.0078125
0 0.65703125 0.2890625 0.0078125 0.009375
0 0.6515625 0.3015625 0.00625 0.009375
0 0.6515625 0.31328125 0.00625 0.0078125
0 0.6515625 0.321875 0.00625 0.00625
0 0.6515625 0.33515625 0.00625 0.0078125
0 0.65 0.3453125 0.00625 0.00625
0 0.65 0.35625 0.00625 0.00625
0 0.65859375 0.35546875 0.0046875 0.0078125
0 0.65703125 0.3453125 0.0046875 0.00625
0 0.66796875 0.3453125 0.0078125 0.00625
0 0.66484375 0.35625 0.0078125 0.009375
0 0.675 0.35703125 0.00625 0.0078125
0 0.67578125 0.3453125 0.0046875 0.00625
0 0.68359375 0.34453125 0.0046875 0.0078125
0 0.6828125 0.35625 0.00625 0.00625
0 0.690625 0.35546875 0.00625 0.0078125
0 0.69296875 0.34453125 0.0046875 0.0078125
0 0.70234375 0.34609375 0.0046875 0.0078125
0 0.7 0.35625 0.00625 0.00625
0 0.709375 0.3546875 0.00625 0.00625
0 0.71640625 0.35546875 0.0078125 0.0078125
0 0.71875 0.34375 0.00625 0.00625
0 0.709375 0.34375 0.00625 0.00625
0 0.709375 0.33359375 0.00625 0.0078125
0 0.71640625 0.33359375 0.0046875 0.0078125
0 0.72421875 0.334375 0.0046875 0.00625
0 0.7265625 0.31171875 0.00625 0.0078125
0 0.72734375 0.3203125 0.0046875 0.00625
0 0.67578125 0.33515625 0.0078125 0.0078125
0 0.66953125 0.33515625 0.0046875 0.0078125
0 0.68515625 0.33359375 0.0078125 0.0046875
0 0.69296875 0.33359375 0.0078125 0.0078125
0 0.70078125 0.33359375 0.0078125 0.0078125
0 0.67578125 0.3234375 0.0046875 0.00625
0 0.68359375 0.3234375 0.0046875 0.00625
0 0.6921875 0.32265625 0.00625 0.0078125
0 0.70078125 0.32265625 0.0078125 0.0078125
0 0.7109375 0.321875 0.00625 0.00625
0 0.71796875 0.321875 0.0046875 0.00625
0 0.71875 0.31171875 0.00625 0.0078125
0 0.71015625 0.3109375 0.0078125 0.00625
0 0.7015625 0.31171875 0.00625 0.0078125
0 0.69375 0.31171875 0.00625 0.0078125
0 0.684375 0.31171875 0.00625 0.0078125
0 0.6765625 0.3125 0.00625 0.00625
0 0.67734375 0.30078125 0.0046875 0.0078125
0 0.70078125 0.30078125 0.0078125 0.0078125
0 0.71015625 0.30078125 0.0078125 0.0078125
0 0.71953125 0.30078125 0.0078125 0.0078125
0 0.721875 0.28984375 0.00625 0.0078125
0 0.71328125 0.28984375 0.0078125 0.0078125
0 0.70390625 0.28984375 0.0078125 0.0078125
0 0.69296875 0.30078125 0.0046875 0.0078125
0 0.56328125 0.24765625 0.0078125 0.0078125
0 0.54375 0.25859375 0.00625 0.0078125
0 0.55390625 0.25703125 0.0046875 0.0078125
0 0.56328125 0.26015625 0.0078125 0.0078125
0 0.57421875 0.2578125 0.0078125 0.009375
0 0.5875 0.25703125 0.00625 0.0078125
0 0.58671875 0.24375 0.0078125 0.009375