0 0.09535625 0.1116484375 0.029878125 0.115128125 0.034118749999999996 0.1848359375 0.0980078125 0.1832453125 0.09535625 0.1116484375
0 0.09946875 0.1882203125 0.0349171875 0.1912015625 0.03873125 0.257084375 0.10220312499999999 0.255596875 0.09946875 0.1882203125
0 0.0408828125 0.2610203125 0.0444609375 0.32614375 0.1090125 0.32763437500000003 0.10410781250000001 0.26092031250000003 0.0408828125 0.2610203125
0 0.112425 0.1461734375 0.1141046875 0.21573906250000002 0.1849296875 0.21395625 0.181615625 0.14199843750000002 0.112425 0.1461734375
0 0.1724203125 0.2155375 0.10181718749999999 0.2176078125 0.1082859375 0.28890937499999997 0.1763875 0.290396875 0.1724203125 0.2155375
0 0.05724375 0.3945765625 0.1141046875 0.40102187499999997 0.1101375 0.3331015625 0.052212499999999995 0.3317625 0.047971875000000004 0.3335515625 0.05724375 0.3945765625
0 0.3169515625 0.256153125 0.237465625 0.25496093750000004 0.2389328125 0.33101250000000004 0.318934375 0.3339875 0.3169515625 0.256153125
0 0.1829015625 0.2237109375 0.18405625 0.2883171875 0.2303375 0.2907953125 0.2296765625 0.2506390625 0.254140625 0.2506390625 0.25215624999999997 0.221884375 0.1829015625 0.2237109375
0 0.1748 0.29531718749999997 0.11345625 0.2943953125 0.1179390625 0.3528265625 0.17744374999999998 0.3567921875 0.1748 0.29531718749999997
0 0.180025 0.2939859375 0.1835234375 0.35738593750000003 0.24895 0.35888749999999997 0.2482875 0.333046875 0.236225 0.3333453125 0.2330453125 0.293390625 0.180025 0.2939859375
0 0.2761546875 0.33829375 0.275959375 0.4034546875 0.3493484375 0.4079171875 0.3500109375 0.33702187499999997 0.2761546875 0.33829375
0 0.2514953125 0.426259375 0.2501734375 0.36676875 0.19000625 0.36329687499999996 0.188853125 0.362846875 0.1880234375 0.42378125000000005 0.2514953125 0.426259375
0 0.1748 0.3598265625 0.1184171875 0.36135937500000004 0.119921875 0.41733593750000003 0.1800890625 0.4217984375 0.1748 0.3598265625
0 0.1273453125 0.42534687499999996 0.129178125 0.47633281250000004 0.1880234375 0.48525625000000006 0.18736250000000002 0.42725156249999996 0.1273453125 0.42534687499999996
0 0.456459375 0.3573484375 0.373378125 0.3568953125 0.375134375 0.42477187499999997 0.45844218750000004 0.430721875 0.456459375 0.3573484375
0 0.44852499999999995 0.4366703125 0.3684171875 0.4342765625 0.3685234375 0.5026078125 0.44852499999999995 0.5040953125 0.44852499999999995 0.4366703125
0 0.3744734375 0.5681093749999999 0.45381406249999995 0.5755453125 0.45381406249999995 0.55075625 0.44852499999999995 0.5443125 0.4445578125 0.537371875 0.442575 0.53043125 0.44191250000000004 0.5215062500000001 0.4458796875 0.514565625 0.44852499999999995 0.5096078125 0.3711671875 0.507625 0.369409375 0.5071921875000001 0.3744734375 0.5681093749999999
0 0.3486875 0.41692656250000004 0.2563140625 0.41129218749999996 0.2581078125 0.4516296875 0.3539765625 0.45658750000000003 0.3486875 0.41692656250000004
0 0.356621875 0.4992015625 0.3546390625 0.4610265625 0.2614125 0.455078125 0.259290625 0.45734062499999995 0.2627359375 0.4917640625 0.356621875 0.4992015625
0 0.2652421875 0.4952875 0.26405781250000004 0.5309296875 0.356621875 0.5423328125 0.356621875 0.5061421875 0.2652421875 0.4952875
0 0.1868703125 0.48933593750000004 0.188684375 0.5467953125 0.2548015625 0.5542312500000001 0.2514953125 0.49573124999999996 0.1868703125 0.48933593750000004
0 0.192821875 0.42683593750000004 0.1959578125 0.48482343749999995 0.25744531249999997 0.48879062500000003 0.2534796875 0.43177656249999996 0.192821875 0.42683593750000004
0 0.11397187499999999 0.403459375 0.052940625 0.39930625000000003 0.05155 0.457846875 0.11727812500000001 0.4644375 0.11397187499999999 0.403459375
0 0.0539328125 0.4655265625 0.053804687500000004 0.5229375 0.11727812500000001 0.5323578125 0.11463281249999999 0.4708828125 0.0539328125 0.4655265625
0 0.12139375 0.4818953125 0.12388906250000001 0.5353328125 0.182071875 0.5432640625 0.18141093749999998 0.48872968749999995 0.12139375 0.4818953125
0 0.170171875 0.5591296875 0.130321875 0.5518359375 0.1318234375 0.591353125 0.176121875 0.5977984375000001 0.170171875 0.5591296875
0 0.21248593750000003 0.5611125 0.207196875 0.59978125 0.2594296875 0.6077140625 0.25744531249999997 0.5675578125 0.214646875 0.5585312499999999 0.21248593750000003 0.5611125
0 0.26821875 0.5376984375 0.2673640625 0.5725140625 0.35992812500000004 0.584909375 0.3586046875 0.5477265625000001 0.26821875 0.5376984375
0 0.30113124999999996 0.477603125 0.298578125 0.49086718749999997 0.317909375 0.4936015625 0.3186390625 0.4782875 0.3013734375 0.4760578125 0.30113124999999996 0.477603125
0 0.34070625 0.48074843749999996 0.3235375 0.47893125000000003 0.323928125 0.49291875 0.34271250000000003 0.4949703125 0.34070625 0.48074843749999996
0 0.280159375 0.5730999999999999 0.34216406250000003 0.58103125 0.3445359375 0.5658531250000001 0.34070625 0.55833125 0.28057656249999996 0.5507609375 0.280159375 0.5730999999999999
0 0.274009375 0.5991953125 0.27414218749999997 0.6123624999999999 0.31025 0.6183796874999999 0.3095203125 0.604021875 0.274009375 0.5991953125
0 0.31697031249999996 0.6039140625 0.31717968750000003 0.616465625 0.35401875 0.6237125 0.3532890625 0.610175 0.31697031249999996 0.6039140625
0 0.2712234375 0.6142765625 0.31298593750000003 0.6200203125 0.3573015625 0.6250796875 0.3662375 0.6241234375 0.3666015625 0.588021875 0.2756515625 0.576825 0.2772421875 0.5947218750000001 0.27049375000000003 0.5962265625 0.2712234375 0.6142765625
0 0.086709375 0.5405546875 0.0676875 0.5368062499999999 0.068471875 0.5571015625 0.0885328125 0.5610671875000001 0.086709375 0.5405546875
0 0.11169375 0.54479375 0.0917671875 0.5413203125 0.090903125 0.562434375 0.1131515625 0.5647593750000001 0.11169375 0.54479375
0 0.09532500000000001 0.5665640625 0.096375 0.5865015625 0.11917031250000001 0.5903296874999999 0.1182578125 0.569134375 0.09532500000000001 0.5665640625
0 0.0702953125 0.560246875 0.0708421875 0.5798015624999999 0.090903125 0.5849968750000001 0.090903125 0.5638015625 0.06987656249999999 0.5595859375 0.0702953125 0.560246875
0 0.06391250000000001 0.52688125 0.06628437499999999 0.5804843749999999 0.12245312500000001 0.5927921875 0.126465625 0.589646875 0.1253703125 0.5368625 0.06518906249999999 0.5264703125 0.06391250000000001 0.52688125
0 0.0988703125 0.5181125 0.10032812499999999 0.514534375 0.1004609375 0.5112546874999999 0.09926718749999999 0.5061859375 0.096484375 0.5019125 0.0927734375 0.49902968750000004 0.0877359375 0.49614843750000004 0.0838921875 0.49555156250000004 0.0797828125 0.49475625 0.0759390625 0.49585 0.072228125 0.4995265625 0.06988124999999999 0.5032281249999999 0.069975 0.5047953125 0.069975 0.5056890625 0.0702390625 0.5101625000000001 0.07182968749999999 0.516125 0.0766015625 0.5214921875 0.081903125 0.523878125 0.0858796875 0.524871875 0.091315625 0.5250703125 0.0938328125 0.5232812499999999 0.0974125 0.520696875 0.0988703125 0.5181125
0 0.07465468750000001 0.43699843749999995 0.07580624999999999 0.458940625 0.0988703125 0.46261875 0.0986046875 0.439559375 0.07465468750000001 0.43699843749999995
0 0.0724921875 0.43598125000000004 0.053373437499999996 0.4341640625 0.0532734375 0.4561578125 0.0743484375 0.459040625 0.0724921875 0.43598125000000004
0 0.5524203125 0.4793546875 0.550525 0.46735 0.543153125 0.45850468749999995 0.5326203125 0.4523453125 0.5227203125 0.44918593749999997 0.50945 0.448396875 0.4978640625 0.45281874999999994 0.4919015625 0.4576515625 0.49175625 0.4574 0.48585781250000004 0.462453125 0.48227656249999995 0.4758796875 0.4877546875 0.48835625 0.494284375 0.49704375 0.502709375 0.5016234374999999 0.5170328125 0.50525625 0.5284078125 0.5036765625 0.540203125 0.5003609375 0.5488390625 0.49056718750000006 0.5524203125 0.4793546875
0 0.5117671875 0.5362140625 0.51008125 0.5251578125 0.5071328125 0.516628125 0.49807499999999993 0.509521875 0.48965 0.50525625 0.48038125000000004 0.5027296875 0.47069218749999997 0.5027296875 0.46163437500000004 0.504309375 0.45047031249999997 0.5112593750000001 0.44604687500000006 0.5193140625 0.445415625 0.5272109375 0.4471 0.5368453125 0.4525765625 0.546796875 0.465846875 0.5537453125 0.478275 0.5561140625000001 0.4923875 0.5562734375 0.5024984375 0.5510609375 0.5083968750000001 0.5464796875 0.5117671875 0.5362140625
0 0.37653593750000003 0.62580625 0.48670156249999996 0.6416015625 0.4904921875 0.639546875 0.4925984375 0.59374375 0.490703125 0.5885312500000001 0.3762234375 0.573565625 0.3723234375 0.5796859375000001 0.373165625 0.6212265625 0.37653593750000003 0.62580625
0 0.400759375 0.5961125 0.39254375 0.5950078125 0.3850734375 0.5960859375 0.37843125 0.6036937499999999 0.3782203125 0.611275 0.3832765625 0.619646875 0.3919125 0.6242265625 0.4018125 0.6267546875 0.410659375 0.6242265625 0.4150828125 0.6198046875000001 0.415925 0.61175 0.41297656250000003 0.603378125 0.4058140625 0.59721875 0.400759375 0.5961125
0 0.43846406250000003 0.6131703125 0.4321671875 0.609359375 0.42477187499999997 0.61064375 0.4186640625 0.6136453125 0.417821875 0.620278125 0.41971718750000003 0.6262796875000001 0.42287656250000005 0.630228125 0.43024843749999997 0.6319656250000001 0.4363578125 0.6311765625 0.4428875 0.6288078125000001 0.44499374999999997 0.6242265625 0.4445734375 0.6174359375 0.43846406250000003 0.6131703125
0 0.5517890624999999 0.65315 0.5566328125 0.6512546875 0.5581078125000001 0.609240625 0.5553703125 0.6052734375 0.514715625 0.5976921875000001 0.49822187500000004 0.5970328125 0.4955484375 0.6390921875 0.497021875 0.64209375 0.5517890624999999 0.65315
0 0.5604250000000001 0.5545734375 0.553053125 0.5484140625 0.5378859375 0.543990625 0.5252484374999999 0.543359375 0.5190828125 0.5453578125 0.50945 0.5488875 0.504184375 0.5563109374999999 0.500603125 0.5662609375 0.5035515625 0.5792125 0.5107140625000001 0.5874265624999999 0.5239843750000001 0.5945328125 0.5357796875 0.596428125 0.5488390625 0.59548125 0.55979375 0.5907421875 0.5659015625 0.5822140625000001 0.5673765625 0.5679984375 0.5604250000000001 0.5545734375
0 0.5410453125 0.5155421875 0.5433625 0.5259671875 0.5492609374999999 0.533390625 0.55979375 0.5403390625 0.5720109375 0.5434984375 0.57959375 0.5441296875 0.590546875 0.541603125 0.600025 0.5371812499999999 0.605365625 0.5323203125 0.60360625 0.5283359375 0.60213125 0.5207546875 0.602553125 0.5128578125 0.6042375 0.50575 0.5981296875 0.49895781250000004 0.58949375 0.49264062500000005 0.5779078125 0.490903125 0.5642171874999999 0.490903125 0.5492609374999999 0.4965890625 0.5425203125 0.504959375 0.5410453125 0.5155421875
0 0.6392046875 0.5883546875000001 0.6429953125 0.57745625 0.6411 0.5652953125 0.63478125 0.5556593750000001 0.6204578125 0.548553125 0.6076078125000001 0.5447625 0.598340625 0.5446046875 0.586403125 0.547728125 0.5798046875 0.55013125 0.572853125 0.55645 0.569271875 0.5657687499999999 0.56969375 0.57571875 0.5730640625000001 0.5837734375 0.581278125 0.59261875 0.5882296874999999 0.5968828125 0.6012890625 0.6003578125 0.6137171875 0.601621875 0.625934375 0.5989375 0.6341484375 0.59325 0.6392046875 0.5883546875000001
0 0.6724859375000001 0.5277046875 0.6743812499999999 0.521228125 0.678384375 0.5145953125 0.679015625 0.5103296875 0.6689046875 0.49927343750000003 0.6568984375 0.493271875 0.6465765625000001 0.49185 0.63330625 0.4920078125 0.6199046874999999 0.49486718749999997 0.6101359375000001 0.5006953125 0.6055015625 0.5109625 0.604659375 0.5221765625 0.6095046875000001 0.534021875 0.61771875 0.541603125 0.6330953125 0.548078125 0.6463656249999999 0.55060625 0.6575296875000001 0.5476046875 0.6674296875 0.5434984375 0.6743812499999999 0.539234375 0.6741703125 0.5327578125 0.6724859375000001 0.5277046875
0 0.630146875 0.665171875 0.635203125 0.663909375 0.6377296875 0.613840625 0.6330953125 0.61005 0.590125 0.603575 0.564278125 0.6017750000000001 0.5606359375000001 0.6489046875 0.5644265625 0.6542749999999999 0.630146875 0.665171875
0 0.6069765625 0.648746875 0.6101359375000001 0.64448125 0.6080296875 0.6392703125 0.6052921875 0.6334265625 0.5993937500000001 0.628371875 0.5928640625 0.626003125 0.5851390624999999 0.62453125 0.575590625 0.6250546875 0.5705359375 0.629003125 0.5680078125 0.6340578125 0.567165625 0.6399015625 0.56969375 0.6452718749999999 0.5753796875 0.651115625 0.5808578125 0.653484375 0.5863343750000001 0.6558546875 0.594759375 0.6553796875 0.6017109375 0.655221875 0.6069765625 0.648746875
0 0.758996875 0.5333187500000001 0.75520625 0.5202093750000001 0.744884375 0.5112062500000001 0.7337203125 0.5066265624999999 0.7198187500000001 0.5025203125 0.703809375 0.503309375 0.694178125 0.5067203124999999 0.681271875 0.5138921875 0.6764265625 0.5247890625 0.676215625 0.533634375 0.6795859375 0.5424796875 0.6888546875 0.5535359375 0.7042312500000001 0.56016875 0.7221359374999999 0.5638015625 0.7373015625 0.560959375 0.751203125 0.5530625 0.7566796874999999 0.5434265625 0.758996875 0.5333187500000001
0 0.848309375 0.5194203125 0.83735625 0.50773125 0.8238749999999999 0.50015 0.807865625 0.49715 0.7876453125 0.4990453125 0.775721875 0.505771875 0.7632109375 0.5165765625 0.760471875 0.5249484375 0.7627890625 0.5390046875000001 0.771846875 0.5497453125 0.788065625 0.5587484375 0.8034421875 0.5625390625 0.823453125 0.5617484375 0.8381984375 0.554325 0.84725625 0.5462703125 0.851046875 0.5348984375 0.848309375 0.5194203125
0 0.8249281249999999 0.606465625 0.8289296875 0.5952515625 0.828509375 0.5832484375 0.8221890625 0.5704546875000001 0.8150281250000001 0.5646109375 0.8061812500000001 0.565084375 0.7952281250000001 0.5636625000000001 0.7868015625 0.561609375 0.77648125 0.5570296875 0.7695296875000001 0.55134375 0.7560484375 0.5543437499999999 0.746359375 0.5579765625 0.7387765625 0.5631890625 0.7309828125 0.5732984375 0.7299296875 0.5851437500000001 0.728665625 0.58861875 0.7343531249999999 0.6004640625000001 0.7413031250000001 0.607571875 0.751203125 0.615153125 0.757734375 0.6186281250000001 0.7670015625 0.6213124999999999 0.7758484375 0.6222609375 0.785328125 0.62368125 0.8026 0.620996875 0.8152390625000001 0.6156265624999999 0.8249281249999999 0.606465625
0 0.7284546875 0.59209375 0.7288765625 0.5897234375 0.7280328125 0.582775 0.728665625 0.5772468749999999 0.7284546875 0.56998125 0.729296875 0.5666640625 0.7219249999999999 0.5672953125 0.7103390625 0.5654 0.703178125 0.5635046874999999 0.6905390625 0.5587671875 0.6835875 0.5532390625 0.6764265625 0.5480265625 0.6690546875 0.55134375 0.66315625 0.5590828125 0.6614703125 0.5690328124999999 0.664209375 0.5793 0.672003125 0.5876703125 0.678321875 0.5925671875 0.6850625 0.5963578125 0.6936984374999999 0.599515625 0.7035984375 0.599515625 0.7153953125 0.5979375 0.7223453125 0.5941468750000001 0.7284546875 0.59209375
0 0.6549406249999999 0.6597125 0.6602078125 0.66445 0.7280328125 0.6750328125 0.7341421875 0.6202265625 0.7288765625 0.6154875 0.7069687499999999 0.61311875 0.6597859374999999 0.6077484375 0.655303125 0.61149375 0.655784375 0.6376000000000001 0.6549406249999999 0.6597125
0 0.739375 0.6283234375 0.7366703125 0.65499375 0.7326671874999999 0.6758421875 0.7366703125 0.6834234375 0.8116578125 0.6959 0.812921875 0.6898984375 0.8196625 0.683265625 0.8249281249999999 0.6425156249999999 0.8219796875000001 0.6368296875 0.7851171875 0.6330390625 0.7621578125 0.629721875 0.739375 0.6283234375
0 0.4544703125 0.8549421875000001 0.44914531249999995 0.8474281250000001 0.4416296875 0.8370953125 0.43505312500000004 0.8323984375 0.423778125 0.83005 0.41250468749999997 0.8321640625000001 0.40530156249999993 0.8333390625 0.40060312500000006 0.8389734375 0.40029062499999996 0.8434359375 0.40029062499999996 0.8488374999999999 0.40185624999999997 0.8544734375 0.404675 0.8601078125000001 0.41125156250000006 0.8664484375000001 0.41939374999999995 0.8723203125 0.43098125 0.8725546874999999 0.44726718749999994 0.8685625 0.45165156250000005 0.8631609375 0.4544703125 0.8549421875000001
0 0.278153125 0.821596875 0.2743953125 0.8138484375000001 0.2631203125 0.8063328125 0.2512203125 0.8049250000000001 0.23900625 0.8058640625000001 0.23556093749999998 0.811734375 0.2343078125 0.8183093749999999 0.2352484375 0.8237109374999999 0.237440625 0.827703125 0.24307656249999998 0.8368609375 0.2515328125 0.8417921875 0.2615546875 0.844375 0.269384375 0.8434359375 0.27690000000000003 0.8373296874999999 0.281284375 0.8328687499999999 0.278153125 0.821596875
0 0.3292 0.8295796875000001 0.32043125 0.8215953125000001 0.310409375 0.8171328125 0.301640625 0.8157249999999999 0.2922453125 0.817603125 0.2953765625 0.8187796875 0.28754843750000003 0.8201875 0.28566875 0.8267625000000001 0.2859828125 0.8326343749999999 0.2891140625 0.8401484375000001 0.2947515625 0.8453140625 0.301328125 0.8488374999999999 0.306025 0.852125 0.3154203125 0.8535328124999999 0.3266953125 0.8521218749999999 0.330453125 0.8476609375 0.33201875 0.8363890625 0.3292 0.8295796875000001
0 0.3730453125 0.843903125 0.36772031250000003 0.8382671875 0.3614578125 0.83545 0.34924374999999996 0.8333359375 0.3417265625 0.833571875 0.3375640625 0.8383125 0.3329578125 0.8476609375 0.333584375 0.8547062499999999 0.33796875000000004 0.86175 0.344859375 0.8673859374999999 0.35707187500000004 0.8730218750000001 0.36772031250000003 0.8727874999999999 0.376803125 0.8704390625 0.3793078125 0.8636296874999999 0.3793078125 0.85635 0.377115625 0.8495390625000001 0.3730453125 0.843903125
0 0.29725625 0.8542640625000001 0.284103125 0.8476890625 0.2762734375 0.8453406250000001 0.26844375 0.8455765625 0.2614390625 0.8488859375000001 0.2571703125 0.85614375 0.25654374999999996 0.862953125 0.258109375 0.8707015625000001 0.2634328125 0.876103125 0.2747078125 0.8822093750000001 0.281284375 0.8852609375 0.2862953125 0.8850265625 0.29756875 0.882678125 0.30289375 0.8796250000000001 0.304146875 0.8709374999999999 0.30289375 0.8617781250000001 0.29725625 0.8542640625000001
0 0.31855625 0.8596375 0.30853437499999997 0.8624546875 0.307959375 0.8629828125 0.306025 0.8709374999999999 0.3091609375 0.884059375 0.317303125 0.8904 0.328890625 0.8972093750000001 0.3426703125 0.90073125 0.3498734375 0.8962703125000001 0.35331718749999996 0.8899296874999999 0.3530046875 0.8814765625 0.3514390625 0.875840625 0.34486249999999996 0.8687953125 0.3323359375 0.8624546875 0.31855625 0.8596375
0 0.26061875 0.875840625 0.2502828125 0.8734921874999999 0.2415140625 0.8737265624999999 0.23712968750000002 0.877953125 0.23515625 0.882365625 0.23619062500000002 0.8882859375000001 0.23900937500000002 0.8953312499999999 0.2443328125 0.902140625 0.252475 0.9075421875 0.2634375 0.910359375 0.27314531249999996 0.9094203125 0.279409375 0.904959375 0.2803484375 0.8967390625 0.27846875 0.889225 0.27439843750000004 0.8847640625000001 0.2687609375 0.8793625 0.26061875 0.875840625
0 0.395909375 0.9108578125 0.40467812500000006 0.9099187499999999 0.410628125 0.9063953124999999 0.413446875 0.8984125000000001 0.413134375 0.8908968749999999 0.41000312499999997 0.885496875 0.4034265625 0.878921875 0.39774375 0.8746124999999999 0.391525 0.8735203125 0.38682812499999997 0.8709374999999999 0.3805640625 0.8704671875000001 0.37461406249999996 0.872815625 0.3686640625 0.8758687500000001 0.36396562499999996 0.8808 0.3661578125 0.8878453125 0.3692890625 0.89559375 0.3749265625 0.9028734375 0.3858875 0.9092140625 0.395909375 0.9108578125
0 0.453534375 0.926590625 0.46230312500000004 0.9237734375000001 0.4648078125 0.9169625 0.4660609375 0.9078046875 0.46261562500000003 0.9017 0.45729218749999995 0.895359375 0.44915000000000005 0.888784375 0.44069375 0.8857312500000001 0.430984375 0.8852609375 0.430671875 0.8862015624999999 0.42221562500000004 0.8852609375 0.41626562500000003 0.8885484375000001 0.415953125 0.8930109375 0.413446875 0.9012296875000001 0.41376093750000004 0.9063953124999999 0.41751875 0.9139109375000001 0.4269140625 0.921190625 0.43599531249999995 0.9251828124999999 0.4457046875 0.9272953125000001 0.453534375 0.926590625
0 0.520240625 0.9374218750000001 0.5199265625 0.9284984375 0.5155421875 0.9235671875 0.5077125 0.91346875 0.4983171875 0.90806875 0.4837375 0.9056265625 0.47576875 0.9064249999999999 0.468565625 0.9097125 0.46543437499999996 0.919575 0.46574687499999995 0.9266187499999999 0.46950624999999996 0.9315515624999999 0.47639531249999995 0.9385953125000001 0.48391093749999997 0.9425874999999999 0.4948734375 0.94705 0.5077125 0.9468140625 0.5155421875 0.9439968750000001 0.520240625 0.9374218750000001
0 0.4244078125 0.9212187500000001 0.41751875 0.9162874999999999 0.41000312499999997 0.91346875 0.39935468749999997 0.9125296875 0.3905859375 0.9155828125 0.3906953125 0.9162000000000001 0.38682812499999997 0.9207484375 0.385575 0.9299062499999999 0.38682812499999997 0.9367171875 0.391525 0.9397703125 0.40029375 0.9454062499999999 0.40968906250000003 0.9498671875 0.41720625 0.95409375 0.4300453125 0.95198125 0.436621875 0.9465796875000001 0.4372484375 0.9381265624999999 0.4300453125 0.9287328125000001 0.4244078125 0.9212187500000001
0 0.44069375 0.9388296875 0.4388140625 0.9432921875 0.43975468749999996 0.9496328125 0.44507812500000005 0.9573812500000001 0.4488359375 0.959965625 0.456978125 0.9663046874999999 0.46635 0.971178125 0.47890156250000004 0.971940625 0.4851640625 0.9700625 0.49017499999999997 0.9658359375 0.49205468750000003 0.9590249999999999 0.4908015625 0.950571875 0.48610312499999997 0.944465625 0.4732640625 0.9388296875 0.4691921875 0.93436875 0.4619890625 0.9310812500000001 0.4485234375 0.9313156250000001 0.4431984375 0.9350734375 0.44069375 0.9388296875
0 0.2800421875 0.9114140624999999 0.2690234375 0.9101984375000001 0.262540625 0.9136015625 0.2586515625 0.9189484374999999 0.2610015625 0.9236000000000001 0.2628109375 0.9306109375 0.2662546875 0.9355421875 0.2697 0.9400046874999999 0.27690312499999997 0.9454062499999999 0.28755156249999997 0.94869375 0.2966328125 0.946109375 0.30446249999999997 0.9435265625 0.3066203125 0.9335296874999999 0.30240625 0.9269671875000001 0.296896875 0.9189484374999999 0.28814531250000003 0.9133578124999999 0.2800421875 0.9114140624999999
0 0.328984375 0.8978343750000001 0.3169921875 0.89443125 0.31180625 0.89005625 0.30726875 0.8822796875 0.30046249999999997 0.8820375 0.2930078125 0.8844671875 0.2868484375 0.887140625 0.2875921875 0.8898453125 0.28652500000000003 0.8941890625 0.28652500000000003 0.8985625 0.2894421875 0.905125 0.2917109375 0.9099859374999999 0.296896875 0.9150890625000001 0.303378125 0.9201921875 0.3098609375 0.9211640624999999 0.3182875 0.9223796875 0.3283359375 0.91995 0.333196875 0.9136312500000001 0.3328734375 0.9034234375000001 0.328984375 0.8978343750000001
0 0.2690234375 0.94109375 0.262540625 0.9359890625 0.25184531250000003 0.93453125 0.2414734375 0.935503125 0.239446875 0.9387203124999999 0.23855624999999997 0.9478984374999999 0.241796875 0.9551890625 0.2437421875 0.9612640625 0.2515203125 0.9661250000000001 0.2596234375 0.9707421875 0.26805 0.97244375 0.27939375 0.9700140625 0.2849046875 0.9636953125 0.28425625 0.9571328125 0.28133906249999996 0.9498421875 0.2780984375 0.9457109375 0.2690234375 0.94109375
0 0.2654578125 0.9761484375 0.26425 0.9824890625 0.264809375 0.9904875000000001 0.26805 0.9946187500000001 0.2725875 0.9982640625 0.2742078125 0.999965625 0.30694374999999996 0.9994781250000001 0.30694374999999996 0.9907296875 0.30305468750000003 0.9829531250000001 0.2936546875 0.97760625 0.287821875 0.973475 0.278746875 0.9715296875 0.2722640625 0.9727453125000001 0.2654578125 0.9761484375
0 0.3302796875 0.979034375 0.33254843749999996 0.9736890624999999 0.332225 0.9690703125000001 0.3273625 0.9632375 0.3237984375 0.95935 0.3192609375 0.9540031250000001 0.312778125 0.9510859375 0.3060734375 0.9489328125000001 0.30694374999999996 0.9471984375 0.2930078125 0.9479265625 0.28555312499999996 0.9530312500000001 0.28555312499999996 0.9632375 0.29073906250000003 0.9702859374999999 0.294628125 0.97611875 0.30273125 0.9817078125 0.3124546875 0.985840625 0.32055625 0.9860828125 0.32703906250000003 0.9841390625 0.3302796875 0.979034375
0 0.3581546875 0.9466828125 0.356209375 0.9398781250000001 0.349078125 0.9340453125 0.34097656249999997 0.9282125000000001 0.3328734375 0.9233515625000001 0.32541875 0.922865625 0.31796406250000003 0.924809375 0.31190937500000004 0.927778125 0.31115781249999996 0.931371875 0.310509375 0.9369609375 0.3147234375 0.9457109375 0.31763906249999996 0.9493562499999999 0.319909375 0.9527578125 0.3247703125 0.956646875 0.32865937500000003 0.9583484375 0.3341703125 0.960778125 0.34389375 0.96175 0.35167187499999997 0.9583484375 0.35685781250000004 0.9544593750000001 0.3581546875 0.9466828125
0 0.3818140625 0.9340453125 0.3840828125 0.9294281249999999 0.3844078125 0.9243234375 0.3831109375 0.9180046875000001 0.377925 0.910228125 0.370146875 0.905125 0.365403125 0.9007875000000001 0.3591265625 0.8985625 0.3513484375 0.8978343750000001 0.34162499999999996 0.9005078125000001 0.33708593750000004 0.9031796875 0.335465625 0.90925625 0.33676249999999996 0.9170328124999999 0.342271875 0.925053125 0.35005156249999997 0.9311281250000001 0.359775 0.9362328124999999 0.3737109375 0.93671875 0.3818140625 0.9340453125
0 0.3831109375 0.9746312500000001 0.37565624999999997 0.9700140625 0.3682015625 0.9636953125 0.3565328125 0.9590765625 0.34389375 0.9622359375 0.340003125 0.9666109374999999 0.34011562500000003 0.9744640625000001 0.340003125 0.97681875 0.344865625 0.9824078125 0.34810625 0.9858109374999999 0.35167187499999997 0.9921296875 0.3639875 0.9979625000000001 0.3733875 0.9989343749999999 0.381165625 0.9984484374999999 0.3840828125 0.9950453125 0.38635156249999997 0.9879984374999999 0.3853796875 0.9807062500000001 0.3831109375 0.9746312500000001
0 0.41098437499999996 0.962965625 0.4093640625 0.9571328125 0.4035296875 0.9498421875 0.39704843749999996 0.9447390625000001 0.38732500000000003 0.9389062499999999 0.3798703125 0.937446875 0.370146875 0.9384203125000001 0.368321875 0.9387203124999999 0.3639875 0.942065625 0.36171875 0.945953125 0.3610703125 0.95373125 0.3646359375 0.9590765625 0.370146875 0.9644234375 0.37565624999999997 0.967340625 0.3798703125 0.9707421875 0.38797187499999997 0.9756031249999999 0.3957515625 0.9770609374999999 0.40612343749999996 0.9760890625 0.411309375 0.9685546875 0.41098437499999996 0.962965625
0 0.4605734375 0.9892125 0.46251875 0.9841093750000001 0.4621953125 0.97681875 0.45862968750000005 0.9687984374999999 0.45441562500000005 0.9639374999999999 0.44534062499999993 0.9602921875 0.43983125 0.9556749999999999 0.4271671875 0.9540390625 0.420059375 0.9551890625 0.41422499999999995 0.958590625 0.4126046875 0.9644234375 0.4116328125 0.9707421875 0.4126046875 0.9773046875 0.41681875 0.9824078125 0.42135625 0.9862968750000001 0.4284875 0.99164375 0.4372375 0.9935875 0.45085 0.9943171875000001 0.45668437500000003 0.992615625 0.4605734375 0.9892125
0 0.573609375 0.942065625 0.5635625 0.937446875 0.555134375 0.9357468750000001 0.5450875 0.9369609375 0.537309375 0.942065625 0.53415625 0.9496625 0.5363359375 0.9549453124999999 0.5399015625 0.9624796874999999 0.5470328125 0.9700140625 0.5548109375 0.9756031249999999 0.5632375 0.9782765625 0.57944375 0.9797343749999999 0.58851875 0.9770609374999999 0.5927328125 0.9661250000000001 0.58851875 0.9556749999999999 0.5817125 0.9466828125 0.573609375 0.942065625
0 0.5356875 0.95980625 0.530503125 0.9544593750000001 0.523371875 0.9508140624999999 0.509840625 0.9489328125000001 0.502628125 0.9503281250000001 0.493878125 0.9564046875000001 0.49420156249999997 0.9656390625 0.49679375 0.9751171875000001 0.5045734375 0.9824078125 0.5159171875 0.9889703125 0.52920625 0.9896984375000001 0.5408734374999999 0.9865390625 0.5470328125 0.9814359375 0.546059375 0.9739015625 0.5421703124999999 0.9668546875 0.5356875 0.95980625
0 0.646534375 0.9593203125 0.6381078125 0.9559171875000001 0.6270890625 0.9513 0.6154203125000001 0.950571875 0.600834375 0.9544593750000001 0.597378125 0.9649812499999999 0.59791875 0.973415625 0.6040765625 0.9826515625000001 0.6141234375 0.9892125 0.6231984374999999 0.9928578124999999 0.6325984375 0.9957750000000001 0.6455625 0.996746875 0.6533421875000001 0.99383125 0.6578796875 0.98508125 0.6575546875 0.9773046875 0.6552859375 0.9675828125000001 0.646534375 0.9593203125
0 0.518509375 1 0.518834375 0.9943171875000001 0.514296875 0.9889703125 0.5052218749999999 0.98508125 0.500684375 0.9816796875 0.49485 0.9741453124999999 0.4896640625 0.97244375 0.4838296875 0.9722015624999999 0.4760515625 0.9739015625 0.4680171875 0.9751937500000001 0.466003125 0.9794921875 0.466003125 0.98508125 0.46859687499999997 0.99334375 0.47086562499999995 0.99771875 0.475078125 1 0.518509375 1
0 0.7239984374999999 0.9989343749999999 0.7214046875 0.9918859375 0.715246875 0.9843515625 0.70714375 0.9787625 0.6964484375 0.9743875 0.685753125 0.9736593750000001 0.6672781249999999 0.975846875 0.6640375 0.982165625 0.6595 0.9911578125 0.6649765624999999 0.9992671874999999 0.7239984374999999 0.9989343749999999
0 0.9991390625 0.7079109375 0.8277890625 0.689934375 0.820746875 0.8148234375 0.9984875000000001 0.8499734374999999 0.9991390625 0.7079109375
0 0.9965343750000001 0.858271875 0.9770031250000001 0.8485078125 0.7975046875 0.8218156249999999 0.794053125 0.9280828124999999 0.80316875 0.9388234375 0.9750500000000001 0.972996875 0.9906750000000001 0.964209375 0.9965343750000001 0.858271875