0 0.93359375 0.24140625 0.1109375 0.1609375
0 0.81796875 0.2484375 0.0921875 0.134375
0 0.565625 0.371875 0.090625 0.134375
0 0.6640625 0.37734375 0.10625 0.1578125
0 0.83046875 0.39375 0.1078125 0.159375
0 0.9109375 0.40703125 0.084375 0.1390625
0 0.559375 0.51875 0.10625 0.159375
0 0.246875 0.52109375 0.075 0.1328125
0 0.32265625 0.52421875 0.0984375 0.1546875
0 0.65234375 0.525 0.0890625 0.1375
0 0.77890625 0.5515625 0.0890625 0.128125
0 0.88984375 0.56328125 0.1078125 0.1515625
0 0.96484375 0.5703125 0.0703125 0.134375
0 0.3671875 0.66640625 0.084375 0.1296875
0 0.46796875 0.671875 0.0796875 0.128125
0 0.26015625 0.675 0.1015625 0.15
0 0.64765625 0.6921875 0.0890625 0.128125
0 0.55078125 0.7 0.0984375 0.15
0 0.87265625 0.7 0.0828125 0.125
0 0.79296875 0.70703125 0.1015625 0.1453125
0 0.9671875 0.72578125 0.065625 0.1515625
0 0.26796875 0.80078125 0.0796875 0.1203125
0 0.55625 0.8265625 0.084375 0.11875
0 0.33984375 0.8296875 0.0984375 0.146875
0 0.45859375 0.8328125 0.0984375 0.146875
0 0.7640625 0.8484375 0.090625 0.128125
0 0.65078125 0.8578125 0.1015625 0.15
0 0.9578125 0.87421875 0.084375 0.1328125
0 0.8765625 0.88359375 0.10625 0.1515625