0 0.17109375 0.27109375 0.1015625 0.1515625
0 0.27734375 0.2734375 0.0984375 0.146875
0 0.37734375 0.27421875 0.1015625 0.1546875
0 0.48203125 0.28046875 0.0984375 0.1515625
0 0.58046875 0.28359375 0.0984375 0.1515625
0 0.68203125 0.28515625 0.0984375 0.1515625
0 0.784375 0.2890625 0.096875 0.15
0 0.88359375 0.309375 0.0984375 0.146875
0 0.1171875 0.40546875 0.103125 0.1515625
0 0.22421875 0.409375 0.1015625 0.15
0 0.42890625 0.41171875 0.1015625 0.1546875
0 0.32578125 0.41328125 0.0984375 0.1515625
0 0.52890625 0.41328125 0.1015625 0.1546875
0 0.63203125 0.41796875 0.0984375 0.1515625
0 0.7328125 0.41953125 0.103125 0.1515625
0 0.85859375 0.4578125 0.1015625 0.15
0 0.1703125 0.540625 0.103125 0.15
0 0.27265625 0.54296875 0.0984375 0.1546875
0 0.37578125 0.5453125 0.1015625 0.153125
0 0.478125 0.54921875 0.103125 0.1546875
0 0.58046875 0.54921875 0.1015625 0.1546875
0 0.68359375 0.553125 0.1015625 0.153125
0 0.78671875 0.553125 0.1015625 0.153125
0 0.91328125 0.58671875 0.0984375 0.1484375
0 0.1140625 0.6703125 0.103125 0.153125
0 0.2171875 0.67578125 0.103125 0.1546875
0 0.32265625 0.67890625 0.1015625 0.1515625
0 0.42578125 0.68125 0.1015625 0.15625
0 0.528125 0.68125 0.103125 0.15625
0 0.83671875 0.68359375 0.1015625 0.1515625
0 0.63203125 0.6859375 0.1015625 0.153125
0 0.73359375 0.68828125 0.1015625 0.1546875
0 0.1625 0.8078125 0.103125 0.153125
0 0.26875 0.8140625 0.103125 0.15625
0 0.88515625 0.81640625 0.1015625 0.1515625
0 0.37265625 0.8171875 0.1015625 0.15625
0 0.47578125 0.81875 0.1015625 0.15625
0 0.57734375 0.81875 0.1015625 0.15625
0 0.68046875 0.821875 0.1015625 0.15625
0 0.78359375 0.821875 0.1015625 0.153125