0 0.16953125 0.27109375 0.1015625 0.1515625
0 0.27734375 0.27265625 0.0984375 0.1484375
0 0.37734375 0.27265625 0.1015625 0.1546875
0 0.48203125 0.28046875 0.0984375 0.1515625
0 0.58046875 0.28203125 0.0984375 0.1515625
0 0.68203125 0.28515625 0.0984375 0.1515625
0 0.7828125 0.2875 0.096875 0.15
0 0.88203125 0.31015625 0.0984375 0.1484375
0 0.11640625 0.40390625 0.1046875 0.1515625
0 0.22265625 0.409375 0.1015625 0.15
0 0.42734375 0.41015625 0.1015625 0.1546875
0 0.32578125 0.41171875 0.0984375 0.1515625
0 0.52890625 0.41328125 0.1015625 0.1546875
0 0.63203125 0.41796875 0.0984375 0.1515625
0 0.73203125 0.41796875 0.1046875 0.1515625
0 0.85703125 0.45625 0.1015625 0.15
0 0.16953125 0.53984375 0.1046875 0.1484375
0 0.27265625 0.54296875 0.0984375 0.1546875
0 0.37421875 0.54453125 0.1015625 0.1546875
0 0.47578125 0.54765625 0.1046875 0.1546875
0 0.58046875 0.54921875 0.1015625 0.1546875
0 0.68359375 0.55234375 0.1015625 0.1546875
0 0.78515625 0.55234375 0.1015625 0.1546875
0 0.91171875 0.58671875 0.0984375 0.1484375
0 0.11328125 0.67109375 0.1046875 0.1546875
0 0.21796875 0.675 0.1046875 0.153125
0 0.32109375 0.67890625 0.1015625 0.1515625
0 0.42421875 0.68125 0.1015625 0.15625
0 0.52890625 0.68125 0.1046875 0.15625
0 0.83671875 0.68515625 0.1015625 0.1515625
0 0.63203125 0.684375 0.1015625 0.153125
0 0.73359375 0.68828125 0.1015625 0.1546875
0 0.16328125 0.8078125 0.1046875 0.153125
0 0.26875 0.8140625 0.103125 0.15625
0 0.88359375 0.81484375 0.1015625 0.1515625
0 0.37265625 0.815625 0.1015625 0.15625
0 0.47578125 0.8171875 0.1015625 0.15625
0 0.57734375 0.81875 0.1015625 0.15625
0 0.68046875 0.8203125 0.1015625 0.15625
0 0.78359375 0.82109375 0.1015625 0.1546875