0 0.83046875 0.27109375 0.1015625 0.1515625
0 0.72265625 0.2734375 0.0984375 0.146875
0 0.62265625 0.27421875 0.1015625 0.1546875
0 0.51796875 0.28046875 0.0984375 0.1515625
0 0.41953125 0.28359375 0.0984375 0.1515625
0 0.31953125 0.28515625 0.0984375 0.1515625
0 0.2171875 0.2890625 0.096875 0.15
0 0.11640625 0.309375 0.0984375 0.146875
0 0.884375 0.40546875 0.103125 0.1515625
0 0.77734375 0.409375 0.1015625 0.15
0 0.57265625 0.41171875 0.1015625 0.1546875
0 0.67421875 0.41328125 0.0984375 0.1515625
0 0.47109375 0.41328125 0.1015625 0.1546875
0 0.36953125 0.41796875 0.0984375 0.1515625
0 0.26875 0.41953125 0.103125 0.1515625
0 0.14296875 0.4578125 0.1015625 0.15
0 0.83125 0.540625 0.103125 0.15
0 0.72734375 0.54296875 0.0984375 0.1546875
0 0.62578125 0.5453125 0.1015625 0.153125
0 0.5234375 0.54921875 0.103125 0.1546875
0 0.42109375 0.54921875 0.1015625 0.1546875
0 0.31796875 0.553125 0.1015625 0.153125
0 0.21484375 0.553125 0.1015625 0.153125
0 0.08828125 0.58671875 0.0984375 0.1484375
0 0.8859375 0.6703125 0.103125 0.153125
0 0.7828125 0.67578125 0.103125 0.1546875
0 0.67890625 0.67890625 0.1015625 0.1515625
0 0.57421875 0.68125 0.1015625 0.15625
0 0.4734375 0.68125 0.103125 0.15625
0 0.16328125 0.68359375 0.1015625 0.1515625
0 0.36796875 0.6859375 0.1015625 0.153125
0 0.26796875 0.68828125 0.1015625 0.1546875
0 0.8375 0.8078125 0.103125 0.153125
0 0.7328125 0.8140625 0.103125 0.15625
0 0.11640625 0.81640625 0.1015625 0.1515625
0 0.62734375 0.8171875 0.1015625 0.15625
0 0.52421875 0.81875 0.1015625 0.15625
0 0.42421875 0.81875 0.1015625 0.15625
0 0.31953125 0.821875 0.1015625 0.15625
0 0.21640625 0.821875 0.1015625 0.153125