0 0.9515625 0.20625 0.09375 0.21875
0 0.659375 0.2078125 0.153125 0.21875
0 0.50390625 0.21171875 0.1546875 0.2140625
0 0.8265625 0.2140625 0.159375 0.215625
0 0.33828125 0.21953125 0.1609375 0.2265625
0 0.0453125 0.2296875 0.090625 0.228125
0 0.175 0.2296875 0.1625 0.225
0 0.73671875 0.3953125 0.1515625 0.196875
0 0.5828125 0.39765625 0.15625 0.2046875
0 0.43125 0.39921875 0.15 0.2015625
0 0.8890625 0.4015625 0.15625 0.2
0 0.26875 0.4109375 0.15625 0.209375
0 0.1078125 0.41796875 0.15625 0.2046875
0 0.80078125 0.5734375 0.1421875 0.196875
0 0.65234375 0.5765625 0.1484375 0.190625
0 0.93515625 0.5765625 0.1296875 0.190625
0 0.4984375 0.5765625 0.146875 0.19375
0 0.20234375 0.578125 0.1421875 0.196875
0 0.3515625 0.58046875 0.146875 0.1921875
0 0.0625 0.5828125 0.125 0.190625
0 0.978125 0.4015625 0.04375 0.18125