0 0.2625 0.61171875 0.115625 0.1703125
0 0.13671875 0.60234375 0.1234375 0.1765625
0 0.93828125 0.54296875 0.1234375 0.1859375
0 0.7953125 0.53671875 0.1375 0.2078125
0 0.4046875 0.50625 0.1375 0.2
0 0.5546875 0.44921875 0.1375 0.2015625
0 0.946875 0.40859375 0.10625 0.1453125
0 0.8390625 0.40234375 0.115625 0.1640625
0 0.6875 0.396875 0.134375 0.196875
0 0.25234375 0.38671875 0.1203125 0.1703125
0 0.1140625 0.353125 0.15 0.209375
0 0.88828125 0.2578125 0.1078125 0.159375
0 0.33125 0.2109375 0.1375 0.19375
0 0.79609375 0.18984375 0.1390625 0.1953125
0 0.05546875 0.17265625 0.1109375 0.2046875
0 0.65390625 0.1625 0.1390625 0.2
0 0.1859375 0.14453125 0.15 0.2015625
0 0.50390625 0.1109375 0.1234375 0.16875