0 0.046875 0.7953125 0.09375 0.21875
0 0.33984375 0.7921875 0.1546875 0.21875
0 0.49609375 0.78984375 0.1546875 0.2140625
0 0.1734375 0.78671875 0.159375 0.2171875
0 0.66328125 0.77890625 0.1609375 0.2265625
0 0.9546875 0.7703125 0.090625 0.228125
0 0.82421875 0.76953125 0.1640625 0.2265625
0 0.26328125 0.60625 0.1515625 0.196875
0 0.4171875 0.60234375 0.15625 0.2046875
0 0.56953125 0.60078125 0.1484375 0.2015625
0 0.1125 0.5984375 0.15625 0.2
0 0.7328125 0.5875 0.15625 0.209375
0 0.89375 0.58046875 0.15625 0.2046875
0 0.19921875 0.4265625 0.1421875 0.196875
0 0.3484375 0.425 0.15 0.190625
0 0.06484375 0.425 0.1296875 0.190625
0 0.5015625 0.42265625 0.146875 0.1953125
0 0.79765625 0.4203125 0.1421875 0.196875
0 0.6484375 0.42109375 0.146875 0.1921875
0 0.9375 0.4171875 0.125 0.190625