0 0.28515625 0.11015625 0.0703125 0.0984375
0 0.34921875 0.1375 0.0671875 0.096875
0 0.415625 0.165625 0.065625 0.096875
0 0.03515625 0.1703125 0.0703125 0.103125
0 0.475 0.19375 0.059375 0.09375
0 0.31484375 0.20546875 0.0640625 0.0984375
0 0.38125 0.23203125 0.065625 0.0984375
0 0.44453125 0.2625 0.0609375 0.096875
0 0.55078125 0.26953125 0.0578125 0.0921875
0 0.0640625 0.26953125 0.075 0.1015625
0 0.27734375 0.27421875 0.0703125 0.1015625
0 0.6078125 0.28984375 0.053125 0.0890625
0 0.34609375 0.30390625 0.0640625 0.1015625
0 0.6609375 0.3125 0.053125 0.0875
0 0.4109375 0.33046875 0.065625 0.1015625
0 0.71484375 0.33046875 0.0515625 0.0859375
0 0.4734375 0.35390625 0.0625 0.0953125
0 0.6375 0.37421875 0.053125 0.0890625
0 0.69140625 0.3953125 0.0515625 0.0875
0 0.55546875 0.421875 0.0578125 0.09375
0 0.6125 0.43984375 0.05625 0.0921875
0 0.06484375 0.44140625 0.0796875 0.1140625
0 0.665625 0.45859375 0.053125 0.0890625
0 0.140625 0.46171875 0.075 0.1109375
0 0.721875 0.4765625 0.053125 0.0875
0 0.215625 0.48125 0.075 0.10625
0 0.28515625 0.503125 0.0703125 0.10625
0 0.09765625 0.54921875 0.0796875 0.1109375
0 0.4390625 0.54921875 0.065625 0.1015625
0 0.1765625 0.56484375 0.075 0.1109375
0 0.50234375 0.56953125 0.0609375 0.1015625
0 0.2484375 0.5828125 0.075 0.10625
0 0.5640625 0.5875 0.059375 0.096875
0 0.61875 0.6078125 0.05625 0.096875
0 0.05859375 0.634375 0.0828125 0.115625
0 0.471875 0.6453125 0.0625 0.103125
0 0.13515625 0.65078125 0.0765625 0.1140625
0 0.534375 0.66328125 0.0625 0.1015625
0 0.2078125 0.66796875 0.075 0.1109375
0 0.63984375 0.6703125 0.0390625 0.075
0 0.68359375 0.6734375 0.0515625 0.090625
0 0.59140625 0.68203125 0.0578125 0.0984375
0 0.28359375 0.68515625 0.0703125 0.1109375
0 0.73515625 0.68984375 0.0515625 0.0890625
0 0.01796875 0.06953125 0.0359375 0.1015625
0 0.78359375 0.7015625 0.0515625 0.084375
0 0.4390625 0.7234375 0.065625 0.10625
0 0.503125 0.74375 0.0625 0.10625
0 0.6640625 0.74375 0.053125 0.09375
0 0.5640625 0.75703125 0.059375 0.1015625
0 0.76171875 0.77109375 0.0515625 0.0890625
0 0.6265625 0.77265625 0.059375 0.0984375
0 0.6390625 0.83046875 0.053125 0.0828125
0 0.6921875 0.8328125 0.053125 0.09375
0 0.74296875 0.84453125 0.0484375 0.0921875
0 0.79296875 0.85390625 0.0515625 0.0921875
0 0.07890625 0.85546875 0.0796875 0.1015625
0 0.1546875 0.86171875 0.075 0.0890625
0 0.228125 0.86875 0.071875 0.075
0 0.30234375 0.8734375 0.0703125 0.065625
0 0.071875 0.09609375 0.071875 0.1015625