0 0.6859375 0.19765625 0.23125 0.3578125
0 0.49375 0.203125 0.16875 0.275
0 0.29453125 0.21015625 0.2359375 0.3609375
0 0.96015625 0.4921875 0.0796875 0.275
0 0.69453125 0.5 0.1828125 0.259375
0 0.4921875 0.509375 0.228125 0.35625
0 0.29921875 0.50859375 0.1703125 0.2671875
0 0.04921875 0.5140625 0.0984375 0.35625
0 0.69140625 0.803125 0.2328125 0.35625
0 0.5 0.8125 0.16875 0.2625
0 0.30625 0.8140625 0.23125 0.35625
0 0.95390625 0.18203125 0.0921875 0.3484375
0 0.0515625 0.8125 0.103125 0.28125
0 0.9578125 0.79921875 0.084375 0.3578125