0 0.80546875 0.20390625 0.0890625 0.1359375
0 0.83984375 0.3140625 0.0796875 0.128125
0 0.75703125 0.31640625 0.0890625 0.1390625
0 0.66796875 0.31875 0.1078125 0.153125
0 0.44453125 0.32265625 0.1421875 0.1765625
0 0.5640625 0.32578125 0.115625 0.1609375
0 0.8609375 0.409375 0.078125 0.125
0 0.79140625 0.421875 0.0890625 0.134375
0 0.71015625 0.4328125 0.1046875 0.14375
0 0.61796875 0.45 0.1109375 0.153125
0 0.5171875 0.46796875 0.134375 0.1578125
0 0.3890625 0.4734375 0.140625 0.171875
0 0.88515625 0.5015625 0.0703125 0.115625
0 0.815625 0.51875 0.075 0.11875
0 0.74609375 0.53515625 0.0828125 0.1296875
0 0.66328125 0.559375 0.0984375 0.140625
0 0.9109375 0.58046875 0.065625 0.1109375
0 0.565625 0.5859375 0.1125 0.153125
0 0.84765625 0.603125 0.0703125 0.115625
0 0.4578125 0.615625 0.125 0.15625
0 0.77578125 0.625 0.0796875 0.115625
0 0.32109375 0.63203125 0.1546875 0.1765625
0 0.70390625 0.65625 0.0890625 0.128125
0 0.934375 0.65703125 0.053125 0.1046875
0 0.8734375 0.6796875 0.065625 0.1125
0 0.61640625 0.68828125 0.1046875 0.1359375
0 0.8078125 0.7078125 0.075 0.1125
0 0.515625 0.72265625 0.125 0.1484375
0 0.7375 0.7390625 0.084375 0.121875
0 0.39453125 0.76171875 0.1328125 0.1578125
0 0.65625 0.778125 0.090625 0.128125
0 0.25703125 0.790625 0.1578125 0.16875
0 0.56484375 0.81953125 0.1078125 0.1359375
0 0.45625 0.8640625 0.121875 0.153125
0 0.33203125 0.91171875 0.1390625 0.1546875
0 0.1859375 0.9375 0.175 0.125
0 0.503125 0.17734375 0.125 0.1703125
0 0.6171875 0.1921875 0.1125 0.15625
0 0.71875 0.1984375 0.096875 0.14375