0 0.80234375 0.375 0.2078125 0.303125
0 0.42890625 0.37734375 0.2078125 0.3015625
0 0.07578125 0.38203125 0.1515625 0.3171875
0 0.60546875 0.4015625 0.1640625 0.253125
0 0.253125 0.4015625 0.165625 0.24375
0 0.940625 0.403125 0.11875 0.2625
0 0.6828125 0.62578125 0.20625 0.3078125
0 0.3109375 0.62890625 0.209375 0.3015625
0 0.86875 0.63359375 0.16875 0.2578125
0 0.50234375 0.6421875 0.1609375 0.253125
0 0.14375 0.6421875 0.159375 0.2625
0 0.80546875 0.859375 0.2140625 0.278125
0 0.94140625 0.86484375 0.1140625 0.2671875
0 0.06875 0.86328125 0.1375 0.2671875
0 0.42109375 0.865625 0.2078125 0.265625
0 0.24140625 0.87109375 0.1671875 0.2578125
0 0.6046875 0.87109375 0.16875 0.2546875
0 0.6921875 0.13359375 0.209375 0.2671875
0 0.31953125 0.1359375 0.2078125 0.271875
0 0.8640625 0.165625 0.171875 0.25
0 0.509375 0.17265625 0.16875 0.2484375
0 0.159375 0.1828125 0.171875 0.25625
0 0.025 0.1140625 0.05 0.228125