0 0.6546875 0.24140625 0.153125 0.1703125
0 0.51484375 0.28125 0.1359375 0.1625
0 0.28203125 0.3578125 0.1046875 0.1375
0 0.73671875 0.37890625 0.1796875 0.1890625
0 0.19140625 0.38046875 0.0828125 0.1265625
0 0.57890625 0.40546875 0.1484375 0.1671875
0 0.03671875 0.41328125 0.0703125 0.1171875
0 0.4421875 0.4328125 0.125 0.159375
0 0.32421875 0.46640625 0.1109375 0.1453125
0 0.2234375 0.48046875 0.096875 0.1390625
0 0.1390625 0.4953125 0.08125 0.13125
0 0.0578125 0.509375 0.08125 0.125
0 0.6515625 0.55078125 0.175 0.1984375
0 0.50234375 0.56328125 0.1421875 0.1734375
0 0.2546875 0.59453125 0.10625 0.1515625
0 0.16796875 0.60390625 0.0921875 0.1421875