0 0.68671875 0.19609375 0.2328125 0.3578125
0 0.49375 0.20390625 0.165625 0.2765625
0 0.29453125 0.21015625 0.2328125 0.3609375
0 0.95859375 0.490625 0.0828125 0.271875
0 0.69296875 0.5 0.1828125 0.259375
0 0.4921875 0.509375 0.228125 0.35625
0 0.29921875 0.50859375 0.1703125 0.2671875
0 0.0515625 0.5140625 0.096875 0.35625
0 0.69140625 0.803125 0.2328125 0.35625
0 0.5 0.8125 0.16875 0.259375
0 0.30625 0.81484375 0.23125 0.3578125
0 0.95390625 0.18046875 0.0921875 0.3484375
0 0.953125 0.79921875 0.09375 0.3421875
0 0.04140625 0.20234375 0.0765625 0.2703125
0 0.04140625 0.82421875 0.0765625 0.2578125