0 0.0890625 0.4734375 0.125 0.103125
0 0.21875 0.4890625 0.1375 0.103125
0 0.34765625 0.50859375 0.1421875 0.1015625
0 0.47578125 0.52421875 0.1515625 0.1109375
0 0.625 0.5515625 0.16875 0.115625
0 0.078125 0.5515625 0.134375 0.09375
0 0.19609375 0.571875 0.1421875 0.10625
0 0.34296875 0.58984375 0.1421875 0.1015625
0 0.4765625 0.60703125 0.146875 0.1109375
0 0.08671875 0.62109375 0.1203125 0.0984375
0 0.62265625 0.62890625 0.1640625 0.1078125
0 0.20703125 0.6421875 0.1421875 0.103125
0 0.3359375 0.6609375 0.1375 0.103125
0 0.4671875 0.68515625 0.146875 0.0984375
0 0.09296875 0.6875 0.1078125 0.09375
0 0.615625 0.71171875 0.15625 0.1109375
0 0.20078125 0.71640625 0.1296875 0.0984375
0 0.3296875 0.73828125 0.134375 0.0984375
0 0.08984375 0.76015625 0.1203125 0.0984375
0 0.4671875 0.7609375 0.1375 0.103125
0 0.20078125 0.784375 0.1109375 0.09375
0 0.60859375 0.7875 0.1515625 0.115625
0 0.31796875 0.82109375 0.1328125 0.1078125
0 0.45 0.84453125 0.146875 0.1109375
0 0.6 0.8734375 0.15625 0.115625
0 0.14765625 0.25390625 0.1296875 0.0984375
0 0.0875 0.325 0.134375 0.09375
0 0.21328125 0.33828125 0.1296875 0.0984375
0 0.33671875 0.3421875 0.1515625 0.09375
0 0.1 0.3984375 0.115625 0.09375
0 0.2109375 0.41640625 0.1375 0.0984375
0 0.35 0.42734375 0.146875 0.1015625
0 0.4921875 0.44296875 0.15625 0.0984375