0 0.35078125 0.55078125 0.0796875 0.1296875
0 0.71328125 0.58671875 0.1296875 0.2578125
0 0.5734375 0.621875 0.146875 0.265625
0 0.45078125 0.63125 0.0671875 0.115625
0 0.3875 0.65078125 0.071875 0.1203125
0 0.3109375 0.66484375 0.084375 0.1203125
0 0.48203125 0.725 0.0671875 0.115625
0 0.41796875 0.7421875 0.0765625 0.115625
0 0.35078125 0.7640625 0.0765625 0.125
0 0.27578125 0.78046875 0.0765625 0.1203125
0 0.19375 0.8046875 0.084375 0.125
0 0.65078125 0.37890625 0.1515625 0.2671875
0 0.87421875 0.42421875 0.2265625 0.4765625