0 0.34609375 0.75859375 0.1546875 0.1703125
0 0.4875 0.71953125 0.1375 0.1640625
0 0.7171875 0.640625 0.103125 0.1375
0 0.26328125 0.621875 0.1796875 0.190625
0 0.809375 0.61875 0.084375 0.128125
0 0.4203125 0.5953125 0.15 0.165625
0 0.9640625 0.58515625 0.071875 0.1171875
0 0.5578125 0.5671875 0.125 0.159375
0 0.67734375 0.53359375 0.1140625 0.1453125
0 0.7765625 0.51953125 0.096875 0.1390625
0 0.86171875 0.50546875 0.0828125 0.1296875
0 0.94296875 0.490625 0.0828125 0.125
0 0.34765625 0.45 0.1765625 0.196875
0 0.49921875 0.43671875 0.1421875 0.1765625
0 0.7453125 0.40546875 0.10625 0.1515625
0 0.83203125 0.39609375 0.0921875 0.1421875