0 0.66015625 0.3171875 0.1609375 0.24375
0 0.2984375 0.3609375 0.16875 0.25
0 0.49140625 0.45546875 0.1953125 0.3015625
0 0.1015625 0.48671875 0.196875 0.3109375
0 0.89375 0.509375 0.209375 0.3125
0 0.58515625 0.5125 0.1328125 0.23125
0 0.24140625 0.5296875 0.1390625 0.23125
0 0.62109375 0.0796875 0.1640625 0.153125
0 0.36953125 0.7984375 0.2140625 0.303125
0 0.0390625 0.8 0.071875 0.28125
0 0.63671875 0.81015625 0.1109375 0.2359375
0 0.79453125 0.84140625 0.2140625 0.3171875
0 0.2625 0.08984375 0.159375 0.1765625
0 0.49609375 0.8984375 0.2046875 0.2
0 0.11484375 0.91328125 0.2046875 0.1703125
0 0.80546875 0.096875 0.2078125 0.1875
0 0.44375 0.11484375 0.209375 0.2234375
0 0.0875 0.134375 0.16875 0.2625
0 0.94375 0.071875 0.103125 0.1375
0 0.9640625 0.31640625 0.071875 0.2390625