0 0.35390625 0.55078125 0.0765625 0.1296875
0 0.70703125 0.58671875 0.1296875 0.2578125
0 0.5765625 0.621875 0.146875 0.265625
0 0.45078125 0.63125 0.0671875 0.115625
0 0.3875 0.65078125 0.071875 0.1203125
0 0.31171875 0.66640625 0.0796875 0.1203125
0 0.4796875 0.725 0.071875 0.115625
0 0.41796875 0.7421875 0.0765625 0.115625
0 0.35078125 0.76015625 0.0765625 0.1203125
0 0.27578125 0.78046875 0.0765625 0.1203125
0 0.2 0.8 0.084375 0.125
0 0.653125 0.3796875 0.146875 0.2625
0 0.87421875 0.42421875 0.2265625 0.4765625