0 0.740625 0.40390625 0.065625 0.1515625
0 0.6796875 0.4140625 0.06875 0.146875
0 0.584375 0.4609375 0.0875 0.175
0 0.50234375 0.47421875 0.0953125 0.1921875
0 0.4125 0.4859375 0.1 0.2
0 0.3171875 0.5015625 0.109375 0.20625
0 0.203125 0.52265625 0.121875 0.2140625
0 0.82109375 0.6203125 0.0796875 0.175
0 0.75078125 0.63671875 0.0765625 0.1828125
0 0.675 0.65703125 0.08125 0.1953125
0 0.42421875 0.678125 0.1015625 0.203125
0 0.590625 0.68046875 0.09375 0.2046875
0 0.3234375 0.69765625 0.109375 0.2109375
0 0.21171875 0.72578125 0.1296875 0.2265625