0 0.625 0.378125 0.115625 0.228125
0 0.51953125 0.38671875 0.1015625 0.2171875
0 0.43125 0.39453125 0.09375 0.2015625
0 0.35234375 0.40703125 0.0859375 0.1890625
0 0.28515625 0.4140625 0.0828125 0.178125
0 0.25234375 0.57890625 0.0765625 0.1578125
0 0.32265625 0.58125 0.0859375 0.171875
0 0.39296875 0.58359375 0.0859375 0.1859375
0 0.471875 0.58828125 0.1 0.1921875
0 0.559375 0.58984375 0.10625 0.2078125
0 0.659375 0.59609375 0.121875 0.2203125
0 0.24921875 0.72734375 0.0640625 0.1609375
0 0.3078125 0.7390625 0.071875 0.165625
0 0.37265625 0.7515625 0.0796875 0.175
0 0.4453125 0.76328125 0.09375 0.1921875
0 0.53046875 0.7796875 0.1046875 0.2
0 0.62734375 0.79140625 0.1015625 0.2140625
0 0.7375 0.81015625 0.121875 0.2234375