0 0.80859375 0.2046875 0.0859375 0.140625
0 0.84140625 0.31171875 0.0828125 0.1296875
0 0.75703125 0.3140625 0.0890625 0.14375
0 0.66796875 0.31875 0.1078125 0.153125
0 0.44453125 0.32265625 0.1421875 0.1765625
0 0.5609375 0.32578125 0.1125 0.1609375
0 0.86484375 0.409375 0.0859375 0.125
0 0.79140625 0.42265625 0.0921875 0.1359375
0 0.71015625 0.4328125 0.1046875 0.14375
0 0.61796875 0.45 0.1109375 0.153125
0 0.5171875 0.46796875 0.134375 0.1578125
0 0.38515625 0.475 0.1484375 0.171875
0 0.8921875 0.50234375 0.071875 0.1046875
0 0.81953125 0.515625 0.0796875 0.125
0 0.74765625 0.53515625 0.0859375 0.1296875
0 0.66328125 0.5578125 0.0984375 0.14375
0 0.91171875 0.5828125 0.0703125 0.10625
0 0.565625 0.5828125 0.1125 0.15625
0 0.85078125 0.603125 0.0703125 0.115625
0 0.4578125 0.615625 0.125 0.15625
0 0.77578125 0.625 0.0796875 0.115625
0 0.32109375 0.63203125 0.1578125 0.1765625
0 0.70390625 0.65625 0.0890625 0.128125
0 0.9359375 0.65859375 0.05625 0.1109375
0 0.8765625 0.6828125 0.06875 0.115625
0 0.61796875 0.68515625 0.1046875 0.1359375
0 0.8109375 0.7078125 0.078125 0.1125
0 0.515625 0.721875 0.125 0.153125
0 0.73984375 0.74140625 0.0859375 0.1109375
0 0.39609375 0.76015625 0.1359375 0.1609375
0 0.6640625 0.77890625 0.084375 0.1296875
0 0.25703125 0.79296875 0.1609375 0.1765625
0 0.56796875 0.821875 0.1140625 0.140625
0 0.45703125 0.86875 0.1328125 0.15625
0 0.33828125 0.91171875 0.1390625 0.1546875
0 0.1859375 0.9375 0.175 0.125
0 0.5 0.17578125 0.128125 0.1765625
0 0.6171875 0.1921875 0.1125 0.15625
0 0.71875 0.1984375 0.096875 0.14375