0 0.19765625 0.625 0.2078125 0.303125
0 0.56953125 0.62109375 0.2078125 0.3015625
0 0.92421875 0.61796875 0.1515625 0.3171875
0 0.39453125 0.5984375 0.1640625 0.253125
0 0.746875 0.5984375 0.165625 0.24375
0 0.059375 0.5984375 0.11875 0.2625
0 0.31796875 0.37578125 0.2078125 0.3078125
0 0.6890625 0.37109375 0.209375 0.3015625
0 0.1296875 0.36640625 0.16875 0.2578125
0 0.49921875 0.35703125 0.1609375 0.2515625
0 0.85625 0.3578125 0.159375 0.2625
0 0.19453125 0.14296875 0.2140625 0.2796875
0 0.05859375 0.13671875 0.1140625 0.2671875
0 0.93125 0.13671875 0.1375 0.2671875
0 0.58046875 0.13515625 0.2078125 0.2640625
0 0.759375 0.12890625 0.165625 0.2578125
0 0.3953125 0.13046875 0.16875 0.2546875
0 0.30625 0.86640625 0.209375 0.2671875
0 0.68046875 0.8640625 0.2078125 0.271875
0 0.13671875 0.834375 0.1703125 0.25
0 0.490625 0.82890625 0.16875 0.2484375
0 0.83984375 0.81640625 0.1703125 0.2578125