0 0.35078125 0.5515625 0.0828125 0.128125
0 0.7125 0.58828125 0.128125 0.2578125
0 0.5734375 0.62421875 0.146875 0.2671875
0 0.4515625 0.6328125 0.065625 0.115625
0 0.3875 0.65234375 0.071875 0.1203125
0 0.3109375 0.66640625 0.084375 0.1203125
0 0.4828125 0.7265625 0.065625 0.115625
0 0.41796875 0.74375 0.0765625 0.115625
0 0.35078125 0.7640625 0.0765625 0.125
0 0.275 0.78203125 0.075 0.1203125
0 0.19375 0.80625 0.084375 0.125
0 0.65234375 0.37890625 0.1515625 0.2671875
0 0.8734375 0.42578125 0.228125 0.4765625