0 0.89609375 0.790625 0.0796875 0.125
0 0.63671875 0.79140625 0.0796875 0.1203125
0 0.71953125 0.78828125 0.0828125 0.1203125
0 0.965625 0.78671875 0.065625 0.1203125
0 0.0171875 0.78359375 0.034375 0.1203125
0 0.390625 0.7796875 0.075 0.115625
0 0.46953125 0.778125 0.0765625 0.11875
0 0.24140625 0.77265625 0.0765625 0.1109375
0 0.165625 0.77265625 0.075 0.1140625
0 0.72109375 0.96953125 0.0828125 0.0578125
0 0.88671875 0.96953125 0.0828125 0.0578125
0 0.9625 0.96796875 0.071875 0.0609375
0 0.39453125 0.96015625 0.0828125 0.0765625
0 0.646875 0.60078125 0.0875 0.1328125
0 0.22109375 0.6 0.0796875 0.121875
0 0.14140625 0.59921875 0.0796875 0.1203125
0 0.72890625 0.59921875 0.0828125 0.1296875
0 0.47109375 0.95859375 0.0765625 0.0796875
0 0.625 0.95703125 0.071875 0.0828125
0 0.38671875 0.59453125 0.0828125 0.1203125
0 0.88515625 0.5921875 0.0765625 0.125
0 0.9625 0.5921875 0.071875 0.125
0 0.46796875 0.590625 0.0796875 0.11875
0 0.16796875 0.95390625 0.0765625 0.0890625
0 0.24453125 0.95390625 0.0703125 0.0890625
0 0.26015625 0.49609375 0.0828125 0.1234375
0 0.17734375 0.49453125 0.0796875 0.1234375
0 0.34765625 0.49296875 0.0796875 0.1203125
0 0.09765625 0.49375 0.0796875 0.125
0 0.42890625 0.4921875 0.0796875 0.11875
0 0.50546875 0.4890625 0.0765625 0.11875
0 0.6859375 0.48828125 0.084375 0.1296875
0 0.603125 0.48671875 0.084375 0.1328125
0 0.76953125 0.48671875 0.0828125 0.1296875
0 0.92578125 0.48515625 0.0765625 0.1234375
0 0.9828125 0.48359375 0.03125 0.1203125
0 0.84921875 0.4828125 0.0765625 0.125
0 0.38671875 0.3890625 0.0765625 0.115625
0 0.465625 0.38828125 0.075 0.1171875
0 0.22109375 0.3875 0.0765625 0.125
0 0.13984375 0.3875 0.0828125 0.125
0 0.88515625 0.378125 0.0765625 0.125
0 0.9625 0.37734375 0.071875 0.1265625
0 0.64296875 0.37421875 0.0828125 0.1328125
0 0.728125 0.3734375 0.084375 0.128125
0 0.96796875 0.17265625 0.0609375 0.1234375
0 0.9 0.17109375 0.075 0.1203125
0 0.0953125 0.14296875 0.09375 0.1390625
0 0.190625 0.1390625 0.090625 0.1375
0 0.6671875 0.13203125 0.09375 0.1390625
0 0.76171875 0.1296875 0.0921875 0.134375
0 0.378125 0.12734375 0.096875 0.1390625
0 0.4765625 0.1265625 0.096875 0.1375
0 0.93515625 0.06640625 0.0828125 0.1234375
0 0.8578125 0.06328125 0.075 0.1203125
0 0.14765625 0.0515625 0.0921875 0.096875
0 0.23828125 0.04765625 0.0921875 0.0890625
0 0.05 0.0453125 0.09375 0.0875
0 0.80546875 0.0453125 0.0921875 0.084375
0 0.7125 0.04140625 0.09375 0.0828125
0 0.61875 0.0359375 0.09375 0.071875
0 0.33046875 0.0359375 0.0921875 0.071875
0 0.42421875 0.03828125 0.0984375 0.0703125
0 0.521875 0.03828125 0.096875 0.0703125
0 0.59609375 0.8984375 0.0765625 0.11875
0 0.9265625 0.89453125 0.075 0.1203125
0 0.85078125 0.8953125 0.0796875 0.125
0 0.67421875 0.8890625 0.0796875 0.115625
0 0.75703125 0.8875 0.0796875 0.115625
0 0.0375 0.88671875 0.075 0.1203125
0 0.35390625 0.88203125 0.0765625 0.1140625
0 0.43203125 0.8796875 0.0796875 0.115625
0 0.509375 0.87578125 0.075 0.1109375
0 0.20625 0.87109375 0.075 0.1109375
0 0.28125 0.86796875 0.071875 0.1109375
0 0.13125 0.86640625 0.075 0.1078125
0 0.0125 0.4921875 0.025 0.13125