0 0.87421875 0.80859375 0.1765625 0.2734375
0 0.68828125 0.546875 0.1828125 0.28125
0 0.86640625 0.52890625 0.1765625 0.2703125
0 0.12109375 0.52890625 0.1765625 0.2796875
0 0.5015625 0.52421875 0.190625 0.2890625
0 0.30234375 0.51875 0.1859375 0.290625
0 0.875 0.25703125 0.16875 0.2640625
0 0.13203125 0.2546875 0.1703125 0.2625
0 0.70859375 0.24375 0.1953125 0.284375
0 0.503125 0.24140625 0.1875 0.2640625
0 0.3078125 0.22578125 0.1875 0.2671875
0 0.6734375 0.06171875 0.175 0.1234375
0 0.12734375 0.05703125 0.1640625 0.1078125
0 0.85390625 0.05546875 0.1734375 0.1109375
0 0.4890625 0.0515625 0.178125 0.103125
0 0.3015625 0.03984375 0.16875 0.0796875
0 0.70546875 0.85546875 0.1953125 0.2859375
0 0.50625 0.8265625 0.2 0.303125
0 0.10390625 0.82578125 0.1828125 0.2953125
0 0.3109375 0.81328125 0.1875 0.2984375