0 0.87421875 0.1921875 0.1765625 0.275
0 0.68828125 0.453125 0.1828125 0.28125
0 0.86640625 0.47109375 0.1765625 0.2703125
0 0.12109375 0.47109375 0.1765625 0.2796875
0 0.5 0.47578125 0.190625 0.2890625
0 0.30234375 0.48125 0.1859375 0.290625
0 0.875 0.74296875 0.16875 0.2640625
0 0.13203125 0.746875 0.1703125 0.2625
0 0.70703125 0.75625 0.1953125 0.284375
0 0.503125 0.75859375 0.1875 0.2640625
0 0.30625 0.77421875 0.1875 0.2671875
0 0.67421875 0.93828125 0.1765625 0.1234375
0 0.12734375 0.94453125 0.1640625 0.1078125
0 0.85234375 0.94453125 0.1734375 0.1109375
0 0.4890625 0.946875 0.178125 0.103125
0 0.3015625 0.96015625 0.16875 0.0796875
0 0.70546875 0.14609375 0.1953125 0.2859375
0 0.50625 0.1734375 0.2 0.303125
0 0.10234375 0.17421875 0.1828125 0.2953125
0 0.309375 0.18671875 0.1875 0.2984375
0 0.971875 0.475 0.05625 0.253125
0 0.0171875 0.43671875 0.034375 0.2234375