0 0.0484375 0.296875 0.096875 0.1375
0 0.1484375 0.3 0.09375 0.1375
0 0.2421875 0.30078125 0.09375 0.1390625
0 0.33671875 0.3015625 0.0921875 0.1375
0 0.70390625 0.3046875 0.0890625 0.1375
0 0.61328125 0.30625 0.0921875 0.134375
0 0.96484375 0.3046875 0.0703125 0.128125
0 0.88671875 0.30546875 0.0890625 0.1296875
0 0.42890625 0.30703125 0.0890625 0.1328125
0 0.790625 0.30859375 0.0875 0.1296875
0 0.52109375 0.3078125 0.0890625 0.134375
0 0.103125 0.421875 0.09375 0.1375
0 0.19921875 0.425 0.0890625 0.1375
0 0.028125 0.42578125 0.05625 0.1390625
0 0.65625 0.42421875 0.0875 0.1296875
0 0.83515625 0.42421875 0.0890625 0.1328125
0 0.92421875 0.425 0.0890625 0.128125
0 0.47578125 0.4265625 0.0890625 0.134375
0 0.56640625 0.4265625 0.0890625 0.13125
0 0.29140625 0.4265625 0.0921875 0.13125
0 0.746875 0.42734375 0.084375 0.1234375
0 0.38515625 0.42890625 0.0859375 0.1328125
0 0.0453125 0.05390625 0.084375 0.1078125
0 0.88046875 0.540625 0.0921875 0.134375
0 0.9625 0.53984375 0.075 0.1328125
0 0.78984375 0.540625 0.0890625 0.134375
0 0.7015625 0.54375 0.0875 0.134375
0 0.43046875 0.54296875 0.0859375 0.1328125
0 0.521875 0.54453125 0.0875 0.1328125
0 0.6109375 0.5453125 0.0875 0.1375
0 0.24921875 0.54453125 0.0890625 0.1328125
0 0.15703125 0.54453125 0.0921875 0.1328125
0 0.33828125 0.5453125 0.0890625 0.134375
0 0.06015625 0.54453125 0.0921875 0.1328125
0 0.80625 0.05625 0.09375 0.1125
0 0.4265625 0.05625 0.096875 0.1125
0 0.33125 0.05625 0.09375 0.1125
0 0.2375 0.05859375 0.09375 0.1140625
0 0.709375 0.0578125 0.090625 0.115625
0 0.140625 0.0609375 0.09375 0.115625
0 0.8984375 0.06015625 0.09375 0.1109375
0 0.5203125 0.05859375 0.090625 0.1171875
0 0.61328125 0.0640625 0.0921875 0.121875
0 0.9203125 0.65703125 0.084375 0.1296875
0 0.3875 0.6578125 0.0875 0.128125
0 0.834375 0.659375 0.0875 0.134375
0 0.74609375 0.66015625 0.0859375 0.1328125
0 0.984375 0.6609375 0.03125 0.11875
0 0.6546875 0.66015625 0.084375 0.1328125
0 0.565625 0.66171875 0.090625 0.1296875
0 0.29453125 0.66015625 0.0890625 0.1328125
0 0.4765625 0.66171875 0.0875 0.1296875
0 0.2015625 0.6640625 0.090625 0.134375
0 0.11015625 0.665625 0.0890625 0.1375
0 0.0328125 0.665625 0.065625 0.1375
0 0.959375 0.76875 0.08125 0.134375
0 0.6109375 0.77265625 0.0875 0.1328125
0 0.78828125 0.77578125 0.0890625 0.1328125
0 0.878125 0.775 0.0875 0.134375
0 0.69921875 0.77734375 0.0890625 0.1296875
0 0.34140625 0.77734375 0.0859375 0.1296875
0 0.4328125 0.77734375 0.0875 0.1296875
0 0.52109375 0.778125 0.0890625 0.128125
0 0.25234375 0.7796875 0.0890625 0.134375
0 0.16015625 0.78046875 0.0890625 0.1328125
0 0.06953125 0.78046875 0.0890625 0.1328125
0 0.9828125 0.8859375 0.034375 0.128125
0 0.74296875 0.88828125 0.0859375 0.1328125
0 0.92265625 0.89140625 0.0890625 0.1328125
0 0.8328125 0.89140625 0.0875 0.1328125
0 0.565625 0.89140625 0.0875 0.1328125
0 0.478125 0.88984375 0.0875 0.1296875
0 0.6546875 0.89296875 0.0875 0.1296875
0 0.29609375 0.89453125 0.0859375 0.1296875
0 0.3875 0.89453125 0.0875 0.1296875
0 0.2078125 0.89765625 0.0875 0.1296875
0 0.03359375 0.89765625 0.0671875 0.1328125
0 0.11484375 0.89765625 0.0890625 0.1328125
0 0.96171875 0.96875 0.0765625 0.0625
0 0.878125 0.96875 0.0875 0.0625
0 0.78828125 0.96796875 0.0890625 0.0609375
0 0.4328125 0.96796875 0.0875 0.0609375
0 0.69921875 0.96953125 0.0890625 0.0609375
0 0.52109375 0.96953125 0.0890625 0.0609375
0 0.61015625 0.9703125 0.0890625 0.05625
0 0.253125 0.97109375 0.0875 0.0578125
0 0.34296875 0.97109375 0.0890625 0.0578125
0 0.075 0.97109375 0.0875 0.0578125
0 0.16328125 0.97265625 0.0890625 0.0515625
0 0.0875 0.16328125 0.096875 0.1453125
0 0.18828125 0.16953125 0.0921875 0.1421875
0 0.38203125 0.1734375 0.0921875 0.134375
0 0.2875 0.175 0.09375 0.1375
0 0.84609375 0.1765625 0.0921875 0.13125
0 0.56640625 0.178125 0.0890625 0.134375
0 0.753125 0.178125 0.090625 0.134375
0 0.659375 0.18046875 0.0875 0.1390625
0 0.93671875 0.18125 0.0890625 0.128125
0 0.47578125 0.1828125 0.0921875 0.134375