0 0.17421875 0.09140625 0.1234375 0.1828125
0 0.49453125 0.109375 0.1421875 0.21875
0 0.2875 0.1203125 0.16875 0.240625
0 0.83359375 0.134375 0.1515625 0.228125
0 0.61953125 0.15546875 0.1765625 0.2546875
0 0.93828125 0.184375 0.1234375 0.26875
0 0.0671875 0.2953125 0.134375 0.24375
0 0.34296875 0.35625 0.1765625 0.253125
0 0.91640625 0.3609375 0.1640625 0.228125
0 0.68046875 0.40546875 0.1796875 0.2578125
0 0.178125 0.459375 0.128125 0.2125
0 0.4859375 0.503125 0.134375 0.21875
0 0.30546875 0.509375 0.1703125 0.228125
0 0.62109375 0.5578125 0.1828125 0.25
0 0.81484375 0.5609375 0.1515625 0.221875
0 0.93359375 0.6140625 0.1296875 0.2625
0 0.0625 0.6890625 0.125 0.240625
0 0.35859375 0.73828125 0.1765625 0.2484375
0 0.9234375 0.74296875 0.15 0.1921875
0 0.67265625 0.80390625 0.1859375 0.2359375
0 0.1828125 0.82421875 0.128125 0.2015625
0 0.30078125 0.8453125 0.1640625 0.159375
0 0.48046875 0.85390625 0.1421875 0.1390625