0 0.88203125 0.7578125 0.2359375 0.484375
0 0.54765625 0.103125 0.1921875 0.20625
0 0.6640625 0.46484375 0.215625 0.4046875
0 0.66796875 0.82265625 0.2140625 0.3515625
0 0.34296875 0.9140625 0.1359375 0.171875
0 0.159375 0.93515625 0.115625 0.1296875
0 0.34296875 0.6890625 0.1203125 0.303125
0 0.42734375 0.53984375 0.1703125 0.3765625
0 0.4 0.1890625 0.15625 0.3375
0 0.29609375 0.19375 0.1109375 0.271875
0 0.096875 0.78046875 0.10625 0.2546875
0 0.23984375 0.74453125 0.1109375 0.3015625
0 0.0421875 0.96015625 0.078125 0.0796875
0 0.48203125 0.86875 0.1640625 0.2625
0 0.884375 0.3359375 0.23125 0.453125
0 0.17265625 0.27734375 0.1109375 0.2609375
0 0.23828125 0.459375 0.1109375 0.271875
0 0.13828125 0.5375 0.1015625 0.24375