0 0.9515625 0.2953125 0.096875 0.1375
0 0.853125 0.2984375 0.09375 0.1375
0 0.7578125 0.29921875 0.09375 0.1390625
0 0.6640625 0.3015625 0.090625 0.1375
0 0.29765625 0.303125 0.0890625 0.1375
0 0.38671875 0.3046875 0.0921875 0.134375
0 0.03515625 0.3046875 0.0703125 0.128125
0 0.11484375 0.30390625 0.0890625 0.1296875
0 0.57109375 0.30546875 0.0890625 0.1328125
0 0.2078125 0.30703125 0.0875 0.1296875
0 0.47890625 0.3078125 0.0890625 0.134375
0 0.896875 0.421875 0.09375 0.1375
0 0.80234375 0.4234375 0.0890625 0.1375
0 0.971875 0.42421875 0.05625 0.1390625
0 0.34296875 0.42421875 0.0859375 0.1296875
0 0.16328125 0.42421875 0.0890625 0.1328125
0 0.07578125 0.425 0.0890625 0.128125
0 0.52421875 0.4265625 0.0890625 0.134375
0 0.43359375 0.42578125 0.0890625 0.1328125
0 0.7078125 0.42578125 0.090625 0.1328125
0 0.253125 0.42734375 0.084375 0.1234375
0 0.61484375 0.42890625 0.0859375 0.1328125
0 0.95625 0.05390625 0.084375 0.1078125
0 0.11875 0.540625 0.090625 0.134375
0 0.0375 0.53984375 0.075 0.1328125
0 0.21015625 0.540625 0.0890625 0.134375
0 0.29921875 0.5421875 0.0859375 0.134375
0 0.56875 0.54296875 0.0875 0.1328125
0 0.478125 0.54296875 0.0875 0.1328125
0 0.38828125 0.54375 0.0859375 0.1375
0 0.75234375 0.54296875 0.0890625 0.1328125
0 0.84453125 0.54453125 0.0921875 0.1328125
0 0.66171875 0.5453125 0.0890625 0.134375
0 0.93984375 0.54453125 0.0921875 0.1328125
0 0.19375 0.05625 0.09375 0.1125
0 0.5734375 0.05625 0.096875 0.1125
0 0.6671875 0.05625 0.09375 0.1125
0 0.7640625 0.05859375 0.09375 0.1140625
0 0.28984375 0.0578125 0.0921875 0.115625
0 0.859375 0.059375 0.09375 0.115625
0 0.103125 0.05859375 0.09375 0.1109375
0 0.47890625 0.05859375 0.0921875 0.1171875
0 0.38671875 0.06328125 0.0921875 0.1234375
0 0.0796875 0.65703125 0.084375 0.1296875
0 0.6125 0.6578125 0.0875 0.128125
0 0.165625 0.659375 0.0875 0.134375
0 0.2546875 0.65859375 0.0875 0.1328125
0 0.015625 0.659375 0.03125 0.11875
0 0.34375 0.65859375 0.084375 0.1328125
0 0.43515625 0.66015625 0.0921875 0.1296875
0 0.70546875 0.66015625 0.0890625 0.1328125
0 0.52421875 0.66171875 0.0859375 0.1296875
0 0.7984375 0.6640625 0.090625 0.134375
0 0.88984375 0.6640625 0.0890625 0.1375
0 0.9671875 0.6640625 0.065625 0.1375
0 0.040625 0.76875 0.08125 0.134375
0 0.3890625 0.77265625 0.0875 0.1328125
0 0.21328125 0.77421875 0.0890625 0.1328125
0 0.1234375 0.775 0.0875 0.134375
0 0.30078125 0.77578125 0.0890625 0.1296875
0 0.6578125 0.77578125 0.0875 0.1296875
0 0.56796875 0.77734375 0.0859375 0.1296875
0 0.47890625 0.7765625 0.0890625 0.128125
0 0.74921875 0.7796875 0.0890625 0.134375
0 0.83984375 0.77890625 0.0890625 0.1328125
0 0.93046875 0.77890625 0.0890625 0.1328125
0 0.0171875 0.8859375 0.034375 0.128125
0 0.25625 0.88828125 0.0875 0.1328125
0 0.07734375 0.88984375 0.0890625 0.1328125
0 0.16875 0.88984375 0.0875 0.1328125
0 0.434375 0.88984375 0.0875 0.1328125
0 0.521875 0.88984375 0.0875 0.1296875
0 0.34609375 0.89296875 0.0859375 0.1296875
0 0.703125 0.89296875 0.0875 0.1296875
0 0.6125 0.89296875 0.0875 0.1296875
0 0.79375 0.89609375 0.0875 0.1296875
0 0.96484375 0.89765625 0.0671875 0.1328125
0 0.88515625 0.89765625 0.0890625 0.1328125
0 0.03828125 0.9671875 0.0765625 0.0625
0 0.1234375 0.9671875 0.0875 0.0625
0 0.21328125 0.96796875 0.0890625 0.0609375
0 0.5671875 0.96796875 0.0875 0.0609375
0 0.30078125 0.96953125 0.0890625 0.0609375
0 0.47890625 0.96953125 0.0890625 0.0609375
0 0.39140625 0.9703125 0.0890625 0.05625
0 0.746875 0.97109375 0.0875 0.0578125
0 0.65859375 0.97109375 0.0890625 0.0578125
0 0.9265625 0.97109375 0.0875 0.0578125
0 0.83671875 0.97265625 0.0890625 0.0515625
0 0.9140625 0.16328125 0.096875 0.1453125
0 0.81171875 0.16953125 0.0921875 0.1421875
0 0.61875 0.171875 0.090625 0.134375
0 0.7125 0.1734375 0.09375 0.1375
0 0.1546875 0.1765625 0.090625 0.13125
0 0.43359375 0.178125 0.0890625 0.134375
0 0.24765625 0.178125 0.0921875 0.134375
0 0.34140625 0.18046875 0.0859375 0.1390625
0 0.06328125 0.18125 0.0890625 0.128125
0 0.52421875 0.1828125 0.0921875 0.134375
0 0.025 0.05546875 0.05 0.1109375
0 0.9828125 0.15859375 0.034375 0.1390625
0 0.015625 0.421875 0.03125 0.128125