0 0.43359375 0.20703125 0.0671875 0.1140625
0 0.36484375 0.2109375 0.0609375 0.10625
0 0.3 0.215625 0.0625 0.10625
0 0.51015625 0.21640625 0.0703125 0.1109375
0 0.24140625 0.2171875 0.0578125 0.103125
0 0.42734375 0.02265625 0.0484375 0.0453125
0 0.334375 0.02421875 0.040625 0.0484375
0 0.18203125 0.22734375 0.0578125 0.0953125
0 0.128125 0.2296875 0.053125 0.096875
0 0.07734375 0.2296875 0.0484375 0.096875
0 0.2953125 0.0265625 0.040625 0.053125
0 0.26484375 0.0328125 0.0390625 0.0625
0 0.2234375 0.03359375 0.040625 0.0671875
0 0.18515625 0.03515625 0.0390625 0.0703125
0 0.18984375 0.35546875 0.0453125 0.0859375
0 0.12734375 0.35546875 0.0484375 0.0859375
0 0.41328125 0.3546875 0.0578125 0.09375
0 0.23046875 0.35546875 0.0515625 0.0921875
0 0.35078125 0.35625 0.0546875 0.09375
0 0.5359375 0.35546875 0.059375 0.1015625
0 0.471875 0.35703125 0.059375 0.0984375
0 0.28359375 0.359375 0.0578125 0.09375
0 0.11484375 0.41953125 0.0453125 0.0796875
0 0.16796875 0.42421875 0.0453125 0.0828125
0 0.15625 0.04453125 0.034375 0.0703125
0 0.2703125 0.43359375 0.053125 0.0890625
0 0.21484375 0.434375 0.0515625 0.0875
0 0.3234375 0.43828125 0.053125 0.0921875
0 0.38046875 0.440625 0.0578125 0.096875
0 0.43984375 0.4421875 0.0609375 0.096875
0 0.63515625 0.4421875 0.0671875 0.103125
0 0.503125 0.446875 0.0625 0.096875
0 0.5671875 0.44609375 0.065625 0.1015625
0 0.12265625 0.0484375 0.0328125 0.065625
0 0.1078125 0.553125 0.05625 0.096875
0 0.28671875 0.5640625 0.0578125 0.09375
0 0.03046875 0.6015625 0.0453125 0.090625
0 0.478125 0.60703125 0.075 0.1203125
0 0.07421875 0.6078125 0.0515625 0.096875
0 0.140625 0.64140625 0.05625 0.0984375
0 0.20078125 0.64296875 0.0578125 0.0984375
0 0.26015625 0.65078125 0.0609375 0.0984375
0 0.31953125 0.6609375 0.0609375 0.103125
0 0.38203125 0.6765625 0.0671875 0.10625
0 0.03359375 0.6828125 0.0484375 0.084375
0 0.4578125 0.684375 0.071875 0.10625
0 0.08203125 0.69140625 0.0484375 0.0890625
0 0.53125 0.69453125 0.071875 0.1109375
0 0.51328125 0.07109375 0.0484375 0.0828125
0 0.6078125 0.70234375 0.075 0.1109375
0 0.13046875 0.70546875 0.0515625 0.0890625
0 0.18125 0.721875 0.053125 0.09375
0 0.46484375 0.07421875 0.0484375 0.0765625
0 0.23515625 0.7328125 0.0578125 0.096875
0 0.29921875 0.73671875 0.0578125 0.1015625
0 0.35625 0.75390625 0.0625 0.1015625
0 0.42109375 0.7703125 0.0671875 0.103125
0 0.49609375 0.7765625 0.0703125 0.10625
0 0.08046875 0.78203125 0.0515625 0.0890625
0 0.13046875 0.79609375 0.0484375 0.0890625
0 0.5671875 0.79921875 0.071875 0.1078125
0 0.64609375 0.80703125 0.0765625 0.1140625
0 0.3921875 0.0828125 0.040625 0.075
0 0.18046875 0.8140625 0.0578125 0.096875
0 0.24140625 0.83046875 0.0609375 0.0984375
0 0.3015625 0.84375 0.065625 0.103125
0 0.4296875 0.084375 0.040625 0.071875
0 0.36640625 0.85625 0.0671875 0.10625
0 0.43671875 0.87578125 0.0703125 0.1078125
0 0.14609375 0.88046875 0.0484375 0.0828125
0 0.35703125 0.08984375 0.0390625 0.0671875
0 0.5078125 0.89453125 0.075 0.1140625
0 0.31875 0.09140625 0.040625 0.0703125
0 0.18671875 0.90390625 0.0515625 0.0890625
0 0.2359375 0.92578125 0.05625 0.0890625
0 0.58046875 0.9296875 0.0765625 0.115625
0 0.29453125 0.93828125 0.0578125 0.0890625
0 0.27890625 0.096875 0.0390625 0.065625
0 0.35703125 0.9515625 0.0609375 0.09375
0 0.415625 0.96328125 0.065625 0.0703125
0 0.48203125 0.97109375 0.0671875 0.0578125
0 0.23984375 0.0984375 0.0359375 0.065625
0 0.20546875 0.103125 0.0359375 0.065625
0 0.11484375 0.1078125 0.0359375 0.065625
0 0.17421875 0.11015625 0.0328125 0.0578125
0 0.0609375 0.11953125 0.03125 0.0609375