0 0.17421875 0.90859375 0.1234375 0.1828125
0 0.49453125 0.890625 0.1421875 0.21875
0 0.2890625 0.8796875 0.16875 0.240625
0 0.83359375 0.8640625 0.1515625 0.228125
0 0.61953125 0.84453125 0.1765625 0.2546875
0 0.93828125 0.815625 0.1234375 0.26875
0 0.0671875 0.703125 0.134375 0.24375
0 0.34296875 0.64296875 0.1765625 0.2515625
0 0.91640625 0.6390625 0.1640625 0.228125
0 0.68125 0.59609375 0.18125 0.2578125
0 0.1796875 0.540625 0.128125 0.2125
0 0.4859375 0.496875 0.134375 0.21875
0 0.30703125 0.4921875 0.1703125 0.228125
0 0.62265625 0.4421875 0.1828125 0.25
0 0.81484375 0.440625 0.1515625 0.221875
0 0.93515625 0.3859375 0.1296875 0.2625
0 0.0625 0.3109375 0.125 0.240625
0 0.36015625 0.26171875 0.1765625 0.2484375
0 0.9234375 0.25703125 0.15 0.1921875
0 0.67265625 0.19765625 0.1859375 0.2359375
0 0.184375 0.17578125 0.128125 0.2015625
0 0.30078125 0.1546875 0.1640625 0.159375
0 0.48203125 0.14765625 0.1421875 0.1390625