0 0.84296875 0.196875 0.0609375 0.10625
0 0.896875 0.2078125 0.053125 0.10625
0 0.73671875 0.21796875 0.0578125 0.1078125
0 0.45546875 0.23125 0.0609375 0.10625
0 0.67734375 0.2328125 0.0546875 0.103125
0 0.9703125 0.24375 0.05625 0.0875
0 0.6265625 0.24453125 0.059375 0.1078125
0 0.4046875 0.24921875 0.0625 0.1078125
0 0.55 0.25390625 0.059375 0.1078125
0 0.8765625 0.27734375 0.05625 0.0671875
0 0.51875 0.32578125 0.065625 0.1140625
0 0.43671875 0.34140625 0.0453125 0.1109375
0 0.39765625 0.3625 0.0671875 0.11875
0 0.5703125 0.43125 0.0625 0.115625
0 0.33984375 0.43984375 0.0671875 0.1234375
0 0.509375 0.45078125 0.065625 0.1140625
0 0.44140625 0.46328125 0.0609375 0.1140625
0 0.37109375 0.47265625 0.0609375 0.1140625
0 0.5328125 0.55078125 0.05625 0.1109375
0 0.309375 0.5609375 0.075 0.121875
0 0.4859375 0.5671875 0.0625 0.11875
0 0.421875 0.5796875 0.065625 0.115625
0 0.34375 0.59375 0.0625 0.115625
0 0.58203125 0.64296875 0.0484375 0.1015625
0 0.1796875 0.65234375 0.075 0.1234375
0 0.509375 0.66328125 0.065625 0.1140625
0 0.26171875 0.67734375 0.0671875 0.1171875
0 0.44765625 0.678125 0.0671875 0.115625
0 0.38046875 0.69375 0.0671875 0.11875
0 0.31484375 0.70859375 0.0640625 0.1171875
0 0.54609375 0.753125 0.0578125 0.115625
0 0.14375 0.76953125 0.075 0.1203125
0 0.20546875 0.775 0.0671875 0.11875
0 0.346875 0.7796875 0.0625 0.05625
0 0.425 0.78671875 0.065625 0.0921875
0 0.1328125 0.90078125 0.071875 0.1234375
0 0.7828125 0.10703125 0.059375 0.1140625
0 0.87734375 0.10859375 0.0578125 0.1109375
0 0.6703125 0.1265625 0.0625 0.11875
0 0.71875 0.12890625 0.053125 0.1140625
0 0.44375 0.13125 0.065625 0.11875
0 0.5953125 0.14765625 0.05625 0.1109375
0 0.53359375 0.15234375 0.0671875 0.1203125