0 0.19765625 0.3375 0.1296875 0.221875
0 0.52890625 0.4609375 0.1640625 0.275
0 0.30859375 0.46953125 0.1328125 0.2359375
0 0.75703125 0.515625 0.1953125 0.303125
0 0.1078125 0.5375 0.11875 0.221875
0 0.39765625 0.54609375 0.1421875 0.2453125
0 0.98203125 0.5765625 0.0359375 0.084375
0 0.1921875 0.63515625 0.128125 0.2359375
0 0.978125 0.6703125 0.040625 0.09375
0 0.921875 0.72578125 0.065625 0.1015625
0 0.29140625 0.74140625 0.1390625 0.2546875
0 0.6671875 0.74375 0.16875 0.271875
0 0.09765625 0.76796875 0.1203125 0.2265625
0 0.97421875 0.77265625 0.0515625 0.1078125
0 0.41171875 0.78203125 0.1546875 0.2796875
0 0.86171875 0.7859375 0.0671875 0.09375
0 0.92421875 0.83046875 0.0703125 0.0984375
0 0.9765625 0.8796875 0.04375 0.103125
0 0.79375 0.88359375 0.034375 0.0484375
0 0.8640625 0.8890625 0.071875 0.103125
0 0.22734375 0.903125 0.1296875 0.190625
0 0.75546875 0.93515625 0.0265625 0.0453125
0 0.92890625 0.9390625 0.0703125 0.103125
0 0.73046875 0.940625 0.0265625 0.040625
0 0.6609375 0.94296875 0.025 0.0453125
0 0.0875 0.940625 0.125 0.115625
0 0.55390625 0.09765625 0.1703125 0.1953125
0 0.41875 0.9625 0.053125 0.071875
0 0.3640625 0.9765625 0.053125 0.04375
0 0.6796875 0.9828125 0.03125 0.03125
0 0.7234375 0.98359375 0.034375 0.0265625
0 0.86328125 0.12109375 0.2015625 0.2421875
0 0.32734375 0.21015625 0.1265625 0.2359375
0 0.6734375 0.25234375 0.18125 0.2828125
0 0.446875 0.29296875 0.15 0.2453125