0 0.3921875 0.65703125 0.028125 0.0296875
0 0.4453125 0.65859375 0.01875 0.0203125
0 0.53828125 0.64765625 0.0203125 0.0265625
0 0.5765625 0.65625 0.015625 0.021875
0 0.6234375 0.63671875 0.01875 0.0203125
0 0.66875 0.64375 0.015625 0.025
0 0.72265625 0.64296875 0.0171875 0.0265625
0 0.77265625 0.64296875 0.0203125 0.0265625
0 0.8203125 0.64140625 0.028125 0.0203125
0 0.62890625 0.54296875 0.0515625 0.0734375
0 0.53828125 0.54140625 0.0484375 0.0609375
0 0.4421875 0.53671875 0.05 0.0671875
0 0.69609375 0.50078125 0.0359375 0.0390625
0 0.55859375 0.4296875 0.0453125 0.04375
0 0.63046875 0.40859375 0.0390625 0.0484375
0 0.74609375 0.4265625 0.0390625 0.053125
0 0.7328125 0.3515625 0.03125 0.05
0 0.634375 0.3421875 0.034375 0.040625
0 0.5 0.33671875 0.034375 0.0546875
0 0.42265625 0.328125 0.0359375 0.053125
0 0.36484375 0.45625 0.0359375 0.0375
0 0.28671875 0.51171875 0.0453125 0.0453125
0 0.2078125 0.57421875 0.025 0.0234375
0 0.15703125 0.57578125 0.0265625 0.0234375
0 0.19453125 0.50859375 0.0453125 0.0390625
0 0.296875 0.4078125 0.03125 0.053125
0 0.39140625 0.26328125 0.0390625 0.0484375
0 0.5828125 0.9296875 0.0375 0.046875
0 0.5859375 0.92265625 0.053125 0.0671875
0 0.5796875 0.9203125 0.06875 0.096875
0 0.52421875 0.92890625 0.0359375 0.0453125
0 0.52109375 0.92265625 0.0546875 0.0796875
0 0.65 0.92890625 0.046875 0.0453125
0 0.72734375 0.934375 0.0390625 0.053125
0 0.71171875 0.9140625 0.0671875 0.08125
0 0.67109375 0.75703125 0.0140625 0.0328125
0 0.7171875 0.7546875 0.01875 0.01875
0 0.66640625 0.2765625 0.0296875 0.04375
0 0.60234375 0.20859375 0.0390625 0.0453125
0 0.76484375 0.19296875 0.0359375 0.0515625
0 0.77109375 0.5453125 0.0234375 0.01875
0 0.67578125 0.5375 0.0203125 0.01875
0 0.4640625 0.5859375 0.015625 0.03125
0 0.4984375 0.1328125 0.034375 0.05
0 0.56640625 0.0703125 0.0359375 0.04375
0 0.1046875 0.0828125 0.08125 0.06875
0 0.22265625 0.1265625 0.0859375 0.109375
0 0.33828125 0.078125 0.0515625 0.15
0 0.296875 0.3953125 0.01875 0.09375
0 0.33671875 0.6328125 0.1015625 0.171875
0 0.22265625 0.6734375 0.0828125 0.11875
0 0.24453125 0.61015625 0.2015625 0.0046875
0 0.2125 0.29765625 0.06875 0.1015625
0 0.18671875 0.23359375 0.1140625 0.0859375
0 0.40859375 0.1734375 0.1171875 0.121875
0 0.69453125 0.18984375 0.0953125 0.1109375
0 0.76875 0.13203125 0.09375 0.1984375
0 0.890625 0.16015625 0.096875 0.1734375
0 0.95859375 0.196875 0.0171875 0.31875
0 0.8796875 0.8640625 0.13125 0.09375
0 0.6578125 0.78828125 0.234375 0.1234375
0 0.5984375 0.73359375 0.228125 0.1328125
0 0.36171875 0.79609375 0.3140625 0.1671875
0 0.25078125 0.7828125 0.2640625 0.18125
0 0.16171875 0.7375 0.1984375 0.190625
0 0.2375 0.4703125 0.190625 0.325
0 0.20546875 0.43359375 0.2703125 0.1828125
0 0.47265625 0.415625 0.2328125 0.259375
0 0.50234375 0.31171875 0.1453125 0.1171875
0 0.24296875 0.23984375 0.2109375 0.1890625
0 0.4125 0.21875 0.246875 0.159375
0 0.478125 0.2984375 0.146875 0.228125
0 0.67734375 0.33046875 0.0859375 0.1109375
0 0.8609375 0.44296875 0.1 0.1828125
0 0.225 0.10390625 0.10625 0.0984375
0 0.48125 0.13125 0.190625 0.209375
0 0.659375 0.1203125 0.1125 0.14375
0 0.5359375 0.103125 0.09375 0.05625
0 0.225 0.3 0.05625 0.0625
0 0.1671875 0.43359375 0.0875 0.1046875
0 0.1078125 0.38828125 0.10625 0.1015625
0 0.059375 0.18828125 0.071875 0.1265625
0 0.2359375 0.2578125 0.165625 0.159375
0 0.39375 0.3609375 0.14375 0.228125
0 0.74765625 0.21328125 0.0859375 0.1140625
0 0.7515625 0.15703125 0.096875 0.1609375
0 0.78984375 0.48125 0.0953125 0.1375
0 0.6828125 0.525 0.08125 0.084375
0 0.5578125 0.53046875 0.090625 0.1265625
0 0.3875 0.58828125 0.1 0.1359375
0 0.33359375 0.7140625 0.0671875 0.075
0 0.221875 0.753125 0.046875 0.059375
0 0.1703125 0.7796875 0.065625 0.075
0 0.0328125 0.69609375 0.065625 0.1328125
0 0.9140625 0.6921875 0.015625 0.0625
0 0.840625 0.6265625 0.1125 0.140625
0 0.67109375 0.6359375 0.0953125 0.10625
0 0.44765625 0.63984375 0.1203125 0.1296875
0 0.31484375 0.82578125 0.0453125 0.0984375
0 0.5328125 0.8046875 0.04375 0.121875
0 0.8203125 0.39921875 0.021875 0.0296875
0 0.8484375 0.2625 0.05625 0.1
0 0.8609375 0.22734375 0.05 0.1015625
0 0.89296875 0.0859375 0.0453125 0.1125
0 0.81015625 0.1078125 0.0765625 0.1125
0 0.76796875 0.109375 0.0765625 0.11875
0 0.55234375 0.15 0.1359375 0.175
0 0.40703125 0.11640625 0.1703125 0.1703125
0 0.29375 0.12578125 0.125 0.1984375
0 0.23046875 0.17421875 0.0671875 0.0921875
0 0.1609375 0.16875 0.05625 0.009375
0 0.2203125 0.09921875 0.053125 0.0546875
0 0.15546875 0.19765625 0.0828125 0.2234375
0 0.41953125 0.62890625 0.2578125 0.1671875
0 0.46953125 0.51484375 0.0578125 0.0796875
0 0.49765625 0.2984375 0.1671875 0.25625
0 0.82578125 0.73984375 0.0390625 0.0890625
0 0.8359375 0.7984375 0.11875 0.10625
0 0.67890625 0.7140625 0.0546875 0.053125
0 0.11015625 0.91953125 0.0921875 0.0703125
0 0.22421875 0.9078125 0.0609375 0.0875
0 0.32890625 0.8703125 0.0390625 0.075
0 0.42421875 0.90546875 0.0109375 0.1390625
0 0.34765625 0.94609375 0.1234375 0.0890625
0 0.29453125 0.8328125 0.1203125 0.078125
0 0.12109375 0.81171875 0.1265625 0.0703125
0 0.23671875 0.72890625 0.1484375 0.1203125
0 0.49609375 0.6796875 0.1296875 0.109375
0 0.453125 0.7953125 0.06875 0.109375
0 0.48984375 0.803125 0.0953125 0.05625
0 0.6515625 0.7390625 0.121875 0.046875
0 0.7265625 0.6046875 0.115625 0.0125
0 0.76875 0.3359375 0.065625 0.21875
0 0.740625 0.265625 0.025 0.1875
0 0.47421875 0.28984375 0.1390625 0.1390625
0 0.31015625 0.40859375 0.2234375 0.0296875
0 0.21328125 0.471875 0.1609375 0.15625
0 0.37734375 0.4 0.3015625 0.2625
0 0.86328125 0.78671875 0.1859375 0.2546875
0 0.7859375 0.3953125 0.0625 0.08125
0 0.14609375 0.24375 0.2296875 0.0125
0 0.65546875 0.17421875 0.0828125 0.0921875
0 0.76484375 0.17421875 0.0515625 0.1015625
0 0.87109375 0.1796875 0.0796875 0.146875
0 0.91484375 0.2671875 0.0265625 0.325
0 0.85390625 0.3546875 0.0078125 0.146875
0 0.69453125 0.503125 0.1921875 0.178125
0 0.71875 0.48515625 0.125 0.1953125
0 0.69140625 0.79453125 0.1609375 0.1921875
0 0.49453125 0.7 0.1734375 0.10625
0 0.46328125 0.62109375 0.1609375 0.0890625
0 0.57578125 0.63046875 0.1015625 0.1140625