0 0.48515625 0.328125 0.0421875 0.065625
0 0.4109375 0.3375 0.04375 0.053125
0 0.52265625 0.42578125 0.0265625 0.0265625
0 0.5609375 0.42109375 0.01875 0.0328125
0 0.59921875 0.41640625 0.0296875 0.0328125
0 0.59921875 0.5765625 0.0421875 0.053125
0 0.65390625 0.540625 0.0328125 0.046875
0 0.60078125 0.496875 0.0421875 0.046875
0 0.65078125 0.4578125 0.0390625 0.040625
0 0.67265625 0.32265625 0.0390625 0.0484375
0 0.6125 0.38046875 0.04375 0.0296875
0 0.59609375 0.32734375 0.0421875 0.0546875
0 0.69375 0.625 0.034375 0.05
0 0.63984375 0.6609375 0.0390625 0.05
0 0.7359375 0.70703125 0.04375 0.0453125
0 0.65703125 0.70390625 0.0421875 0.0546875
0 0.8015625 0.13359375 0.01875 0.0328125
0 0.8609375 0.115625 0.01875 0.021875
0 0.92421875 0.121875 0.0140625 0.01875
0 0.96328125 0.15390625 0.0109375 0.0203125
0 0.9578125 0.1234375 0.0125 0.015625
0 0.93203125 0.1546875 0.0171875 0.021875
0 0.86953125 0.1640625 0.0171875 0.021875
0 0.8796875 0.13515625 0.015625 0.0171875
0 0.803125 0.12109375 0.0125 0.0171875
0 0.81953125 0.11640625 0.0109375 0.0171875
0 0.83046875 0.10625 0.0171875 0.025
0 0.82734375 0.125 0.0140625 0.015625
0 0.84453125 0.1203125 0.0140625 0.0125
0 0.85390625 0.12734375 0.0109375 0.0140625
0 0.87734375 0.11796875 0.0140625 0.0140625
0 0.86484375 0.13203125 0.0109375 0.0140625
0 0.86953125 0.14609375 0.0140625 0.0140625
0 0.85546875 0.13984375 0.0109375 0.0109375
0 0.8578125 0.15625 0.0125 0.015625
0 0.8453125 0.15703125 0.015625 0.0140625
0 0.8453125 0.13984375 0.0125 0.0171875
0 0.83359375 0.13828125 0.0109375 0.0171875
0 0.83515625 0.14921875 0.0109375 0.0171875
0 0.83125 0.16953125 0.0125 0.0171875
0 0.84296875 0.17578125 0.0140625 0.0234375
0 0.8234375 0.1609375 0.0125 0.015625
0 0.8234375 0.14375 0.0125 0.015625
0 0.8125 0.153125 0.009375 0.01875
0 0.81484375 0.1328125 0.0109375 0.015625
0 0.928125 0.13828125 0.0125 0.0140625
0 0.93828125 0.12890625 0.0109375 0.0171875
0 0.93515625 0.1125 0.0109375 0.015625
0 0.9453125 0.10546875 0.0125 0.0203125
0 0.9578125 0.109375 0.0125 0.0125
0 0.9703125 0.1140625 0.015625 0.015625
0 0.98203125 0.13515625 0.0109375 0.0140625
0 0.98359375 0.1734375 0.0109375 0.015625
0 0.975 0.18203125 0.0125 0.0109375
0 0.978125 0.15859375 0.009375 0.0171875
0 0.97265625 0.14296875 0.0109375 0.0171875
0 0.96953125 0.13125 0.0140625 0.0125
0 0.96015625 0.13828125 0.0140625 0.0140625
0 0.95 0.1328125 0.0125 0.0125
0 0.96171875 0.178125 0.0109375 0.015625
0 0.9703125 0.16640625 0.0125 0.0171875
0 0.95234375 0.165625 0.0140625 0.0125
0 0.9515625 0.15078125 0.0125 0.0171875
0 0.93984375 0.16171875 0.0078125 0.0171875
0 0.2953125 0.34375 0.040625 0.053125
0 0.3359375 0.34296875 0.034375 0.0515625
0 0.37265625 0.340625 0.0359375 0.05
0 0.45 0.33828125 0.034375 0.0453125
0 0.21171875 0.3984375 0.0109375 0.015625
0 0.21015625 0.396875 0.0171875 0.015625
0 0.21171875 0.39453125 0.0234375 0.0234375
0 0.20703125 0.38515625 0.0421875 0.0421875
0 0.2453125 0.4 0.0125 0.015625
0 0.2453125 0.396875 0.015625 0.015625
0 0.24765625 0.390625 0.0171875 0.015625
0 0.24609375 0.384375 0.0359375 0.04375
0 0.29140625 0.39140625 0.0390625 0.0296875
0 0.328125 0.39140625 0.034375 0.0296875
0 0.3640625 0.40078125 0.01875 0.0203125
0 0.36171875 0.3921875 0.0359375 0.034375
0 0.3265625 0.396875 0.01875 0.015625
0 0.30078125 0.43828125 0.0109375 0.0140625
0 0.3 0.43359375 0.015625 0.0203125
0 0.29921875 0.4328125 0.0234375 0.025
0 0.30078125 0.425 0.0390625 0.05
0 0.2640625 0.43828125 0.0125 0.0171875
0 0.2640625 0.4359375 0.01875 0.021875
0 0.26328125 0.43359375 0.0296875 0.0265625
0 0.26484375 0.42421875 0.0390625 0.0546875
0 0.22734375 0.4390625 0.0109375 0.01875
0 0.22890625 0.43828125 0.0203125 0.0203125
0 0.228125 0.4359375 0.025 0.025
0 0.228125 0.4265625 0.034375 0.05
0 0.190625 0.43984375 0.0125 0.0140625
0 0.19140625 0.44140625 0.0171875 0.0203125
0 0.190625 0.434375 0.021875 0.025
0 0.190625 0.425 0.040625 0.046875
0 0.33828125 0.43515625 0.0140625 0.0203125
0 0.33671875 0.4328125 0.0234375 0.028125
0 0.33671875 0.425 0.0390625 0.046875
0 0.375 0.43359375 0.0125 0.0171875
0 0.375 0.43203125 0.015625 0.0203125
0 0.37421875 0.42890625 0.0234375 0.0265625
0 0.37421875 0.42109375 0.0390625 0.0484375
0 0.3984375 0.4015625 0.009375 0.01875
0 0.396875 0.39765625 0.01875 0.0234375
0 0.39765625 0.3890625 0.0296875 0.0375
0 0.4109375 0.428125 0.0125 0.01875
0 0.41171875 0.42890625 0.0203125 0.0328125
0 0.4 0.47890625 0.009375 0.0109375
0 0.4 0.47734375 0.015625 0.0203125
0 0.39765625 0.47421875 0.0234375 0.0265625
0 0.396875 0.4640625 0.0375 0.0375
0 0.3640625 0.4796875 0.0125 0.0125
0 0.3640625 0.478125 0.01875 0.01875
0 0.36015625 0.47109375 0.0234375 0.0203125
0 0.3625 0.46640625 0.0375 0.0390625
0 0.32578125 0.4828125 0.0140625 0.0125
0 0.32578125 0.48125 0.0171875 0.021875
0 0.32421875 0.4765625 0.0265625 0.028125
0 0.32578125 0.46875 0.0359375 0.0375
0 0.2921875 0.48203125 0.01875 0.0171875
0 0.290625 0.4796875 0.021875 0.021875
0 0.28984375 0.47109375 0.0328125 0.0421875
0 0.25390625 0.484375 0.0078125 0.009375
0 0.2546875 0.48671875 0.01875 0.0203125
0 0.25625 0.48125 0.025 0.025
0 0.2546875 0.471875 0.034375 0.0375
0 0.21796875 0.484375 0.0140625 0.015625
0 0.21640625 0.4828125 0.0171875 0.025
0 0.21796875 0.47421875 0.0328125 0.0421875
0 0.18359375 0.4859375 0.0140625 0.015625
0 0.18203125 0.48125 0.0171875 0.01875
0 0.18125 0.4734375 0.0375 0.046875
0 0.18828125 0.525 0.0140625 0.015625
0 0.18671875 0.52109375 0.0171875 0.0265625
0 0.2265625 0.5203125 0.0125 0.015625
0 0.2265625 0.52109375 0.01875 0.0265625
0 0.2265625 0.515625 0.025 0.028125
0 0.225 0.50859375 0.0375 0.0484375
0 0.26328125 0.5203125 0.0140625 0.01875
0 0.2625 0.51796875 0.021875 0.0265625
0 0.3 0.51875 0.0125 0.015625
0 0.30078125 0.5203125 0.0171875 0.028125
0 0.30234375 0.51953125 0.0265625 0.0328125
0 0.30234375 0.50703125 0.0390625 0.0484375
0 0.3359375 0.51640625 0.0125 0.0171875
0 0.33671875 0.51328125 0.0171875 0.0234375
0 0.33828125 0.5078125 0.0328125 0.059375
0 0.38046875 0.51484375 0.0203125 0.0203125
0 0.37578125 0.509375 0.0234375 0.03125
0 0.4171875 0.51484375 0.0125 0.0140625
0 0.41640625 0.5140625 0.0140625 0.021875
0 0.41484375 0.5109375 0.0203125 0.028125
0 0.41484375 0.50390625 0.0359375 0.0515625
0 0.434375 0.48125 0.009375 0.015625
0 0.43515625 0.48203125 0.0140625 0.0234375
0 0.43515625 0.48046875 0.0234375 0.0296875
0 0.4328125 0.4640625 0.034375 0.046875
0 0.44609375 0.4328125 0.0140625 0.015625
0 0.45 0.4265625 0.01875 0.03125
0 0.4515625 0.41796875 0.0375 0.0484375
0 0.4359375 0.39296875 0.01875 0.0234375
0 0.43828125 0.39609375 0.0109375 0.0171875
0 0.471875 0.39453125 0.0125 0.0140625
0 0.471875 0.39140625 0.021875 0.0265625
0 0.47109375 0.38359375 0.0359375 0.0390625
0 0.51015625 0.39609375 0.0109375 0.0140625
0 0.509375 0.390625 0.021875 0.028125
0 0.4859375 0.425 0.015625 0.021875
0 0.4859375 0.4234375 0.021875 0.03125
0 0.52265625 0.428125 0.0109375 0.015625
0 0.5234375 0.4265625 0.01875 0.021875
0 0.5234375 0.4140625 0.0375 0.05
0 0.5265625 0.340625 0.0125 0.015625
0 0.5265625 0.3421875 0.01875 0.028125
0 0.5234375 0.3390625 0.028125 0.034375
0 0.52421875 0.32890625 0.0390625 0.0546875
0 0.475 0.47890625 0.0125 0.0140625
0 0.47578125 0.4796875 0.0234375 0.025
0 0.475 0.47734375 0.028125 0.0265625
0 0.46796875 0.46171875 0.0296875 0.0390625
0 0.45078125 0.51328125 0.0109375 0.0140625
0 0.44921875 0.51015625 0.0171875 0.0234375
0 0.44921875 0.50859375 0.0234375 0.0296875
0 0.4875 0.51015625 0.0125 0.0203125
0 0.484375 0.50703125 0.021875 0.0265625
0 0.48671875 0.4984375 0.0359375 0.05
0 0.528125 0.50703125 0.015625 0.0171875
0 0.52734375 0.50390625 0.0203125 0.0265625
0 0.52578125 0.50234375 0.0265625 0.0359375
0 0.52265625 0.49453125 0.0390625 0.0515625
0 0.50703125 0.475 0.0140625 0.015625
0 0.50625 0.4734375 0.021875 0.025
0 0.50546875 0.46328125 0.0359375 0.0453125
0 0.54453125 0.47421875 0.0109375 0.0171875
0 0.54296875 0.471875 0.0171875 0.021875
0 0.5421875 0.46953125 0.01875 0.0265625
0 0.54140625 0.46015625 0.0359375 0.0421875
0 0.5640625 0.5078125 0.0125 0.015625
0 0.5640625 0.50546875 0.021875 0.0234375
0 0.56171875 0.50234375 0.0265625 0.0328125
0 0.56015625 0.4953125 0.0390625 0.05
0 0.5625 0.35546875 0.015625 0.0140625
0 0.5640625 0.35390625 0.015625 0.0203125
0 0.56171875 0.3515625 0.0234375 0.028125
0 0.5609375 0.34296875 0.03125 0.0484375
0 0.50859375 0.38125 0.0359375 0.034375
0 0.540625 0.3953125 0.009375 0.0125
0 0.54296875 0.38984375 0.0171875 0.0171875
0 0.54140625 0.38125 0.0328125 0.03125
0 0.578125 0.39453125 0.0125 0.0109375
0 0.578125 0.39375 0.01875 0.021875
0 0.57578125 0.378125 0.0328125 0.03125
0 0.60078125 0.3375 0.0140625 0.015625
0 0.60078125 0.33828125 0.0203125 0.0203125
0 0.59765625 0.33515625 0.0234375 0.0296875
0 0.6359375 0.3453125 0.0125 0.015625
0 0.63515625 0.34375 0.0171875 0.021875
0 0.63515625 0.3421875 0.0234375 0.028125
0 0.6328125 0.33203125 0.0375 0.0484375
0 0.65 0.39296875 0.009375 0.0109375
0 0.65078125 0.3890625 0.0140625 0.015625
0 0.65234375 0.3859375 0.0171875 0.021875
0 0.65 0.3796875 0.034375 0.034375
0 0.634375 0.4234375 0.0125 0.015625
0 0.634375 0.4203125 0.015625 0.01875
0 0.634375 0.41796875 0.025 0.0265625
0 0.63515625 0.41328125 0.0421875 0.0578125
0 0.6 0.41015625 0.0375 0.0609375
0 0.596875 0.41875 0.01875 0.025
0 0.67421875 0.41171875 0.0390625 0.0546875
0 0.6734375 0.4203125 0.015625 0.01875
0 0.67265625 0.41640625 0.0203125 0.0296875
0 0.68671875 0.39375 0.0109375 0.0125
0 0.6875 0.3890625 0.015625 0.021875
0 0.68828125 0.375 0.0328125 0.034375
0 0.675 0.33984375 0.0125 0.0234375
0 0.70625 0.33984375 0.01875 0.0171875
0 0.70546875 0.33828125 0.0171875 0.0234375
0 0.70546875 0.3359375 0.0265625 0.03125
0 0.715625 0.328125 0.034375 0.046875
0 0.675 0.3375 0.025 0.025
0 0.615625 0.46953125 0.0125 0.0140625
0 0.6140625 0.4671875 0.01875 0.01875
0 0.61328125 0.4671875 0.0265625 0.03125
0 0.61640625 0.45703125 0.0328125 0.0328125
0 0.58125 0.47265625 0.0125 0.0203125
0 0.5828125 0.46953125 0.025 0.0234375
0 0.58046875 0.46484375 0.0296875 0.0296875
0 0.5953125 0.50546875 0.015625 0.0203125
0 0.59609375 0.5046875 0.0234375 0.03125
0 0.59765625 0.4953125 0.0359375 0.05
0 0.6390625 0.50390625 0.0125 0.0171875
0 0.6359375 0.5 0.01875 0.028125
0 0.6703125 0.5046875 0.01875 0.015625
0 0.6734375 0.50078125 0.01875 0.0265625
0 0.67421875 0.49296875 0.0359375 0.0546875
0 0.690625 0.46796875 0.009375 0.0140625
0 0.69140625 0.47109375 0.0171875 0.0234375
0 0.690625 0.46796875 0.021875 0.0265625
0 0.68671875 0.45859375 0.0328125 0.0453125
0 0.71328125 0.5046875 0.0140625 0.015625
0 0.7140625 0.5 0.01875 0.025
0 0.690625 0.553125 0.0125 0.0125
0 0.6890625 0.55 0.01875 0.021875
0 0.6890625 0.54140625 0.034375 0.0421875
0 0.64921875 0.5484375 0.0140625 0.01875
0 0.6171875 0.5515625 0.015625 0.021875
0 0.6171875 0.54921875 0.021875 0.0328125
0 0.615625 0.5390625 0.034375 0.040625
0 0.57734375 0.55078125 0.0109375 0.0171875
0 0.5796875 0.5515625 0.01875 0.03125
0 0.578125 0.546875 0.021875 0.03125
0 0.57890625 0.53984375 0.0359375 0.0453125
0 0.5453125 0.55390625 0.0125 0.0140625
0 0.5453125 0.5515625 0.015625 0.01875
0 0.54609375 0.55390625 0.0234375 0.0265625
0 0.54296875 0.54140625 0.0359375 0.0453125
0 0.51015625 0.553125 0.0171875 0.015625
0 0.51015625 0.5515625 0.0203125 0.021875
0 0.5125 0.54921875 0.028125 0.0265625
0 0.5078125 0.53984375 0.034375 0.0421875
0 0.47109375 0.55703125 0.0140625 0.0140625
0 0.47109375 0.55546875 0.0171875 0.0203125
0 0.47109375 0.55546875 0.0234375 0.0265625
0 0.47578125 0.5484375 0.0265625 0.03125
0 0.453125 0.5234375 0.009375 0.003125
0 0.47578125 0.5453125 0.0359375 0.040625
0 0.48984375 0.59375 0.0109375 0.01875
0 0.4890625 0.590625 0.015625 0.021875
0 0.490625 0.5875 0.021875 0.028125
0 0.48671875 0.58046875 0.0359375 0.0546875
0 0.52734375 0.5921875 0.0109375 0.015625
0 0.5265625 0.5921875 0.01875 0.025
0 0.52578125 0.5890625 0.0265625 0.03125
0 0.5625 0.59453125 0.0125 0.0171875
0 0.56015625 0.59140625 0.0171875 0.0234375
0 0.56171875 0.590625 0.0265625 0.028125
0 0.56171875 0.57890625 0.0359375 0.0515625
0 0.596875 0.5921875 0.015625 0.01875
0 0.596875 0.58984375 0.015625 0.0234375
0 0.640625 0.590625 0.015625 0.01875
0 0.63984375 0.590625 0.0203125 0.025
0 0.63984375 0.58671875 0.0234375 0.0265625
0 0.6828125 0.590625 0.015625 0.015625
0 0.67890625 0.58984375 0.0203125 0.0265625
0 0.6796875 0.5875 0.025 0.028125
0 0.71171875 0.58984375 0.0171875 0.0203125
0 0.71171875 0.58984375 0.0234375 0.0265625
0 0.7109375 0.57734375 0.03125 0.0484375
0 0.72890625 0.5515625 0.0109375 0.015625
0 0.72734375 0.55 0.0203125 0.025
0 0.72734375 0.53984375 0.0359375 0.0453125
0 0.6578125 0.6328125 0.0125 0.015625
0 0.65703125 0.63359375 0.0140625 0.0203125
0 0.65625 0.63125 0.025 0.028125
0 0.65390625 0.62265625 0.0390625 0.0484375
0 0.621875 0.63125 0.015625 0.015625
0 0.62109375 0.63125 0.0234375 0.03125
0 0.6171875 0.62109375 0.040625 0.0421875
0 0.58359375 0.63359375 0.0109375 0.0171875
0 0.5828125 0.6328125 0.015625 0.021875
0 0.58203125 0.628125 0.0203125 0.025
0 0.58125 0.625 0.034375 0.046875
0 0.54921875 0.634375 0.0171875 0.015625
0 0.546875 0.63125 0.021875 0.025
0 0.54453125 0.62109375 0.0359375 0.0453125
0 0.5078125 0.6375 0.0125 0.015625
0 0.50703125 0.63515625 0.0203125 0.0203125
0 0.50703125 0.6328125 0.0234375 0.028125
0 0.50703125 0.62421875 0.0328125 0.0453125
0 0.46875 0.63828125 0.0125 0.0140625
0 0.46875 0.6359375 0.015625 0.015625
0 0.46875 0.63046875 0.025 0.0265625
0 0.471875 0.62265625 0.0375 0.0359375
0 0.45390625 0.5921875 0.0140625 0.01875
0 0.45078125 0.58984375 0.0234375 0.0265625
0 0.4484375 0.5796875 0.040625 0.053125
0 0.43203125 0.55546875 0.0109375 0.0140625
0 0.4328125 0.5515625 0.01875 0.025
0 0.43515625 0.54453125 0.0328125 0.0421875
0 0.4015625 0.5578125 0.0125 0.015625
0 0.40234375 0.5578125 0.0171875 0.01875
0 0.3984375 0.5546875 0.025 0.025
0 0.3984375 0.54375 0.0375 0.046875
0 0.41484375 0.59609375 0.0109375 0.0171875
0 0.41328125 0.59375 0.0171875 0.021875
0 0.41328125 0.590625 0.0265625 0.028125
0 0.41328125 0.5828125 0.0359375 0.046875
0 0.378125 0.596875 0.0125 0.015625
0 0.37734375 0.59609375 0.0171875 0.0234375
0 0.37734375 0.596875 0.0234375 0.03125
0 0.37578125 0.58671875 0.0390625 0.0515625
0 0.36484375 0.559375 0.0109375 0.015625
0 0.36796875 0.55546875 0.0234375 0.0203125
0 0.36328125 0.5484375 0.0359375 0.05
0 0.3296875 0.56015625 0.0125 0.0171875
0 0.328125 0.55625 0.01875 0.01875
0 0.3265625 0.54765625 0.03125 0.0390625
0 0.33828125 0.59921875 0.0140625 0.0140625
0 0.3390625 0.5984375 0.015625 0.021875
0 0.33828125 0.59375 0.0234375 0.028125
0 0.3375 0.58359375 0.034375 0.0484375
0 0.30390625 0.59921875 0.0140625 0.0140625
0 0.30390625 0.59765625 0.0203125 0.0234375
0 0.30390625 0.59296875 0.0234375 0.0265625
0 0.3015625 0.58515625 0.034375 0.0421875
0 0.2875 0.56171875 0.009375 0.0140625
0 0.2859375 0.56328125 0.01875 0.0265625
0 0.29140625 0.5515625 0.0359375 0.040625
0 0.2546875 0.565625 0.015625 0.0125
0 0.25625 0.56328125 0.021875 0.0171875
0 0.2640625 0.60234375 0.015625 0.0140625
0 0.26484375 0.59921875 0.0234375 0.0296875
0 0.2640625 0.5921875 0.040625 0.05
0 0.29375 0.64296875 0.015625 0.0140625
0 0.29453125 0.64140625 0.0203125 0.0203125
0 0.2953125 0.63359375 0.0375 0.0421875
0 0.32890625 0.6390625 0.0109375 0.01875
0 0.328125 0.63671875 0.021875 0.0265625
0 0.33046875 0.63203125 0.0359375 0.0421875
0 0.36640625 0.63984375 0.0109375 0.0203125
0 0.3671875 0.6359375 0.015625 0.025
0 0.36484375 0.6359375 0.0265625 0.03125
0 0.36484375 0.62890625 0.0359375 0.0421875
0 0.40234375 0.6390625 0.0109375 0.015625
0 0.40078125 0.6375 0.0171875 0.01875
0 0.40078125 0.63671875 0.0265625 0.0296875
0 0.39921875 0.628125 0.0390625 0.046875
0 0.4328125 0.6390625 0.0125 0.015625
0 0.43359375 0.63515625 0.0203125 0.0203125
0 0.4328125 0.6296875 0.025 0.028125
0 0.43828125 0.62578125 0.0359375 0.0390625
0 0.25546875 0.64375 0.0140625 0.015625
0 0.25625 0.64140625 0.028125 0.0234375
0 0.253125 0.63203125 0.0375 0.0359375
0 0.30546875 0.684375 0.0109375 0.015625
0 0.30703125 0.68046875 0.0203125 0.0203125
0 0.30703125 0.678125 0.0234375 0.025
0 0.30390625 0.671875 0.0390625 0.046875
0 0.340625 0.68046875 0.0125 0.0140625
0 0.34296875 0.67734375 0.0203125 0.0234375
0 0.34140625 0.67109375 0.0390625 0.0546875
0 0.38203125 0.6796875 0.0109375 0.015625
0 0.38125 0.67734375 0.015625 0.0203125
0 0.37890625 0.6796875 0.0234375 0.03125
0 0.37734375 0.67109375 0.0359375 0.0546875
0 0.41015625 0.68203125 0.0140625 0.0171875
0 0.41328125 0.678125 0.0234375 0.028125
0 0.41484375 0.66953125 0.0359375 0.0515625
0 0.446875 0.67734375 0.015625 0.0203125
0 0.4484375 0.675 0.021875 0.028125
0 0.45234375 0.66953125 0.0390625 0.0515625
0 0.4875 0.67578125 0.015625 0.0171875
0 0.4890625 0.67578125 0.021875 0.0265625
0 0.4875 0.66484375 0.0375 0.0546875
0 0.17734375 0.5578125 0.0359375 0.04375
0 0.1796875 0.565625 0.025 0.021875
0 0.215625 0.56484375 0.01875 0.0171875
0 0.21640625 0.56484375 0.0265625 0.0265625
0 0.21875 0.55625 0.040625 0.040625
0 0.25546875 0.5546875 0.0359375 0.04375
0 0.22421875 0.59375 0.0390625 0.04375
0 0.18515625 0.59453125 0.0421875 0.0484375
0 0.18671875 0.60234375 0.0140625 0.0171875
0 0.1875 0.5953125 0.021875 0.028125
0 0.22578125 0.603125 0.0140625 0.0125
0 0.2265625 0.60078125 0.015625 0.0234375
0 0.22578125 0.59921875 0.0234375 0.0359375
0 0.1796875 0.65 0.0125 0.015625
0 0.17890625 0.64765625 0.0203125 0.0203125
0 0.17890625 0.6390625 0.0390625 0.04375
0 0.215625 0.65 0.0125 0.0125
0 0.21640625 0.64765625 0.0203125 0.0203125
0 0.2171875 0.63203125 0.034375 0.0390625
0 0.2703125 0.68671875 0.0125 0.0203125
0 0.26875 0.68203125 0.021875 0.0265625
0 0.26328125 0.6734375 0.0390625 0.05
0 0.221875 0.684375 0.0125 0.015625
0 0.2234375 0.68359375 0.021875 0.0234375
0 0.22578125 0.67421875 0.0390625 0.0515625
0 0.18671875 0.6890625 0.0140625 0.015625
0 0.18984375 0.6859375 0.0234375 0.021875
0 0.1890625 0.6765625 0.0375 0.046875
0 0.175 0.7359375 0.0125 0.015625
0 0.17421875 0.728125 0.0203125 0.028125
0 0.17734375 0.721875 0.0359375 0.040625
0 0.21328125 0.73203125 0.0140625 0.0171875
0 0.21328125 0.72734375 0.0203125 0.0234375
0 0.21484375 0.721875 0.0359375 0.04375
0 0.25859375 0.7265625 0.0109375 0.01875
0 0.25390625 0.72109375 0.0203125 0.0234375
0 0.25546875 0.71796875 0.0359375 0.0484375
0 0.29375 0.72421875 0.0125 0.0171875
0 0.29296875 0.72265625 0.0203125 0.0234375
0 0.29140625 0.7140625 0.0328125 0.04375
0 0.225 0.77109375 0.0125 0.0109375
0 0.22578125 0.76796875 0.0203125 0.0265625
0 0.2265625 0.76015625 0.040625 0.0515625
0 0.18359375 0.77734375 0.0140625 0.0171875
0 0.18203125 0.7765625 0.0234375 0.028125
0 0.1828125 0.77109375 0.028125 0.0328125
0 0.1828125 0.76484375 0.040625 0.0515625
0 0.26328125 0.7734375 0.0140625 0.015625
0 0.2625 0.76796875 0.021875 0.0234375
0 0.265625 0.7578125 0.0375 0.05
0 0.30078125 0.771875 0.0109375 0.015625
0 0.30078125 0.76640625 0.0171875 0.0203125
0 0.30546875 0.7546875 0.0359375 0.04375
0 0.75 0.334375 0.0375 0.040625
0 0.74765625 0.3359375 0.0109375 0.0125
0 0.74765625 0.33515625 0.0171875 0.0234375
0 0.79140625 0.3375 0.0109375 0.015625
0 0.78984375 0.33515625 0.0171875 0.0234375
0 0.790625 0.32890625 0.034375 0.0484375
0 0.82890625 0.3390625 0.0109375 0.015625
0 0.82734375 0.3390625 0.0234375 0.025
0 0.83203125 0.3328125 0.0421875 0.05
0 0.7234375 0.38046875 0.034375 0.0390625
0 0.76015625 0.3890625 0.0140625 0.0125
0 0.7625 0.38359375 0.021875 0.0265625
0 0.76484375 0.37421875 0.0296875 0.0265625
0 0.72421875 0.38359375 0.0203125 0.0234375
0 0.8 0.3875 0.015625 0.021875
0 0.80234375 0.38671875 0.0328125 0.0328125
0 0.79609375 0.37890625 0.0359375 0.0390625
0 0.84453125 0.3859375 0.0203125 0.01875
0 0.84453125 0.38203125 0.0390625 0.0390625
0 0.83046875 0.41640625 0.0140625 0.0203125
0 0.83046875 0.415625 0.0265625 0.025
0 0.83203125 0.41015625 0.0421875 0.0515625
0 0.78984375 0.42109375 0.0140625 0.0171875
0 0.79140625 0.421875 0.0234375 0.01875
0 0.7890625 0.4171875 0.028125 0.025
0 0.790625 0.41640625 0.040625 0.0484375
0 0.75 0.421875 0.0125 0.015625
0 0.746875 0.42109375 0.015625 0.0203125
0 0.74921875 0.41796875 0.0234375 0.0296875
0 0.75234375 0.41171875 0.0359375 0.0515625
0 0.70703125 0.41953125 0.0109375 0.0140625
0 0.709375 0.41796875 0.01875 0.0203125
0 0.70859375 0.41796875 0.0296875 0.0234375
0 0.71171875 0.41484375 0.0390625 0.0515625
0 0.72421875 0.46875 0.0171875 0.01875
0 0.72734375 0.46484375 0.0296875 0.0203125
0 0.72890625 0.4546875 0.0359375 0.0375
0 0.7640625 0.471875 0.0125 0.015625
0 0.765625 0.46484375 0.01875 0.0234375
0 0.76328125 0.45625 0.0390625 0.040625
0 0.80390625 0.4671875 0.0109375 0.015625
0 0.803125 0.4640625 0.025 0.025
0 0.80703125 0.45546875 0.0328125 0.0390625
0 0.84453125 0.4671875 0.0140625 0.015625
0 0.84453125 0.4609375 0.0265625 0.025
0 0.84453125 0.45625 0.0390625 0.0375
0 0.83984375 0.503125 0.0140625 0.0125
0 0.8375 0.4984375 0.021875 0.025
0 0.83359375 0.49140625 0.0453125 0.0578125
0 0.79296875 0.503125 0.0109375 0.0125
0 0.7921875 0.50078125 0.01875 0.0171875
0 0.7921875 0.5 0.025 0.028125
0 0.79140625 0.4921875 0.0421875 0.05
0 0.7515625 0.50390625 0.0125 0.0140625
0 0.7515625 0.50390625 0.01875 0.0234375
0 0.7515625 0.5 0.021875 0.025
0 0.7515625 0.49140625 0.040625 0.0421875
0 0.653125 0.4625 0.01875 0.021875
0 0.65234375 0.459375 0.0359375 0.046875
0 0.69375 0.634375 0.0125 0.01875
0 0.69453125 0.63046875 0.0234375 0.0328125
0 0.7296875 0.6328125 0.0125 0.0125
0 0.73125 0.63046875 0.01875 0.0265625
0 0.7296875 0.621875 0.034375 0.04375
0 0.77421875 0.63359375 0.0109375 0.0171875
0 0.7734375 0.6296875 0.025 0.03125
0 0.76875 0.62421875 0.0375 0.0484375
0 0.75546875 0.58828125 0.0109375 0.0203125
0 0.7546875 0.590625 0.015625 0.028125
0 0.75546875 0.5875 0.0234375 0.028125
0 0.75390625 0.5765625 0.0390625 0.046875
0 0.7671875 0.553125 0.009375 0.015625
0 0.7671875 0.55 0.015625 0.01875
0 0.76796875 0.54765625 0.0203125 0.0203125
0 0.7671875 0.540625 0.0375 0.04375
0 0.80625 0.55078125 0.015625 0.0140625
0 0.8046875 0.5484375 0.025 0.028125
0 0.85078125 0.55234375 0.0140625 0.0203125
0 0.84921875 0.5453125 0.0390625 0.04375
0 0.83203125 0.5859375 0.0234375 0.028125
0 0.83671875 0.57890625 0.0390625 0.0515625
0 0.85234375 0.5484375 0.0234375 0.03125
0 0.79375 0.59375 0.015625 0.01875
0 0.79296875 0.590625 0.0203125 0.028125
0 0.7921875 0.58671875 0.025 0.0296875
0 0.7921875 0.5796875 0.040625 0.05
0 0.81015625 0.63359375 0.0140625 0.0171875
0 0.809375 0.63046875 0.025 0.0265625
0 0.80859375 0.62109375 0.0390625 0.0453125
0 0.85078125 0.6328125 0.0109375 0.015625
0 0.84921875 0.6203125 0.0359375 0.040625
0 0.8390625 0.67578125 0.0125 0.0140625
0 0.840625 0.67421875 0.01875 0.0203125
0 0.840625 0.671875 0.025 0.03125
0 0.84140625 0.6671875 0.0421875 0.04375
0 0.79921875 0.67578125 0.0140625 0.0171875
0 0.8 0.67578125 0.01875 0.0265625
0 0.79765625 0.6734375 0.0234375 0.034375
0 0.8 0.66328125 0.04375 0.0515625
0 0.76015625 0.6734375 0.0171875 0.01875
0 0.75859375 0.67265625 0.0234375 0.0296875
0 0.75546875 0.66328125 0.0390625 0.0546875
0 0.71875 0.67734375 0.0125 0.0203125
0 0.71875 0.675 0.021875 0.028125
0 0.71640625 0.66484375 0.0390625 0.0546875
0 0.6796875 0.675 0.015625 0.01875
0 0.678125 0.671875 0.025 0.028125
0 0.678125 0.66484375 0.034375 0.0515625
0 0.64140625 0.67421875 0.0171875 0.0203125
0 0.6390625 0.6703125 0.025 0.028125
0 0.6046875 0.67578125 0.0125 0.0171875
0 0.6046875 0.67265625 0.01875 0.0234375
0 0.56640625 0.6765625 0.0234375 0.025
0 0.56328125 0.6734375 0.0265625 0.03125
0 0.60078125 0.66328125 0.0359375 0.0484375
0 0.5640625 0.6625 0.0375 0.04375
0 0.5796875 0.715625 0.015625 0.01875
0 0.5796875 0.71484375 0.021875 0.0234375
0 0.58203125 0.70625 0.0359375 0.046875
0 0.621875 0.7203125 0.0125 0.015625
0 0.61953125 0.71640625 0.0203125 0.0265625
0 0.61953125 0.70703125 0.0359375 0.0484375
0 0.65625 0.71875 0.0125 0.015625
0 0.65703125 0.71875 0.0203125 0.028125
0 0.65859375 0.70703125 0.0390625 0.0484375
0 0.69609375 0.71953125 0.0109375 0.0140625
0 0.69609375 0.715625 0.0203125 0.021875
0 0.696875 0.70546875 0.034375 0.0421875
0 0.528125 0.67578125 0.0125 0.0140625
0 0.528125 0.671875 0.021875 0.025
0 0.52578125 0.66328125 0.0359375 0.0515625
0 0.54921875 0.71875 0.0140625 0.01875
0 0.5484375 0.71484375 0.01875 0.0265625
0 0.54609375 0.70625 0.0359375 0.046875
0 0.50859375 0.72109375 0.0109375 0.0171875
0 0.5078125 0.71796875 0.015625 0.0234375
0 0.5078125 0.7140625 0.021875 0.028125
0 0.50859375 0.7078125 0.0359375 0.04375
0 0.47421875 0.7203125 0.0140625 0.015625
0 0.4734375 0.71953125 0.01875 0.0234375
0 0.4734375 0.715625 0.021875 0.028125
0 0.471875 0.7078125 0.0375 0.040625
0 0.43671875 0.721875 0.0140625 0.015625
0 0.4359375 0.71953125 0.01875 0.0203125
0 0.43671875 0.71875 0.0234375 0.028125
0 0.43515625 0.70859375 0.0328125 0.0421875
0 0.73515625 0.72109375 0.0140625 0.0203125
0 0.73359375 0.71484375 0.0234375 0.0296875
0 0.5328125 0.75625 0.0125 0.01875
0 0.53203125 0.75625 0.0171875 0.025
0 0.5296875 0.75546875 0.021875 0.0296875
0 0.5296875 0.75078125 0.028125 0.0421875
0 0.52578125 0.75 0.0390625 0.05
0 0.5640625 0.76015625 0.0125 0.0203125
0 0.56484375 0.7609375 0.0203125 0.025
0 0.56484375 0.759375 0.0234375 0.03125
0 0.5625 0.7515625 0.028125 0.040625
0 0.5640625 0.7515625 0.0375 0.059375
0 0.60390625 0.759375 0.0140625 0.01875
0 0.6046875 0.75703125 0.015625 0.0296875
0 0.60390625 0.75390625 0.0296875 0.0421875
0 0.60234375 0.753125 0.0390625 0.05
0 0.64375 0.7640625 0.015625 0.01875
0 0.64453125 0.7625 0.0234375 0.03125
0 0.64140625 0.7546875 0.0328125 0.05625
0 0.67734375 0.76484375 0.0140625 0.0203125
0 0.67734375 0.76015625 0.0203125 0.0265625
0 0.6796875 0.7546875 0.0375 0.05625
0 0.7171875 0.76484375 0.015625 0.0203125
0 0.71875 0.76484375 0.01875 0.0234375
0 0.7171875 0.76171875 0.025 0.0296875
0 0.71953125 0.75078125 0.0390625 0.0578125
0 0.7625 0.765625 0.015625 0.01875
0 0.76171875 0.7640625 0.0234375 0.03125
0 0.7578125 0.7515625 0.040625 0.05
0 0.771875 0.71796875 0.0125 0.0140625
0 0.7734375 0.715625 0.01875 0.025
0 0.7703125 0.70625 0.040625 0.046875
0 0.77265625 0.80703125 0.0140625 0.0203125
0 0.77109375 0.80390625 0.0234375 0.0296875
0 0.77421875 0.796875 0.0390625 0.040625
0 0.79921875 0.76875 0.0140625 0.015625
0 0.7984375 0.76875 0.025 0.025
0 0.79765625 0.7640625 0.0265625 0.034375
0 0.80078125 0.75859375 0.0421875 0.0515625
0 0.8109375 0.71953125 0.015625 0.0203125
0 0.8109375 0.7140625 0.025 0.028125
0 0.809375 0.7109375 0.046875 0.040625
0 0.48828125 0.76015625 0.0203125 0.0203125
0 0.49140625 0.7546875 0.0390625 0.05625
0 0.45234375 0.76484375 0.0171875 0.0203125
0 0.546875 0.8015625 0.015625 0.021875
0 0.5453125 0.79375 0.034375 0.04375
0 0.58125 0.7984375 0.034375 0.046875
0 0.57890625 0.7984375 0.0203125 0.028125
0 0.584375 0.80234375 0.015625 0.0171875
0 0.625 0.80546875 0.015625 0.0171875
0 0.62265625 0.8046875 0.0203125 0.034375
0 0.62109375 0.7953125 0.0359375 0.053125
0 0.6578125 0.80390625 0.0125 0.0171875
0 0.65625 0.803125 0.021875 0.034375
0 0.65859375 0.79609375 0.0328125 0.0453125
0 0.69375 0.80234375 0.0125 0.0203125
0 0.6921875 0.8 0.01875 0.028125
0 0.69140625 0.79609375 0.0359375 0.0453125
0 0.7359375 0.8046875 0.0125 0.01875
0 0.73359375 0.79921875 0.0203125 0.0328125
0 0.73359375 0.796875 0.0328125 0.04375
0 0.60234375 0.84296875 0.0390625 0.0609375
0 0.6046875 0.85078125 0.034375 0.0515625
0 0.60234375 0.85 0.0203125 0.03125
0 0.60234375 0.85625 0.0109375 0.015625
0 0.63828125 0.8546875 0.0140625 0.021875
0 0.6390625 0.84921875 0.021875 0.0296875
0 0.63984375 0.8453125 0.0359375 0.0375
0 0.5640625 0.85390625 0.0125 0.0203125
0 0.56328125 0.853125 0.0265625 0.028125
0 0.565625 0.840625 0.040625 0.046875
0 0.509375 0.80078125 0.015625 0.0171875
0 0.5078125 0.796875 0.021875 0.03125
0 0.52578125 0.8421875 0.0390625 0.059375
0 0.52109375 0.853125 0.0171875 0.03125
0 0.4859375 0.84140625 0.0375 0.0578125
0 0.48671875 0.84609375 0.0296875 0.0390625
0 0.475 0.79765625 0.034375 0.0421875
0 0.47421875 0.79921875 0.0234375 0.0265625
0 0.45234375 0.75703125 0.0390625 0.0578125
0 0.45 0.8421875 0.0375 0.053125
0 0.4546875 0.85 0.021875 0.034375
0 0.43671875 0.79765625 0.0390625 0.0515625
0 0.43359375 0.79921875 0.0265625 0.0328125
0 0.47265625 0.8859375 0.0359375 0.053125
0 0.471875 0.8875 0.025 0.028125
0 0.5109375 0.89375 0.01875 0.025
0 0.5109375 0.8828125 0.0375 0.053125
0 0.54765625 0.89375 0.0171875 0.025
0 0.54765625 0.890625 0.0359375 0.0625
0 0.58515625 0.88984375 0.0171875 0.0296875
0 0.584375 0.8796875 0.03125 0.053125
0 0.62578125 0.89375 0.0140625 0.025
0 0.6234375 0.8890625 0.01875 0.028125
0 0.625 0.88515625 0.034375 0.0390625
0 0.6625 0.89375 0.0125 0.015625
0 0.66015625 0.88984375 0.0234375 0.0265625
0 0.659375 0.8859375 0.034375 0.040625
0 0.684375 0.8515625 0.021875 0.025
0 0.68515625 0.84375 0.0296875 0.0375
0 0.68359375 0.8453125 0.0390625 0.053125
0 0.69921875 0.890625 0.0296875 0.025
0 0.696875 0.88359375 0.04375 0.0484375
0 0.7203125 0.85 0.01875 0.021875
0 0.721875 0.84765625 0.028125 0.0390625
0 0.72109375 0.84140625 0.0390625 0.0484375
0 0.7375 0.89453125 0.015625 0.0171875
0 0.7375 0.89375 0.025 0.028125
0 0.7359375 0.8890625 0.040625 0.04375
0 0.7640625 0.85625 0.0125 0.021875
0 0.7609375 0.85 0.025 0.025
0 0.7625 0.84609375 0.03125 0.0390625
0 0.7609375 0.8453125 0.034375 0.05625
0 0.16484375 0.884375 0.0390625 0.05
0 0.18828125 0.84375 0.0421875 0.04375
0 0.21953125 0.79921875 0.0421875 0.0453125
0 0.25078125 0.80703125 0.0171875 0.0265625
0 0.2578125 0.79921875 0.034375 0.0421875
0 0.17265625 0.80625 0.0328125 0.040625
0 0.215625 0.80546875 0.01875 0.0171875
0 0.184375 0.8515625 0.0125 0.028125
0 0.16328125 0.9 0.0171875 0.021875
0 0.2171875 0.90234375 0.01875 0.0265625
0 0.1703125 0.80859375 0.015625 0.0140625
0 0.21484375 0.8890625 0.0359375 0.04375
0 0.22265625 0.8609375 0.0109375 0.0125
0 0.22265625 0.85703125 0.0234375 0.0265625
0 0.221875 0.84765625 0.03125 0.0296875
0 0.22421875 0.846875 0.0328125 0.05625
0 0.25859375 0.86015625 0.0140625 0.0171875
0 0.259375 0.859375 0.021875 0.028125
0 0.2578125 0.85390625 0.03125 0.0390625
0 0.26015625 0.8453125 0.0390625 0.05
0 0.2453125 0.89765625 0.0125 0.0171875
0 0.24921875 0.89296875 0.0203125 0.0234375
0 0.25 0.89453125 0.0375 0.0359375
0 0.284375 0.89921875 0.0125 0.0171875
0 0.28515625 0.89140625 0.0203125 0.0265625
0 0.2875 0.8875 0.04375 0.046875
0 0.29765625 0.85703125 0.0140625 0.0171875
0 0.2984375 0.85234375 0.021875 0.0265625
0 0.30390625 0.840625 0.0328125 0.04375
0 0.2921875 0.80625 0.0125 0.01875
0 0.29140625 0.803125 0.0203125 0.03125
0 0.29140625 0.8 0.0359375 0.04375
0 0.32890625 0.80859375 0.0140625 0.0203125
0 0.32890625 0.80390625 0.0203125 0.0265625
0 0.3296875 0.8015625 0.03125 0.0375
0 0.34453125 0.76875 0.0140625 0.01875
0 0.34453125 0.7671875 0.0203125 0.028125
0 0.33984375 0.75625 0.0359375 0.046875
0 0.3765625 0.7671875 0.015625 0.01875
0 0.325 0.88828125 0.03125 0.0421875
0 0.32734375 0.890625 0.0234375 0.028125
0 0.34296875 0.85546875 0.0171875 0.0234375
0 0.33984375 0.85078125 0.0234375 0.0359375
0 0.3375 0.846875 0.03125 0.040625
0 0.3609375 0.80859375 0.015625 0.0140625
0 0.36484375 0.8078125 0.0234375 0.03125
0 0.365625 0.8 0.028125 0.0375
0 0.37890625 0.75625 0.0359375 0.053125
0 0.37265625 0.85625 0.0109375 0.015625
0 0.37265625 0.85234375 0.0203125 0.0234375
0 0.3765625 0.84609375 0.028125 0.0421875
0 0.37578125 0.84296875 0.0390625 0.0515625
0 0.3625 0.89453125 0.0125 0.0140625
0 0.36171875 0.8890625 0.0171875 0.028125
0 0.359375 0.88984375 0.040625 0.0453125
0 0.4 0.7984375 0.03125 0.040625
0 0.40078125 0.80234375 0.0203125 0.0234375
0 0.40859375 0.853125 0.0140625 0.01875
0 0.4109375 0.8484375 0.025 0.034375
0 0.41328125 0.85 0.0296875 0.05
0 0.39609375 0.89296875 0.0109375 0.0203125
0 0.403125 0.88828125 0.034375 0.0484375
0 0.43359375 0.8921875 0.0140625 0.01875
0 0.4328125 0.8921875 0.021875 0.040625
0 0.43515625 0.884375 0.0359375 0.04375
0 0.41171875 0.7625 0.0296875 0.025
0 0.41875 0.74453125 0.03125 0.0390625
0 0.403125 0.71015625 0.03125 0.0421875
0 0.36328125 0.721875 0.0140625 0.0125
0 0.3640625 0.7171875 0.025 0.028125
0 0.4015625 0.721875 0.021875 0.028125
0 0.32578125 0.7234375 0.0078125 0.015625
0 0.328125 0.71796875 0.01875 0.0234375
0 0.32890625 0.7125 0.0390625 0.04375
0 0.8625 0.8984375 0.015625 0.021875
0 0.859375 0.89375 0.025 0.03125
0 0.85703125 0.8859375 0.0359375 0.04375
0 0.77734375 0.89375 0.0140625 0.01875
0 0.78046875 0.8921875 0.0265625 0.0375
0 0.77734375 0.8875 0.0359375 0.046875
0 0.80546875 0.85703125 0.0109375 0.0203125
0 0.803125 0.85234375 0.025 0.0328125
0 0.80234375 0.84609375 0.0421875 0.0578125
0 0.815625 0.89453125 0.0125 0.0265625
0 0.815625 0.896875 0.03125 0.0375
0 0.846875 0.85234375 0.015625 0.0265625
0 0.84375 0.84765625 0.03125 0.0390625
0 0.8171875 0.80234375 0.028125 0.0359375
0 0.859375 0.803125 0.01875 0.01875
0 0.859375 0.80546875 0.03125 0.0453125
0 0.84609375 0.765625 0.0171875 0.028125
0 0.8453125 0.7578125 0.040625 0.05
0 0.8546875 0.71953125 0.0125 0.0203125
0 0.85546875 0.7140625 0.0234375 0.03125
0 0.8546875 0.70546875 0.04375 0.0484375
0 0.84609375 0.7578125 0.0453125 0.04375