0 0.8359375 0.26796875 0.196875 0.2234375
0 0.63203125 0.315625 0.2265625 0.240625
0 0.9171875 0.37890625 0.165625 0.2015625
0 0.75078125 0.49453125 0.2046875 0.2109375
0 0.06953125 0.52734375 0.1390625 0.2453125
0 0.525 0.534375 0.221875 0.2125
0 0.303125 0.540625 0.253125 0.240625
0 0.828125 0.671875 0.1875 0.1875
0 0.603125 0.7015625 0.2 0.1875
0 0.41328125 0.79765625 0.2265625 0.1640625
0 0.9671875 0.17421875 0.065625 0.2046875
0 0.9265625 0.84296875 0.146875 0.0765625
0 0.2015625 0.84453125 0.221875 0.0703125