0 0.83671875 0.6640625 0.1734375 0.16875
0 0.6703125 0.66171875 0.15625 0.1640625
0 0.96171875 0.66171875 0.0765625 0.1640625
0 0.08125 0.5296875 0.15625 0.18125
0 0.24609375 0.52734375 0.1765625 0.1734375
0 0.41796875 0.525 0.1640625 0.159375
0 0.91484375 0.5203125 0.1703125 0.165625
0 0.58515625 0.52109375 0.1640625 0.1609375
0 0.74765625 0.5203125 0.1640625 0.159375
0 0.34296875 0.94375 0.1796875 0.1125
0 0.1609375 0.94140625 0.16875 0.1140625
0 0.68125 0.93984375 0.165625 0.1203125
0 0.515625 0.9390625 0.165625 0.121875
0 0.15625 0.37734375 0.16875 0.1703125
0 0.49765625 0.37734375 0.1640625 0.1765625
0 0.32890625 0.37578125 0.1703125 0.1734375
0 0.9578125 0.37421875 0.084375 0.1765625
0 0.66328125 0.3734375 0.1640625 0.178125
0 0.83359375 0.3734375 0.1703125 0.178125
0 0.8578125 0.93515625 0.16875 0.1296875
0 0.0765625 0.22734375 0.146875 0.1703125
0 0.23671875 0.228125 0.1703125 0.16875
0 0.4109375 0.22578125 0.165625 0.1703125
0 0.90625 0.22265625 0.16875 0.1703125
0 0.5765625 0.22109375 0.16875 0.1765625
0 0.74140625 0.2203125 0.1546875 0.165625
0 0.1421875 0.08359375 0.178125 0.1609375
0 0.49140625 0.08359375 0.1640625 0.1609375
0 0.32265625 0.08359375 0.1734375 0.1609375
0 0.65390625 0.08125 0.1640625 0.15625
0 0.81640625 0.08125 0.1609375 0.15625
0 0.9484375 0.0796875 0.103125 0.153125
0 0.0796875 0.82421875 0.159375 0.1609375
0 0.24921875 0.82265625 0.1765625 0.1734375
0 0.42421875 0.81953125 0.1703125 0.1703125
0 0.7703125 0.81796875 0.16875 0.1734375
0 0.59765625 0.81484375 0.1765625 0.1765625
0 0.9265625 0.81015625 0.146875 0.1640625
0 0.040625 0.68125 0.075 0.178125
0 0.16171875 0.67890625 0.1734375 0.1734375
0 0.33671875 0.67265625 0.1734375 0.1703125
0 0.509375 0.66640625 0.165625 0.1734375