0 0.16328125 0.3359375 0.1734375 0.16875
0 0.33125 0.33828125 0.15625 0.1640625
0 0.03828125 0.33984375 0.0765625 0.1640625
0 0.91875 0.47109375 0.15625 0.1796875
0 0.75390625 0.47421875 0.1765625 0.1734375
0 0.58203125 0.4765625 0.1640625 0.159375
0 0.08515625 0.4796875 0.1703125 0.165625
0 0.415625 0.47890625 0.1625 0.1609375
0 0.25234375 0.4796875 0.1640625 0.159375
0 0.65703125 0.05625 0.1796875 0.1125
0 0.8390625 0.05859375 0.16875 0.1140625
0 0.31875 0.06015625 0.165625 0.1203125
0 0.484375 0.0609375 0.165625 0.121875
0 0.8421875 0.62265625 0.16875 0.1703125
0 0.50234375 0.62265625 0.1640625 0.1765625
0 0.67265625 0.62421875 0.1703125 0.1734375
0 0.0421875 0.62734375 0.084375 0.1765625
0 0.33515625 0.6265625 0.1640625 0.178125
0 0.16640625 0.628125 0.1703125 0.178125
0 0.1421875 0.06484375 0.16875 0.1296875
0 0.925 0.77265625 0.146875 0.1703125
0 0.76171875 0.771875 0.1703125 0.16875
0 0.590625 0.77421875 0.165625 0.1703125
0 0.0921875 0.77734375 0.16875 0.1703125
0 0.421875 0.77890625 0.16875 0.1765625
0 0.26015625 0.7796875 0.1546875 0.165625
0 0.8578125 0.91796875 0.178125 0.1609375
0 0.50859375 0.91796875 0.1640625 0.1609375
0 0.67734375 0.91796875 0.1734375 0.1609375
0 0.34609375 0.91875 0.1640625 0.15625
0 0.18359375 0.91875 0.1609375 0.15625
0 0.0515625 0.91953125 0.103125 0.1546875
0 0.9203125 0.17578125 0.159375 0.1609375
0 0.75078125 0.17734375 0.1765625 0.1734375
0 0.57578125 0.18203125 0.1703125 0.1703125
0 0.23125 0.18359375 0.16875 0.1734375
0 0.40234375 0.18671875 0.1765625 0.1765625
0 0.0734375 0.18984375 0.146875 0.1640625
0 0.9609375 0.31875 0.075 0.178125
0 0.83984375 0.32109375 0.1734375 0.1734375
0 0.66328125 0.32890625 0.1734375 0.1703125
0 0.4921875 0.33359375 0.165625 0.1734375
0 0.0328125 0.06875 0.065625 0.1375
0 0.95625 0.0609375 0.0875 0.121875
0 0.96640625 0.62421875 0.0671875 0.1703125
0 0.9625 0.9140625 0.075 0.165625