0 0.3625 0.265625 0.096875 0.103125
0 0.45859375 0.26953125 0.0890625 0.1046875
0 0.546875 0.27734375 0.0875 0.0984375
0 0.628125 0.27890625 0.08125 0.0984375
0 0.7078125 0.28984375 0.08125 0.0953125
0 0.77890625 0.29453125 0.0703125 0.0953125
0 0.853125 0.29453125 0.075 0.0921875
0 0.93515625 0.29921875 0.0734375 0.0890625
0 0.0328125 0.36328125 0.01875 0.0953125
0 0.0609375 0.3640625 0.025 0.096875
0 0.37890625 0.46953125 0.0921875 0.1015625
0 0.47109375 0.47109375 0.0890625 0.0984375
0 0.63046875 0.471875 0.0671875 0.09375
0 0.5625 0.4734375 0.0875 0.09375
0 0.72109375 0.4734375 0.0796875 0.09375
0 0.8109375 0.47421875 0.078125 0.0921875
0 0.88671875 0.47421875 0.0734375 0.0921875
0 0.95703125 0.47578125 0.0703125 0.0890625
0 0.0296875 0.54765625 0.021875 0.0921875
0 0.0546875 0.55625 0.025 0.09375
0 0.0859375 0.56171875 0.034375 0.1015625
0 0.95078125 0.65234375 0.0703125 0.0890625
0 0.87890625 0.6546875 0.0734375 0.09375
0 0.803125 0.65703125 0.075 0.0921875
0 0.72421875 0.659375 0.0765625 0.09375
0 0.6421875 0.6625 0.08125 0.096875
0 0.55625 0.6640625 0.084375 0.096875
0 0.46640625 0.66796875 0.0890625 0.0984375
0 0.37578125 0.67109375 0.0921875 0.1015625
0 0.01875 0.71640625 0.025 0.0890625
0 0.040625 0.728125 0.025 0.09375
0 0.0671875 0.74609375 0.025 0.0953125
0 0.93515625 0.82265625 0.0703125 0.0859375
0 0.86484375 0.82890625 0.0703125 0.0890625
0 0.79140625 0.83515625 0.0734375 0.0921875
0 0.715625 0.8390625 0.075 0.090625
0 0.63828125 0.8453125 0.0796875 0.09375
0 0.55625 0.853125 0.08125 0.096875
0 0.46875 0.85703125 0.0875 0.0984375
0 0.37265625 0.859375 0.0890625 0.096875
0 0.02265625 0.89140625 0.0203125 0.0890625
0 0.04375 0.9109375 0.021875 0.09375
0 0.07109375 0.93359375 0.0265625 0.0921875
0 0.93828125 0.97421875 0.0703125 0.0453125
0 0.86796875 0.98046875 0.0703125 0.0359375
0 0.75234375 0.11015625 0.0796875 0.0921875
0 0.86640625 0.115625 0.0734375 0.090625
0 0.93984375 0.125 0.0703125 0.0875
0 0.05 0.175 0.021875 0.096875
0 0.03046875 0.18671875 0.0203125 0.0890625
0 0.7953125 0.98515625 0.065625 0.0296875