0 0.353125 0.24921875 0.103125 0.1140625
0 0.45546875 0.25234375 0.0984375 0.1109375
0 0.55 0.26171875 0.096875 0.1078125
0 0.63671875 0.2640625 0.0890625 0.10625
0 0.72265625 0.2734375 0.0890625 0.103125
0 0.79765625 0.27734375 0.0765625 0.1015625
0 0.87734375 0.27890625 0.0796875 0.0984375
0 0.9625 0.28359375 0.071875 0.1015625
0 0.02734375 0.353125 0.0296875 0.103125
0 0.36953125 0.46640625 0.1015625 0.1109375
0 0.6390625 0.46953125 0.075 0.1015625
0 0.47109375 0.46953125 0.0984375 0.1078125
0 0.5671875 0.4703125 0.090625 0.103125
0 0.734375 0.47109375 0.084375 0.1015625
0 0.83359375 0.47265625 0.0828125 0.1015625
0 0.91328125 0.47421875 0.0796875 0.0984375
0 0.97578125 0.4734375 0.0453125 0.096875
0 0.02265625 0.55859375 0.0265625 0.1015625
0 0.05625 0.565625 0.034375 0.10625
0 0.97109375 0.6609375 0.0578125 0.096875
0 0.90390625 0.66328125 0.0796875 0.0984375
0 0.82421875 0.66640625 0.0828125 0.1015625
0 0.7390625 0.6703125 0.084375 0.103125
0 0.6515625 0.67421875 0.090625 0.1015625
0 0.55859375 0.6765625 0.0921875 0.10625
0 0.4625 0.6796875 0.09375 0.10625
0 0.36640625 0.68359375 0.0984375 0.1078125
0 0.03671875 0.76171875 0.0296875 0.1015625
0 0.7703125 0.08046875 0.0875 0.0984375
0 0.9625 0.84375 0.071875 0.096875
0 0.89140625 0.8515625 0.0765625 0.09375
0 0.81328125 0.8578125 0.0796875 0.096875
0 0.73125 0.8640625 0.084375 0.096875
0 0.646875 0.87109375 0.084375 0.1015625
0 0.55859375 0.87734375 0.0890625 0.1015625
0 0.89296875 0.08984375 0.0765625 0.0984375
0 0.465625 0.8828125 0.09375 0.103125
0 0.3625 0.88515625 0.096875 0.1015625
0 0.009375 0.940625 0.01875 0.096875
0 0.03828125 0.9546875 0.0296875 0.0875
0 0.965625 0.0984375 0.065625 0.096875
0 0.0171875 0.15078125 0.021875 0.1015625