0 0.9109375 0.72265625 0.09375 0.2234375
0 0.79140625 0.7125 0.1015625 0.23125
0 0.675 0.68125 0.103125 0.23125
0 0.51328125 0.65 0.1078125 0.23125
0 0.3859375 0.6078125 0.11875 0.240625
0 0.86640625 0.52109375 0.0921875 0.2140625
0 0.74296875 0.48984375 0.1015625 0.2140625
0 0.6109375 0.46640625 0.10625 0.2265625
0 0.97109375 0.4140625 0.0578125 0.2125
0 0.47578125 0.40859375 0.1140625 0.2390625
0 0.35 0.36171875 0.11875 0.2453125
0 0.85078125 0.3078125 0.0984375 0.221875
0 0.67421875 0.27265625 0.0984375 0.2234375
0 0.5796875 0.22578125 0.10625 0.2359375
0 0.44609375 0.1609375 0.1171875 0.240625
0 0.93125 0.1234375 0.09375 0.221875
0 0.321875 0.1140625 0.13125 0.221875
0 0.75703125 0.103125 0.1015625 0.2
0 0.6546875 0.08125 0.10625 0.15625
0 0.8359375 0.903125 0.09375 0.190625
0 0.54296875 0.04921875 0.1109375 0.0921875
0 0.715625 0.89296875 0.103125 0.2140625
0 0.59765625 0.87578125 0.1078125 0.2359375
0 0.42734375 0.84765625 0.1171875 0.2390625