0 0.93671875 0.9796875 0.0453125 0.040625
0 0.5765625 0.80859375 0.053125 0.0796875
0 0.07578125 0.80234375 0.0453125 0.0703125
0 0.16328125 0.80234375 0.0453125 0.0703125
0 0.7234375 0.79921875 0.04375 0.0609375
0 0.4359375 0.8 0.040625 0.05625
0 0.24921875 0.8 0.0453125 0.075
0 0.8171875 0.79765625 0.040625 0.0609375
0 0.3484375 0.79609375 0.040625 0.0578125
0 0.5296875 0.79296875 0.04375 0.0484375
0 0.00703125 0.79296875 0.0140625 0.0671875
0 0.6203125 0.7890625 0.04375 0.053125
0 0.94296875 0.75546875 0.0578125 0.0859375
0 0.83984375 0.7546875 0.0578125 0.084375
0 0.73671875 0.7484375 0.0578125 0.084375
0 0.428125 0.74140625 0.053125 0.0796875
0 0.334375 0.73984375 0.053125 0.0796875
0 0.528125 0.73984375 0.05625 0.0796875
0 0.47421875 0.97265625 0.0546875 0.0546875
0 0.28125 0.97265625 0.053125 0.0546875
0 0.20546875 0.734375 0.0453125 0.075
0 0.11953125 0.7359375 0.0453125 0.071875
0 0.678125 0.734375 0.04375 0.05625
0 0.625 0.73359375 0.053125 0.0765625
0 0.7703125 0.7328125 0.040625 0.0625
0 0.03984375 0.73125 0.0453125 0.071875
0 0.86640625 0.728125 0.0390625 0.0625
0 0.390625 0.7296875 0.040625 0.059375
0 0.4828125 0.72734375 0.040625 0.0515625
0 0.30234375 0.725 0.0359375 0.059375
0 0.5734375 0.72578125 0.040625 0.0515625
0 0.26640625 0.72109375 0.0359375 0.0484375
0 0.57265625 0.97109375 0.0578125 0.0578125
0 0.3796875 0.97109375 0.053125 0.0578125
0 0.78828125 0.6796875 0.0578125 0.084375
0 0.88984375 0.67890625 0.0578125 0.0828125
0 0.68828125 0.67578125 0.0578125 0.0828125
0 0.9796875 0.67578125 0.040625 0.0828125
0 0.28828125 0.67421875 0.0515625 0.0765625
0 0.38203125 0.67109375 0.0515625 0.0765625
0 0.478125 0.67109375 0.05625 0.0828125
0 0.16328125 0.6703125 0.0453125 0.075
0 0.2453125 0.66875 0.04375 0.071875
0 0.08046875 0.66796875 0.0453125 0.0703125
0 0.5765625 0.66484375 0.05625 0.0796875
0 0.0109375 0.66328125 0.021875 0.0703125
0 0.43515625 0.66171875 0.0390625 0.0578125
0 0.72890625 0.66171875 0.0390625 0.0671875
0 0.82265625 0.66015625 0.0390625 0.0703125
0 0.34609375 0.66171875 0.0359375 0.0578125
0 0.915625 0.659375 0.034375 0.0625
0 0.2234375 0.6578125 0.03125 0.059375
0 0.525 0.6578125 0.040625 0.05625
0 0.61796875 0.653125 0.0390625 0.05625
0 0.33515625 0.6 0.0515625 0.075
0 0.42734375 0.59609375 0.0515625 0.0765625
0 0.525 0.59453125 0.05625 0.0828125
0 0.29921875 0.59375 0.0328125 0.0625
0 0.15234375 0.5921875 0.0453125 0.075
0 0.07109375 0.5921875 0.0453125 0.071875
0 0.88984375 0.58984375 0.0578125 0.0890625
0 0.98671875 0.58984375 0.0265625 0.0859375
0 0.61875 0.58984375 0.053125 0.0796875
0 0.38984375 0.5890625 0.0390625 0.0625
0 0.78671875 0.58984375 0.0578125 0.0859375
0 0.47890625 0.5875 0.0390625 0.065625
0 0.21953125 0.58671875 0.0390625 0.0578125
0 0.68515625 0.584375 0.0578125 0.0875
0 0.56953125 0.584375 0.0390625 0.0625
0 0.72578125 0.58046875 0.0359375 0.0671875
0 0.5265625 0.95546875 0.04375 0.0453125
0 0.4359375 0.95546875 0.040625 0.0515625
0 0.18984375 0.5296875 0.0484375 0.075
0 0.09453125 0.528125 0.0484375 0.075
0 0.01953125 0.525 0.0390625 0.075
0 0.83671875 0.5125 0.0578125 0.0875
0 0.32890625 0.5140625 0.0515625 0.075
0 0.29296875 0.5125 0.0296875 0.0625
0 0.94375 0.51171875 0.05625 0.0890625
0 0.38359375 0.51171875 0.0359375 0.0609375
0 0.73515625 0.51171875 0.0609375 0.0890625
0 0.425 0.51171875 0.05625 0.0796875
0 0.47578125 0.50859375 0.0390625 0.0609375
0 0.51875 0.50703125 0.05625 0.0828125
0 0.77265625 0.50703125 0.0359375 0.0703125
0 0.67421875 0.50546875 0.0453125 0.0671875
0 0.5640625 0.50390625 0.040625 0.0609375
0 0.6125 0.50234375 0.05625 0.0828125
0 0.15078125 0.4625 0.0453125 0.075
0 0.06953125 0.4625 0.0453125 0.071875
0 0.21953125 0.46015625 0.0390625 0.0578125
0 0.27734375 0.44453125 0.0515625 0.0796875
0 0.42890625 0.44375 0.0390625 0.05625
0 0.3734375 0.44375 0.053125 0.075
0 0.33828125 0.44296875 0.0359375 0.0578125
0 0.471875 0.4390625 0.053125 0.084375
0 0.51953125 0.43671875 0.0390625 0.0609375
0 0.825 0.434375 0.034375 0.065625
0 0.89296875 0.43359375 0.0609375 0.0890625
0 0.98515625 0.43359375 0.0296875 0.0890625
0 0.61171875 0.434375 0.0390625 0.05625
0 0.56484375 0.43359375 0.0578125 0.0828125
0 0.78828125 0.4328125 0.0578125 0.0875
0 0.72578125 0.43203125 0.0390625 0.0640625
0 0.6859375 0.42734375 0.059375 0.0890625
0 0.0296875 0.3953125 0.04375 0.071875
0 0.1109375 0.39375 0.04375 0.075
0 0.19609375 0.39375 0.0453125 0.075
0 0.4234375 0.37265625 0.053125 0.0765625
0 0.47421875 0.37265625 0.0390625 0.0578125
0 0.375 0.3703125 0.04375 0.0625
0 0.3171875 0.37109375 0.053125 0.0765625
0 0.5640625 0.36640625 0.040625 0.0546875
0 0.51875 0.36640625 0.05625 0.0828125
0 0.8796875 0.36171875 0.03125 0.0703125
0 0.6140625 0.36171875 0.053125 0.0765625
0 0.78046875 0.35703125 0.0359375 0.0703125
0 0.67890625 0.3546875 0.0484375 0.065625
0 0.95390625 0.35390625 0.0609375 0.0859375
0 0.84453125 0.35390625 0.0578125 0.0859375
0 0.7421875 0.35078125 0.059375 0.0890625
0 0.24765625 0.934375 0.0484375 0.075
0 0.21953125 0.33515625 0.0390625 0.0578125
0 0.07578125 0.3296875 0.0453125 0.071875
0 0.1546875 0.3265625 0.04375 0.071875
0 0.33515625 0.31171875 0.0359375 0.0609375
0 0.27578125 0.30390625 0.0515625 0.0765625
0 0.4203125 0.3015625 0.04375 0.065625
0 0.5203125 0.30234375 0.040625 0.0546875
0 0.609375 0.29921875 0.040625 0.0546875
0 0.471875 0.29765625 0.053125 0.0796875
0 0.5671875 0.29296875 0.053125 0.0796875
0 0.365625 0.28984375 0.053125 0.0796875
0 0.16796875 0.92890625 0.0453125 0.0703125
0 0.84453125 0.271875 0.0390625 0.071875
0 0.7390625 0.27109375 0.04375 0.0703125
0 0.08046875 0.92421875 0.0453125 0.0703125
0 0.18515625 0.26875 0.0296875 0.05625
0 0.6890625 0.26328125 0.059375 0.0890625
0 0.91875 0.26171875 0.0625 0.0921875
0 0.8078125 0.26015625 0.0625 0.0921875
0 0.11953125 0.25390625 0.0453125 0.0703125
0 0.03359375 0.25390625 0.0453125 0.0703125
0 0.20546875 0.25234375 0.0453125 0.0703125
0 0.29296875 0.2453125 0.0359375 0.0625
0 0.475 0.2390625 0.040625 0.053125
0 0.56328125 0.234375 0.0390625 0.05625
0 0.3765625 0.22734375 0.040625 0.0640625
0 0.31953125 0.22578125 0.0515625 0.0796875
0 0.5140625 0.225 0.053125 0.075
0 0.42265625 0.22265625 0.0515625 0.0796875
0 0.61171875 0.2234375 0.0515625 0.075
0 0.22890625 0.203125 0.0390625 0.05625
0 0.9703125 0.19765625 0.05625 0.0828125
0 0.871875 0.19296875 0.05625 0.0828125
0 0.7703125 0.19296875 0.053125 0.0828125
0 0.6703125 0.1921875 0.053125 0.075
0 0.07578125 0.190625 0.0453125 0.071875
0 0.16328125 0.18984375 0.0453125 0.0703125
0 0.26484375 0.1484375 0.0390625 0.065625
0 0.359375 0.14453125 0.040625 0.0671875
0 0.4578125 0.140625 0.04375 0.065625
0 0.75546875 0.13984375 0.0390625 0.0578125
0 0.3296875 0.91328125 0.053125 0.0828125
0 0.6609375 0.1359375 0.04375 0.05625
0 0.55625 0.13203125 0.04375 0.0671875
0 0.03828125 0.12734375 0.0453125 0.0703125
0 0.921875 0.12265625 0.05625 0.0828125
0 0.11953125 0.1234375 0.0453125 0.071875
0 0.81875 0.12109375 0.05625 0.0796875
0 0.20546875 0.12109375 0.0484375 0.0703125
0 0.29375 0.12109375 0.053125 0.0828125
0 0.7203125 0.11640625 0.05625 0.0796875
0 0.3984375 0.1140625 0.05625 0.084375
0 0.50390625 0.109375 0.0609375 0.084375
0 0.521875 0.90859375 0.053125 0.0796875
0 0.4265625 0.90859375 0.053125 0.0796875
0 0.61171875 0.1 0.0578125 0.084375
0 0.83984375 0.9078125 0.0578125 0.084375
0 0.3109375 0.07421875 0.040625 0.0609375
0 0.40859375 0.0640625 0.0453125 0.05625
0 0.08046875 0.06171875 0.0453125 0.0703125
0 0.16328125 0.0578125 0.0484375 0.071875
0 0.50390625 0.05390625 0.0453125 0.0453125
0 0.60078125 0.053125 0.0453125 0.053125
0 0.9671875 0.05234375 0.05625 0.0796875
0 0.871875 0.04921875 0.05625 0.0828125
0 0.24375 0.04609375 0.05625 0.0828125
0 0.93984375 0.90390625 0.0578125 0.0828125
0 0.77265625 0.04609375 0.0546875 0.0828125
0 0.6703125 0.04296875 0.053125 0.0828125
0 0.34609375 0.0421875 0.0578125 0.084375
0 0.4484375 0.03984375 0.05625 0.0796875
0 0.55078125 0.03671875 0.0578125 0.0671875
0 0.73046875 0.90234375 0.0578125 0.0828125
0 0.61875 0.90234375 0.05625 0.0828125
0 0.03984375 0.0203125 0.0453125 0.034375
0 0.12109375 0.01796875 0.0484375 0.0296875
0 0.48125 0.88203125 0.04375 0.0609375
0 0.390625 0.87734375 0.040625 0.0578125
0 0.5703125 0.878125 0.04375 0.0625
0 0.30625 0.87421875 0.04375 0.0609375
0 0.67421875 0.871875 0.0453125 0.05625
0 0.7671875 0.8703125 0.04375 0.0625
0 0.20546875 0.8703125 0.0484375 0.071875
0 0.11640625 0.86875 0.0453125 0.071875
0 0.03359375 0.865625 0.0453125 0.071875
0 0.2640625 0.8546875 0.040625 0.040625
0 0.73359375 0.9828125 0.0484375 0.034375
0 0.98125 0.834375 0.034375 0.0875
0 0.83671875 0.98046875 0.0484375 0.0390625
0 0.88984375 0.83046875 0.0578125 0.0828125
0 0.78671875 0.83125 0.0578125 0.084375
0 0.68515625 0.82265625 0.0578125 0.0828125
0 0.3828125 0.81953125 0.053125 0.0796875
0 0.478125 0.81484375 0.053125 0.0796875
0 0.2890625 0.81484375 0.053125 0.0796875