0 0.505859375 0.47265625 0.06484375 0.1046875
0 0.63984375 0.47421875 0.0578125 0.0921875
0 0.073828125 0.493359375 0.06640625 0.10546875
0 0.574609375 0.498828125 0.07109375 0.10703125
0 0.71015625 0.504296875 0.0671875 0.10546875
0 0.4328125 0.508984375 0.0625 0.09609375
0 0.134765625 0.561328125 0.06640625 0.09765625
0 0.41640625 0.566796875 0.0578125 0.08671875
0 0.676171875 0.56640625 0.05859375 0.0890625
0 0.542578125 0.56796875 0.06015625 0.0921875
0 0.476171875 0.58203125 0.05859375 0.0921875
0 0.611328125 0.60390625 0.06953125 0.1046875
0 0.08203125 0.607421875 0.0609375 0.09609375
0 0.753125 0.61953125 0.071875 0.1078125
0 0.577734375 0.65 0.05859375 0.0875
0 0.143359375 0.665234375 0.06484375 0.09609375
0 0.765234375 0.66875 0.05546875 0.071875
0 0.44453125 0.671875 0.0671875 0.103125
0 0.27265625 0.67578125 0.0671875 0.0953125
0 0.704296875 0.67421875 0.05859375 0.0921875
0 0.6453125 0.67734375 0.0625 0.0953125
0 0.512890625 0.68046875 0.06953125 0.1046875
0 0.902734375 0.684765625 0.05859375 0.09140625
0 0.20546875 0.712109375 0.0640625 0.09609375
0 0.5484375 0.727734375 0.05625 0.08984375
0 0.857421875 0.74765625 0.07421875 0.1109375
0 0.6703125 0.750390625 0.05625 0.09140625
0 0.328515625 0.75234375 0.06640625 0.0984375
0 0.792578125 0.753125 0.05078125 0.0875
0 0.740625 0.77734375 0.071875 0.0796875
0 0.611328125 0.779296875 0.06953125 0.10546875
0 0.258984375 0.78359375 0.06484375 0.0984375
0 0.412890625 0.78359375 0.06953125 0.1046875
0 0.481640625 0.790625 0.06953125 0.103125
0 0.323046875 0.861328125 0.06484375 0.09765625