0 0.46484375 0.7328125 0.0796875 0.11875
0 0.63984375 0.73125 0.0828125 0.115625
0 0.29453125 0.728125 0.0796875 0.115625
0 0.5484375 0.72578125 0.096875 0.1421875
0 0.3765625 0.72578125 0.09375 0.1421875
0 0.11328125 0.71015625 0.0828125 0.1203125
0 0.971875 0.7078125 0.053125 0.115625
0 0.03515625 0.7015625 0.0703125 0.146875
0 0.81484375 0.69921875 0.0828125 0.1140625
0 0.196875 0.69609375 0.09375 0.1421875
0 0.903125 0.68828125 0.09375 0.1453125
0 0.7265625 0.6859375 0.096875 0.146875
0 0.29296875 0.96640625 0.0796875 0.0671875
0 0.54921875 0.60234375 0.0796875 0.1171875
0 0.38203125 0.59921875 0.0796875 0.1203125
0 0.6328125 0.5953125 0.096875 0.146875
0 0.5484375 0.9578125 0.096875 0.084375
0 0.4625 0.590625 0.096875 0.146875
0 0.29609375 0.58984375 0.0921875 0.1390625
0 0.03359375 0.57734375 0.0671875 0.1203125
0 0.2015625 0.57734375 0.084375 0.1203125
0 0.1109375 0.95703125 0.075 0.0859375
0 0.37890625 0.95703125 0.0953125 0.0859375
0 0.90390625 0.57109375 0.0828125 0.1140625
0 0.1078125 0.5671875 0.09375 0.146875
0 0.73046875 0.565625 0.0828125 0.115625
0 0.971875 0.56328125 0.05625 0.1390625
0 0.81875 0.56015625 0.09375 0.1390625
0 0.80859375 0.94921875 0.0828125 0.1015625
0 0.03515625 0.94609375 0.0703125 0.1078125
0 0.1953125 0.94609375 0.096875 0.1078125
0 0.23671875 0.44921875 0.0828125 0.1234375
0 0.06484375 0.44375 0.0796875 0.121875
0 0.40234375 0.42890625 0.0796875 0.1234375
0 0.14765625 0.42890625 0.0921875 0.1390625
0 0.57578125 0.42421875 0.0796875 0.1234375
0 0.8953125 0.93984375 0.096875 0.1203125
0 0.4875 0.4109375 0.09375 0.1375
0 0.65703125 0.41015625 0.0921875 0.1421875
0 0.31484375 0.40859375 0.0921875 0.1390625
0 0.83828125 0.4 0.0796875 0.125
0 0.9234375 0.38359375 0.096875 0.1421875
0 0.7234375 0.9359375 0.096875 0.128125
0 0.7546875 0.37890625 0.09375 0.1421875
0 0.15234375 0.31171875 0.0796875 0.1140625
0 0.06328125 0.29765625 0.0921875 0.1421875
0 0.32421875 0.29609375 0.0796875 0.1109375
0 0.49453125 0.29765625 0.0796875 0.1140625
0 0.23046875 0.29609375 0.0921875 0.1390625
0 0.66640625 0.29296875 0.0828125 0.1140625
0 0.4046875 0.2828125 0.09375 0.1375
0 0.5765625 0.27734375 0.09375 0.1390625
0 0.92109375 0.26640625 0.0828125 0.1078125
0 0.746875 0.2640625 0.084375 0.115625
0 0.98046875 0.259375 0.0390625 0.146875
0 0.834375 0.25390625 0.096875 0.1421875
0 0.07421875 0.184375 0.0796875 0.11875
0 0.24140625 0.18125 0.0796875 0.11875
0 0.41171875 0.16953125 0.0828125 0.1140625
0 0.15 0.1609375 0.09375 0.1375
0 0.58046875 0.16015625 0.0796875 0.1140625
0 0.32421875 0.15546875 0.0890625 0.1421875
0 0.49296875 0.15234375 0.0921875 0.1390625
0 0.6609375 0.1484375 0.090625 0.146875
0 0.83515625 0.13984375 0.0796875 0.1203125
0 0.925 0.12890625 0.09375 0.1421875
0 0.75546875 0.11796875 0.0921875 0.1390625
0 0.16171875 0.05625 0.0828125 0.10625
0 0.0671875 0.05625 0.096875 0.10625
0 0.2421875 0.05078125 0.09375 0.1015625
0 0.33359375 0.05234375 0.0796875 0.0984375
0 0.415625 0.0515625 0.09375 0.096875
0 0.50078125 0.0484375 0.0765625 0.096875
0 0.58203125 0.0453125 0.0921875 0.0875
0 0.6671875 0.04375 0.08125 0.0875
0 0.91796875 0.0390625 0.0828125 0.071875
0 0.8375 0.03515625 0.096875 0.0703125
0 0.7515625 0.03359375 0.084375 0.0609375
0 0.54921875 0.8625 0.0796875 0.11875
0 0.37890625 0.86171875 0.0796875 0.1203125
0 0.46171875 0.859375 0.0921875 0.146875
0 0.634375 0.8578125 0.09375 0.146875
0 0.29140625 0.85390625 0.0921875 0.1453125
0 0.03359375 0.84296875 0.0671875 0.1234375
0 0.2 0.83984375 0.0875 0.1203125
0 0.1078125 0.83515625 0.09375 0.1453125
0 0.9671875 0.828125 0.065625 0.146875
0 0.89765625 0.828125 0.0828125 0.11875
0 0.72421875 0.821875 0.0828125 0.115625
0 0.8109375 0.81953125 0.09375 0.1421875