0 0.32578125 0.31484375 0.1171875 0.1765625
0 0.5 0.32578125 0.125 0.1765625
0 0.08046875 0.42734375 0.1140625 0.1765625
0 0.25390625 0.4421875 0.1140625 0.165625
0 0.40859375 0.4953125 0.1203125 0.16875
0 0.5328125 0.53515625 0.128125 0.1859375
0 0.69921875 0.54921875 0.1296875 0.1703125
0 0.10625 0.57421875 0.10625 0.1328125
0 0.4671875 0.65625 0.121875 0.16875
0 0.340625 0.68515625 0.11875 0.1640625
0 0.1296875 0.7046875 0.125 0.178125
0 0.5984375 0.70859375 0.128125 0.1703125
0 0.95546875 0.75859375 0.0890625 0.1953125
0 0.85546875 0.81953125 0.1109375 0.1609375
0 0.37109375 0.846875 0.1078125 0.159375
0 0.19921875 0.85078125 0.1171875 0.1640625
0 0.478125 0.8578125 0.128125 0.165625
0 0.12265625 0.89140625 0.1109375 0.1234375
0 0.9546875 0.896875 0.0875 0.15