0 0.9109375 0.27734375 0.09375 0.2234375
0 0.790625 0.288671875 0.1 0.23046875
0 0.675 0.319921875 0.103125 0.23046875
0 0.51328125 0.35078125 0.1078125 0.2296875
0 0.385546875 0.39140625 0.11796875 0.2390625
0 0.866015625 0.4796875 0.09140625 0.2125
0 0.7421875 0.51171875 0.1 0.2140625
0 0.610546875 0.5328125 0.10546875 0.225
0 0.9703125 0.587109375 0.05625 0.21171875
0 0.474609375 0.591796875 0.11171875 0.23671875
0 0.349609375 0.63984375 0.11796875 0.2453125
0 0.85078125 0.69140625 0.0984375 0.2203125
0 0.67421875 0.726953125 0.0984375 0.22265625
0 0.576953125 0.771484375 0.10703125 0.23671875
0 0.446484375 0.8390625 0.11796875 0.240625
0 0.93203125 0.875390625 0.0921875 0.22265625
0 0.320703125 0.887109375 0.13203125 0.22109375
0 0.756640625 0.898046875 0.10078125 0.19921875
0 0.65390625 0.9203125 0.1046875 0.15625
0 0.83515625 0.098046875 0.0921875 0.18984375
0 0.54296875 0.95234375 0.1109375 0.0921875
0 0.715625 0.10703125 0.103125 0.2140625
0 0.59765625 0.12578125 0.1078125 0.2359375
0 0.425390625 0.151953125 0.11640625 0.23828125