0 0.08359375 0.4109375 0.0984375 0.1625
0 0.18359375 0.4109375 0.0890625 0.15625
0 0.28984375 0.41796875 0.0890625 0.1546875
0 0.55234375 0.42421875 0.0796875 0.1453125
0 0.384375 0.42421875 0.084375 0.1515625
0 0.63125 0.42421875 0.075 0.1421875
0 0.46953125 0.4265625 0.0828125 0.15
0 0.7078125 0.42578125 0.071875 0.1390625
0 0.78828125 0.428125 0.0703125 0.134375
0 0.853125 0.43203125 0.0625 0.1328125
0 0.91875 0.43828125 0.0625 0.1296875
0 0.97421875 0.43828125 0.0515625 0.1265625
0 0.9828125 0.69453125 0.034375 0.1296875
0 0.934375 0.69921875 0.065625 0.1296875
0 0.86640625 0.70390625 0.0671875 0.1328125
0 0.79375 0.703125 0.071875 0.1375
0 0.7125 0.70703125 0.075 0.1390625
0 0.634375 0.71484375 0.075 0.1390625
0 0.55390625 0.72109375 0.0828125 0.1421875
0 0.36875 0.72265625 0.084375 0.1515625
0 0.4671875 0.725 0.0875 0.146875
0 0.27421875 0.73046875 0.0921875 0.1515625
0 0.1796875 0.7328125 0.09375 0.15625
0 0.07734375 0.7359375 0.1015625 0.153125
0 0.0421875 0.0765625 0.08125 0.153125
0 0.15 0.08359375 0.096875 0.1609375
0 0.98359375 0.9359375 0.0296875 0.125
0 0.9359375 0.93828125 0.065625 0.1203125
0 0.87421875 0.94296875 0.0703125 0.1109375
0 0.80234375 0.94765625 0.0703125 0.1015625
0 0.7203125 0.95234375 0.075 0.0921875
0 0.64453125 0.96015625 0.0765625 0.0796875
0 0.56484375 0.9640625 0.0796875 0.071875
0 0.4734375 0.96796875 0.084375 0.0609375
0 0.3875 0.9734375 0.0875 0.053125
0 0.2609375 0.09921875 0.084375 0.1546875
0 0.34609375 0.1078125 0.0828125 0.15
0 0.45078125 0.11640625 0.0796875 0.1453125
0 0.5296875 0.1234375 0.071875 0.1375
0 0.61953125 0.13203125 0.0703125 0.1390625
0 0.69921875 0.1421875 0.0703125 0.134375
0 0.7828125 0.14921875 0.065625 0.1296875
0 0.840625 0.1609375 0.05625 0.128125
0 0.90078125 0.16796875 0.0609375 0.1234375
0 0.9703125 0.17578125 0.05625 0.1203125