0 0.03984375 0.275 0.0796875 0.125
0 0.2171875 0.27578125 0.084375 0.1234375
0 0.1296875 0.2765625 0.0875 0.128125
0 0.3015625 0.27734375 0.084375 0.1234375
0 0.38671875 0.27890625 0.0828125 0.1234375
0 0.46796875 0.27890625 0.0828125 0.1234375
0 0.9546875 0.2796875 0.075 0.11875
0 0.54921875 0.28203125 0.0796875 0.1203125
0 0.87734375 0.28203125 0.0828125 0.1203125
0 0.63046875 0.28203125 0.0796875 0.1203125
0 0.71484375 0.28203125 0.0828125 0.1203125
0 0.79609375 0.2828125 0.0765625 0.11875
0 0.175 0.3828125 0.0875 0.125
0 0.3453125 0.38359375 0.084375 0.1234375
0 0.08359375 0.384375 0.0890625 0.125
0 0.259375 0.38359375 0.084375 0.1234375
0 0.67890625 0.38359375 0.0828125 0.1203125
0 0.59609375 0.38359375 0.0828125 0.1234375
0 0.42890625 0.38515625 0.0828125 0.1203125
0 0.83828125 0.38515625 0.0796875 0.1171875
0 0.92109375 0.38515625 0.0796875 0.1171875
0 0.51015625 0.38671875 0.0796875 0.1203125
0 0.75859375 0.38671875 0.0765625 0.1203125
0 0.1296875 0.48984375 0.0875 0.1234375
0 0.88359375 0.48984375 0.0796875 0.1234375
0 0.3046875 0.48984375 0.084375 0.1234375
0 0.9609375 0.48984375 0.075 0.1203125
0 0.21875 0.48984375 0.0875 0.1234375
0 0.63671875 0.48984375 0.0828125 0.1234375
0 0.80234375 0.48984375 0.0796875 0.1234375
0 0.47109375 0.48984375 0.0828125 0.1234375
0 0.55390625 0.49140625 0.0828125 0.1203125
0 0.71640625 0.49140625 0.0796875 0.1203125
0 0.38984375 0.49140625 0.0828125 0.1203125
0 0.04296875 0.490625 0.0859375 0.128125
0 0.67890625 0.59453125 0.0828125 0.1234375
0 0.9828125 0.59453125 0.034375 0.1234375
0 0.75859375 0.59453125 0.0828125 0.1203125
0 0.51328125 0.5953125 0.0828125 0.121875
0 0.92890625 0.5953125 0.0828125 0.121875
0 0.84296875 0.5953125 0.0828125 0.121875
0 0.2625 0.5953125 0.0875 0.121875
0 0.59609375 0.5953125 0.0828125 0.121875
0 0.43046875 0.5953125 0.0828125 0.121875
0 0.3484375 0.596875 0.084375 0.125
0 0.1765625 0.596875 0.084375 0.128125
0 0.0890625 0.5984375 0.0875 0.125
0 0.3015625 0.06171875 0.084375 0.1203125
0 0.021875 0.6015625 0.04375 0.128125
0 0.38359375 0.0625 0.0796875 0.125
0 0.80546875 0.06328125 0.0828125 0.1234375
0 0.89296875 0.06328125 0.0828125 0.1234375
0 0.72265625 0.0640625 0.0828125 0.121875
0 0.2125 0.06484375 0.084375 0.1203125
0 0.96484375 0.06875 0.0703125 0.128125
0 0.55078125 0.06953125 0.0828125 0.1234375
0 0.03828125 0.06953125 0.0765625 0.1234375
0 0.63203125 0.06953125 0.0796875 0.1234375
0 0.46640625 0.07109375 0.0796875 0.1234375
0 0.71796875 0.6984375 0.0828125 0.121875
0 0.80390625 0.69921875 0.0828125 0.1234375
0 0.88671875 0.69921875 0.0828125 0.1203125
0 0.96484375 0.7 0.0703125 0.125
0 0.63671875 0.7015625 0.0828125 0.121875
0 0.55390625 0.70234375 0.0828125 0.1203125
0 0.47265625 0.7015625 0.0828125 0.121875
0 0.221875 0.7015625 0.084375 0.121875
0 0.3890625 0.703125 0.084375 0.125
0 0.3046875 0.703125 0.084375 0.125
0 0.1328125 0.70625 0.0875 0.125
0 0.04453125 0.7078125 0.0890625 0.128125
0 0.12109375 0.07578125 0.0828125 0.1203125
0 0.76015625 0.80625 0.0828125 0.121875
0 0.84609375 0.80703125 0.0828125 0.1203125
0 0.67734375 0.80625 0.0796875 0.125
0 0.92890625 0.80703125 0.0796875 0.1203125
0 0.59609375 0.8078125 0.0828125 0.121875
0 0.51171875 0.80859375 0.0796875 0.1234375
0 0.43046875 0.8109375 0.0828125 0.121875
0 0.34765625 0.81171875 0.0828125 0.1234375
0 0.1765625 0.8125 0.0875 0.125
0 0.26171875 0.8140625 0.0828125 0.121875
0 0.0875 0.8171875 0.0875 0.128125
0 0.02265625 0.81953125 0.0453125 0.1296875
0 0.9625 0.9125 0.075 0.11875
0 0.80390625 0.9125 0.0796875 0.125
0 0.63671875 0.91328125 0.0828125 0.1234375
0 0.88828125 0.91328125 0.0828125 0.1234375
0 0.72109375 0.91484375 0.0828125 0.1234375
0 0.55546875 0.9171875 0.0828125 0.128125
0 0.47265625 0.91875 0.0828125 0.125
0 0.3890625 0.9203125 0.084375 0.125
0 0.303125 0.9203125 0.084375 0.128125
0 0.2203125 0.9234375 0.0875 0.128125
0 0.134375 0.925 0.0875 0.128125
0 0.04453125 0.92890625 0.0890625 0.1328125
0 0.92421875 0.978125 0.0828125 0.04375
0 0.67578125 0.978125 0.0828125 0.040625
0 0.7640625 0.97890625 0.084375 0.0390625
0 0.08046875 0.16484375 0.0890625 0.1296875
0 0.259375 0.1671875 0.084375 0.125
0 0.1703125 0.1703125 0.084375 0.125
0 0.92578125 0.17109375 0.0796875 0.1203125
0 0.76171875 0.1703125 0.0828125 0.125
0 0.84609375 0.17109375 0.0828125 0.1234375
0 0.68046875 0.171875 0.0828125 0.125
0 0.34375 0.171875 0.084375 0.125
0 0.42734375 0.17421875 0.0828125 0.1234375
0 0.509375 0.17578125 0.084375 0.1234375
0 0.58984375 0.178125 0.0796875 0.11875