0 0.25546875 0.2328125 0.1109375 0.209375
0 0.63671875 0.2484375 0.1171875 0.18125
0 0.0453125 0.26640625 0.065625 0.1546875
0 0.1453125 0.2828125 0.0875 0.178125
0 0.92890625 0.29296875 0.1421875 0.2609375
0 0.7484375 0.3359375 0.128125 0.190625
0 0.4015625 0.34609375 0.11875 0.2046875
0 0.540625 0.353125 0.109375 0.1875
0 0.2328125 0.3828125 0.09375 0.178125
0 0.0609375 0.41796875 0.065625 0.1453125
0 0.87734375 0.4328125 0.1328125 0.2
0 0.63828125 0.446875 0.1203125 0.190625
0 0.1390625 0.4515625 0.084375 0.165625
0 0.30703125 0.484375 0.1109375 0.203125
0 0.7515625 0.528125 0.128125 0.190625
0 0.50859375 0.54140625 0.1109375 0.1859375
0 0.22421875 0.56015625 0.0921875 0.1734375
0 0.5015625 0.059375 0.11875 0.11875
0 0.63203125 0.63203125 0.1203125 0.1859375
0 0.053125 0.6375 0.078125 0.1625
0 0.3484375 0.65625 0.096875 0.1625
0 0.79765625 0.6734375 0.1671875 0.246875
0 0.284375 0.703125 0.0875 0.15625
0 0.55625 0.728125 0.10625 0.16875
0 0.95859375 0.740625 0.0796875 0.20625
0 0.22265625 0.74609375 0.0796875 0.1453125
0 0.1109375 0.7765625 0.084375 0.16875
0 0.0375 0.7875 0.075 0.1625
0 0.378125 0.8 0.0875 0.140625
0 0.92734375 0.08203125 0.1453125 0.1640625
0 0.6609375 0.80859375 0.115625 0.1796875
0 0.321875 0.8421875 0.075 0.121875
0 0.86171875 0.84453125 0.1328125 0.1859375
0 0.45703125 0.8484375 0.1015625 0.171875
0 0.1953125 0.8953125 0.0875 0.16875
0 0.57265625 0.9046875 0.1109375 0.18125
0 0.95234375 0.92109375 0.0921875 0.1546875
0 0.0875 0.9203125 0.0875 0.15625
0 0.39765625 0.93359375 0.0921875 0.1328125
0 0.6765625 0.95546875 0.121875 0.0890625
0 0.49140625 0.96484375 0.1046875 0.0703125
0 0.68203125 0.09921875 0.1421875 0.1984375
0 0.059375 0.103125 0.065625 0.146875
0 0.15859375 0.109375 0.0796875 0.171875
0 0.34609375 0.115625 0.1203125 0.221875
0 0.2046875 0.1703125 0.084375 0.190625
0 0.09140625 0.17890625 0.0703125 0.1546875
0 0.80625 0.18671875 0.159375 0.2359375
0 0.80625 0.034375 0.146875 0.06875
0 0.19921875 0.03828125 0.0984375 0.0765625
0 0.278125 0.06953125 0.1125 0.1390625