0 0.053125 0.7703125 0.10625 0.1875
0 0.1765625 0.76484375 0.1375 0.2015625
0 0.309375 0.7609375 0.128125 0.184375
0 0.44375 0.7515625 0.1375 0.2
0 0.57890625 0.7453125 0.1234375 0.1875
0 0.8484375 0.740625 0.128125 0.1875
0 0.69453125 0.71484375 0.1390625 0.2015625
0 0.1078125 0.59140625 0.1375 0.2015625
0 0.240625 0.5875 0.125 0.1875
0 0.37109375 0.578125 0.1390625 0.2
0 0.5046875 0.571875 0.125 0.1875
0 0.78046875 0.56015625 0.1328125 0.1828125
0 0.91953125 0.55859375 0.1421875 0.2078125
0 0.63828125 0.5515625 0.1421875 0.2
0 0.18203125 0.421875 0.1421875 0.2
0 0.053125 0.41875 0.10625 0.1875
0 0.315625 0.41640625 0.125 0.1828125
0 0.44921875 0.4109375 0.1421875 0.196875
0 0.5828125 0.39921875 0.128125 0.1828125
0 0.71953125 0.3953125 0.1390625 0.2
0 0.85546875 0.3796875 0.1296875 0.18125
0 0.253125 0.25390625 0.125 0.1859375
0 0.38515625 0.2484375 0.1390625 0.2
0 0.5203125 0.24453125 0.128125 0.1859375
0 0.65703125 0.2359375 0.1453125 0.196875
0 0.79453125 0.22578125 0.1328125 0.1828125
0 0.9296875 0.2234375 0.1375 0.209375
0 0.08984375 0.2125 0.1421875 0.209375
0 0.2375 0.9203125 0.128125 0.159375
0 0.1046875 0.91953125 0.1375 0.1609375
0 0.50859375 0.915625 0.1328125 0.16875
0 0.371875 0.91328125 0.1375 0.1734375
0 0.6453125 0.9078125 0.1375 0.18125
0 0.1890625 0.09375 0.1375 0.1875
0 0.46015625 0.08984375 0.1421875 0.1765625
0 0.0609375 0.08828125 0.11875 0.1609375
0 0.78359375 0.90703125 0.1296875 0.1828125
0 0.321875 0.08203125 0.125 0.1640625
0 0.5953125 0.08359375 0.128125 0.1609375
0 0.728125 0.0796875 0.146875 0.153125
0 0.86640625 0.07421875 0.1328125 0.1421875
0 0.925 0.8984375 0.146875 0.2