0 0.078125 0.6421875 0.15625 0.3125
0 0.4453125 0.63984375 0.178125 0.2890625
0 0.25859375 0.63828125 0.1859375 0.3015625
0 0.63515625 0.63359375 0.1828125 0.2953125
0 0.8234375 0.62734375 0.184375 0.3015625
0 0.96484375 0.61171875 0.0703125 0.2671875
0 0.1703125 0.390625 0.18125 0.28125
0 0.5359375 0.38828125 0.165625 0.2671875
0 0.3546875 0.3875 0.18125 0.284375
0 0.03828125 0.38046875 0.0703125 0.2640625
0 0.721875 0.37890625 0.16875 0.2765625
0 0.9109375 0.371875 0.178125 0.290625
0 0.6296875 0.140625 0.18125 0.28125
0 0.078125 0.140625 0.15625 0.28125
0 0.43984375 0.1390625 0.1796875 0.275
0 0.253125 0.1390625 0.1875 0.275
0 0.9546875 0.13359375 0.090625 0.2671875
0 0.81171875 0.13671875 0.1765625 0.2671875
0 0.15078125 0.87890625 0.1890625 0.2421875
0 0.3515625 0.8703125 0.1875 0.259375
0 0.7375 0.86640625 0.18125 0.2671875
0 0.54296875 0.86640625 0.1921875 0.2671875
0 0.921875 0.859375 0.15625 0.28125