0 0.9203125 0.3578125 0.15625 0.3125
0 0.5546875 0.36015625 0.178125 0.2890625
0 0.74140625 0.36171875 0.1859375 0.3015625
0 0.36640625 0.36640625 0.1828125 0.2953125
0 0.17578125 0.37265625 0.1859375 0.3015625
0 0.03515625 0.38828125 0.0703125 0.2671875
0 0.8296875 0.609375 0.18125 0.28125
0 0.4640625 0.61171875 0.165625 0.2671875
0 0.64609375 0.6140625 0.1796875 0.284375
0 0.96328125 0.62109375 0.0703125 0.2640625
0 0.278125 0.62109375 0.16875 0.2765625
0 0.0890625 0.628125 0.178125 0.290625
0 0.3703125 0.8578125 0.18125 0.28125
0 0.9203125 0.8578125 0.15625 0.28125
0 0.5609375 0.8609375 0.18125 0.275
0 0.7484375 0.8609375 0.1875 0.275
0 0.0453125 0.86484375 0.090625 0.2671875
0 0.18984375 0.86484375 0.1765625 0.2671875
0 0.84921875 0.12109375 0.1890625 0.2421875
0 0.65 0.1296875 0.1875 0.259375
0 0.26328125 0.13359375 0.1796875 0.2671875
0 0.45703125 0.13359375 0.1921875 0.2671875
0 0.078125 0.140625 0.15625 0.28125