0 0.353125 0.75234375 0.103125 0.1140625
0 0.45546875 0.74765625 0.0984375 0.1109375
0 0.5515625 0.73984375 0.096875 0.1078125
0 0.63828125 0.7359375 0.0890625 0.10625
0 0.72265625 0.728125 0.0890625 0.103125
0 0.79921875 0.72109375 0.0765625 0.1015625
0 0.87890625 0.72109375 0.0796875 0.0984375
0 0.9625 0.71640625 0.071875 0.1015625
0 0.02890625 0.6484375 0.0296875 0.103125
0 0.37109375 0.53359375 0.1015625 0.1109375
0 0.6390625 0.53203125 0.075 0.1015625
0 0.47109375 0.53046875 0.0984375 0.1078125
0 0.5671875 0.5296875 0.090625 0.103125
0 0.734375 0.52890625 0.084375 0.1015625
0 0.83515625 0.52734375 0.0828125 0.1015625
0 0.91484375 0.52578125 0.0796875 0.0984375
0 0.97578125 0.5265625 0.0453125 0.096875
0 0.02265625 0.44296875 0.0265625 0.1015625
0 0.05625 0.4359375 0.034375 0.10625
0 0.97109375 0.3390625 0.0578125 0.096875
0 0.90546875 0.33515625 0.0796875 0.0984375
0 0.82421875 0.33515625 0.0828125 0.1015625
0 0.7390625 0.33125 0.084375 0.103125
0 0.6515625 0.32734375 0.090625 0.1015625
0 0.5609375 0.325 0.090625 0.10625
0 0.4625 0.3203125 0.09375 0.10625
0 0.36640625 0.31640625 0.0984375 0.1078125
0 0.03671875 0.23828125 0.0296875 0.1015625
0 0.771875 0.91953125 0.0875 0.0984375
0 0.9625 0.15625 0.071875 0.096875
0 0.89296875 0.1484375 0.0765625 0.09375
0 0.81484375 0.1421875 0.0796875 0.096875
0 0.7328125 0.1375 0.084375 0.096875
0 0.6484375 0.1296875 0.084375 0.1
0 0.55859375 0.12265625 0.0890625 0.1015625
0 0.89296875 0.91015625 0.0765625 0.0984375
0 0.465625 0.1171875 0.09375 0.103125
0 0.3640625 0.11640625 0.096875 0.1015625
0 0.009375 0.05859375 0.01875 0.0953125
0 0.03828125 0.0453125 0.0296875 0.0875
0 0.965625 0.9015625 0.065625 0.096875
0 0.01875 0.84921875 0.021875 0.1015625