0 0.7171875 0.7875 0.128125 0.190625
0 0.51796875 0.75390625 0.1203125 0.1953125
0 0.878125 0.71171875 0.115625 0.1828125
0 0.18125 0.61796875 0.128125 0.1828125
0 0.65234375 0.6171875 0.1234375 0.190625
0 0.7703125 0.6109375 0.115625 0.178125
0 0.03359375 0.5875 0.0671875 0.1875
0 0.4921875 0.540625 0.11875 0.178125
0 0.94921875 0.53671875 0.1015625 0.1921875
0 0.3421875 0.4734375 0.11875 0.165625
0 0.0921875 0.459375 0.1375 0.2125
0 0.8390625 0.43984375 0.134375 0.2140625
0 0.60546875 0.4375 0.1390625 0.2125
0 0.228125 0.39765625 0.11875 0.1734375
0 0.475 0.36171875 0.11875 0.1734375
0 0.93515625 0.3484375 0.1203125 0.18125
0 0.71640625 0.31328125 0.1390625 0.2015625
0 0.36328125 0.29609375 0.1203125 0.1640625
0 0.0921875 0.275 0.11875 0.16875
0 0.825 0.25234375 0.115625 0.1734375
0 0.5796875 0.2421875 0.134375 0.190625
0 0.21953125 0.2015625 0.1203125 0.18125
0 0.94453125 0.153125 0.1109375 0.18125
0 0.4671875 0.15078125 0.11875 0.1765625
0 0.83359375 0.91015625 0.1234375 0.1796875
0 0.3390625 0.10625 0.134375 0.196875
0 0.6921875 0.1015625 0.1375 0.196875
0 0.8078125 0.0796875 0.125 0.153125
0 0.56484375 0.0609375 0.1328125 0.11875
0 0.6109375 0.89296875 0.125 0.1953125
0 0.9546875 0.89375 0.090625 0.19375