0 0.9515625 0.3484375 0.096875 0.28125
0 0.0984375 0.47109375 0.159375 0.2890625
0 0.2578125 0.51171875 0.165625 0.2890625
0 0.41875 0.5265625 0.15625 0.278125
0 0.5765625 0.54375 0.159375 0.284375
0 0.734375 0.56171875 0.15625 0.2828125
0 0.890625 0.5796875 0.15625 0.284375
0 0.125 0.06953125 0.15 0.1390625
0 0.2765625 0.07109375 0.1625 0.1421875
0 0.07578125 0.7484375 0.1515625 0.275
0 0.3265625 0.76640625 0.15625 0.2796875
0 0.4875 0.775 0.153125 0.271875
0 0.6421875 0.7921875 0.15625 0.271875
0 0.8015625 0.81015625 0.159375 0.2796875
0 0.940625 0.82890625 0.11875 0.2796875
0 0.434375 0.0875 0.159375 0.175
0 0.1921875 0.9046875 0.15625 0.190625
0 0.5921875 0.09375 0.15625 0.1875
0 0.7125 0.95 0.153125 0.096875
0 0.38984375 0.9515625 0.1546875 0.09375
0 0.75078125 0.10546875 0.1609375 0.2109375
0 0.909375 0.11875 0.15625 0.2375
0 0.05390625 0.22734375 0.1078125 0.2796875
0 0.184375 0.2328125 0.15625 0.290625
0 0.0421875 0.921875 0.084375 0.15625