0 0.5540865384615384 0.3713942307692308 0.1658653846153846 0.24278846153846154
0 0.38461538461538464 0.3942307692307692 0.16826923076923078 0.25
0 0.21394230769230768 0.39783653846153844 0.16346153846153846 0.25240384615384615
0 0.13942307692307693 0.6009615384615384 0.16826923076923078 0.2403846153846154
0 0.4735576923076923 0.6057692307692307 0.16826923076923078 0.24519230769230768
0 0.30649038461538464 0.6057692307692307 0.1658653846153846 0.25
0 0.6454326923076923 0.6069711538461539 0.17067307692307693 0.24759615384615385
0 0.5600961538461539 0.7980769230769231 0.16346153846153846 0.2403846153846154
0 0.3954326923076923 0.8028846153846154 0.1658653846153846 0.2403846153846154
0 0.22716346153846154 0.8076923076923077 0.1658653846153846 0.23557692307692307
0 0.8509615384615384 0.6454326923076923 0.16826923076923078 0.23798076923076922