0 0.1296875 0.190625 0.034375 0.053125
0 0.021875 0.19140625 0.04375 0.1078125
0 0.54921875 0.19453125 0.0265625 0.0265625
0 0.09765625 0.19921875 0.0359375 0.0484375
0 0.5875 0.2015625 0.04375 0.065625
0 0.80859375 0.2015625 0.0265625 0.040625
0 0.775 0.20546875 0.04375 0.0671875
0 0.2375 0.20625 0.040625 0.065625
0 0.30625 0.20625 0.034375 0.05625
0 0.18984375 0.20703125 0.0453125 0.0671875
0 0.48984375 0.20859375 0.0359375 0.0515625
0 0.65 0.209375 0.04375 0.0625
0 0.71875 0.209375 0.034375 0.053125
0 0.95390625 0.2140625 0.0359375 0.04375
0 0.68984375 0.221875 0.0359375 0.053125
0 0.4203125 0.22578125 0.034375 0.0484375
0 0.4546875 0.22890625 0.04375 0.0671875
0 0.85546875 0.23515625 0.0453125 0.0703125
0 0.26796875 0.23671875 0.0453125 0.0671875
0 0.04453125 0.025 0.0453125 0.05
0 0.40859375 0.02734375 0.0453125 0.0515625
0 0.6390625 0.02734375 0.04375 0.0515625
0 0.92890625 0.2453125 0.0390625 0.053125
0 0.0828125 0.2484375 0.04375 0.065625
0 0.55703125 0.25234375 0.0703125 0.1078125
0 0.60703125 0.2515625 0.0265625 0.040625
0 0.74140625 0.25234375 0.0453125 0.0671875
0 0.49921875 0.25546875 0.0453125 0.0671875
0 0.39140625 0.26015625 0.0453125 0.0671875
0 0.228125 0.26015625 0.034375 0.0390625
0 0.31484375 0.26171875 0.0328125 0.0515625
0 0.16328125 0.26796875 0.0453125 0.0671875
0 0.784375 0.27421875 0.028125 0.0390625
0 0.7 0.27734375 0.04375 0.0703125
0 0.89140625 0.27890625 0.0453125 0.0671875
0 0.346875 0.28046875 0.04375 0.0640625
0 0.43046875 0.28359375 0.0484375 0.0671875
0 0.64765625 0.28828125 0.0703125 0.1109375
0 0.96484375 0.29296875 0.0453125 0.0703125
0 0.24375 0.29609375 0.04375 0.0671875
0 0.80703125 0.29609375 0.0265625 0.0390625
0 0.06875 0.29609375 0.03125 0.0484375
0 0.47109375 0.29765625 0.0265625 0.0359375
0 0.29375 0.30234375 0.034375 0.0515625
0 0.2015625 0.31015625 0.04375 0.0671875
0 0.0984375 0.31171875 0.04375 0.0640625
0 0.828125 0.31171875 0.021875 0.0359375
0 0.76484375 0.31484375 0.0484375 0.0671875
0 0.14921875 0.31484375 0.0328125 0.0484375
0 0.49140625 0.31640625 0.0265625 0.0359375
0 0.38359375 0.3171875 0.0265625 0.034375
0 0.928125 0.034375 0.034375 0.053125
0 0.0171875 0.32421875 0.034375 0.0671875
0 0.5203125 0.3265625 0.034375 0.053125
0 0.5890625 0.328125 0.04375 0.065625
0 0.41015625 0.3296875 0.0265625 0.04375
0 0.3171875 0.334375 0.04375 0.0625
0 0.46640625 0.3359375 0.0296875 0.040625
0 0.81328125 0.3375 0.0390625 0.053125
0 0.17890625 0.33828125 0.0328125 0.0515625
0 0.8703125 0.03359375 0.04375 0.0671875
0 0.896875 0.0359375 0.025 0.053125
0 0.36171875 0.34140625 0.0265625 0.0390625
0 0.87734375 0.34453125 0.0453125 0.0671875
0 0.69296875 0.34765625 0.0484375 0.0703125
0 0.2703125 0.3484375 0.04375 0.065625
0 0.43984375 0.34921875 0.0359375 0.0484375
0 0.68359375 0.0375 0.0453125 0.065625
0 0.73203125 0.03828125 0.0453125 0.0671875
0 0.7234375 0.3609375 0.03125 0.053125
0 0.2328125 0.36171875 0.04375 0.0640625
0 0.490625 0.3640625 0.04375 0.065625
0 0.19921875 0.3640625 0.0296875 0.040625
0 0.38359375 0.36640625 0.0453125 0.0671875
0 0.15234375 0.365625 0.0359375 0.053125
0 0.55703125 0.3671875 0.0265625 0.040625
0 0.6109375 0.36796875 0.025 0.0390625
0 0.77734375 0.37578125 0.0265625 0.0390625
0 0.24921875 0.040625 0.0453125 0.065625
0 0.80859375 0.375 0.0265625 0.025
0 0.5265625 0.37890625 0.034375 0.0515625
0 0.64453125 0.37890625 0.0390625 0.0515625
0 0.92421875 0.38125 0.0359375 0.040625
0 0.753125 0.38203125 0.034375 0.0515625
0 0.02734375 0.38671875 0.0359375 0.0671875
0 0.07421875 0.3921875 0.0671875 0.10625
0 0.421875 0.39375 0.021875 0.040625
0 0.58828125 0.39296875 0.0453125 0.0671875
0 0.19765625 0.040625 0.0296875 0.040625
0 0.17265625 0.3953125 0.0265625 0.040625
0 0.94765625 0.3984375 0.0203125 0.040625
0 0.45078125 0.39765625 0.0453125 0.0671875
0 0.61796875 0.4046875 0.0234375 0.040625
0 0.88203125 0.4125 0.0453125 0.065625
0 0.4671875 0.0421875 0.071875 0.084375
0 0.1203125 0.04296875 0.06875 0.0859375
0 0.54921875 0.41328125 0.0265625 0.0390625
0 0.29453125 0.4125 0.0703125 0.103125
0 0.70234375 0.41640625 0.0484375 0.0671875
0 0.40390625 0.41640625 0.0296875 0.0390625
0 0.3578125 0.41796875 0.04375 0.0671875
0 0.5078125 0.42578125 0.04375 0.0671875
0 0.92578125 0.43046875 0.0484375 0.0671875
0 0.6546875 0.43359375 0.04375 0.0671875
0 0.19453125 0.4328125 0.0671875 0.10625
0 0.80625 0.434375 0.071875 0.103125
0 0.47578125 0.446875 0.0265625 0.04375
0 0.60625 0.44921875 0.034375 0.0515625
0 0.571875 0.44921875 0.025 0.0390625
0 0.5703125 0.0453125 0.06875 0.090625
0 0.34296875 0.04609375 0.0453125 0.0671875
0 0.409375 0.45546875 0.025 0.0390625
0 0.73671875 0.46015625 0.0453125 0.0671875
0 0.2703125 0.46015625 0.034375 0.0453125
0 0.54375 0.4609375 0.04375 0.065625
0 0.43984375 0.46484375 0.0453125 0.0671875
0 0.82421875 0.04921875 0.0453125 0.0671875
0 0.38203125 0.04921875 0.0234375 0.0359375
0 0.096875 0.47109375 0.034375 0.0515625
0 0.38671875 0.46953125 0.0265625 0.0390625
0 0.69140625 0.478125 0.0359375 0.053125
0 0.89140625 0.478125 0.0453125 0.065625
0 0.49453125 0.478125 0.0265625 0.034375
0 0.34375 0.4828125 0.04375 0.065625
0 0.1265625 0.4828125 0.03125 0.053125
0 0.6546875 0.4859375 0.025 0.034375
0 0.30625 0.49375 0.034375 0.053125
0 0.5828125 0.4953125 0.034375 0.053125
0 0.51640625 0.4984375 0.0265625 0.040625
0 0.98671875 0.50234375 0.0265625 0.0984375
0 0.628125 0.50546875 0.04375 0.0671875
0 0.0390625 0.50625 0.04375 0.065625
0 0.40546875 0.5078125 0.0453125 0.0625
0 0.275 0.50859375 0.034375 0.0453125
0 0.85078125 0.51015625 0.0453125 0.0671875
0 0.76640625 0.51015625 0.0453125 0.0671875
0 0.71328125 0.51171875 0.0265625 0.0359375
0 0.79609375 0.5125 0.0296875 0.053125
0 0.1546875 0.51640625 0.03125 0.0453125
0 0.91484375 0.51796875 0.0265625 0.0390625
0 0.48671875 0.51796875 0.0296875 0.0390625
0 0.103125 0.5171875 0.034375 0.04375
0 0.22578125 0.51875 0.0453125 0.065625
0 0.553125 0.52890625 0.04375 0.0671875
0 0.32890625 0.52890625 0.0359375 0.0484375
0 0.4453125 0.5296875 0.04375 0.065625
0 0.6546875 0.53125 0.034375 0.053125
0 0.89140625 0.53125 0.0359375 0.04375
0 0.69609375 0.53125 0.0359375 0.053125
0 0.36171875 0.53828125 0.0265625 0.0390625
0 0.38828125 0.54296875 0.0265625 0.0390625
0 0.5125 0.5546875 0.04375 0.065625
0 0.21015625 0.55703125 0.0328125 0.0515625
0 0.8109375 0.55703125 0.034375 0.0515625
0 0.47734375 0.55859375 0.0265625 0.0390625
0 0.596875 0.559375 0.04375 0.065625
0 0.7765625 0.55859375 0.034375 0.0453125
0 0.9375 0.5578125 0.034375 0.053125
0 0.1171875 0.5609375 0.040625 0.065625
0 0.2859375 0.5640625 0.04375 0.065625
0 0.24609375 0.565625 0.0265625 0.034375
0 0.740625 0.56953125 0.04375 0.0671875
0 0.159375 0.571875 0.04375 0.065625
0 0.87109375 0.57109375 0.0359375 0.0515625
0 0.41328125 0.571875 0.0453125 0.065625
0 0.90625 0.57578125 0.034375 0.0515625
0 0.68671875 0.5796875 0.0265625 0.04375
0 0.33046875 0.58046875 0.0359375 0.0515625
0 0.078125 0.06015625 0.040625 0.0671875
0 0.36640625 0.58515625 0.0359375 0.0515625
0 0.9875 0.58671875 0.025 0.0671875
0 0.45390625 0.58828125 0.0359375 0.0515625
0 0.03671875 0.5921875 0.0671875 0.10625
0 0.78671875 0.59453125 0.0234375 0.0390625
0 0.76171875 0.60390625 0.0359375 0.0484375
0 0.490625 0.6078125 0.04375 0.0625
0 0.65078125 0.6140625 0.0703125 0.10625
0 0.84609375 0.6140625 0.0453125 0.065625
0 0.55703125 0.61640625 0.0703125 0.1015625
0 0.31015625 0.61875 0.0328125 0.053125
0 0.71015625 0.61875 0.0390625 0.05625
0 0.59921875 0.6234375 0.0203125 0.04375
0 0.4625 0.62265625 0.025 0.0390625
0 0.42890625 0.62421875 0.0359375 0.0515625
0 0.9640625 0.6234375 0.04375 0.065625
0 0.1015625 0.63046875 0.04375 0.0671875
0 0.3421875 0.634375 0.04375 0.0625
0 0.14296875 0.6390625 0.0359375 0.065625
0 0.19296875 0.63984375 0.0671875 0.1015625
0 0.91796875 0.63984375 0.0453125 0.0671875
0 0.38671875 0.64296875 0.0453125 0.0671875
0 0.478125 0.65234375 0.025 0.0359375
0 0.30703125 0.6546875 0.0265625 0.034375
0 0.8109375 0.65703125 0.04375 0.0671875
0 0.0859375 0.65859375 0.03125 0.0484375
0 0.6140625 0.66328125 0.034375 0.0515625
0 0.76328125 0.66796875 0.0453125 0.0671875
0 0.58203125 0.66796875 0.0296875 0.0359375
0 0.51328125 0.6703125 0.0453125 0.065625
0 0.253125 0.67109375 0.04375 0.0671875
0 0.12890625 0.67265625 0.0265625 0.0359375
0 0.696875 0.67890625 0.04375 0.0703125
0 0.5515625 0.6828125 0.034375 0.04375
0 0.3328125 0.68671875 0.03125 0.0515625
0 0.02578125 0.6890625 0.0453125 0.065625
0 0.3671875 0.696875 0.040625 0.065625
0 0.62890625 0.696875 0.0265625 0.040625
0 0.16875 0.6984375 0.04375 0.059375
0 0.5984375 0.7 0.028125 0.04375
0 0.65546875 0.7015625 0.0265625 0.040625
0 0.09296875 0.7015625 0.0359375 0.040625
0 0.9 0.70234375 0.04375 0.0671875
0 0.2140625 0.70546875 0.034375 0.0484375
0 0.51171875 0.7125 0.0265625 0.028125
0 0.20859375 0.071875 0.0265625 0.034375
0 0.7296875 0.7125 0.03125 0.04375
0 0.571875 0.7140625 0.034375 0.053125
0 0.41640625 0.7140625 0.0671875 0.10625
0 0.47578125 0.72109375 0.0453125 0.0671875
0 0.853125 0.73046875 0.071875 0.1015625
0 0.5390625 0.73046875 0.034375 0.0515625
0 0.61015625 0.07421875 0.0265625 0.0390625
0 0.61640625 0.73359375 0.0265625 0.0390625
0 0.059375 0.7359375 0.03125 0.053125
0 0.69921875 0.73671875 0.0390625 0.0484375
0 0.58984375 0.7421875 0.0265625 0.040625
0 0.771875 0.74609375 0.034375 0.0515625
0 0.27578125 0.7484375 0.0703125 0.10625
0 0.7640625 0.07734375 0.028125 0.0390625
0 0.64609375 0.0765625 0.0453125 0.065625
0 0.79296875 0.759375 0.0265625 0.040625
0 0.6546875 0.7609375 0.04375 0.065625
0 0.38203125 0.7609375 0.0453125 0.065625
0 0.10390625 0.7609375 0.0671875 0.103125
0 0.73984375 0.7640625 0.0453125 0.065625
0 0.9140625 0.765625 0.04375 0.065625
0 0.209375 0.765625 0.04375 0.065625
0 0.18359375 0.77578125 0.0296875 0.0515625
0 0.5796875 0.77734375 0.025 0.0390625
0 0.5515625 0.78046875 0.03125 0.0515625
0 0.9625 0.78203125 0.04375 0.0671875
0 0.05234375 0.78984375 0.0453125 0.0609375
0 0.70078125 0.790625 0.0359375 0.053125
0 0.4578125 0.79296875 0.021875 0.0390625
0 0.17109375 0.7953125 0.0296875 0.04375
0 0.61875 0.796875 0.04375 0.065625
0 0.42421875 0.7984375 0.0453125 0.0625
0 0.01796875 0.8015625 0.0265625 0.040625
0 0.84765625 0.809375 0.0453125 0.065625
0 0.79765625 0.81171875 0.0265625 0.0515625
0 0.58671875 0.81328125 0.0234375 0.0390625
0 0.1203125 0.81484375 0.034375 0.0390625
0 0.76796875 0.81796875 0.0453125 0.0671875
0 0.27890625 0.8203125 0.0296875 0.04375
0 0.20234375 0.82109375 0.0328125 0.0515625
0 0.9359375 0.82265625 0.034375 0.0484375
0 0.32578125 0.82265625 0.0703125 0.1015625
0 0.240625 0.821875 0.034375 0.053125
0 0.38359375 0.0828125 0.0265625 0.03125
0 0.8953125 0.8265625 0.04375 0.065625
0 0.38828125 0.83203125 0.0453125 0.0671875
0 0.5578125 0.83046875 0.034375 0.0515625
0 0.65625 0.8328125 0.04375 0.0625
0 0.96015625 0.0859375 0.0484375 0.065625
0 0.5171875 0.08671875 0.04375 0.0671875
0 0.41953125 0.08671875 0.0453125 0.0671875
0 0.7015625 0.846875 0.034375 0.053125
0 0.61875 0.85390625 0.034375 0.0484375
0 0.43125 0.853125 0.04375 0.0625
0 0.0625 0.8546875 0.04375 0.065625
0 0.97578125 0.8546875 0.0296875 0.040625
0 0.77421875 0.86171875 0.0234375 0.0390625
0 0.171875 0.8625 0.040625 0.065625
0 0.54296875 0.86484375 0.0265625 0.0359375
0 0.4734375 0.8640625 0.04375 0.0625
0 0.5140625 0.86875 0.028125 0.03125
0 0.740625 0.871875 0.04375 0.065625
0 0.03828125 0.871875 0.0234375 0.040625
0 0.01875 0.875 0.021875 0.04375
0 0.39609375 0.88125 0.0359375 0.040625
0 0.25625 0.88203125 0.040625 0.0671875
0 0.8265625 0.88515625 0.04375 0.0671875
0 0.29296875 0.884375 0.0359375 0.05625
0 0.5203125 0.8921875 0.025 0.034375
0 0.5875 0.8953125 0.04375 0.065625
0 0.70078125 0.89765625 0.0359375 0.0515625
0 0.4515625 0.89765625 0.034375 0.0484375
0 0.94921875 0.89921875 0.0390625 0.0671875
0 0.32265625 0.90234375 0.0296875 0.0484375
0 0.48984375 0.90234375 0.0359375 0.0453125
0 0.66328125 0.90859375 0.0453125 0.0671875
0 0.0703125 0.91015625 0.034375 0.0515625
0 0.35546875 0.91875 0.0359375 0.053125
0 0.90546875 0.9234375 0.0703125 0.10625
0 0.9828125 0.93125 0.034375 0.071875
0 0.55625 0.9328125 0.04375 0.0625
0 0.19921875 0.934375 0.0671875 0.103125
0 0.22578125 0.09453125 0.0296875 0.0484375
0 0.68828125 0.0953125 0.0390625 0.05625
0 0.5234375 0.94296875 0.021875 0.0390625
0 0.34296875 0.94453125 0.0359375 0.0453125
0 0.3890625 0.94375 0.04375 0.065625
0 0.30625 0.95546875 0.040625 0.0609375
0 0.4953125 0.9546875 0.034375 0.053125
0 0.31953125 0.09765625 0.0359375 0.0453125
0 0.75859375 0.95546875 0.0703125 0.0890625
0 0.09375 0.95625 0.071875 0.084375
0 0.70390625 0.959375 0.0359375 0.053125
0 0.43203125 0.9609375 0.0453125 0.065625
0 0.8171875 0.96171875 0.04375 0.0671875
0 0.25078125 0.96953125 0.0453125 0.0609375
0 0.3703125 0.97421875 0.034375 0.0484375
0 0.64609375 0.9734375 0.0703125 0.053125
0 0.4640625 0.97890625 0.04375 0.0390625
0 0.33828125 0.98046875 0.0359375 0.0359375
0 0.5546875 0.9890625 0.040625 0.021875
0 0.96484375 0.98984375 0.0359375 0.0203125
0 0.74609375 0.10078125 0.0265625 0.0390625
0 0.98984375 0.10546875 0.0203125 0.0671875
0 0.88671875 0.10546875 0.0453125 0.0703125
0 0.25234375 0.1078125 0.0453125 0.065625
0 0.78046875 0.11015625 0.0359375 0.0515625
0 0.82890625 0.11328125 0.0265625 0.0390625
0 0.28828125 0.1171875 0.0296875 0.040625
0 0.35 0.1171875 0.03125 0.03125
0 0.1921875 0.11875 0.04375 0.0625
0 0.01953125 0.12109375 0.0390625 0.0578125
0 0.72578125 0.12109375 0.0359375 0.0515625
0 0.603125 0.1296875 0.04375 0.065625
0 0.1171875 0.1296875 0.040625 0.0625
0 0.38359375 0.13046875 0.0453125 0.0671875
0 0.0671875 0.1390625 0.04375 0.065625
0 0.64765625 0.14140625 0.0453125 0.0703125
0 0.4578125 0.14375 0.025 0.040625
0 0.484375 0.1453125 0.03125 0.053125
0 0.31484375 0.1453125 0.0328125 0.053125
0 0.15 0.1484375 0.04375 0.065625
0 0.80234375 0.14765625 0.0453125 0.0671875
0 0.546875 0.15 0.021875 0.04375
0 0.21875 0.15 0.04375 0.0625
0 0.75078125 0.15 0.0296875 0.0375
0 0.52109375 0.153125 0.0453125 0.065625
0 0.940625 0.1546875 0.071875 0.10625
0 0.69765625 0.15234375 0.0484375 0.0703125
0 0.28828125 0.01953125 0.0671875 0.0390625
0 0.56953125 0.16796875 0.0234375 0.0390625
0 0.4328125 0.1703125 0.04375 0.065625
0 0.87109375 0.17109375 0.0453125 0.0671875
0 0.73671875 0.18125 0.0265625 0.040625
0 0.34609375 0.1828125 0.0703125 0.10625
0 0.46796875 0.18359375 0.0265625 0.0359375