0 0.85546875 0.13984375 0.2890625 0.2078125
0 0.146875 0.17421875 0.29375 0.2015625
0 0.44921875 0.1921875 0.2984375 0.196875
0 0.67890625 0.3171875 0.3046875 0.2
0 0.93203125 0.32421875 0.1328125 0.2046875
0 0.0640625 0.3390625 0.128125 0.196875
0 0.28203125 0.353125 0.3015625 0.2
0 0.5125 0.48046875 0.3125 0.2046875
0 0.84296875 0.48671875 0.3109375 0.2046875
0 0.13125 0.51796875 0.2625 0.2078125
0 0.62421875 0.05625 0.3078125 0.1125
0 0.315625 0.05625 0.3 0.1125
0 0.34296875 0.64296875 0.3078125 0.2046875
0 0.67265625 0.65234375 0.3171875 0.2078125
0 0.93125 0.6546875 0.134375 0.2125
0 0.165625 0.8140625 0.315625 0.196875
0 0.50078125 0.8234375 0.3203125 0.209375
0 0.8359375 0.82421875 0.315625 0.2046875
0 0.325 0.94453125 0.315625 0.1109375
0 0.6640625 0.946875 0.315625 0.10625