0 0.282421875 0.212109375 0.12734375 0.18984375
0 0.48359375 0.246875 0.1203125 0.19375
0 0.12265625 0.287109375 0.1140625 0.18359375
0 0.81796875 0.38203125 0.1265625 0.1828125
0 0.347265625 0.38359375 0.12265625 0.1890625
0 0.23125 0.38984375 0.115625 0.1765625
0 0.96640625 0.41328125 0.0671875 0.1859375
0 0.508984375 0.45859375 0.11796875 0.1765625
0 0.050390625 0.46484375 0.10078125 0.1921875
0 0.6578125 0.528125 0.11875 0.165625
0 0.907421875 0.540234375 0.13671875 0.21171875
0 0.16171875 0.5609375 0.1359375 0.2125
0 0.394140625 0.561328125 0.13828125 0.21015625
0 0.772265625 0.60390625 0.11640625 0.1734375
0 0.5234375 0.63984375 0.11875 0.1734375
0 0.06484375 0.651953125 0.1203125 0.17890625
0 0.283203125 0.68828125 0.13828125 0.2015625
0 0.63671875 0.705078125 0.1203125 0.16328125
0 0.907421875 0.72578125 0.11796875 0.1671875
0 0.1765625 0.746875 0.115625 0.171875
0 0.4203125 0.758984375 0.134375 0.18984375
0 0.78203125 0.799609375 0.1203125 0.18046875
0 0.05546875 0.847265625 0.1109375 0.17890625
0 0.532421875 0.849609375 0.11796875 0.17421875
0 0.165625 0.08984375 0.121875 0.1796875
0 0.6609375 0.893359375 0.134375 0.19609375
0 0.30859375 0.9 0.1359375 0.196875
0 0.1921875 0.920703125 0.125 0.15390625
0 0.4359375 0.938671875 0.13125 0.11796875
0 0.38984375 0.10625 0.1234375 0.19375
0 0.0453125 0.10625 0.090625 0.19375