0 0.0390625 0.275 0.078125 0.125
0 0.2171875 0.274609375 0.084375 0.12109375
0 0.129296875 0.277734375 0.08671875 0.12734375
0 0.30078125 0.276953125 0.0828125 0.12265625
0 0.386328125 0.280078125 0.08203125 0.12265625
0 0.468359375 0.279296875 0.08046875 0.12109375
0 0.953515625 0.279296875 0.07578125 0.11796875
0 0.5484375 0.28203125 0.078125 0.1203125
0 0.876171875 0.28203125 0.08046875 0.1203125
0 0.63203125 0.28203125 0.0796875 0.1203125
0 0.713671875 0.28125 0.08046875 0.11875
0 0.79609375 0.282421875 0.0765625 0.11796875
0 0.176171875 0.3828125 0.08671875 0.125
0 0.34453125 0.383203125 0.0828125 0.12265625
0 0.0828125 0.384375 0.0875 0.125
0 0.2609375 0.383203125 0.084375 0.12265625
0 0.677734375 0.38515625 0.08046875 0.1203125
0 0.594921875 0.383203125 0.08046875 0.12265625
0 0.430078125 0.385546875 0.08203125 0.12109375
0 0.83828125 0.384375 0.0796875 0.11875
0 0.92265625 0.384375 0.0796875 0.11875
0 0.51171875 0.3875 0.0796875 0.11875
0 0.76015625 0.385546875 0.0765625 0.12109375
0 0.128515625 0.48984375 0.08515625 0.1234375
0 0.8828125 0.489453125 0.078125 0.12265625
0 0.30390625 0.488671875 0.0828125 0.12109375
0 0.961328125 0.49140625 0.07578125 0.1203125
0 0.218359375 0.48984375 0.08671875 0.1234375
0 0.637109375 0.488671875 0.08046875 0.12109375
0 0.80234375 0.488671875 0.0796875 0.12109375
0 0.469921875 0.489453125 0.08046875 0.12265625
0 0.552734375 0.49140625 0.08046875 0.1203125
0 0.71796875 0.490625 0.0796875 0.11875
0 0.389453125 0.490234375 0.08203125 0.12109375
0 0.04296875 0.490625 0.0859375 0.128125
0 0.680078125 0.595703125 0.08203125 0.12265625
0 0.98359375 0.594921875 0.0328125 0.12109375
0 0.758984375 0.59453125 0.08046875 0.1203125
0 0.514453125 0.595703125 0.08203125 0.12265625
0 0.927734375 0.594921875 0.08046875 0.12109375
0 0.843359375 0.594921875 0.08046875 0.12109375
0 0.262109375 0.595703125 0.08671875 0.12265625
0 0.595703125 0.595703125 0.08203125 0.12265625
0 0.430078125 0.595703125 0.08203125 0.12265625
0 0.35 0.596875 0.084375 0.125
0 0.1765625 0.59765625 0.084375 0.1265625
0 0.088671875 0.5984375 0.08671875 0.125
0 0.3015625 0.06328125 0.084375 0.1203125
0 0.021484375 0.60234375 0.04296875 0.1265625
0 0.38359375 0.06171875 0.0796875 0.1234375
0 0.804296875 0.064453125 0.08046875 0.12265625
0 0.893359375 0.064453125 0.08046875 0.12265625
0 0.723828125 0.064453125 0.08203125 0.12265625
0 0.21328125 0.06484375 0.0828125 0.1203125
0 0.965625 0.06796875 0.06875 0.1265625
0 0.549609375 0.070703125 0.08046875 0.12265625
0 0.0375 0.06953125 0.075 0.1203125
0 0.6328125 0.070703125 0.078125 0.12265625
0 0.4671875 0.070703125 0.078125 0.12265625
0 0.718359375 0.698046875 0.08046875 0.12109375
0 0.804296875 0.699609375 0.08046875 0.12109375
0 0.887109375 0.69921875 0.08046875 0.1203125
0 0.964453125 0.69921875 0.06953125 0.1234375
0 0.636328125 0.699609375 0.08203125 0.12109375
0 0.554296875 0.70234375 0.08046875 0.1203125
0 0.473828125 0.703515625 0.08203125 0.12265625
0 0.2234375 0.70234375 0.084375 0.1234375
0 0.38984375 0.70390625 0.0828125 0.1234375
0 0.305078125 0.70390625 0.08515625 0.1234375
0 0.131640625 0.7078125 0.08515625 0.125
0 0.04375 0.70703125 0.0875 0.1265625
0 0.122265625 0.07734375 0.08203125 0.1203125
0 0.759765625 0.806640625 0.08203125 0.12265625
0 0.844921875 0.80859375 0.08046875 0.1203125
0 0.6765625 0.80703125 0.078125 0.1234375
0 0.928125 0.80859375 0.078125 0.1203125
0 0.595703125 0.808203125 0.08203125 0.12265625
0 0.51328125 0.808203125 0.0796875 0.12265625
0 0.429296875 0.811328125 0.08046875 0.12265625
0 0.348828125 0.81171875 0.08203125 0.1234375
0 0.176953125 0.8125 0.08515625 0.125
0 0.26328125 0.81484375 0.0828125 0.1234375
0 0.088671875 0.818359375 0.08671875 0.12734375
0 0.021875 0.81796875 0.04375 0.1296875
0 0.96328125 0.912109375 0.0734375 0.11796875
0 0.80390625 0.91328125 0.0796875 0.1234375
0 0.636328125 0.914453125 0.08203125 0.12265625
0 0.888671875 0.914453125 0.08046875 0.12265625
0 0.720703125 0.914453125 0.08203125 0.12265625
0 0.554296875 0.91640625 0.08046875 0.1265625
0 0.473828125 0.91796875 0.08203125 0.1234375
0 0.38828125 0.92109375 0.0828125 0.1234375
0 0.30390625 0.921484375 0.0828125 0.12734375
0 0.220703125 0.924609375 0.08515625 0.12734375
0 0.133984375 0.924609375 0.08671875 0.12734375
0 0.04453125 0.928125 0.0890625 0.13125
0 0.924609375 0.97890625 0.08046875 0.0421875
0 0.675390625 0.978125 0.08203125 0.040625
0 0.76328125 0.979296875 0.0828125 0.03984375
0 0.0796875 0.166015625 0.0875 0.12890625
0 0.259765625 0.16796875 0.08515625 0.1234375
0 0.1703125 0.17109375 0.084375 0.1234375
0 0.9265625 0.17109375 0.078125 0.1203125
0 0.762109375 0.17109375 0.08046875 0.1234375
0 0.845703125 0.171484375 0.08203125 0.12109375
0 0.679296875 0.17265625 0.08046875 0.1234375
0 0.34453125 0.17265625 0.0828125 0.1234375
0 0.428515625 0.173046875 0.08203125 0.12109375
0 0.50859375 0.176171875 0.0828125 0.12109375
0 0.590625 0.179296875 0.078125 0.11796875