0 0.9109375 0.27734375 0.09375 0.2234375
0 0.79140625 0.2890625 0.1015625 0.23125
0 0.675 0.3203125 0.103125 0.23125
0 0.51328125 0.3515625 0.1078125 0.23125
0 0.3859375 0.3921875 0.11875 0.240625
0 0.86640625 0.48046875 0.0921875 0.2140625
0 0.74296875 0.51171875 0.1015625 0.2140625
0 0.6109375 0.53359375 0.10625 0.2265625
0 0.97109375 0.58671875 0.0578125 0.2109375
0 0.47578125 0.59296875 0.1140625 0.2390625
0 0.35 0.63984375 0.11875 0.2453125
0 0.85078125 0.6921875 0.0984375 0.221875
0 0.67421875 0.72734375 0.0984375 0.2234375
0 0.5796875 0.77421875 0.10625 0.2359375
0 0.44609375 0.8390625 0.1171875 0.240625
0 0.93125 0.878125 0.09375 0.221875
0 0.321875 0.8875 0.13125 0.221875
0 0.75703125 0.8984375 0.1015625 0.2
0 0.6546875 0.9203125 0.10625 0.15625
0 0.8359375 0.0984375 0.09375 0.190625
0 0.54296875 0.95234375 0.1109375 0.0921875
0 0.715625 0.10703125 0.103125 0.2140625
0 0.59765625 0.12578125 0.1078125 0.2359375
0 0.42734375 0.15234375 0.1171875 0.2390625