0 0.190625 0.27578125 0.196875 0.3296875
0 0.328125 0.2953125 0.1375 0.290625
0 0.584375 0.309375 0.1875 0.325
0 0.69375 0.30859375 0.121875 0.2765625
0 0.91015625 0.31015625 0.1796875 0.3140625
0 0.13515625 0.05546875 0.1828125 0.1109375
0 0.26796875 0.60546875 0.1265625 0.2890625
0 0.13515625 0.61640625 0.2015625 0.3328125
0 0.89140625 0.61796875 0.1140625 0.2734375
0 0.48515625 0.62734375 0.1859375 0.3171875
0 0.78125 0.6328125 0.178125 0.3125
0 0.42265625 0.0765625 0.1890625 0.153125
0 0.74609375 0.08671875 0.1828125 0.1734375
0 0.29375 0.87734375 0.196875 0.2453125
0 0.928125 0.87890625 0.14375 0.2359375
0 0.06875 0.88046875 0.1375 0.2359375
0 0.42265625 0.884375 0.1234375 0.228125
0 0.7140625 0.88671875 0.159375 0.2265625