0 0.0140625 0.46640625 0.028125 0.1203125
0 0.05390625 0.4703125 0.0453125 0.125
0 0.10234375 0.475 0.0484375 0.128125
0 0.153125 0.4828125 0.053125 0.128125
0 0.2078125 0.48671875 0.05625 0.1328125
0 0.26484375 0.4921875 0.0609375 0.1375
0 0.3234375 0.49453125 0.065625 0.1390625
0 0.3859375 0.50234375 0.0625 0.1421875
0 0.44921875 0.509375 0.0703125 0.146875
0 0.51796875 0.5140625 0.0703125 0.15
0 0.5921875 0.52265625 0.075 0.1515625
0 0.66796875 0.53203125 0.0828125 0.1640625
0 0.7515625 0.540625 0.0875 0.16875
0 0.83984375 0.54140625 0.0890625 0.1703125
0 0.934375 0.54609375 0.096875 0.1734375
0 0.01796875 0.6703125 0.0359375 0.11875
0 0.05859375 0.68125 0.0484375 0.11875
0 0.10703125 0.69375 0.0453125 0.121875
0 0.1578125 0.70078125 0.053125 0.1203125
0 0.2109375 0.7125 0.05625 0.128125
0 0.26484375 0.72578125 0.0578125 0.1328125
0 0.32421875 0.73515625 0.0609375 0.1328125
0 0.3875 0.740625 0.0625 0.1375
0 0.44921875 0.75234375 0.0671875 0.1390625
0 0.51953125 0.76640625 0.0671875 0.1453125
0 0.5921875 0.778125 0.075 0.15
0 0.66875 0.79609375 0.075 0.1546875
0 0.74765625 0.8125 0.0796875 0.15625
0 0.83203125 0.82265625 0.0890625 0.1609375
0 0.9265625 0.83828125 0.096875 0.1640625
0 0.03125 0.85546875 0.04375 0.1109375
0 0.07421875 0.87109375 0.0453125 0.1109375
0 0.12109375 0.8859375 0.0484375 0.115625
0 0.16953125 0.9046875 0.0515625 0.11875
0 0.2234375 0.91796875 0.053125 0.1203125
0 0.27734375 0.934375 0.0578125 0.125
0 0.33515625 0.93984375 0.0609375 0.1109375
0 0.3953125 0.94921875 0.0625 0.0984375
0 0.45703125 0.953125 0.0671875 0.0875
0 0.52265625 0.96328125 0.0703125 0.0671875
0 0.07578125 0.33984375 0.0453125 0.1078125
0 0.12265625 0.3421875 0.0484375 0.115625
0 0.16953125 0.34765625 0.0484375 0.1203125
0 0.2203125 0.34921875 0.053125 0.1203125
0 0.27109375 0.35078125 0.0515625 0.1203125
0 0.325 0.35625 0.05625 0.125
0 0.38203125 0.35625 0.0578125 0.125
0 0.44140625 0.359375 0.0609375 0.134375
0 0.5046875 0.36328125 0.0625 0.1421875
0 0.56953125 0.36484375 0.0671875 0.1453125
0 0.6421875 0.365625 0.071875 0.15
0 0.878125 0.36640625 0.0875 0.1609375
0 0.79296875 0.3671875 0.0828125 0.159375
0 0.96015625 0.36875 0.0796875 0.16875
0 0.715625 0.36875 0.075 0.15625