0 0.50625 0.528125 0.065625 0.103125
0 0.63984375 0.52734375 0.0578125 0.0921875
0 0.07421875 0.5078125 0.0671875 0.10625
0 0.57578125 0.503125 0.0703125 0.10625
0 0.71015625 0.4953125 0.0671875 0.10625
0 0.4328125 0.490625 0.0625 0.096875
0 0.13515625 0.4375 0.0671875 0.096875
0 0.41640625 0.4328125 0.0578125 0.0875
0 0.6765625 0.43359375 0.059375 0.0890625
0 0.5421875 0.43359375 0.059375 0.0921875
0 0.47734375 0.41796875 0.0609375 0.0921875
0 0.61171875 0.396875 0.0703125 0.10625
0 0.0828125 0.39296875 0.0625 0.0953125
0 0.753125 0.38203125 0.071875 0.1078125
0 0.57890625 0.35078125 0.0609375 0.0859375
0 0.14375 0.33515625 0.065625 0.0953125
0 0.765625 0.3328125 0.05625 0.071875
0 0.44453125 0.328125 0.0671875 0.103125
0 0.27265625 0.325 0.0671875 0.096875
0 0.70625 0.3265625 0.059375 0.09375
0 0.6453125 0.32265625 0.0625 0.0953125
0 0.51328125 0.3203125 0.0703125 0.10625
0 0.90234375 0.31484375 0.0609375 0.0921875
0 0.20625 0.2890625 0.065625 0.096875
0 0.54921875 0.27265625 0.0578125 0.0921875
0 0.8578125 0.25234375 0.075 0.1109375
0 0.67109375 0.25078125 0.0578125 0.0921875
0 0.33046875 0.24921875 0.0671875 0.0984375
0 0.79296875 0.24609375 0.0515625 0.0890625
0 0.740625 0.22265625 0.071875 0.0796875
0 0.61171875 0.221875 0.0703125 0.10625
0 0.259375 0.21796875 0.065625 0.0984375
0 0.41328125 0.2171875 0.0703125 0.10625
0 0.48203125 0.2109375 0.0703125 0.103125
0 0.3234375 0.1390625 0.065625 0.096875