0 0.50625 0.4734375 0.065625 0.103125
0 0.63984375 0.47421875 0.0578125 0.0921875
0 0.07421875 0.4921875 0.0671875 0.10625
0 0.57421875 0.4984375 0.0703125 0.10625
0 0.71015625 0.5046875 0.0671875 0.10625
0 0.43125 0.509375 0.0625 0.096875
0 0.13359375 0.5609375 0.0671875 0.096875
0 0.41484375 0.5671875 0.0578125 0.0875
0 0.67578125 0.56640625 0.0609375 0.0890625
0 0.540625 0.5671875 0.059375 0.090625
0 0.47578125 0.58203125 0.0609375 0.0921875
0 0.61171875 0.603125 0.0703125 0.10625
0 0.08125 0.6078125 0.0625 0.096875
0 0.7515625 0.61796875 0.071875 0.1078125
0 0.57890625 0.64921875 0.0609375 0.0859375
0 0.1421875 0.665625 0.065625 0.096875
0 0.7640625 0.66875 0.05625 0.071875
0 0.44453125 0.671875 0.0671875 0.103125
0 0.27109375 0.675 0.0671875 0.096875
0 0.70625 0.675 0.059375 0.09375
0 0.6453125 0.6765625 0.0625 0.096875
0 0.51328125 0.68125 0.0703125 0.10625
0 0.90234375 0.6859375 0.0609375 0.090625
0 0.20625 0.7109375 0.065625 0.096875
0 0.54765625 0.728125 0.0578125 0.090625
0 0.85625 0.74765625 0.075 0.1109375
0 0.67109375 0.7484375 0.0578125 0.090625
0 0.32890625 0.75234375 0.0671875 0.0984375
0 0.79296875 0.75390625 0.0515625 0.0890625
0 0.7390625 0.77734375 0.071875 0.0796875
0 0.61171875 0.778125 0.0703125 0.10625
0 0.259375 0.78203125 0.065625 0.0984375
0 0.41171875 0.7828125 0.0703125 0.10625
0 0.48203125 0.7890625 0.0703125 0.103125
0 0.3234375 0.8609375 0.065625 0.096875