0 0.809375 0.2046875 0.084375 0.134375
0 0.96328125 0.215625 0.0703125 0.11875
0 0.88046875 0.2171875 0.0765625 0.11875
0 0.5671875 0.24140625 0.096875 0.1453125
0 0.090625 0.2453125 0.09375 0.134375
0 0.2828125 0.24765625 0.09375 0.1390625
0 0.190625 0.25234375 0.090625 0.1359375
0 0.02421875 0.25234375 0.0484375 0.1421875
0 0.74140625 0.25390625 0.0890625 0.1421875
0 0.38203125 0.259375 0.0890625 0.13125
0 0.47109375 0.2578125 0.0890625 0.134375
0 0.65 0.259375 0.084375 0.134375
0 0.36953125 0.0265625 0.0984375 0.053125
0 0.6625 0.0296875 0.09375 0.053125
0 0.17421875 0.02890625 0.0984375 0.0578125
0 0.07890625 0.03125 0.0984375 0.0625
0 0.859375 0.31484375 0.084375 0.1328125
0 0.95625 0.31953125 0.084375 0.1328125
0 0.11875 0.36171875 0.103125 0.1484375
0 0.2421875 0.3703125 0.09375 0.134375
0 0.33515625 0.371875 0.0890625 0.1375
0 0.68515625 0.37109375 0.0765625 0.1078125
0 0.42890625 0.3734375 0.0890625 0.134375
0 0.60703125 0.3734375 0.0890625 0.134375
0 0.76015625 0.37734375 0.0765625 0.1109375
0 0.5171875 0.37734375 0.0875 0.1296875
0 0.46640625 0.03984375 0.0921875 0.0796875
0 0.28046875 0.040625 0.0953125 0.08125
0 0.903125 0.42890625 0.084375 0.1328125
0 0.9828125 0.4296875 0.034375 0.128125
0 0.1859375 0.48671875 0.096875 0.1390625
0 0.28046875 0.48671875 0.0984375 0.1453125
0 0.071875 0.48671875 0.103125 0.1421875
0 0.38515625 0.48828125 0.0859375 0.1296875
0 0.6875 0.4890625 0.10625 0.15625
0 0.5609375 0.48828125 0.0875 0.1296875
0 0.471875 0.48984375 0.0875 0.1328125
0 0.76484375 0.49140625 0.0765625 0.1421875
0 0.82578125 0.49453125 0.0703125 0.1328125
0 0.9109375 0.5359375 0.075 0.10625
0 0.8796875 0.60078125 0.084375 0.1296875
0 0.6046875 0.60390625 0.084375 0.1296875
0 0.51796875 0.6046875 0.0828125 0.128125
0 0.0421875 0.61171875 0.084375 0.1390625
0 0.42734375 0.61328125 0.0984375 0.1546875
0 0.23046875 0.6140625 0.1015625 0.159375
0 0.3328125 0.61484375 0.0875 0.1421875
0 0.1296875 0.615625 0.103125 0.159375
0 0.72734375 0.62421875 0.0984375 0.1515625
0 0.79296875 0.06484375 0.0890625 0.1296875
0 0.89375 0.0671875 0.09375 0.134375
0 0.97109375 0.0671875 0.0578125 0.134375
0 0.80625 0.70546875 0.0875 0.1328125
0 0.92890625 0.72421875 0.0921875 0.1390625
0 0.6390625 0.725 0.090625 0.1375
0 0.7234375 0.7265625 0.084375 0.10625
0 0.55390625 0.73671875 0.0828125 0.1328125
0 0.37578125 0.73828125 0.0921875 0.1296875
0 0.46484375 0.73984375 0.0890625 0.1328125
0 0.07265625 0.7484375 0.1015625 0.1375
0 0.16796875 0.75234375 0.0921875 0.1390625
0 0.24609375 0.78359375 0.1078125 0.1546875
0 0.84140625 0.83359375 0.0765625 0.1234375
0 0.59140625 0.83359375 0.0828125 0.1234375
0 0.509375 0.8375 0.084375 0.121875
0 0.6765625 0.83984375 0.084375 0.1203125
0 0.76171875 0.83984375 0.0828125 0.1203125
0 0.93203125 0.84453125 0.0796875 0.1203125
0 0.33046875 0.8421875 0.0890625 0.128125
0 0.4203125 0.8484375 0.0875 0.128125
0 0.1421875 0.85234375 0.090625 0.1328125
0 0.04453125 0.8546875 0.0890625 0.1375
0 0.228125 0.8734375 0.096875 0.11875
0 0.5515625 0.9453125 0.0875 0.10625
0 0.46328125 0.946875 0.0890625 0.10625
0 0.72578125 0.94921875 0.0859375 0.1015625
0 0.8125 0.94921875 0.0875 0.1015625
0 0.9 0.94921875 0.0875 0.0984375
0 0.97109375 0.9515625 0.0578125 0.096875
0 0.1859375 0.9515625 0.09375 0.09375
0 0.64140625 0.95390625 0.0859375 0.0921875
0 0.2734375 0.95859375 0.096875 0.0828125
0 0.36875 0.9625 0.096875 0.071875
0 0.06328125 0.97109375 0.1015625 0.0578125
0 0.421875 0.11796875 0.09375 0.1453125
0 0.7046875 0.11953125 0.090625 0.1421875
0 0.04453125 0.1234375 0.0890625 0.15
0 0.328125 0.12890625 0.09375 0.1421875
0 0.60703125 0.1296875 0.0890625 0.1375
0 0.23671875 0.1359375 0.0890625 0.1375
0 0.1453125 0.1375 0.09375 0.134375
0 0.5140625 0.14765625 0.0875 0.1328125