0 0.08359375 0.41015625 0.0984375 0.1640625
0 0.18359375 0.4109375 0.0890625 0.15625
0 0.28984375 0.41796875 0.0890625 0.1546875
0 0.55234375 0.42421875 0.0796875 0.1453125
0 0.384375 0.42421875 0.084375 0.1515625
0 0.63125 0.42421875 0.075 0.1421875
0 0.46796875 0.425 0.0828125 0.15
0 0.7078125 0.42578125 0.071875 0.1390625
0 0.78828125 0.428125 0.0703125 0.134375
0 0.853125 0.43203125 0.0625 0.1328125
0 0.91875 0.43671875 0.0625 0.1296875
0 0.97421875 0.43671875 0.0515625 0.1265625
0 0.9828125 0.69453125 0.034375 0.1296875
0 0.9328125 0.69921875 0.065625 0.1296875
0 0.86484375 0.70234375 0.0671875 0.1328125
0 0.7921875 0.7015625 0.071875 0.1375
0 0.7125 0.70546875 0.075 0.1390625
0 0.634375 0.71328125 0.075 0.1390625
0 0.55390625 0.72109375 0.0828125 0.1421875
0 0.36875 0.72265625 0.084375 0.1515625
0 0.465625 0.7234375 0.0875 0.146875
0 0.27421875 0.72890625 0.0921875 0.1515625
0 0.1796875 0.7328125 0.09375 0.15625
0 0.07578125 0.7359375 0.1015625 0.153125
0 0.04140625 0.0765625 0.0828125 0.153125
0 0.14765625 0.08203125 0.0953125 0.1609375
0 0.98359375 0.934375 0.0296875 0.125
0 0.9359375 0.93828125 0.065625 0.1203125
0 0.87265625 0.94296875 0.0703125 0.1109375
0 0.80234375 0.94765625 0.0703125 0.1015625
0 0.7203125 0.95234375 0.075 0.0921875
0 0.64296875 0.96015625 0.0765625 0.0796875
0 0.56328125 0.9640625 0.0796875 0.071875
0 0.4734375 0.96796875 0.084375 0.0609375
0 0.3859375 0.9734375 0.0875 0.053125
0 0.259375 0.09765625 0.084375 0.1546875
0 0.34609375 0.1078125 0.0828125 0.15
0 0.44921875 0.11484375 0.0796875 0.1453125
0 0.5296875 0.1234375 0.071875 0.1375
0 0.61796875 0.13203125 0.0703125 0.1390625
0 0.69921875 0.140625 0.0703125 0.134375
0 0.7828125 0.14765625 0.065625 0.1296875
0 0.8390625 0.159375 0.05625 0.128125
0 0.89921875 0.16640625 0.0609375 0.1234375
0 0.9703125 0.17578125 0.05625 0.1203125