0 0.059375 0.52265625 0.09375 0.1453125
0 0.88515625 0.534375 0.1296875 0.140625
0 0.1703125 0.55078125 0.15 0.1484375
0 0.76875 0.553125 0.146875 0.15
0 0.47109375 0.553125 0.1328125 0.1375
0 0.31640625 0.56796875 0.1390625 0.1421875
0 0.62734375 0.5921875 0.1609375 0.15625
0 0.4 0.63359375 0.13125 0.1359375
0 0.10625 0.64921875 0.1375 0.1328125
0 0.25703125 0.65078125 0.1421875 0.1296875
0 0.53671875 0.66953125 0.1453125 0.1390625
0 0.82734375 0.67265625 0.1328125 0.1265625
0 0.6890625 0.67890625 0.146875 0.1328125
0 0.06796875 0.7515625 0.1140625 0.140625
0 0.47109375 0.75859375 0.1359375 0.1359375
0 0.190625 0.765625 0.128125 0.128125
0 0.3265625 0.77109375 0.1375 0.1390625
0 0.60859375 0.77578125 0.1421875 0.1421875
0 0.74765625 0.77578125 0.1328125 0.1265625
0 0.88828125 0.79453125 0.1328125 0.1296875
0 0.9421875 0.34453125 0.09375 0.1640625
0 0.92578125 0.62578125 0.1234375 0.1296875
0 0.1296875 0.83359375 0.125 0.0578125
0 0.26328125 0.83359375 0.1265625 0.0671875
0 0.39921875 0.8265625 0.1234375 0.071875
0 0.53359375 0.84375 0.1328125 0.065625
0 0.6640625 0.8484375 0.1125 0.021875