0 0.15625 0.195703125 0.178125 0.24765625
0 0.87265625 0.21484375 0.1671875 0.2359375
0 0.51484375 0.2234375 0.1734375 0.240625
0 0.340625 0.226171875 0.171875 0.23671875
0 0.687109375 0.231640625 0.16796875 0.23203125
0 0.0734375 0.42421875 0.146875 0.2546875
0 0.787109375 0.428515625 0.17421875 0.24765625
0 0.244140625 0.43046875 0.17890625 0.2484375
0 0.93671875 0.436328125 0.1234375 0.24765625
0 0.427734375 0.43984375 0.17421875 0.2484375
0 0.60546875 0.450390625 0.1703125 0.24140625
0 0.07890625 0.05625 0.1578125 0.1125
0 0.25625 0.0625 0.171875 0.125
0 0.427734375 0.066015625 0.16796875 0.13203125
0 0.14453125 0.655859375 0.1859375 0.26796875
0 0.705078125 0.654296875 0.17890625 0.26171875
0 0.885546875 0.6578125 0.18046875 0.25625
0 0.334375 0.66015625 0.178125 0.2609375
0 0.51875 0.662109375 0.18125 0.26171875
0 0.7671875 0.06953125 0.1625 0.1390625
0 0.5953125 0.0734375 0.165625 0.146875
0 0.06484375 0.87421875 0.1296875 0.2515625
0 0.806640625 0.875 0.18515625 0.25
0 0.95 0.875 0.1 0.25
0 0.62109375 0.875 0.1828125 0.25
0 0.236328125 0.873828125 0.18515625 0.24765625
0 0.428125 0.878125 0.1875 0.240625