0 0.15625 0.19453125 0.178125 0.2484375
0 0.871875 0.21328125 0.16875 0.2359375
0 0.51484375 0.2234375 0.1734375 0.240625
0 0.34140625 0.22578125 0.1734375 0.2390625
0 0.6875 0.23125 0.16875 0.234375
0 0.0734375 0.421875 0.146875 0.25625
0 0.78671875 0.42890625 0.1765625 0.2484375
0 0.24375 0.43046875 0.18125 0.2484375
0 0.93671875 0.4359375 0.1234375 0.246875
0 0.42890625 0.440625 0.1734375 0.25
0 0.603125 0.45 0.171875 0.24375
0 0.07890625 0.05625 0.1578125 0.1125
0 0.25546875 0.0625 0.1734375 0.125
0 0.4265625 0.065625 0.16875 0.13125
0 0.14375 0.65625 0.1875 0.26875
0 0.7046875 0.65625 0.18125 0.2625
0 0.884375 0.65703125 0.18125 0.2578125
0 0.334375 0.659375 0.178125 0.2625
0 0.51796875 0.6625 0.1828125 0.2625
0 0.76640625 0.06953125 0.1640625 0.1390625
0 0.5953125 0.0734375 0.165625 0.146875
0 0.06484375 0.8734375 0.1296875 0.253125
0 0.80546875 0.875 0.1859375 0.25
0 0.94921875 0.875 0.1015625 0.25
0 0.61953125 0.875 0.1828125 0.25
0 0.23671875 0.875 0.1859375 0.246875
0 0.428125 0.878125 0.1875 0.240625
0 0.92265625 0.07265625 0.1546875 0.1453125
0 0.0328125 0.2078125 0.065625 0.23125