0 0.15625 0.19591346153846154 0.1778846153846154 0.24759615384615385
0 0.8725961538461539 0.21394230769230768 0.16826923076923078 0.23557692307692307
0 0.5144230769230769 0.22355769230769232 0.17307692307692307 0.2403846153846154
0 0.34134615384615385 0.22716346153846154 0.17307692307692307 0.23798076923076922
0 0.6875 0.23197115384615385 0.16826923076923078 0.23317307692307693
0 0.0733173076923077 0.4230769230769231 0.1466346153846154 0.2548076923076923
0 0.7872596153846154 0.42908653846153844 0.17548076923076922 0.24759615384615385
0 0.2439903846153846 0.43149038461538464 0.18028846153846154 0.24759615384615385
0 0.9362980769230769 0.4362980769230769 0.12259615384615384 0.24759615384615385
0 0.43028846153846156 0.43990384615384615 0.17307692307692307 0.25
0 0.6045673076923077 0.45072115384615385 0.17067307692307693 0.24278846153846154
0 0.07932692307692307 0.056490384615384616 0.15865384615384615 0.11298076923076923
0 0.25721153846153844 0.0625 0.17307692307692307 0.125
0 0.42788461538461536 0.06610576923076923 0.16826923076923078 0.13221153846153846
0 0.14423076923076922 0.65625 0.1875 0.2692307692307692
0 0.7055288461538461 0.6550480769230769 0.18028846153846154 0.2620192307692308
0 0.8858173076923077 0.6574519230769231 0.18028846153846154 0.25721153846153844
0 0.33413461538461536 0.6598557692307693 0.1778846153846154 0.2620192307692308
0 0.5192307692307693 0.6622596153846154 0.18269230769230768 0.2620192307692308
0 0.7668269230769231 0.06971153846153846 0.16346153846153846 0.13942307692307693
0 0.5949519230769231 0.0733173076923077 0.1658653846153846 0.1466346153846154
0 0.06490384615384616 0.8737980769230769 0.12980769230769232 0.25240384615384615
0 0.8064903846153846 0.875 0.18509615384615385 0.25
0 0.9495192307692307 0.875 0.10096153846153846 0.25
0 0.6201923076923077 0.875 0.18269230769230768 0.25
0 0.23677884615384615 0.8737980769230769 0.18509615384615385 0.24759615384615385
0 0.42788461538461536 0.8774038461538461 0.1875 0.2403846153846154
0 0.9230769230769231 0.0733173076923077 0.15384615384615385 0.1466346153846154
0 0.03245192307692308 0.2091346153846154 0.06490384615384616 0.23076923076923078