0 0.8515625 0.19453125 0.159375 0.2390625
0 0.6875 0.19765625 0.15 0.2265625
0 0.03984375 0.34765625 0.0796875 0.2140625
0 0.16328125 0.36484375 0.1328125 0.2140625
0 0.3015625 0.38046875 0.134375 0.2171875
0 0.78359375 0.384375 0.1453125 0.228125
0 0.44453125 0.39453125 0.1390625 0.2265625
0 0.60390625 0.4 0.1453125 0.221875
0 0.92265625 0.409375 0.1515625 0.240625
0 0.153125 0.0484375 0.1375 0.096875
0 0.30390625 0.053125 0.1390625 0.10625
0 0.46484375 0.05390625 0.1453125 0.1078125
0 0.92578125 0.05546875 0.1453125 0.1109375
0 0.07890625 0.54453125 0.1328125 0.2140625
0 0.609375 0.05546875 0.146875 0.1109375
0 0.76484375 0.0578125 0.1546875 0.115625
0 0.2171875 0.571875 0.134375 0.2125
0 0.70390625 0.58203125 0.1421875 0.2265625
0 0.53203125 0.58359375 0.1453125 0.2234375
0 0.36484375 0.5859375 0.1421875 0.21875
0 0.9625 0.61953125 0.071875 0.2390625
0 0.815625 0.64140625 0.159375 0.2390625
0 0.0359375 0.7234375 0.071875 0.2125
0 0.15703125 0.7296875 0.1296875 0.209375
0 0.45703125 0.7671875 0.1390625 0.221875
0 0.28203125 0.77265625 0.1390625 0.2171875
0 0.6 0.79140625 0.146875 0.2265625
0 0.76796875 0.80625 0.1515625 0.221875
0 0.92109375 0.83046875 0.1546875 0.2390625
0 0.0796875 0.9 0.125 0.196875
0 0.196875 0.91796875 0.134375 0.1640625
0 0.35078125 0.9328125 0.1390625 0.134375
0 0.52109375 0.934375 0.1421875 0.128125
0 0.66328125 0.94765625 0.1484375 0.1015625
0 0.10078125 0.16640625 0.1296875 0.2171875
0 0.2390625 0.178125 0.1375 0.221875
0 0.384375 0.1859375 0.1375 0.221875
0 0.54765625 0.18984375 0.1421875 0.2234375