0 0.616796875 0.478125 0.12734375 0.11875
0 0.751953125 0.49765625 0.12890625 0.1234375
0 0.900390625 0.53359375 0.12890625 0.1234375
0 0.0953125 0.55390625 0.13125 0.1265625
0 0.403515625 0.558984375 0.12890625 0.12109375
0 0.52890625 0.558203125 0.1203125 0.11640625
0 0.22578125 0.57734375 0.1234375 0.1203125
0 0.662109375 0.5875 0.12734375 0.115625
0 0.77890625 0.58671875 0.1109375 0.1046875
0 0.908203125 0.637109375 0.12265625 0.10546875
0 0.575 0.64296875 0.115625 0.1078125
0 0.162890625 0.645703125 0.12265625 0.11328125
0 0.32421875 0.65234375 0.1234375 0.1203125
0 0.451171875 0.66875 0.12734375 0.11875
0 0.688671875 0.673046875 0.11796875 0.10234375
0 0.80859375 0.69453125 0.1203125 0.1046875
0 0.090234375 0.739453125 0.12109375 0.11328125
0 0.944921875 0.741015625 0.10546875 0.11640625
0 0.241796875 0.748828125 0.12734375 0.11640625
0 0.496875 0.748828125 0.11875 0.10703125
0 0.371484375 0.75703125 0.12109375 0.1109375
0 0.612890625 0.76796875 0.11640625 0.1078125
0 0.7359375 0.794140625 0.11875 0.10703125
0 0.854296875 0.80234375 0.11796875 0.0984375
0 0.173046875 0.813671875 0.12109375 0.07421875
0 0.3 0.813671875 0.11875 0.07421875