0 0.01796875 0.58515625 0.0171875 0.0546875
0 0.03515625 0.58359375 0.0171875 0.0546875
0 0.05078125 0.58515625 0.0203125 0.0578125
0 0.06796875 0.58515625 0.0203125 0.0578125
0 0.0859375 0.5828125 0.021875 0.059375
0 0.25859375 0.58203125 0.0265625 0.0671875
0 0.1078125 0.5828125 0.021875 0.059375
0 0.1265625 0.5828125 0.021875 0.0625
0 0.234375 0.58203125 0.021875 0.0671875
0 0.190625 0.5828125 0.025 0.065625
0 0.30859375 0.58125 0.0265625 0.065625
0 0.1671875 0.58125 0.021875 0.059375
0 0.28515625 0.58203125 0.0265625 0.0671875
0 0.33671875 0.58203125 0.0296875 0.0671875
0 0.36484375 0.58203125 0.0265625 0.0671875
0 0.1453125 0.5796875 0.021875 0.0625
0 0.2125 0.58125 0.025 0.065625
0 0.58828125 0.58046875 0.0359375 0.0796875
0 0.39296875 0.58046875 0.0296875 0.0703125
0 0.70625 0.5796875 0.040625 0.0875
0 0.5171875 0.58125 0.034375 0.075
0 0.753125 0.58046875 0.04375 0.0890625
0 0.54921875 0.58046875 0.0359375 0.0765625
0 0.79921875 0.5796875 0.0484375 0.090625
0 0.4515625 0.578125 0.03125 0.075
0 0.62578125 0.58046875 0.0390625 0.0765625
0 0.84765625 0.57890625 0.0515625 0.0890625
0 0.4203125 0.578125 0.03125 0.075
0 0.665625 0.57734375 0.040625 0.0828125
0 0.4828125 0.578125 0.034375 0.075
0 0.915625 0.9546875 0.053125 0.090625
0 0.00703125 0.48515625 0.0140625 0.0609375
0 0.02265625 0.4828125 0.0171875 0.053125
0 0.03984375 0.48203125 0.0171875 0.0609375
0 0.05390625 0.48203125 0.0171875 0.0609375
0 0.07109375 0.4796875 0.0171875 0.05625
0 0.86015625 0.9453125 0.0515625 0.096875
0 0.0875 0.478125 0.021875 0.05625
0 0.11171875 0.47421875 0.0203125 0.0578125
0 0.13203125 0.47421875 0.0203125 0.0578125
0 0.15 0.46953125 0.021875 0.0578125
0 0.175 0.46796875 0.021875 0.0609375
0 0.196875 0.46484375 0.021875 0.0609375
0 0.21796875 0.46328125 0.0265625 0.0609375
0 0.24375 0.46015625 0.025 0.0609375
0 0.26640625 0.46015625 0.0265625 0.0609375
0 0.29140625 0.4578125 0.0234375 0.065625
0 0.31640625 0.45625 0.0265625 0.065625
0 0.34296875 0.45234375 0.0265625 0.0671875
0 0.37109375 0.4484375 0.0296875 0.065625
0 0.39921875 0.44765625 0.0296875 0.0671875
0 0.42890625 0.44609375 0.0296875 0.0703125
0 0.46015625 0.44140625 0.0296875 0.0703125
0 0.4890625 0.440625 0.03125 0.071875
0 0.80390625 0.9421875 0.0515625 0.09375
0 0.52265625 0.4359375 0.0359375 0.075
0 0.55859375 0.4359375 0.0359375 0.075
0 0.59609375 0.43046875 0.0359375 0.0765625
0 0.63203125 0.42890625 0.0390625 0.0828125
0 0.671875 0.425 0.040625 0.084375
0 0.7140625 0.4203125 0.04375 0.0875
0 0.7546875 0.41796875 0.04375 0.0828125
0 0.80390625 0.4140625 0.0484375 0.0875
0 0.85234375 0.41171875 0.0515625 0.0859375
0 0.02890625 0.384375 0.0203125 0.053125
0 0.06484375 0.38203125 0.0203125 0.0515625
0 0.08359375 0.378125 0.0171875 0.053125
0 0.10078125 0.371875 0.0171875 0.05625
0 0.11796875 0.36953125 0.0203125 0.0546875
0 0.13671875 0.36640625 0.0203125 0.0609375
0 0.1578125 0.359375 0.021875 0.05625
0 0.1796875 0.35546875 0.021875 0.0578125
0 0.1984375 0.35390625 0.021875 0.0578125
0 0.2203125 0.35078125 0.021875 0.0578125
0 0.24375 0.346875 0.025 0.0625
0 0.26796875 0.34296875 0.0265625 0.0609375
0 0.29609375 0.3390625 0.0234375 0.0625
0 0.32109375 0.3328125 0.0265625 0.065625
0 0.34765625 0.32734375 0.0265625 0.0671875
0 0.37265625 0.32421875 0.0296875 0.0671875
0 0.40078125 0.321875 0.0265625 0.065625
0 0.75390625 0.93125 0.0453125 0.096875
0 0.43046875 0.31484375 0.0296875 0.0703125
0 0.4609375 0.3109375 0.03125 0.071875
0 0.4921875 0.30703125 0.03125 0.0703125
0 0.525 0.3015625 0.03125 0.071875
0 0.55859375 0.2921875 0.0359375 0.075
0 0.01328125 0.290625 0.0171875 0.053125
0 0.59609375 0.28671875 0.0359375 0.0765625
0 0.03046875 0.284375 0.0171875 0.053125
0 0.04765625 0.28046875 0.0171875 0.0546875
0 0.63203125 0.27890625 0.0390625 0.0765625
0 0.06484375 0.275 0.0171875 0.053125
0 0.671875 0.27265625 0.040625 0.0765625
0 0.08359375 0.2703125 0.0171875 0.05625
0 0.10078125 0.265625 0.0203125 0.05625
0 0.7125 0.26640625 0.04375 0.0796875
0 0.12109375 0.26171875 0.0203125 0.0546875
0 0.13984375 0.25546875 0.0203125 0.0578125
0 0.7546875 0.25546875 0.04375 0.0828125
0 0.1609375 0.25078125 0.021875 0.0578125
0 0.80390625 0.2484375 0.0484375 0.084375
0 0.1796875 0.24609375 0.021875 0.0578125
0 0.2015625 0.23984375 0.021875 0.0609375
0 0.85390625 0.24140625 0.0484375 0.0828125
0 0.2234375 0.23515625 0.025 0.0609375
0 0.2484375 0.23046875 0.025 0.0609375
0 0.27109375 0.22578125 0.0265625 0.0609375
0 0.29921875 0.2171875 0.0234375 0.065625
0 0.32421875 0.2125 0.0265625 0.0625
0 0.35078125 0.20625 0.0296875 0.065625
0 0.709375 0.91796875 0.04375 0.0921875
0 0.37734375 0.1984375 0.0296875 0.065625
0 0.40703125 0.19375 0.0296875 0.065625
0 0.4359375 0.18515625 0.03125 0.0671875
0 0.4671875 0.1765625 0.03125 0.06875
0 0.5 0.16796875 0.034375 0.0703125
0 0.53125 0.1609375 0.034375 0.075
0 0.56640625 0.15 0.0359375 0.075
0 0.60078125 0.140625 0.0390625 0.075
0 0.63984375 0.13046875 0.0390625 0.0765625
0 0.678125 0.11796875 0.04375 0.0765625
0 0.721875 0.10703125 0.04375 0.0796875
0 0.76328125 0.09453125 0.0453125 0.0828125
0 0.80859375 0.0828125 0.0453125 0.084375
0 0.665625 0.90859375 0.04375 0.0890625
0 0.85703125 0.0734375 0.0515625 0.084375
0 0.621875 0.9015625 0.040625 0.0875
0 0.58203125 0.8953125 0.0390625 0.0875
0 0.54609375 0.88671875 0.0390625 0.0828125
0 0.50859375 0.88046875 0.0359375 0.0828125
0 0.475 0.87265625 0.03125 0.0828125
0 0.4421875 0.86796875 0.034375 0.0765625
0 0.40625 0.86328125 0.034375 0.0765625
0 0.3734375 0.8578125 0.03125 0.075
0 0.34609375 0.853125 0.0296875 0.071875
0 0.31796875 0.85 0.0296875 0.075
0 0.28828125 0.85 0.0265625 0.075
0 0.2359375 0.8421875 0.025 0.071875
0 0.26328125 0.83984375 0.0265625 0.0703125
0 0.20859375 0.83359375 0.0265625 0.0703125
0 0.1828125 0.8328125 0.025 0.071875
0 0.159375 0.82734375 0.025 0.0671875
0 0.134375 0.82265625 0.025 0.0671875
0 0.1140625 0.815625 0.021875 0.0625
0 0.09453125 0.8125 0.0203125 0.0625
0 0.0734375 0.8109375 0.021875 0.0625
0 0.0515625 0.809375 0.021875 0.065625
0 0.0328125 0.803125 0.021875 0.0625
0 0.01171875 0.80234375 0.0203125 0.0609375
0 0.85234375 0.7609375 0.0515625 0.09375
0 0.80234375 0.7546875 0.0515625 0.09375
0 0.75234375 0.75234375 0.0453125 0.0890625
0 0.7078125 0.7484375 0.04375 0.0875
0 0.6140625 0.73828125 0.040625 0.0828125
0 0.57578125 0.73203125 0.0359375 0.0796875
0 0.53984375 0.72890625 0.0359375 0.0765625
0 0.5046875 0.725 0.034375 0.075
0 0.471875 0.7234375 0.034375 0.075
0 0.43828125 0.7171875 0.0296875 0.075
0 0.40859375 0.71875 0.0296875 0.071875
0 0.3765625 0.7171875 0.03125 0.071875
0 0.34921875 0.71171875 0.0296875 0.0671875
0 0.29609375 0.71015625 0.0234375 0.0703125
0 0.32109375 0.71015625 0.0265625 0.0703125
0 0.27265625 0.7078125 0.0234375 0.065625
0 0.25 0.7078125 0.025 0.0625
0 0.22109375 0.70625 0.0265625 0.065625
0 0.20234375 0.70390625 0.0203125 0.0609375
0 0.18125 0.7015625 0.025 0.059375
0 0.1546875 0.69765625 0.021875 0.0578125
0 0.134375 0.69765625 0.021875 0.0578125
0 0.1125 0.696875 0.021875 0.059375
0 0.0875 0.69375 0.021875 0.05625
0 0.06875 0.6921875 0.021875 0.05625
0 0.05078125 0.6921875 0.0203125 0.05625
0 0.03203125 0.68984375 0.0203125 0.0578125
0 0.01796875 0.6890625 0.0140625 0.05625