0 0.07890625 0.56484375 0.0609375 0.1140625
0 0.14296875 0.55703125 0.0703125 0.1234375
0 0.22109375 0.55 0.0796875 0.128125
0 0.31328125 0.5421875 0.0921875 0.1375
0 0.41484375 0.5296875 0.1078125 0.146875
0 0.05703125 0.4734375 0.0609375 0.10625
0 0.1296875 0.46328125 0.065625 0.1140625
0 0.20234375 0.45078125 0.0765625 0.1171875
0 0.2859375 0.4359375 0.084375 0.128125
0 0.3828125 0.41796875 0.096875 0.1328125
0 0.49375 0.39765625 0.115625 0.1421875
0 0.03828125 0.38984375 0.0609375 0.1015625
0 0.6140625 0.378125 0.128125 0.159375
0 0.09921875 0.375 0.0671875 0.10625
0 0.1796875 0.36015625 0.075 0.1140625
0 0.25703125 0.3421875 0.0828125 0.11875
0 0.33671875 0.31953125 0.0921875 0.1265625
0 0.0359375 0.31796875 0.05625 0.0921875
0 0.08984375 0.29921875 0.0609375 0.0953125
0 0.4359375 0.290625 0.103125 0.1375
0 0.15078125 0.2765625 0.0703125 0.10625
0 0.559375 0.265625 0.11875 0.146875
0 0.22578125 0.2546875 0.0703125 0.115625
0 0.684375 0.2296875 0.1375 0.15625
0 0.3015625 0.22578125 0.084375 0.1203125
0 0.83515625 0.20234375 0.1609375 0.1546875
0 0.3953125 0.19609375 0.096875 0.1265625
0 0.49765625 0.1765625 0.1109375 0.103125