0 0.03828125 0.88671875 0.0171875 0.0578125
0 0.32265625 0.87890625 0.0328125 0.0984375
0 0.05234375 0.87734375 0.0171875 0.0609375
0 0.4515625 0.87734375 0.040625 0.1078125
0 0.134375 0.87421875 0.021875 0.0796875
0 0.06796875 0.86484375 0.0203125 0.0703125
0 0.1546875 0.86328125 0.021875 0.0765625
0 0.24609375 0.85703125 0.0296875 0.0890625
0 0.35546875 0.85546875 0.0359375 0.0984375
0 0.1734375 0.85078125 0.025 0.0796875
0 0.08515625 0.84921875 0.0203125 0.0671875
0 0.4875 0.84765625 0.040625 0.1140625
0 0.27265625 0.8359375 0.0296875 0.09375
0 0.10078125 0.83203125 0.0203125 0.0765625
0 0.19140625 0.83125 0.0265625 0.084375
0 0.38671875 0.82734375 0.0359375 0.1015625
0 0.03828125 0.8203125 0.0171875 0.0625
0 0.1171875 0.8171875 0.021875 0.075
0 0.52734375 0.8171875 0.0484375 0.11875
0 0.29609375 0.8109375 0.0296875 0.09375
0 0.05390625 0.809375 0.0203125 0.065625
0 0.1359375 0.80625 0.021875 0.071875
0 0.41796875 0.79921875 0.0390625 0.1078125
0 0.22421875 0.79765625 0.0296875 0.0890625
0 0.06953125 0.79453125 0.0171875 0.0703125
0 0.1546875 0.7875 0.021875 0.075
0 0.325 0.78515625 0.034375 0.0984375
0 0.08515625 0.77734375 0.0171875 0.0671875
0 0.24609375 0.771875 0.0296875 0.0875
0 0.453125 0.76953125 0.040625 0.1109375
0 0.02265625 0.76875 0.0171875 0.059375
0 0.1703125 0.76484375 0.025 0.0828125
0 0.103125 0.76015625 0.021875 0.0671875
0 0.03828125 0.75703125 0.0171875 0.0578125
0 0.35390625 0.75703125 0.0328125 0.1015625
0 0.0796875 0.975 0.021875 0.05
0 0.11875 0.74609375 0.021875 0.0765625
0 0.26953125 0.7453125 0.0296875 0.090625
0 0.41328125 0.9734375 0.0390625 0.053125
0 0.1921875 0.97265625 0.025 0.0515625
0 0.05390625 0.7421875 0.0171875 0.059375
0 0.49140625 0.73984375 0.0453125 0.1140625
0 0.19921875 0.7390625 0.0265625 0.084375
0 0.13671875 0.72734375 0.0171875 0.0703125
0 0.38671875 0.728125 0.0390625 0.103125
0 0.06953125 0.7234375 0.0171875 0.0625
0 0.296875 0.71875 0.03125 0.096875
0 0.22265625 0.7109375 0.0265625 0.084375
0 0.02265625 0.70625 0.0171875 0.059375
0 0.15 0.70703125 0.025 0.0828125
0 0.08515625 0.70546875 0.0171875 0.0671875
0 0.53359375 0.7015625 0.0453125 0.11875
0 0.096875 0.9703125 0.021875 0.059375
0 0.4203125 0.69609375 0.040625 0.1078125
0 0.103125 0.690625 0.021875 0.071875
0 0.03984375 0.6890625 0.0171875 0.059375
0 0.21484375 0.9671875 0.0296875 0.065625
0 0.325 0.68828125 0.034375 0.1015625
0 0.24765625 0.6828125 0.0296875 0.090625
0 0.17890625 0.67890625 0.0265625 0.0828125
0 0.05390625 0.67421875 0.0171875 0.0671875
0 0.11796875 0.6703125 0.0203125 0.065625
0 0.4578125 0.66328125 0.04375 0.1109375
0 0.35625 0.6578125 0.034375 0.103125
0 0.1140625 0.965625 0.021875 0.065625
0 0.27265625 0.653125 0.0296875 0.09375
0 0.06953125 0.65234375 0.0203125 0.0703125
0 0.20078125 0.64921875 0.0265625 0.0859375
0 0.13125 0.6453125 0.021875 0.075
0 0.02265625 0.6390625 0.0171875 0.0625
0 0.4515625 0.9625 0.040625 0.075
0 0.08671875 0.63203125 0.0203125 0.0703125
0 0.49609375 0.625 0.0453125 0.115625
0 0.38828125 0.62421875 0.0359375 0.1078125
0 0.296875 0.6234375 0.03125 0.096875
0 0.32109375 0.96015625 0.0359375 0.0796875
0 0.02265625 0.9609375 0.0171875 0.065625
0 0.03984375 0.62109375 0.0171875 0.0671875
0 0.22109375 0.62109375 0.0296875 0.0890625
0 0.10078125 0.61328125 0.0203125 0.0765625
0 0.05390625 0.60078125 0.0203125 0.0671875
0 0.17734375 0.59296875 0.0265625 0.0890625
0 0.24609375 0.590625 0.0296875 0.09375
0 0.1125 0.58984375 0.021875 0.0796875
0 0.32734375 0.58984375 0.0328125 0.1015625
0 0.421875 0.58828125 0.040625 0.1078125
0 0.53828125 0.58515625 0.0484375 0.1203125
0 0.06953125 0.578125 0.0203125 0.075
0 0.20078125 0.56171875 0.0265625 0.0890625
0 0.27265625 0.559375 0.0296875 0.09375
0 0.35703125 0.55625 0.0359375 0.10625
0 0.08671875 0.55625 0.0203125 0.075
0 0.459375 0.55234375 0.04375 0.1140625
0 0.103125 0.534375 0.021875 0.071875
0 0.13515625 0.95234375 0.0203125 0.0765625
0 0.22578125 0.52890625 0.0265625 0.0921875
0 0.29921875 0.52578125 0.0328125 0.0984375
0 0.03828125 0.95 0.0171875 0.0625
0 0.38984375 0.51796875 0.0390625 0.1078125
0 0.49921875 0.5125 0.0453125 0.115625
0 0.4859375 0.95078125 0.04375 0.0984375
0 0.18125 0.50703125 0.025 0.0859375
0 0.24765625 0.49765625 0.0296875 0.0921875
0 0.32734375 0.4890625 0.0328125 0.103125
0 0.35546875 0.94921875 0.0359375 0.0984375
0 0.425 0.48046875 0.040625 0.1109375
0 0.20390625 0.47421875 0.0265625 0.0921875
0 0.54609375 0.4671875 0.0484375 0.121875
0 0.27421875 0.4625 0.0296875 0.096875
0 0.36015625 0.4515625 0.0359375 0.10625
0 0.22578125 0.43828125 0.0296875 0.0921875
0 0.4640625 0.4375 0.04375 0.115625
0 0.05234375 0.94140625 0.0171875 0.0703125
0 0.3046875 0.42734375 0.03125 0.0984375
0 0.17890625 0.4203125 0.0265625 0.0875
0 0.39296875 0.41171875 0.0390625 0.1109375
0 0.25078125 0.4046875 0.0296875 0.09375
0 0.153125 0.93984375 0.021875 0.0796875
0 0.50703125 0.39609375 0.0453125 0.1171875
0 0.33359375 0.38984375 0.0359375 0.1015625
0 0.20390625 0.38515625 0.0265625 0.0859375
0 0.4265625 0.36953125 0.040625 0.1140625
0 0.278125 0.36640625 0.03125 0.0984375
0 0.22578125 0.34921875 0.0296875 0.0921875
0 0.36484375 0.346875 0.0359375 0.10625
0 0.18203125 0.3328125 0.0265625 0.0875
0 0.30625 0.32734375 0.034375 0.1015625
0 0.06640625 0.93203125 0.0171875 0.0609375
0 0.4671875 0.321875 0.04375 0.115625
0 0.25234375 0.31015625 0.0296875 0.0921875
0 0.39765625 0.30390625 0.0390625 0.1078125
0 0.20390625 0.29453125 0.0265625 0.0890625
0 0.52578125 0.92734375 0.0453125 0.1140625
0 0.33515625 0.28359375 0.0328125 0.1015625
0 0.50703125 0.27578125 0.0453125 0.1234375
0 0.27734375 0.26796875 0.0296875 0.0984375
0 0.1734375 0.92421875 0.025 0.0796875
0 0.38359375 0.925 0.0359375 0.103125
0 0.22578125 0.25546875 0.0296875 0.0921875
0 0.43125 0.25390625 0.040625 0.1140625
0 0.18359375 0.24375 0.0265625 0.0875
0 0.36640625 0.23984375 0.0359375 0.1078125
0 0.27265625 0.92265625 0.0296875 0.0890625
0 0.30625 0.225 0.034375 0.103125
0 0.54921875 0.22109375 0.0515625 0.1234375
0 0.25234375 0.2140625 0.0296875 0.096875
0 0.471875 0.203125 0.04375 0.11875
0 0.20546875 0.203125 0.0265625 0.09375
0 0.40234375 0.19296875 0.0390625 0.1109375
0 0.08203125 0.91796875 0.0203125 0.0671875
0 0.33515625 0.18125 0.0359375 0.10625
0 0.2796875 0.1703125 0.03125 0.096875
0 0.23203125 0.1609375 0.0265625 0.09375
0 0.01015625 0.915625 0.0140625 0.05625
0 0.17890625 0.15234375 0.0265625 0.0921875
0 0.51171875 0.15078125 0.0484375 0.1234375
0 0.4375 0.140625 0.04375 0.11875
0 0.37109375 0.1328125 0.0390625 0.10625
0 0.3078125 0.121875 0.034375 0.103125
0 0.25625 0.115625 0.03125 0.096875
0 0.21953125 0.1078125 0.0296875 0.0875
0 0.19453125 0.90859375 0.0265625 0.0765625
0 0.4765625 0.08671875 0.04375 0.1203125
0 0.40703125 0.08046875 0.0390625 0.1109375
0 0.33828125 0.075 0.0359375 0.10625
0 0.28203125 0.06953125 0.0296875 0.1015625
0 0.4421875 0.0421875 0.04375 0.084375
0 0.37265625 0.0375 0.0390625 0.075
0 0.3125 0.03515625 0.034375 0.0703125
0 0.1 0.903125 0.021875 0.075
0 0.41640625 0.9015625 0.0390625 0.10625
0 0.29609375 0.9015625 0.0296875 0.096875
0 0.02265625 0.89921875 0.0171875 0.0578125
0 0.1171875 0.89296875 0.021875 0.0703125
0 0.21484375 0.89296875 0.0265625 0.0828125