0 0.2484375 0.39765625 0.18125 0.3265625
0 0.42109375 0.378125 0.1828125 0.321875
0 0.590625 0.3671875 0.178125 0.315625
0 0.7609375 0.3734375 0.178125 0.325
0 0.921875 0.37109375 0.15625 0.3171875
0 0.95546875 0.7734375 0.0890625 0.30625
0 0.8265625 0.75078125 0.18125 0.3171875
0 0.08046875 0.40546875 0.1609375 0.3234375
0 0.03359375 0.77265625 0.0671875 0.3203125
0 0.1484375 0.77421875 0.18125 0.3265625
0 0.32109375 0.765625 0.1765625 0.315625
0 0.4890625 0.7734375 0.178125 0.315625
0 0.66328125 0.7484375 0.1734375 0.30625
0 0.84140625 0.92578125 0.1578125 0.1484375
0 0.6875 0.9203125 0.159375 0.15625
0 0.52421875 0.92265625 0.1609375 0.1484375
0 0.36875 0.93984375 0.1625 0.1140625
0 0.21484375 0.934375 0.1421875 0.115625
0 0.0671875 0.93984375 0.134375 0.1171875
0 0.95625 0.94453125 0.0875 0.1046875