0 0.7890625 0.25546875 0.028125 0.1734375
0 0.51171875 0.26953125 0.0578125 0.2453125
0 0.56640625 0.3015625 0.0515625 0.23125
0 0.61640625 0.325 0.0484375 0.221875
0 0.70234375 0.36875 0.0390625 0.2
0 0.7390625 0.390625 0.034375 0.190625
0 0.7734375 0.4046875 0.03125 0.18125
0 0.80390625 0.421875 0.0296875 0.165625
0 0.41640625 0.45703125 0.0671875 0.2640625
0 0.48125 0.478125 0.0625 0.253125
0 0.5390625 0.49140625 0.053125 0.2390625
0 0.59140625 0.51015625 0.0484375 0.2265625
0 0.6390625 0.525 0.04375 0.21875
0 0.68359375 0.53828125 0.0390625 0.2046875
0 0.72109375 0.54921875 0.0359375 0.1953125
0 0.7546875 0.56328125 0.034375 0.1828125
0 0.7875 0.57109375 0.03125 0.1765625
0 0.81484375 0.584375 0.0296875 0.159375
0 0.45 0.696875 0.0625 0.259375
0 0.51015625 0.703125 0.0578125 0.24375
0 0.56640625 0.7078125 0.0515625 0.228125
0 0.61640625 0.71328125 0.0484375 0.2234375
0 0.70234375 0.72109375 0.0390625 0.1953125
0 0.73671875 0.725 0.0359375 0.190625
0 0.7734375 0.728125 0.03125 0.18125
0 0.80390625 0.7328125 0.0296875 0.16875
0 0.48046875 0.0796875 0.0578125 0.153125
0 0.7890625 0.89140625 0.028125 0.1765625
0 0.7546875 0.89296875 0.034375 0.1828125
0 0.72109375 0.89765625 0.0359375 0.1921875
0 0.48203125 0.89921875 0.0609375 0.2015625
0 0.5390625 0.89921875 0.053125 0.2015625
0 0.58984375 0.9 0.0515625 0.2
0 0.5390625 0.096875 0.053125 0.1875
0 0.59140625 0.1140625 0.0484375 0.21875
0 0.72109375 0.2109375 0.0359375 0.190625
0 0.7546875 0.2328125 0.034375 0.18125
0 0.45 0.2390625 0.0625 0.259375