0 0.21875 0.2171875 0.10625 0.159375
0 0.09921875 0.21953125 0.1234375 0.1828125
0 0.33359375 0.225 0.1203125 0.178125
0 0.44609375 0.22421875 0.1015625 0.1515625
0 0.53828125 0.234375 0.1046875 0.159375
0 0.9359375 0.2375 0.109375 0.159375
0 0.815625 0.23984375 0.115625 0.1703125
0 0.6953125 0.24375 0.10625 0.159375
0 0.0546875 0.371875 0.10625 0.15625
0 0.40234375 0.37265625 0.1203125 0.1828125
0 0.16953125 0.375 0.1203125 0.18125
0 0.50859375 0.378125 0.1015625 0.15
0 0.284375 0.37734375 0.10625 0.1546875
0 0.74140625 0.38515625 0.1015625 0.1515625
0 0.95625 0.38984375 0.084375 0.1546875
0 0.84921875 0.3953125 0.1109375 0.165625
0 0.62578125 0.396875 0.1203125 0.178125
0 0.51328125 0.5421875 0.1171875 0.178125
0 0.05625 0.54140625 0.1125 0.1859375
0 0.16796875 0.54609375 0.1109375 0.1609375
0 0.40390625 0.546875 0.1078125 0.15625
0 0.28515625 0.55 0.1234375 0.184375
0 0.73984375 0.5515625 0.1203125 0.178125
0 0.9671875 0.55859375 0.065625 0.1859375
0 0.86171875 0.56484375 0.1015625 0.1515625
0 0.62578125 0.565625 0.1015625 0.153125
0 0.3359375 0.0625 0.10625 0.125
0 0.10078125 0.0640625 0.1109375 0.128125
0 0.57109375 0.0640625 0.1078125 0.128125
0 0.21796875 0.065625 0.1203125 0.13125
0 0.4515625 0.06953125 0.125 0.1390625
0 0.06484375 0.70859375 0.1046875 0.1484375
0 0.8171875 0.71171875 0.10625 0.1546875
0 0.93203125 0.71328125 0.1203125 0.1828125
0 0.53125 0.71484375 0.10625 0.1546875
0 0.296875 0.71640625 0.10625 0.1546875
0 0.41484375 0.7171875 0.1234375 0.18125
0 0.18125 0.7171875 0.121875 0.175
0 0.69375 0.72421875 0.121875 0.1828125
0 0.9375 0.075 0.115625 0.15
0 0.80234375 0.075 0.1015625 0.15
0 0.69453125 0.08203125 0.1203125 0.1640625
0 0.5375 0.88671875 0.121875 0.1828125
0 0.81484375 0.8859375 0.1203125 0.175
0 0.6875 0.88671875 0.10625 0.1484375
0 0.3 0.88828125 0.125 0.1828125
0 0.05625 0.890625 0.1125 0.171875
0 0.9390625 0.89140625 0.10625 0.1546875
0 0.41953125 0.89453125 0.1109375 0.1515625
0 0.18046875 0.89609375 0.1109375 0.1546875