0 0.21875 0.21875 0.10625 0.159375
0 0.10078125 0.22109375 0.1234375 0.1828125
0 0.33515625 0.2265625 0.1203125 0.178125
0 0.44765625 0.22578125 0.1015625 0.1515625
0 0.5375 0.2359375 0.103125 0.159375
0 0.93671875 0.2390625 0.1078125 0.159375
0 0.8171875 0.23984375 0.115625 0.1703125
0 0.6953125 0.2453125 0.10625 0.159375
0 0.05625 0.371875 0.10625 0.15625
0 0.40234375 0.37265625 0.1203125 0.1828125
0 0.16796875 0.3734375 0.1203125 0.18125
0 0.51015625 0.378125 0.1015625 0.15
0 0.2859375 0.37734375 0.10625 0.1546875
0 0.74140625 0.38671875 0.1015625 0.1515625
0 0.95625 0.38984375 0.084375 0.1546875
0 0.84921875 0.3953125 0.1109375 0.165625
0 0.62578125 0.396875 0.1203125 0.178125
0 0.5140625 0.54375 0.11875 0.178125
0 0.05625 0.54140625 0.1125 0.1859375
0 0.16796875 0.54765625 0.1109375 0.1609375
0 0.40546875 0.546875 0.1078125 0.15625
0 0.28515625 0.55 0.1234375 0.184375
0 0.74140625 0.553125 0.1203125 0.178125
0 0.9671875 0.55859375 0.065625 0.1859375
0 0.86328125 0.56484375 0.1015625 0.1515625
0 0.62578125 0.565625 0.1015625 0.153125
0 0.3375 0.0625 0.10625 0.125
0 0.10078125 0.0640625 0.1109375 0.128125
0 0.57109375 0.0640625 0.1078125 0.128125
0 0.21953125 0.06640625 0.1203125 0.1328125
0 0.4515625 0.06953125 0.125 0.1390625
0 0.0640625 0.709375 0.103125 0.15
0 0.8171875 0.7125 0.10625 0.153125
0 0.93359375 0.71484375 0.1203125 0.1828125
0 0.53125 0.7140625 0.10625 0.153125
0 0.2984375 0.7171875 0.10625 0.153125
0 0.41484375 0.7171875 0.1234375 0.18125
0 0.18203125 0.71796875 0.1234375 0.1765625
0 0.69375 0.72421875 0.121875 0.1828125
0 0.9375 0.07421875 0.115625 0.1484375
0 0.80234375 0.07421875 0.1015625 0.1484375
0 0.69453125 0.08203125 0.1203125 0.1640625
0 0.5375 0.88671875 0.121875 0.1828125
0 0.81484375 0.88671875 0.1203125 0.1765625
0 0.6875 0.8875 0.10625 0.15
0 0.3015625 0.88984375 0.125 0.1828125
0 0.05625 0.89296875 0.1125 0.1703125
0 0.940625 0.89296875 0.10625 0.1546875
0 0.41796875 0.89609375 0.1109375 0.1515625
0 0.18046875 0.89765625 0.1109375 0.1546875