0 0.78125 0.78125 0.10625 0.159375
0 0.90078125 0.77890625 0.1234375 0.1828125
0 0.66640625 0.775 0.1203125 0.178125
0 0.55390625 0.77578125 0.1015625 0.1515625
0 0.4625 0.7640625 0.103125 0.159375
0 0.06484375 0.7625 0.1078125 0.159375
0 0.1828125 0.76171875 0.115625 0.1703125
0 0.30625 0.7546875 0.10625 0.159375
0 0.9453125 0.6296875 0.10625 0.15625
0 0.59921875 0.62734375 0.1203125 0.1828125
0 0.83203125 0.6265625 0.1203125 0.18125
0 0.49140625 0.6234375 0.1015625 0.15
0 0.7140625 0.6234375 0.10625 0.153125
0 0.26015625 0.61484375 0.1015625 0.1515625
0 0.0453125 0.6109375 0.084375 0.153125
0 0.15234375 0.6046875 0.1109375 0.165625
0 0.37578125 0.603125 0.1203125 0.178125
0 0.4875 0.4578125 0.11875 0.178125
0 0.94375 0.45859375 0.1125 0.1859375
0 0.83203125 0.45390625 0.1109375 0.1609375
0 0.59609375 0.453125 0.1078125 0.15625
0 0.71484375 0.45078125 0.1234375 0.1859375
0 0.26015625 0.446875 0.1203125 0.178125
0 0.0328125 0.44140625 0.065625 0.1859375
0 0.13671875 0.43671875 0.1015625 0.1515625
0 0.37578125 0.43515625 0.1015625 0.1546875
0 0.6640625 0.9375 0.10625 0.125
0 0.89921875 0.9359375 0.1109375 0.128125
0 0.42890625 0.9359375 0.1078125 0.128125
0 0.78203125 0.93359375 0.1203125 0.1328125
0 0.5484375 0.93046875 0.125 0.1390625
0 0.9359375 0.290625 0.103125 0.15
0 0.1828125 0.28828125 0.10625 0.1546875
0 0.06796875 0.28671875 0.1203125 0.1828125
0 0.46875 0.28671875 0.10625 0.1546875
0 0.7015625 0.28359375 0.10625 0.1546875
0 0.5859375 0.28359375 0.121875 0.1796875
0 0.81953125 0.2828125 0.1234375 0.175
0 0.30703125 0.27734375 0.1234375 0.1828125
0 0.0625 0.92578125 0.115625 0.1484375
0 0.19765625 0.92578125 0.1015625 0.1484375
0 0.30546875 0.91796875 0.1203125 0.1640625
0 0.46328125 0.11328125 0.1234375 0.1828125
0 0.18515625 0.11484375 0.1203125 0.1765625
0 0.3125 0.1140625 0.10625 0.15
0 0.7 0.11171875 0.125 0.1828125
0 0.94375 0.10703125 0.1125 0.1703125
0 0.0609375 0.10859375 0.10625 0.1546875
0 0.58203125 0.10546875 0.1109375 0.1515625
0 0.81953125 0.103125 0.1109375 0.153125