0 0.78125 0.21875 0.10625 0.159375
0 0.90078125 0.22109375 0.1234375 0.1828125
0 0.66640625 0.2265625 0.1203125 0.178125
0 0.55390625 0.22578125 0.1015625 0.1515625
0 0.4625 0.2359375 0.103125 0.159375
0 0.06484375 0.2390625 0.1078125 0.159375
0 0.1828125 0.23984375 0.115625 0.1703125
0 0.30625 0.2453125 0.10625 0.159375
0 0.9453125 0.371875 0.10625 0.15625
0 0.59921875 0.37265625 0.1203125 0.1828125
0 0.83203125 0.3734375 0.1203125 0.18125
0 0.49140625 0.378125 0.1015625 0.15
0 0.7140625 0.37734375 0.10625 0.1546875
0 0.26015625 0.38671875 0.1015625 0.1515625
0 0.0453125 0.38984375 0.084375 0.1546875
0 0.15234375 0.3953125 0.1109375 0.165625
0 0.37578125 0.396875 0.1203125 0.178125
0 0.4875 0.54375 0.11875 0.178125
0 0.94375 0.54140625 0.1125 0.1859375
0 0.83203125 0.54765625 0.1109375 0.1609375
0 0.59609375 0.546875 0.1078125 0.15625
0 0.71484375 0.55 0.1234375 0.184375
0 0.26015625 0.553125 0.1203125 0.178125
0 0.0328125 0.55859375 0.065625 0.1859375
0 0.13671875 0.56484375 0.1015625 0.1515625
0 0.37578125 0.565625 0.1015625 0.153125
0 0.6640625 0.0625 0.10625 0.125
0 0.89921875 0.0640625 0.1109375 0.128125
0 0.42890625 0.0640625 0.1078125 0.128125
0 0.78203125 0.06640625 0.1203125 0.1328125
0 0.5484375 0.06953125 0.125 0.1390625
0 0.9359375 0.709375 0.103125 0.15
0 0.1828125 0.7125 0.10625 0.153125
0 0.06796875 0.71484375 0.1203125 0.1828125
0 0.46875 0.7140625 0.10625 0.153125
0 0.7015625 0.7171875 0.10625 0.153125
0 0.5859375 0.7171875 0.121875 0.18125
0 0.81953125 0.71796875 0.1234375 0.1765625
0 0.30703125 0.72421875 0.1234375 0.1828125
0 0.0625 0.07421875 0.115625 0.1484375
0 0.19765625 0.07421875 0.1015625 0.1484375
0 0.30546875 0.08203125 0.1203125 0.1640625
0 0.46328125 0.88671875 0.1234375 0.1828125
0 0.18515625 0.88671875 0.1203125 0.1765625
0 0.3125 0.8875 0.10625 0.15
0 0.7 0.88984375 0.125 0.1828125
0 0.94375 0.89296875 0.1125 0.1703125
0 0.0609375 0.89296875 0.10625 0.1546875
0 0.58203125 0.89609375 0.1109375 0.1515625
0 0.81953125 0.89765625 0.1109375 0.1546875