0 0.796875 0.01953125 0.053125 0.0390625
0 0.49140625 0.19140625 0.0390625 0.0609375
0 0.30859375 0.20234375 0.0390625 0.0578125
0 0.45234375 0.20625 0.0390625 0.053125
0 0.27265625 0.21171875 0.0390625 0.0578125
0 0.41328125 0.2203125 0.0390625 0.053125
0 0.84140625 0.02265625 0.0484375 0.0453125
0 0.37421875 0.23046875 0.0390625 0.0578125
0 0.85078125 0.2328125 0.0609375 0.0875
0 0.51953125 0.23515625 0.0390625 0.0578125
0 0.33515625 0.24296875 0.0359375 0.0578125
0 0.05859375 0.02578125 0.0421875 0.0515625
0 0.48046875 0.24609375 0.0390625 0.0578125
0 0.909375 0.253125 0.0625 0.084375
0 0.29921875 0.259375 0.0390625 0.05625
0 0.44296875 0.26015625 0.0390625 0.0578125
0 0.26328125 0.26640625 0.0390625 0.0578125
0 0.96953125 0.271875 0.0609375 0.0875
0 0.40390625 0.275 0.0390625 0.053125
0 0.08515625 0.28203125 0.0578125 0.0828125
0 0.36640625 0.2890625 0.0390625 0.053125
0 0.50859375 0.2890625 0.0390625 0.053125
0 0.80234375 0.296875 0.0609375 0.084375
0 0.47109375 0.303125 0.0359375 0.05625
0 0.32890625 0.303125 0.0421875 0.05625
0 0.28984375 0.31328125 0.0390625 0.0578125
0 0.43203125 0.315625 0.0390625 0.05625
0 0.86171875 0.31953125 0.0609375 0.0828125
0 0.25546875 0.32265625 0.0390625 0.0578125
0 0.39296875 0.33203125 0.0390625 0.0578125
0 0.53671875 0.33359375 0.0390625 0.0578125
0 0.92109375 0.33671875 0.0609375 0.0828125
0 0.49765625 0.346875 0.0390625 0.05625
0 0.35546875 0.346875 0.0390625 0.05625
0 0.1703125 0.35390625 0.05625 0.0828125
0 0.01796875 0.35390625 0.0359375 0.0828125
0 0.0609375 0.35546875 0.05625 0.0828125
0 0.97421875 0.35546875 0.0515625 0.0828125
0 0.115625 0.35546875 0.05625 0.0828125
0 0.46015625 0.35703125 0.0390625 0.0578125
0 0.31640625 0.359375 0.0390625 0.05625
0 0.759375 0.36171875 0.059375 0.0828125
0 0.63828125 0.3703125 0.1640625 0.234375
0 0.42109375 0.3703125 0.0390625 0.05625
0 0.81796875 0.37890625 0.0578125 0.0796875
0 0.27578125 0.3796875 0.0390625 0.05625
0 0.38359375 0.390625 0.0390625 0.053125
0 0.52421875 0.390625 0.0390625 0.05625
0 0.10546875 0.03984375 0.0390625 0.0609375
0 0.87578125 0.39765625 0.0609375 0.0796875
0 0.48671875 0.4015625 0.0359375 0.053125
0 0.34453125 0.4015625 0.0390625 0.053125
0 0.93359375 0.41484375 0.0609375 0.0828125
0 0.45078125 0.415625 0.0390625 0.05625
0 0.30625 0.4171875 0.040625 0.05625
0 0.2046875 0.41796875 0.05625 0.0828125
0 0.0953125 0.42421875 0.05625 0.0796875
0 0.15 0.42421875 0.05625 0.0796875
0 0.040625 0.42578125 0.053125 0.0796875
0 0.41015625 0.428125 0.0390625 0.05625
0 0.98046875 0.43515625 0.0390625 0.0828125
0 0.77421875 0.43828125 0.0609375 0.0796875
0 0.37265625 0.44296875 0.0390625 0.0515625
0 0.51328125 0.4546875 0.0390625 0.053125
0 0.83203125 0.45859375 0.0578125 0.0765625
0 0.47578125 0.45859375 0.0390625 0.0578125
0 0.33359375 0.4625 0.0421875 0.053125
0 0.43984375 0.4765625 0.0421875 0.053125
0 0.88984375 0.47578125 0.0578125 0.0796875
0 0.40078125 0.48125 0.0390625 0.053125
0 0.1828125 0.48984375 0.05625 0.0765625
0 0.2359375 0.48984375 0.053125 0.0796875
0 0.128125 0.49296875 0.053125 0.0796875
0 0.94765625 0.49609375 0.0609375 0.0796875
0 0.0734375 0.49609375 0.05625 0.0796875
0 0.36171875 0.5 0.0390625 0.05625
0 0.02421875 0.5046875 0.0484375 0.075
0 0.50390625 0.5109375 0.0390625 0.053125
0 0.78984375 0.5171875 0.0578125 0.078125
0 0.46640625 0.51953125 0.0359375 0.0546875
0 0.84609375 0.53359375 0.0578125 0.0796875
0 0.55625 0.5359375 0.053125 0.075
0 0.31015625 0.5390625 0.0453125 0.065625
0 0.42890625 0.5453125 0.0390625 0.05625
0 0.38984375 0.546875 0.0390625 0.053125
0 0.6703125 0.54921875 0.05625 0.0828125
0 0.61484375 0.5546875 0.0546875 0.078125
0 0.2140625 0.5546875 0.05625 0.075
0 0.90390625 0.559375 0.0578125 0.078125
0 0.159375 0.56015625 0.053125 0.0765625
0 0.10625 0.5609375 0.05625 0.075
0 0.73203125 0.56484375 0.0578125 0.0765625
0 0.35234375 0.565625 0.0453125 0.065625
0 0.015625 0.56953125 0.03125 0.0765625
0 0.0546875 0.56953125 0.05625 0.0765625
0 0.96171875 0.571875 0.0578125 0.075
0 0.27265625 0.58125 0.0484375 0.065625
0 0.7515625 0.59453125 0.053125 0.0703125
0 0.690625 0.59375 0.05 0.065625
0 0.39453125 0.5953125 0.0484375 0.059375
0 0.5265625 0.59609375 0.053125 0.0734375
0 0.6375 0.59921875 0.053125 0.0703125
0 0.7546875 0.0609375 0.05 0.075
0 0.0265625 0.06171875 0.04375 0.0609375
0 0.44296875 0.61015625 0.0484375 0.0640625
0 0.5828125 0.61015625 0.053125 0.0703125
0 0.31484375 0.61171875 0.0484375 0.0671875
0 0.134375 0.63359375 0.053125 0.0765625
0 0.0859375 0.63515625 0.053125 0.0734375
0 0.1875 0.6359375 0.05625 0.075
0 0.5078125 0.06484375 0.10625 0.1296875
0 0.03125 0.6390625 0.05625 0.075
0 0.28203125 0.646875 0.0484375 0.065625
0 0.409375 0.65390625 0.046875 0.0640625
0 0.40078125 0.065625 0.1046875 0.13125
0 0.775 0.659375 0.053125 0.075
0 0.721875 0.66328125 0.053125 0.0734375
0 0.609375 0.665625 0.05625 0.075
0 0.665625 0.66875 0.05625 0.075
0 0.540625 0.6703125 0.053125 0.071875
0 0.32578125 0.6703125 0.0453125 0.065625
0 0.4546875 0.67265625 0.046875 0.0640625
0 0.37421875 0.696875 0.0453125 0.0625
0 0.240625 0.715625 0.046875 0.065625
0 0.28828125 0.71875 0.0453125 0.065625
0 0.41484375 0.7265625 0.0453125 0.059375
0 0.3375 0.7421875 0.046875 0.0625
0 0.61875 0.74453125 0.05625 0.0734375
0 0.565625 0.7453125 0.05 0.075
0 0.68125 0.74609375 0.053125 0.0703125
0 0.29375 0.07578125 0.10625 0.1515625
0 0.73828125 0.75234375 0.0578125 0.0796875
0 0.45703125 0.7578125 0.0484375 0.059375
0 0.3828125 0.765625 0.046875 0.0625
0 0.796875 0.7703125 0.05625 0.075
0 0.30625 0.77109375 0.04375 0.0640625
0 0.909375 0.77890625 0.18125 0.3421875
0 0.425 0.78203125 0.04375 0.0578125
0 0.25078125 0.78515625 0.0484375 0.0671875
0 0.8125 0.08046875 0.053125 0.0765625
0 0.34765625 0.80546875 0.0453125 0.0640625
0 0.07265625 0.08203125 0.0390625 0.0609375
0 0.65390625 0.80859375 0.0546875 0.0734375
0 0.5921875 0.81015625 0.053125 0.0703125
0 0.09609375 0.82890625 0.1921875 0.3171875
0 0.70859375 0.83046875 0.0546875 0.0671875
0 0.315625 0.83671875 0.04375 0.0640625
0 0.26796875 0.840625 0.0453125 0.065625
0 0.76796875 0.8421875 0.0578125 0.075
0 0.6234375 0.875 0.053125 0.075
0 0.678125 0.88515625 0.053125 0.0734375
0 0.49609375 0.8875 0.2234375 0.225
0 0.78125 0.91171875 0.159375 0.1734375
0 0.27890625 0.91640625 0.2265625 0.1640625
0 0.93203125 0.09609375 0.1328125 0.1921875
0 0.04453125 0.11640625 0.0390625 0.0609375
0 0.6375 0.1359375 0.171875 0.253125
0 0.46015625 0.14765625 0.0421875 0.0609375
0 0.42265625 0.16796875 0.0390625 0.0578125
0 0.175 0.171875 0.1625 0.246875
0 0.38203125 0.17890625 0.0390625 0.0546875
0 0.34609375 0.18671875 0.0359375 0.0609375