0 0.0875 0.2125 0.103125 0.10625
0 0.0515625 0.29921875 0.096875 0.1015625
0 0.2671875 0.303125 0.10625 0.10625
0 0.1578125 0.3046875 0.103125 0.103125
0 0.49140625 0.30390625 0.1140625 0.1078125
0 0.61171875 0.30546875 0.1109375 0.1109375
0 0.375 0.3109375 0.10625 0.10625
0 0.02734375 0.384375 0.0484375 0.10625
0 0.0984375 0.390625 0.10625 0.103125
0 0.21484375 0.3953125 0.1109375 0.10625
0 0.44140625 0.396875 0.1140625 0.10625
0 0.55390625 0.39765625 0.1109375 0.1109375
0 0.325 0.4 0.10625 0.10625
0 0.66328125 0.40078125 0.1109375 0.1078125
0 0.05703125 0.47109375 0.0984375 0.1015625
0 0.1609375 0.48046875 0.1 0.1015625
0 0.2671875 0.4875 0.10625 0.103125
0 0.38515625 0.4875 0.1109375 0.103125
0 0.49765625 0.490625 0.1109375 0.10625
0 0.61015625 0.49453125 0.1140625 0.1078125
0 0.72578125 0.49609375 0.1109375 0.1078125
0 0.02890625 0.55546875 0.0578125 0.1015625
0 0.1140625 0.5609375 0.096875 0.096875
0 0.2125 0.57421875 0.10625 0.1015625
0 0.33046875 0.57421875 0.1078125 0.1015625
0 0.44296875 0.5828125 0.1109375 0.10625
0 0.55390625 0.584375 0.1109375 0.10625
0 0.66640625 0.5890625 0.1109375 0.10625
0 0.7828125 0.59375 0.11875 0.10625
0 0.05234375 0.65546875 0.0984375 0.0984375
0 0.275 0.66171875 0.10625 0.1015625
0 0.1546875 0.66171875 0.103125 0.1015625
0 0.38203125 0.66796875 0.1078125 0.1015625
0 0.49609375 0.671875 0.1078125 0.103125
0 0.60859375 0.6859375 0.1109375 0.10625
0 0.72265625 0.68671875 0.1140625 0.1078125
0 0.83828125 0.68984375 0.1140625 0.1078125
0 0.028125 0.73359375 0.05625 0.0984375
0 0.10546875 0.740625 0.1015625 0.096875
0 0.21484375 0.74609375 0.1015625 0.1015625
0 0.33046875 0.75234375 0.1015625 0.0984375
0 0.43671875 0.76015625 0.1078125 0.1015625
0 0.54921875 0.76796875 0.1078125 0.1015625
0 0.66640625 0.77265625 0.1109375 0.1015625
0 0.7796875 0.7796875 0.115625 0.10625
0 0.9078125 0.7796875 0.11875 0.10625
0 0.06171875 0.821875 0.0984375 0.09375
0 0.16640625 0.8265625 0.1015625 0.09375
0 0.2703125 0.83359375 0.10625 0.0984375
0 0.3796875 0.84375 0.10625 0.096875
0 0.48984375 0.85078125 0.1078125 0.1015625
0 0.60546875 0.86171875 0.1109375 0.1015625
0 0.72109375 0.86796875 0.1109375 0.1015625
0 0.8421875 0.87109375 0.115625 0.1015625
0 0.95078125 0.8796875 0.0984375 0.103125
0 0.03125 0.89296875 0.0625 0.0921875
0 0.1234375 0.90234375 0.096875 0.0921875
0 0.21953125 0.9140625 0.1015625 0.096875
0 0.321875 0.92421875 0.103125 0.0984375
0 0.434375 0.9359375 0.103125 0.096875
0 0.5515625 0.94296875 0.10625 0.1015625
0 0.6609375 0.9515625 0.10625 0.096875
0 0.78515625 0.9515625 0.1140625 0.09375
0 0.903125 0.95546875 0.11875 0.0890625