0 0.8765625 0.29453125 0.10625 0.1203125
0 0.771875 0.33046875 0.10625 0.1265625
0 0.38515625 0.334375 0.1234375 0.15
0 0.66328125 0.34140625 0.1015625 0.1265625
0 0.92421875 0.37890625 0.1046875 0.1203125
0 0.81953125 0.39609375 0.1015625 0.1140625
0 0.72109375 0.421875 0.1015625 0.11875
0 0.61640625 0.421875 0.0984375 0.115625
0 0.4609375 0.4734375 0.11875 0.140625
0 0.33828125 0.49296875 0.1171875 0.1390625
0 0.87890625 0.50703125 0.1015625 0.1109375
0 0.2171875 0.5234375 0.115625 0.1375
0 0.67421875 0.5265625 0.1015625 0.109375
0 0.0984375 0.52578125 0.115625 0.1359375
0 0.78046875 0.54921875 0.0984375 0.1140625
0 0.4078125 0.58671875 0.115625 0.1328125
0 0.290625 0.603125 0.115625 0.128125
0 0.175 0.78359375 0.125 0.1296875
0 0.1515625 0.15390625 0.11875 0.1453125
0 0.26875 0.18046875 0.115625 0.1453125