0 0.1234375 0.70546875 0.10625 0.1203125
0 0.228125 0.6703125 0.10625 0.128125
0 0.6140625 0.665625 0.121875 0.15
0 0.33671875 0.659375 0.1015625 0.125
0 0.0765625 0.62109375 0.103125 0.1203125
0 0.18125 0.60546875 0.1 0.1140625
0 0.27890625 0.578125 0.1015625 0.11875
0 0.38359375 0.5765625 0.0984375 0.115625
0 0.53984375 0.52734375 0.1171875 0.1390625
0 0.6625 0.50703125 0.11875 0.1390625
0 0.12109375 0.49296875 0.1015625 0.1109375
0 0.78125 0.478125 0.115625 0.1375
0 0.32421875 0.47578125 0.1015625 0.1078125
0 0.9015625 0.4734375 0.115625 0.134375
0 0.22109375 0.45 0.0984375 0.115625
0 0.5921875 0.415625 0.115625 0.13125
0 0.709375 0.3984375 0.115625 0.128125
0 0.825 0.21640625 0.125 0.1296875
0 0.8484375 0.84609375 0.11875 0.1453125
0 0.73125 0.81953125 0.115625 0.1453125