0 0.803515625 0.227734375 0.18515625 0.33046875
0 0.90078125 0.48515625 0.1984375 0.3453125
0 0.264453125 0.535546875 0.21640625 0.35546875
0 0.480078125 0.540625 0.21015625 0.34375
0 0.70078125 0.54296875 0.2078125 0.3453125
0 0.08203125 0.565625 0.1640625 0.290625
0 0.934765625 0.809375 0.12890625 0.30625
0 0.583203125 0.823046875 0.20078125 0.30546875
0 0.052734375 0.826171875 0.10546875 0.30546875
0 0.769921875 0.82734375 0.16796875 0.2640625
0 0.199609375 0.834765625 0.20546875 0.30078125
0 0.390234375 0.83828125 0.16484375 0.2609375
0 0.16015625 0.1875 0.2140625 0.375
0 0.58984375 0.203515625 0.2015625 0.37265625
0 0.36796875 0.212890625 0.2296875 0.41015625