0 0.878125 0.29609375 0.10625 0.1203125
0 0.771875 0.33046875 0.10625 0.1265625
0 0.38671875 0.334375 0.1234375 0.15
0 0.66328125 0.3421875 0.1015625 0.125
0 0.925 0.38046875 0.103125 0.1203125
0 0.81953125 0.39609375 0.1015625 0.1140625
0 0.72109375 0.421875 0.1015625 0.11875
0 0.61640625 0.4234375 0.0984375 0.115625
0 0.4609375 0.47421875 0.11875 0.1390625
0 0.33828125 0.49296875 0.1171875 0.1390625
0 0.88046875 0.50703125 0.1015625 0.1109375
0 0.21875 0.5234375 0.115625 0.1375
0 0.67578125 0.52578125 0.1015625 0.1078125
0 0.0984375 0.5265625 0.115625 0.134375
0 0.78046875 0.5515625 0.0984375 0.115625
0 0.409375 0.58515625 0.115625 0.1328125
0 0.290625 0.603125 0.115625 0.128125
0 0.1765625 0.78359375 0.125 0.1296875
0 0.153125 0.15390625 0.11875 0.1453125
0 0.2703125 0.18046875 0.115625 0.1453125