0 0.115625 0.28046875 0.0875 0.1296875
0 0.296875 0.28125 0.0875 0.128125
0 0.209375 0.2828125 0.084375 0.125
0 0.0359375 0.28359375 0.071875 0.1234375
0 0.4734375 0.2859375 0.0875 0.125
0 0.5609375 0.28671875 0.084375 0.1203125
0 0.6484375 0.28671875 0.084375 0.1203125
0 0.3875 0.2859375 0.084375 0.125
0 0.7375 0.28671875 0.084375 0.1234375
0 0.825 0.2890625 0.0875 0.128125
0 0.90703125 0.29296875 0.0828125 0.1203125
0 0.9734375 0.29375 0.053125 0.128125
0 0.253125 0.39140625 0.084375 0.1234375
0 0.51875 0.39140625 0.0875 0.1296875
0 0.1609375 0.39296875 0.0875 0.1265625
0 0.08046875 0.39296875 0.0828125 0.1234375
0 0.340625 0.39296875 0.084375 0.1265625
0 0.60546875 0.39375 0.0828125 0.128125
0 0.69140625 0.39296875 0.0828125 0.1234375
0 0.42890625 0.39375 0.0828125 0.125
0 0.7796875 0.396875 0.084375 0.125
0 0.8671875 0.39765625 0.084375 0.1203125
0 0.94921875 0.40078125 0.0796875 0.1203125
0 0.0375 0.5 0.075 0.128125
0 0.4734375 0.5 0.084375 0.125
0 0.2078125 0.5 0.084375 0.128125
0 0.11875 0.5015625 0.0875 0.125
0 0.384375 0.5015625 0.084375 0.128125
0 0.64609375 0.50234375 0.0859375 0.1234375
0 0.2953125 0.503125 0.084375 0.121875
0 0.5609375 0.50234375 0.084375 0.1203125
0 0.821875 0.50546875 0.084375 0.1203125
0 0.7359375 0.50625 0.0875 0.128125
0 0.9046875 0.50625 0.084375 0.121875
0 0.97578125 0.5078125 0.0453125 0.125
0 0.4296875 0.609375 0.084375 0.128125
0 0.60078125 0.609375 0.0828125 0.125
0 0.33984375 0.609375 0.0828125 0.125
0 0.2515625 0.609375 0.084375 0.125
0 0.51875 0.6109375 0.084375 0.125
0 0.1640625 0.6109375 0.084375 0.128125
0 0.071875 0.6109375 0.0875 0.128125
0 0.77734375 0.6140625 0.0828125 0.128125
0 0.95546875 0.615625 0.0828125 0.125
0 0.6921875 0.615625 0.0875 0.121875
0 0.8671875 0.615625 0.0875 0.121875
0 0.4765625 0.06484375 0.0875 0.1296875
0 0.209375 0.065625 0.0875 0.128125
0 0.3859375 0.0671875 0.0875 0.128125
0 0.29921875 0.0671875 0.0828125 0.125
0 0.5640625 0.0671875 0.0875 0.125
0 0.653125 0.06875 0.084375 0.125
0 0.03828125 0.071875 0.0765625 0.11875
0 0.73671875 0.071875 0.0828125 0.125
0 0.8265625 0.071875 0.084375 0.125
0 0.1234375 0.07109375 0.084375 0.1234375
0 0.384375 0.7171875 0.084375 0.121875
0 0.56015625 0.7171875 0.0828125 0.121875
0 0.4734375 0.71875 0.084375 0.125
0 0.2078125 0.71875 0.084375 0.125
0 0.11640625 0.7203125 0.0859375 0.125
0 0.29453125 0.7203125 0.0859375 0.128125
0 0.6453125 0.72109375 0.084375 0.1203125
0 0.0359375 0.7234375 0.071875 0.128125
0 0.734375 0.7234375 0.0875 0.125
0 0.821875 0.7234375 0.084375 0.125
0 0.90859375 0.7234375 0.0890625 0.125
0 0.9765625 0.725 0.04375 0.128125
0 0.91171875 0.07421875 0.0828125 0.1234375
0 0.97421875 0.07734375 0.0515625 0.1265625
0 0.5140625 0.82734375 0.084375 0.1234375
0 0.33828125 0.8296875 0.0859375 0.125
0 0.4296875 0.8296875 0.084375 0.128125
0 0.1625 0.8296875 0.0875 0.125
0 0.25 0.8296875 0.084375 0.128125
0 0.6015625 0.8296875 0.084375 0.121875
0 0.690625 0.83046875 0.0875 0.1234375
0 0.7765625 0.83203125 0.084375 0.1234375
0 0.0734375 0.83359375 0.0875 0.1234375
0 0.8640625 0.83515625 0.084375 0.1203125
0 0.9515625 0.8375 0.0875 0.128125
0 0.29375 0.9359375 0.0875 0.128125
0 0.38125 0.9359375 0.0875 0.128125
0 0.471875 0.93671875 0.0875 0.1234375
0 0.2078125 0.93828125 0.0875 0.1234375
0 0.11640625 0.93828125 0.0890625 0.1234375
0 0.0359375 0.9390625 0.071875 0.11875
0 0.734375 0.9390625 0.084375 0.11875
0 0.646875 0.93984375 0.0875 0.1203125
0 0.821875 0.93984375 0.084375 0.1203125
0 0.55859375 0.9390625 0.0890625 0.11875
0 0.9046875 0.940625 0.084375 0.11875
0 0.0734375 0.171875 0.0875 0.128125
0 0.1671875 0.1734375 0.084375 0.125
0 0.6046875 0.1765625 0.084375 0.125
0 0.43125 0.1765625 0.084375 0.121875
0 0.7828125 0.1765625 0.084375 0.125
0 0.34375 0.1765625 0.084375 0.125
0 0.25546875 0.17890625 0.0828125 0.1234375
0 0.6953125 0.17890625 0.084375 0.1234375
0 0.51796875 0.1796875 0.0828125 0.128125
0 0.95234375 0.1828125 0.0828125 0.125
0 0.86640625 0.18359375 0.0796875 0.1234375