0 0.87734375 0.29609375 0.1046875 0.1203125
0 0.77109375 0.330859375 0.1046875 0.12734375
0 0.386328125 0.334375 0.12265625 0.15
0 0.662890625 0.34140625 0.10078125 0.1234375
0 0.923046875 0.3796875 0.10234375 0.11875
0 0.819140625 0.395703125 0.10078125 0.11328125
0 0.7203125 0.421484375 0.1 0.11796875
0 0.61640625 0.4234375 0.0984375 0.115625
0 0.4609375 0.471875 0.11875 0.140625
0 0.3390625 0.492578125 0.11875 0.13828125
0 0.8796875 0.50703125 0.1 0.1109375
0 0.21875 0.523046875 0.115625 0.13671875
0 0.675390625 0.52578125 0.10078125 0.1078125
0 0.0984375 0.5265625 0.115625 0.134375
0 0.78046875 0.55078125 0.0984375 0.1140625
0 0.409375 0.584375 0.115625 0.13125
0 0.291015625 0.602734375 0.11640625 0.12734375
0 0.17578125 0.78359375 0.1234375 0.1296875
0 0.151953125 0.153515625 0.11640625 0.14453125
0 0.26953125 0.180078125 0.1140625 0.14453125