0 0.500390625 0.20390625 0.22578125 0.2234375
0 0.723828125 0.210546875 0.22265625 0.21484375
0 0.854296875 0.3890625 0.22734375 0.225
0 0.4 0.406640625 0.228125 0.23203125
0 0.625390625 0.41015625 0.22265625 0.2234375
0 0.16796875 0.421875 0.2296875 0.228125
0 0.76328125 0.59296875 0.2234375 0.2234375
0 0.531640625 0.607421875 0.22578125 0.22109375
0 0.303515625 0.610546875 0.22265625 0.22109375
0 0.850390625 0.78046875 0.21015625 0.2140625
0 0.185546875 0.805078125 0.22109375 0.21640625
0 0.638671875 0.807421875 0.23046875 0.23046875
0 0.409765625 0.81171875 0.22265625 0.2234375