0 0.071875 0.196875 0.0625 0.10625
0 0.39375 0.20078125 0.065625 0.1109375
0 0.2484375 0.22265625 0.0625 0.1078125
0 0.47578125 0.23671875 0.0609375 0.1015625
0 0.87109375 0.2421875 0.0609375 0.103125
0 0.14765625 0.24453125 0.0703125 0.1203125
0 0.5453125 0.24765625 0.059375 0.1015625
0 0.6078125 0.2546875 0.059375 0.09375
0 0.33125 0.265625 0.075 0.128125
0 0.7375 0.290625 0.075 0.11875
0 0.81171875 0.3015625 0.0671875 0.0875
0 0.93828125 0.30625 0.0765625 0.125
0 0.50703125 0.31484375 0.0703125 0.1109375
0 0.65859375 0.31796875 0.0765625 0.1234375
0 0.5875 0.32890625 0.065625 0.1109375
0 0.43515625 0.33515625 0.0703125 0.1171875
0 0.1859375 0.34921875 0.071875 0.1296875
0 0.11484375 0.35625 0.0703125 0.125
0 0.2921875 0.3796875 0.075 0.128125
0 0.8234375 0.3890625 0.084375 0.134375
0 0.47265625 0.396875 0.0765625 0.125
0 0.71796875 0.40078125 0.0796875 0.1203125
0 0.96953125 0.40390625 0.0609375 0.1390625
0 0.6265625 0.41640625 0.065625 0.1078125
0 0.54765625 0.41796875 0.0671875 0.1078125
0 0.40234375 0.43203125 0.0671875 0.1078125
0 0.9 0.4421875 0.075 0.115625
0 0.0421875 0.4453125 0.075 0.128125
0 0.24453125 0.46015625 0.0671875 0.1203125
0 0.6765625 0.4890625 0.084375 0.1375
0 0.7484375 0.4953125 0.0625 0.103125
0 0.58984375 0.50625 0.0765625 0.128125
0 0.446875 0.51875 0.065625 0.10625
0 0.35078125 0.51875 0.0796875 0.128125
0 0.5171875 0.5203125 0.075 0.11875
0 0.83046875 0.52265625 0.0828125 0.1328125
0 0.96875 0.52421875 0.0625 0.0921875
0 0.15625 0.56328125 0.075 0.1234375
0 0.025 0.565625 0.05 0.1
0 0.08359375 0.5671875 0.0671875 0.103125
0 0.2390625 0.58125 0.075 0.128125
0 0.7265625 0.584375 0.071875 0.115625
0 0.94296875 0.603125 0.0453125 0.084375
0 0.88671875 0.60625 0.0765625 0.128125
0 0.6421875 0.61171875 0.0875 0.1390625
0 0.4046875 0.6140625 0.071875 0.121875
0 0.47890625 0.62109375 0.0765625 0.1296875
0 0.78203125 0.6234375 0.0671875 0.103125
0 0.55859375 0.62578125 0.0796875 0.1296875
0 0.30703125 0.634375 0.0828125 0.1375
0 0.0328125 0.66328125 0.065625 0.1109375
0 0.17421875 0.68671875 0.0765625 0.1328125
0 0.25390625 0.69921875 0.0671875 0.1140625
0 0.70078125 0.70546875 0.0828125 0.1328125
0 0.83046875 0.7046875 0.0765625 0.128125
0 0.94453125 0.709375 0.0828125 0.128125
0 0.36484375 0.72578125 0.0671875 0.1109375
0 0.4453125 0.7265625 0.065625 0.10625
0 0.59296875 0.73359375 0.0703125 0.1140625
0 0.5140625 0.73671875 0.065625 0.1078125
0 0.7796875 0.746875 0.075 0.115625
0 0.03828125 0.7484375 0.0578125 0.0875
0 0.0953125 0.7625 0.0625 0.103125
0 0.184375 0.7859375 0.0625 0.096875
0 0.31015625 0.78828125 0.0765625 0.1234375
0 0.890625 0.81328125 0.084375 0.1296875
0 0.6546875 0.81953125 0.0875 0.1328125
0 0.80078125 0.81953125 0.0671875 0.1015625
0 0.9671875 0.82109375 0.0625 0.1296875
0 0.40625 0.821875 0.075 0.11875
0 0.73125 0.82421875 0.065625 0.1015625
0 0.55859375 0.82734375 0.0703125 0.1078125
0 0.47421875 0.83984375 0.0703125 0.1078125
0 0.13046875 0.85625 0.0609375 0.103125
0 0.03828125 0.88671875 0.0765625 0.1328125
0 0.34453125 0.89375 0.0671875 0.103125
0 0.271875 0.8953125 0.0625 0.10625
0 0.84609375 0.9203125 0.0828125 0.125
0 0.93515625 0.91953125 0.0703125 0.1078125
0 0.51796875 0.92421875 0.0703125 0.1078125
0 0.61015625 0.93046875 0.0828125 0.1296875
0 0.77265625 0.93125 0.0671875 0.10625
0 0.6984375 0.9375 0.084375 0.125
0 0.44140625 0.93984375 0.0703125 0.1078125
0 0.1546875 0.95390625 0.071875 0.0921875
0 0.096875 0.95546875 0.05625 0.0890625
0 0.23359375 0.95546875 0.0765625 0.0890625
0 0.18828125 0.09765625 0.0765625 0.1296875
0 0.38359375 0.96484375 0.0671875 0.0703125
0 0.31015625 0.97421875 0.0671875 0.0515625
0 0.1265625 0.16484375 0.065625 0.1109375
0 0.3015625 0.184375 0.071875 0.115625
0 0.6921875 0.184375 0.065625 0.103125
0 0.01953125 0.25 0.0390625 0.096875