0 0.69765625 0.3484375 0.1328125 0.134375
0 0.840625 0.36875 0.1375 0.134375
0 0.96484375 0.36953125 0.0703125 0.1390625
0 0.265625 0.41875 0.1375 0.1375
0 0.4671875 0.4484375 0.1375 0.134375
0 0.609375 0.4578125 0.1375 0.13125
0 0.9203125 0.47421875 0.1375 0.1328125
0 0.7546875 0.4828125 0.1375 0.134375
0 0.05625 0.51640625 0.1125 0.1328125
0 0.33984375 0.5359375 0.1390625 0.1375
0 0.196875 0.53515625 0.1375 0.1328125
0 0.525 0.5671875 0.1375 0.134375
0 0.6609375 0.57109375 0.134375 0.1328125
0 0.84609375 0.590625 0.1390625 0.134375
0 0.1125 0.6375 0.1375 0.134375
0 0.2703125 0.6484375 0.1375 0.134375
0 0.4109375 0.6546875 0.1375 0.134375
0 0.75546875 0.68671875 0.1390625 0.1328125
0 0.5734375 0.70390625 0.1375 0.1328125
0 0.94921875 0.71640625 0.0984375 0.1390625
0 0.1828125 0.74765625 0.134375 0.1328125
0 0.05390625 0.7484375 0.1078125 0.134375
0 0.4671875 0.76953125 0.134375 0.1328125
0 0.32578125 0.76953125 0.1390625 0.1328125
0 0.87578125 0.8 0.1390625 0.134375
0 0.125 0.86875 0.134375 0.134375
0 0.259375 0.88203125 0.134375 0.1328125
0 0.3984375 0.88671875 0.1375 0.1328125