0 0.1921875 0.18984375 0.1875 0.3390625
0 0.62109375 0.21796875 0.2453125 0.3828125
0 0.38828125 0.22578125 0.2109375 0.3640625
0 0.0984375 0.48671875 0.18125 0.3203125
0 0.29921875 0.51796875 0.1984375 0.3359375
0 0.51796875 0.5359375 0.2265625 0.353125
0 0.0625 0.73828125 0.125 0.3015625
0 0.434375 0.77421875 0.209375 0.2671875
0 0.2375 0.7765625 0.184375 0.28125
0 0.66953125 0.82265625 0.2359375 0.1765625
0 0.8953125 0.83046875 0.209375 0.1515625
0 0.046875 0.20234375 0.09375 0.3078125
0 0.4890625 0.03984375 0.19375 0.0796875
0 0.2765625 0.03125 0.15625 0.0625
0 0.071875 0.03828125 0.14375 0.0765625