0 0.53203125 0.890625 0.1109375 0.146875
0 0.31796875 0.86328125 0.1203125 0.1640625
0 0.425 0.85390625 0.103125 0.1453125
0 0.67890625 0.8125 0.1171875 0.159375
0 0.2203125 0.8125 0.09375 0.134375
0 0.5828125 0.740625 0.125 0.16875
0 0.80546875 0.69453125 0.1203125 0.1640625
0 0.4671875 0.6859375 0.115625 0.15625
0 0.32890625 0.68359375 0.1140625 0.1515625
0 0.10078125 0.65390625 0.1015625 0.1390625
0 0.2078125 0.6515625 0.096875 0.134375
0 0.68828125 0.64921875 0.1203125 0.1640625
0 0.915625 0.64296875 0.115625 0.1609375
0 0.41796875 0.5546875 0.0890625 0.128125
0 0.16640625 0.55 0.1015625 0.1375
0 0.51953125 0.54765625 0.1203125 0.1703125
0 0.8484375 0.54609375 0.10625 0.1453125
0 0.27265625 0.53828125 0.1140625 0.1546875
0 0.6296875 0.51171875 0.103125 0.1421875
0 0.74375 0.503125 0.10625 0.15
0 0.35546875 0.45 0.1015625 0.134375
0 0.0515625 0.446875 0.09375 0.134375
0 0.1984375 0.43046875 0.09375 0.1296875
0 0.4625 0.4203125 0.09375 0.134375
0 0.9046875 0.4046875 0.09375 0.1375
0 0.81015625 0.40234375 0.1015625 0.1453125
0 0.571875 0.3890625 0.103125 0.1375
0 0.66796875 0.37421875 0.0984375 0.1328125
0 0.28125 0.36171875 0.096875 0.1328125
0 0.40234375 0.3375 0.0921875 0.125
0 0.0796875 0.29921875 0.090625 0.1296875
0 0.90703125 0.296875 0.0921875 0.103125
0 0.16796875 0.2953125 0.0921875 0.1375
0 0.48515625 0.28828125 0.0984375 0.1328125
0 0.584375 0.25703125 0.096875 0.1265625
0 0.32578125 0.25078125 0.0890625 0.1296875
0 0.953125 0.20546875 0.09375 0.1453125
0 0.66328125 0.19921875 0.1015625 0.1453125
0 0.40703125 0.18828125 0.1015625 0.1296875
0 0.87578125 0.1875 0.0921875 0.125
0 0.21875 0.17890625 0.096875 0.1328125
0 0.7546875 0.17890625 0.084375 0.1234375
0 0.14921875 0.17578125 0.0765625 0.1203125
0 0.04296875 0.15 0.0859375 0.115625
0 0.5203125 0.1453125 0.0875 0.10625