0 0.36875 0.16015625 0.075 0.0921875
0 0.4515625 0.16328125 0.075 0.0921875
0 0.1828125 0.20546875 0.075 0.0921875
0 0.73671875 0.23125 0.0671875 0.084375
0 0.49375 0.2421875 0.075 0.09375
0 0.9703125 0.24609375 0.05625 0.0921875
0 0.34453125 0.246875 0.0703125 0.0875
0 0.24140625 0.2484375 0.0765625 0.09375
0 0.4203125 0.25703125 0.0625 0.0765625
0 0.640625 0.25703125 0.0625 0.0828125
0 0.07578125 0.259375 0.0796875 0.09375
0 0.57890625 0.2640625 0.0703125 0.084375
0 0.81796875 0.2703125 0.0671875 0.0875
0 0.69921875 0.3046875 0.0671875 0.084375
0 0.5265625 0.31953125 0.065625 0.0796875
0 0.3 0.32265625 0.071875 0.0890625
0 0.45546875 0.32421875 0.0671875 0.0828125
0 0.3734375 0.32578125 0.071875 0.0859375
0 0.77109375 0.3328125 0.0671875 0.084375
0 0.61328125 0.33359375 0.0671875 0.0828125
0 0.215625 0.33359375 0.071875 0.0859375
0 0.93984375 0.3375 0.0671875 0.084375
0 0.11796875 0.3453125 0.0796875 0.09375
0 0.840625 0.3484375 0.065625 0.084375
0 0.01953125 0.36640625 0.0390625 0.0984375
0 0.5609375 0.38671875 0.059375 0.0796875
0 0.49453125 0.390625 0.0703125 0.0875
0 0.415625 0.39609375 0.071875 0.0890625
0 0.72265625 0.4 0.0671875 0.084375
0 0.64765625 0.40234375 0.0671875 0.0828125
0 0.32421875 0.40234375 0.0765625 0.0921875
0 0.253125 0.40546875 0.075 0.0890625
0 0.790625 0.40859375 0.065625 0.0765625
0 0.884375 0.409375 0.065625 0.084375
0 0.171875 0.41640625 0.075 0.0890625
0 0.08125 0.4421875 0.084375 0.096875
0 0.60546875 0.459375 0.0703125 0.084375
0 0.53359375 0.46015625 0.0703125 0.0828125
0 0.45859375 0.46171875 0.0671875 0.0796875
0 0.3796875 0.46875 0.075 0.0875
0 0.83671875 0.47109375 0.0671875 0.0828125
0 0.68671875 0.47421875 0.0671875 0.0828125
0 0.75703125 0.475 0.0671875 0.084375
0 0.28515625 0.4890625 0.0828125 0.09375
0 0.21015625 0.49375 0.0765625 0.09375
0 0.96484375 0.50390625 0.0703125 0.0921875
0 0.565625 0.52421875 0.065625 0.0796875
0 0.12109375 0.5296875 0.0796875 0.09375
0 0.49765625 0.53046875 0.0703125 0.0828125
0 0.7921875 0.53203125 0.065625 0.0796875
0 0.63671875 0.53203125 0.0703125 0.0828125
0 0.4203125 0.5375 0.071875 0.0875
0 0.7078125 0.54296875 0.0625 0.0796875
0 0.86484375 0.54921875 0.0671875 0.0796875
0 0.33515625 0.55859375 0.0796875 0.0921875
0 0.25703125 0.578125 0.0828125 0.096875
0 0.03828125 0.5828125 0.0765625 0.096875
0 0.18359375 0.58515625 0.0765625 0.0890625
0 0.53203125 0.59609375 0.0671875 0.0828125
0 0.60078125 0.60234375 0.0703125 0.0828125
0 0.46015625 0.603125 0.0703125 0.084375
0 0.66953125 0.60703125 0.0703125 0.0828125
0 0.8171875 0.61328125 0.065625 0.0828125
0 0.3859375 0.61640625 0.071875 0.0859375
0 0.75 0.61796875 0.065625 0.0796875
0 0.090625 0.63515625 0.084375 0.0984375
0 0.89140625 0.63515625 0.0703125 0.0828125
0 0.3140625 0.6390625 0.075 0.0875
0 0.23046875 0.66328125 0.0765625 0.0890625
0 0.496875 0.66484375 0.065625 0.0828125
0 0.63203125 0.67421875 0.0671875 0.0796875
0 0.56640625 0.6765625 0.0671875 0.084375
0 0.7796875 0.6796875 0.065625 0.075
0 0.17421875 0.68125 0.0703125 0.084375
0 0.70859375 0.68359375 0.0671875 0.0828125
0 0.4265625 0.69296875 0.071875 0.0890625
0 0.08046875 0.70625 0.0765625 0.084375
0 0.35625 0.7109375 0.071875 0.084375
0 0.8828125 0.728125 0.071875 0.0875
0 0.27734375 0.73359375 0.0765625 0.0890625
0 0.51640625 0.734375 0.0671875 0.084375
0 0.58359375 0.73671875 0.0671875 0.0765625
0 0.66328125 0.74140625 0.0703125 0.0796875
0 0.42890625 0.75703125 0.0703125 0.0703125
0 0.06328125 0.76171875 0.0609375 0.0765625
0 0.7515625 0.7640625 0.075 0.0875
0 0.20703125 0.7671875 0.0796875 0.090625
0 0.12734375 0.775 0.0796875 0.09375
0 0.82109375 0.7859375 0.0703125 0.084375
0 0.93125 0.815625 0.071875 0.0875