0 0.140625 0.2859375 0.11875 0.18125
0 0.48984375 0.29375 0.1328125 0.159375
0 0.27109375 0.3125 0.1859375 0.228125
0 0.6703125 0.31953125 0.18125 0.2265625
0 0.80390625 0.36796875 0.1234375 0.1421875
0 0.18515625 0.51328125 0.1765625 0.2140625
0 0.575 0.52734375 0.171875 0.2046875
0 0.80859375 0.05625 0.1421875 0.109375
0 0.92109375 0.53359375 0.1328125 0.1546875
0 0.75390625 0.5640625 0.1171875 0.140625
0 0.1234375 0.71171875 0.128125 0.1515625
0 0.278125 0.7234375 0.18125 0.203125
0 0.678125 0.75078125 0.1875 0.2140625
0 0.196875 0.865625 0.171875 0.159375
0 0.56015625 0.8671875 0.1671875 0.15625
0 0.92265625 0.87109375 0.1515625 0.1484375
0 0.13984375 0.09453125 0.1890625 0.1890625
0 0.57890625 0.1109375 0.1734375 0.21875
0 0.403125 0.1296875 0.15 0.2
0 0.75859375 0.2140625 0.1296875 0.165625
0 0.040625 0.21796875 0.08125 0.1828125
0 0.95390625 0.234375 0.0890625 0.2125
0 0.10625 0.44453125 0.128125 0.1734375
0 0.42265625 0.67890625 0.1296875 0.1453125
0 0.4203125 0.425 0.125 0.1375
0 0.47109375 0.57109375 0.1046875 0.1453125
0 0.49140625 0.02578125 0.1328125 0.0515625
0 0.6890625 0.01640625 0.134375 0.0328125