0 0.5296875 0.20546875 0.05625 0.0921875
0 0.6390625 0.20546875 0.053125 0.0890625
0 0.584375 0.20546875 0.05625 0.0890625
0 0.69453125 0.20859375 0.0515625 0.0890625
0 0.74609375 0.21015625 0.0515625 0.0890625
0 0.79609375 0.2109375 0.0515625 0.084375
0 0.84609375 0.21015625 0.0484375 0.0859375
0 0.98359375 0.21015625 0.0296875 0.0890625
0 0.89609375 0.2125 0.0453125 0.084375
0 0.94453125 0.2140625 0.0484375 0.084375
0 0.55546875 0.28203125 0.0546875 0.0890625
0 0.6109375 0.28359375 0.05625 0.0890625
0 0.4984375 0.28359375 0.05625 0.0921875
0 0.665625 0.28359375 0.053125 0.0890625
0 0.71796875 0.284375 0.0515625 0.0875
0 0.92265625 0.2859375 0.0453125 0.0875
0 0.97109375 0.28515625 0.0453125 0.0828125
0 0.77265625 0.28515625 0.0515625 0.0890625
0 0.87265625 0.2859375 0.0484375 0.0875
0 0.82421875 0.28671875 0.0515625 0.0890625
0 0.6390625 0.35859375 0.053125 0.0921875
0 0.69375 0.359375 0.053125 0.0875
0 0.94609375 0.359375 0.0484375 0.084375
0 0.9859375 0.359375 0.025 0.084375
0 0.79921875 0.359375 0.0515625 0.0875
0 0.5859375 0.36171875 0.053125 0.0921875
0 0.84765625 0.36171875 0.0484375 0.0859375
0 0.5296875 0.36171875 0.05625 0.0921875
0 0.89765625 0.3609375 0.0484375 0.084375
0 0.74609375 0.3625 0.0515625 0.0875
0 0.97109375 0.43125 0.0484375 0.084375
0 0.9203125 0.434375 0.04375 0.084375
0 0.87578125 0.434375 0.0515625 0.0875
0 0.82578125 0.43515625 0.0484375 0.0890625
0 0.77421875 0.43515625 0.0515625 0.0890625
0 0.61328125 0.43515625 0.0515625 0.0890625
0 0.5015625 0.43671875 0.05625 0.0890625
0 0.72265625 0.43671875 0.0515625 0.0890625
0 0.6703125 0.43828125 0.053125 0.0890625
0 0.5609375 0.43984375 0.05625 0.0890625
0 0.52421875 0.04609375 0.0546875 0.0890625
0 0.58515625 0.04921875 0.0515625 0.0890625
0 0.3953125 0.50390625 0.053125 0.0890625
0 0.98671875 0.50625 0.0265625 0.084375
0 0.94921875 0.50703125 0.0484375 0.0828125
0 0.340625 0.50703125 0.05625 0.0921875
0 0.89921875 0.5078125 0.0484375 0.084375
0 0.28359375 0.50703125 0.0578125 0.0921875
0 0.22578125 0.50859375 0.0578125 0.0921875
0 0.79921875 0.509375 0.0515625 0.0875
0 0.85078125 0.509375 0.0484375 0.0875
0 0.16640625 0.51171875 0.0578125 0.0921875
0 0.74921875 0.51171875 0.0515625 0.0859375
0 0.6953125 0.5125 0.053125 0.0875
0 0.6421875 0.51328125 0.053125 0.0890625
0 0.5875 0.51484375 0.053125 0.0890625
0 0.5296875 0.51640625 0.05625 0.0890625
0 0.6390625 0.053125 0.053125 0.0875
0 0.6921875 0.05546875 0.053125 0.0859375
0 0.74453125 0.0578125 0.0515625 0.0875
0 0.975 0.5765625 0.04375 0.084375
0 0.92421875 0.578125 0.0453125 0.084375
0 0.87578125 0.5828125 0.0484375 0.0875
0 0.37109375 0.58359375 0.0546875 0.0890625
0 0.82421875 0.584375 0.0484375 0.084375
0 0.31484375 0.58671875 0.0546875 0.0890625
0 0.77265625 0.5875 0.0515625 0.0875
0 0.72265625 0.5875 0.0515625 0.0875
0 0.2546875 0.5875 0.05625 0.090625
0 0.66953125 0.58984375 0.0515625 0.0859375
0 0.19765625 0.5921875 0.0578125 0.09375
0 0.61640625 0.5921875 0.0546875 0.090625
0 0.5625 0.59296875 0.053125 0.0890625
0 0.13671875 0.59375 0.0609375 0.09375
0 0.50078125 0.59609375 0.0578125 0.0890625
0 0.07421875 0.5984375 0.0609375 0.09375
0 0.79453125 0.0609375 0.0515625 0.084375
0 0.89609375 0.0640625 0.0453125 0.084375
0 0.84453125 0.0640625 0.0515625 0.084375
0 0.98671875 0.64765625 0.0265625 0.0828125
0 0.95078125 0.64921875 0.0484375 0.0828125
0 0.90234375 0.6546875 0.0484375 0.084375
0 0.403125 0.65625 0.053125 0.0875
0 0.94453125 0.06640625 0.0453125 0.0828125
0 0.85390625 0.6578125 0.0484375 0.084375
0 0.80390625 0.6625 0.0515625 0.0875
0 0.34296875 0.6625 0.0546875 0.09375
0 0.69765625 0.66328125 0.0515625 0.0859375
0 0.75078125 0.66484375 0.0515625 0.0859375
0 0.28515625 0.665625 0.0609375 0.090625
0 0.6453125 0.66640625 0.053125 0.0890625
0 0.5875 0.66796875 0.05625 0.0921875
0 0.22578125 0.6703125 0.0578125 0.09375
0 0.534375 0.6703125 0.05625 0.090625
0 0.16640625 0.675 0.0609375 0.090625
0 0.10546875 0.678125 0.0609375 0.096875
0 0.0453125 0.6859375 0.0625 0.09375
0 0.9859375 0.07265625 0.025 0.0828125
0 0.97421875 0.72109375 0.0453125 0.0828125
0 0.92578125 0.725 0.0484375 0.084375
0 0.87734375 0.72890625 0.0484375 0.0828125
0 0.82734375 0.7328125 0.0484375 0.084375
0 0.36875 0.7390625 0.053125 0.0875
0 0.77890625 0.7390625 0.0515625 0.084375
0 0.3125 0.74375 0.05625 0.090625
0 0.25703125 0.74609375 0.0609375 0.0921875
0 0.72265625 0.746875 0.0515625 0.0875
0 0.67109375 0.74765625 0.0515625 0.0890625
0 0.61875 0.74921875 0.053125 0.0890625
0 0.50625 0.75078125 0.05625 0.0921875
0 0.5609375 0.75703125 0.05625 0.0921875
0 0.13828125 0.7578125 0.0609375 0.09375
0 0.19609375 0.759375 0.0578125 0.09375
0 0.078125 0.765625 0.0625 0.096875
0 0.02265625 0.7671875 0.0453125 0.09375
0 0.91171875 0.784375 0.0390625 0.03125
0 0.946875 0.7859375 0.034375 0.04375
0 0.9828125 0.790625 0.03125 0.05625
0 0.9671875 0.85234375 0.04375 0.0828125
0 0.91796875 0.85859375 0.0453125 0.0828125
0 0.86484375 0.86171875 0.0484375 0.0828125
0 0.81796875 0.8671875 0.0453125 0.084375
0 0.77109375 0.871875 0.0484375 0.084375
0 0.71640625 0.8734375 0.0484375 0.0875
0 0.665625 0.8828125 0.053125 0.084375
0 0.6140625 0.8875 0.053125 0.0875
0 0.5578125 0.89140625 0.053125 0.0890625
0 0.98359375 0.9 0.0296875 0.0625
0 0.49375 0.903125 0.05625 0.0875
0 0.3546875 0.90390625 0.053125 0.0890625
0 0.29609375 0.90390625 0.0546875 0.0921875
0 0.23671875 0.91171875 0.0578125 0.0921875
0 0.17578125 0.91796875 0.0578125 0.0921875
0 0.11484375 0.925 0.0609375 0.09375
0 0.94453125 0.93046875 0.0453125 0.0828125
0 0.053125 0.9328125 0.0625 0.09375
0 0.89609375 0.93515625 0.0453125 0.0796875
0 0.84296875 0.93828125 0.0515625 0.0828125
0 0.79140625 0.94453125 0.0453125 0.0828125
0 0.68984375 0.953125 0.0484375 0.084375
0 0.6390625 0.9578125 0.053125 0.084375
0 0.5828125 0.96015625 0.053125 0.0765625
0 0.52734375 0.9625 0.0578125 0.071875
0 0.32421875 0.9671875 0.0578125 0.065625
0 0.46484375 0.96796875 0.0578125 0.0609375
0 0.26484375 0.97109375 0.0609375 0.0578125
0 0.20625 0.97578125 0.0625 0.0484375
0 0.14609375 0.9765625 0.0609375 0.04375
0 0.96796875 0.978125 0.0453125 0.040625
0 0.91796875 0.98046875 0.0453125 0.0390625
0 0.86640625 0.98125 0.0515625 0.034375
0 0.81796875 0.9859375 0.0453125 0.025
0 0.55625 0.12734375 0.053125 0.0890625
0 0.49921875 0.1265625 0.0578125 0.090625
0 0.61171875 0.1296875 0.0515625 0.0875
0 0.665625 0.13125 0.053125 0.0875
0 0.71640625 0.13203125 0.0515625 0.0890625
0 0.76796875 0.1359375 0.0515625 0.084375
0 0.81953125 0.1375 0.0515625 0.0875
0 0.86796875 0.1390625 0.0484375 0.084375
0 0.91796875 0.14140625 0.0484375 0.0828125
0 0.96484375 0.14296875 0.0484375 0.0828125