0 0.530078125 0.205078125 0.05078125 0.08203125
0 0.583984375 0.204296875 0.04921875 0.08046875
0 0.640234375 0.206640625 0.04921875 0.08203125
0 0.6921875 0.206640625 0.046875 0.08203125
0 0.74609375 0.208984375 0.0484375 0.08046875
0 0.798046875 0.211328125 0.04296875 0.07578125
0 0.89609375 0.21328125 0.0421875 0.0734375
0 0.8484375 0.212890625 0.040625 0.07578125
0 0.98671875 0.21484375 0.0265625 0.0765625
0 0.94453125 0.212109375 0.0421875 0.07421875
0 0.501953125 0.2828125 0.05078125 0.084375
0 0.555859375 0.28203125 0.04921875 0.0828125
0 0.610546875 0.28515625 0.04921875 0.0828125
0 0.66640625 0.282421875 0.0484375 0.08046875
0 0.72109375 0.285546875 0.0453125 0.08046875
0 0.97109375 0.28515625 0.0421875 0.0734375
0 0.775390625 0.284765625 0.04453125 0.07578125
0 0.824609375 0.287109375 0.04296875 0.07421875
0 0.921875 0.287109375 0.040625 0.07421875
0 0.87421875 0.28671875 0.0421875 0.0734375
0 0.6421875 0.361328125 0.046875 0.08203125
0 0.69375 0.360546875 0.046875 0.08046875
0 0.94765625 0.35859375 0.0421875 0.0734375
0 0.798828125 0.36171875 0.04453125 0.0796875
0 0.848046875 0.36171875 0.04296875 0.0765625
0 0.748828125 0.3609375 0.04453125 0.078125
0 0.987890625 0.36171875 0.02265625 0.0765625
0 0.89921875 0.362109375 0.0421875 0.07421875
0 0.5859375 0.36171875 0.046875 0.0828125
0 0.532421875 0.362890625 0.04921875 0.08515625
0 0.972265625 0.43046875 0.04453125 0.0765625
0 0.919921875 0.43359375 0.04296875 0.0765625
0 0.87734375 0.43515625 0.0453125 0.0765625
0 0.77734375 0.43671875 0.0453125 0.0796875
0 0.61328125 0.433984375 0.0484375 0.08046875
0 0.82578125 0.43828125 0.0453125 0.0765625
0 0.6703125 0.437109375 0.046875 0.08046875
0 0.72578125 0.43671875 0.0453125 0.0796875
0 0.50234375 0.43671875 0.0515625 0.0828125
0 0.560546875 0.4390625 0.04921875 0.084375
0 0.525390625 0.04609375 0.05078125 0.0828125
0 0.58671875 0.04921875 0.0484375 0.0828125
0 0.396484375 0.50703125 0.04921875 0.0796875
0 0.94921875 0.50625 0.0421875 0.078125
0 0.342578125 0.50859375 0.05078125 0.0796875
0 0.900390625 0.5078125 0.04453125 0.078125
0 0.284765625 0.508984375 0.05078125 0.08046875
0 0.2265625 0.5109375 0.053125 0.084375
0 0.8 0.508984375 0.046875 0.08046875
0 0.848828125 0.51171875 0.04453125 0.0796875
0 0.75234375 0.512109375 0.0453125 0.08046875
0 0.166015625 0.511328125 0.05390625 0.08515625
0 0.69921875 0.51328125 0.0453125 0.0796875
0 0.64296875 0.514453125 0.0484375 0.08203125
0 0.530078125 0.515625 0.05078125 0.084375
0 0.58984375 0.514453125 0.0484375 0.08203125
0 0.6390625 0.05390625 0.046875 0.0796875
0 0.69140625 0.05703125 0.0453125 0.0796875
0 0.745703125 0.05625 0.04453125 0.078125
0 0.97578125 0.57734375 0.0421875 0.0765625
0 0.926171875 0.58046875 0.04296875 0.0765625
0 0.875390625 0.5828125 0.04453125 0.078125
0 0.370703125 0.5828125 0.05078125 0.078125
0 0.82578125 0.58515625 0.0453125 0.0796875
0 0.72265625 0.58828125 0.0453125 0.0796875
0 0.316015625 0.585546875 0.05078125 0.08046875
0 0.253515625 0.5875 0.05390625 0.084375
0 0.77421875 0.588671875 0.0484375 0.08046875
0 0.67109375 0.588671875 0.0484375 0.08046875
0 0.61796875 0.58984375 0.0484375 0.0796875
0 0.19765625 0.591015625 0.0515625 0.08515625
0 0.56328125 0.59296875 0.0484375 0.0828125
0 0.50234375 0.5953125 0.0515625 0.084375
0 0.1375 0.595703125 0.053125 0.08515625
0 0.075390625 0.5984375 0.05390625 0.084375
0 0.795703125 0.06328125 0.04453125 0.0765625
0 0.89609375 0.064453125 0.0421875 0.07578125
0 0.846484375 0.06484375 0.04296875 0.0765625
0 0.94765625 0.066796875 0.0421875 0.07421875
0 0.985546875 0.64609375 0.02421875 0.0796875
0 0.951171875 0.65 0.04296875 0.078125
0 0.90390625 0.6546875 0.0421875 0.078125
0 0.401953125 0.656640625 0.05078125 0.08203125
0 0.853515625 0.66015625 0.04453125 0.0796875
0 0.80703125 0.66328125 0.0453125 0.0796875
0 0.34453125 0.66328125 0.0484375 0.0765625
0 0.7 0.666015625 0.046875 0.08203125
0 0.7515625 0.665234375 0.046875 0.08046875
0 0.287890625 0.66640625 0.05078125 0.0828125
0 0.64453125 0.66640625 0.0484375 0.0828125
0 0.226953125 0.669921875 0.05078125 0.08046875
0 0.58984375 0.670703125 0.0484375 0.08203125
0 0.53359375 0.671875 0.0515625 0.084375
0 0.165625 0.67421875 0.053125 0.0828125
0 0.1078125 0.676953125 0.053125 0.08515625
0 0.046484375 0.684765625 0.05546875 0.08515625
0 0.97578125 0.72109375 0.0421875 0.0765625
0 0.9296875 0.72578125 0.040625 0.0765625
0 0.879296875 0.72890625 0.04296875 0.0765625
0 0.98671875 0.0765625 0.0265625 0.084375
0 0.826953125 0.732421875 0.04453125 0.08046875
0 0.78046875 0.737109375 0.0453125 0.08046875
0 0.3703125 0.7390625 0.046875 0.078125
0 0.313671875 0.740625 0.04921875 0.078125
0 0.258203125 0.74609375 0.05078125 0.0796875
0 0.67265625 0.746484375 0.0453125 0.08046875
0 0.72578125 0.749609375 0.0453125 0.08046875
0 0.61796875 0.750390625 0.0484375 0.08203125
0 0.506640625 0.75078125 0.05078125 0.0828125
0 0.56328125 0.75859375 0.0484375 0.0828125
0 0.1390625 0.755859375 0.053125 0.08046875
0 0.198828125 0.76015625 0.05078125 0.0828125
0 0.076953125 0.76796875 0.05390625 0.0890625
0 0.021484375 0.766796875 0.04296875 0.08671875
0 0.913671875 0.78515625 0.03359375 0.0328125
0 0.94765625 0.7859375 0.0328125 0.040625
0 0.98359375 0.79140625 0.0328125 0.0578125
0 0.9703125 0.853125 0.040625 0.071875
0 0.918359375 0.858984375 0.03984375 0.07421875
0 0.865234375 0.862890625 0.04296875 0.07578125
0 0.816796875 0.86796875 0.04296875 0.0765625
0 0.77109375 0.87109375 0.0453125 0.0796875
0 0.715625 0.874609375 0.046875 0.08046875
0 0.66796875 0.8828125 0.0453125 0.078125
0 0.61484375 0.887109375 0.0453125 0.08046875
0 0.559375 0.89140625 0.046875 0.0796875
0 0.494140625 0.90234375 0.05078125 0.0796875
0 0.356640625 0.901171875 0.05078125 0.08046875
0 0.2953125 0.90546875 0.053125 0.0828125
0 0.236328125 0.9140625 0.05390625 0.0875
0 0.178125 0.920703125 0.053125 0.08515625
0 0.115625 0.925 0.053125 0.084375
0 0.946875 0.93203125 0.040625 0.0734375
0 0.054296875 0.932421875 0.05546875 0.08671875
0 0.89609375 0.933984375 0.0421875 0.07421875
0 0.843359375 0.93984375 0.04296875 0.0765625
0 0.79296875 0.94140625 0.0453125 0.0796875
0 0.7453125 0.951953125 0.046875 0.08203125
0 0.69140625 0.955859375 0.0453125 0.08046875
0 0.641015625 0.96015625 0.05078125 0.0765625
0 0.583203125 0.9625 0.05078125 0.071875
0 0.526953125 0.962890625 0.05078125 0.06953125
0 0.32421875 0.967578125 0.0515625 0.06015625
0 0.4671875 0.96953125 0.053125 0.0578125
0 0.264453125 0.9734375 0.05390625 0.053125
0 0.207421875 0.976171875 0.05546875 0.04296875
0 0.968359375 0.978515625 0.04296875 0.03828125
0 0.14375 0.98125 0.05625 0.0375
0 0.91953125 0.980859375 0.0453125 0.03359375
0 0.084375 0.98359375 0.05625 0.0328125
0 0.869140625 0.98359375 0.04453125 0.0296875
0 0.816796875 0.985546875 0.04296875 0.02421875
0 0.501953125 0.126953125 0.05078125 0.08203125
0 0.558984375 0.126953125 0.04921875 0.08515625
0 0.61171875 0.12890625 0.0484375 0.0828125
0 0.66640625 0.131640625 0.0484375 0.08203125
0 0.71875 0.130859375 0.046875 0.08046875
0 0.77109375 0.13515625 0.0453125 0.0765625
0 0.820703125 0.13671875 0.04453125 0.0765625
0 0.869140625 0.13984375 0.04453125 0.0765625
0 0.918359375 0.139453125 0.04296875 0.07578125
0 0.96640625 0.141015625 0.0421875 0.07578125