0 0.18359375 0.24609375 0.0671875 0.0984375
0 0.25546875 0.24921875 0.0671875 0.1015625
0 0.32265625 0.25078125 0.0671875 0.1015625
0 0.3890625 0.25078125 0.065625 0.0984375
0 0.52734375 0.25078125 0.0671875 0.0984375
0 0.66484375 0.25234375 0.0671875 0.0984375
0 0.45859375 0.25234375 0.0671875 0.0984375
0 0.73125 0.25234375 0.065625 0.0984375
0 0.59609375 0.25234375 0.0671875 0.0953125
0 0.8015625 0.25234375 0.065625 0.0984375
0 0.22109375 0.33515625 0.0671875 0.0953125
0 0.28828125 0.33671875 0.0671875 0.1015625
0 0.63046875 0.33671875 0.0671875 0.1015625
0 0.49140625 0.33671875 0.0671875 0.0984375
0 0.83515625 0.33671875 0.0671875 0.1015625
0 0.35546875 0.33671875 0.0671875 0.0984375
0 0.56015625 0.33828125 0.0703125 0.0984375
0 0.69921875 0.33828125 0.0671875 0.0984375
0 0.7671875 0.33828125 0.065625 0.0984375
0 0.42421875 0.33984375 0.0671875 0.0984375
0 0.25234375 0.42265625 0.0671875 0.1015625
0 0.5953125 0.42421875 0.065625 0.0984375
0 0.66328125 0.42421875 0.0671875 0.1015625
0 0.38828125 0.42421875 0.0671875 0.0984375
0 0.184375 0.42421875 0.0625 0.0984375
0 0.45703125 0.42421875 0.0671875 0.0984375
0 0.31953125 0.42421875 0.0671875 0.1015625
0 0.52578125 0.42421875 0.0671875 0.0984375
0 0.73203125 0.42421875 0.0671875 0.0984375
0 0.8015625 0.42734375 0.065625 0.0984375
0 0.21953125 0.50703125 0.0671875 0.0984375
0 0.69765625 0.50859375 0.0671875 0.1015625
0 0.49140625 0.50859375 0.0671875 0.0984375
0 0.35546875 0.50859375 0.0671875 0.0984375
0 0.2859375 0.51015625 0.065625 0.0984375
0 0.62734375 0.51015625 0.0671875 0.0984375
0 0.421875 0.509375 0.065625 0.096875
0 0.8375 0.51015625 0.065625 0.0984375
0 0.56015625 0.51015625 0.0671875 0.1015625
0 0.76796875 0.51171875 0.0703125 0.1015625
0 0.18046875 0.59296875 0.0640625 0.1015625
0 0.66171875 0.59453125 0.0671875 0.1015625
0 0.52421875 0.59609375 0.0671875 0.0984375
0 0.7296875 0.5953125 0.065625 0.096875
0 0.5921875 0.59609375 0.065625 0.1015625
0 0.24921875 0.59609375 0.0671875 0.1015625
0 0.80234375 0.5953125 0.0703125 0.096875
0 0.38671875 0.59609375 0.0671875 0.1015625
0 0.31796875 0.59609375 0.0671875 0.0984375
0 0.45546875 0.5984375 0.0671875 0.096875
0 0.7640625 0.68046875 0.065625 0.0984375
0 0.62734375 0.68203125 0.0671875 0.0984375
0 0.5578125 0.68203125 0.065625 0.0984375
0 0.69609375 0.68203125 0.0671875 0.0984375
0 0.41953125 0.68203125 0.0671875 0.0984375
0 0.83671875 0.6828125 0.0671875 0.096875
0 0.48984375 0.68359375 0.0671875 0.1015625
0 0.35078125 0.68359375 0.0671875 0.0984375
0 0.21484375 0.6828125 0.0671875 0.096875
0 0.28359375 0.68359375 0.0671875 0.1015625
0 0.25234375 0.07421875 0.0671875 0.0984375
0 0.32109375 0.07421875 0.0671875 0.0984375
0 0.528125 0.0765625 0.065625 0.096875
0 0.17734375 0.76640625 0.0671875 0.1015625
0 0.7984375 0.7671875 0.065625 0.096875
0 0.66015625 0.76796875 0.0671875 0.0984375
0 0.590625 0.76875 0.065625 0.096875
0 0.2453125 0.76796875 0.065625 0.0984375
0 0.73046875 0.76796875 0.0671875 0.0984375
0 0.31484375 0.7703125 0.0671875 0.096875
0 0.39296875 0.07734375 0.0671875 0.0984375
0 0.4609375 0.078125 0.065625 0.096875
0 0.45390625 0.7703125 0.0671875 0.096875
0 0.38515625 0.7703125 0.0671875 0.096875
0 0.521875 0.77109375 0.065625 0.0984375
0 0.7328125 0.0796875 0.0625 0.096875
0 0.596875 0.0796875 0.065625 0.096875
0 0.80625 0.08125 0.065625 0.096875
0 0.6640625 0.08046875 0.065625 0.1015625
0 0.1859375 0.08359375 0.065625 0.1015625
0 0.83515625 0.85078125 0.0703125 0.0984375
0 0.21015625 0.85390625 0.0671875 0.0984375
0 0.48671875 0.85390625 0.0671875 0.0984375
0 0.27890625 0.85546875 0.0640625 0.1015625
0 0.69296875 0.85546875 0.0671875 0.1015625
0 0.41796875 0.85625 0.0671875 0.096875
0 0.34921875 0.85625 0.0671875 0.096875
0 0.62578125 0.85859375 0.0671875 0.1015625
0 0.7640625 0.85859375 0.065625 0.1015625
0 0.55703125 0.85859375 0.0671875 0.1015625
0 0.290625 0.16015625 0.071875 0.1015625
0 0.35859375 0.16328125 0.0671875 0.1015625
0 0.22109375 0.16328125 0.0671875 0.0984375
0 0.5625 0.16328125 0.065625 0.1015625
0 0.4953125 0.16328125 0.065625 0.0984375
0 0.42578125 0.16484375 0.0671875 0.0984375
0 0.63046875 0.16484375 0.0671875 0.0984375
0 0.7 0.16640625 0.065625 0.0984375
0 0.7671875 0.16640625 0.065625 0.0984375
0 0.83671875 0.1703125 0.0671875 0.09375