0 0.10234375 0.26796875 0.1015625 0.1546875
0 0.025 0.26953125 0.05 0.1515625
0 0.20703125 0.27109375 0.1046875 0.1515625
0 0.63359375 0.27109375 0.1046875 0.1546875
0 0.41953125 0.2703125 0.1046875 0.15625
0 0.3125 0.27265625 0.10625 0.1515625
0 0.73828125 0.271875 0.1046875 0.15625
0 0.525 0.2734375 0.10625 0.15625
0 0.84453125 0.27421875 0.1046875 0.1546875
0 0.94921875 0.27578125 0.1015625 0.1546875
0 0.20859375 0.0390625 0.1046875 0.078125
0 0.1078125 0.040625 0.10625 0.08125
0 0.73828125 0.040625 0.1046875 0.08125
0 0.31484375 0.040625 0.1046875 0.08125
0 0.52578125 0.040625 0.1046875 0.08125
0 0.05 0.40078125 0.1 0.1546875
0 0.15390625 0.403125 0.1046875 0.15625
0 0.7890625 0.40390625 0.10625 0.1546875
0 0.36640625 0.4046875 0.1046875 0.15625
0 0.57578125 0.40390625 0.1046875 0.1546875
0 0.46953125 0.40625 0.1046875 0.15625
0 0.26171875 0.40625 0.1046875 0.15625
0 0.68359375 0.40703125 0.1046875 0.1515625
0 0.89609375 0.40859375 0.1046875 0.1546875
0 0.97421875 0.4078125 0.0515625 0.159375
0 0.84453125 0.0421875 0.1046875 0.084375
0 0.42265625 0.0421875 0.1046875 0.084375
0 0.634375 0.0421875 0.10625 0.084375
0 0.94921875 0.04296875 0.1015625 0.0859375
0 0.0984375 0.53515625 0.10625 0.1515625
0 0.021875 0.53515625 0.04375 0.1546875
0 0.628125 0.53515625 0.10625 0.1546875
0 0.734375 0.53515625 0.10625 0.1546875
0 0.84140625 0.53828125 0.1046875 0.1515625
0 0.94921875 0.5375 0.1015625 0.15625
0 0.3109375 0.53828125 0.103125 0.1546875
0 0.41796875 0.53828125 0.1046875 0.1546875
0 0.20546875 0.53828125 0.1046875 0.1546875
0 0.521875 0.5390625 0.10625 0.15625
0 0.046875 0.66796875 0.09375 0.1546875
0 0.15 0.66875 0.10625 0.15625
0 0.57265625 0.66796875 0.1015625 0.1546875
0 0.68125 0.66796875 0.10625 0.1546875
0 0.78828125 0.66953125 0.1046875 0.1546875
0 0.9734375 0.66953125 0.053125 0.1546875
0 0.8921875 0.67109375 0.10625 0.1546875
0 0.25546875 0.6703125 0.1046875 0.15625
0 0.36328125 0.6703125 0.1046875 0.15625
0 0.4671875 0.6734375 0.10625 0.153125
0 0.0203125 0.8 0.040625 0.153125
0 0.09609375 0.80234375 0.1046875 0.1515625
0 0.7328125 0.8015625 0.10625 0.15625
0 0.84140625 0.80234375 0.1015625 0.1546875
0 0.62734375 0.80234375 0.1046875 0.1546875
0 0.20234375 0.80234375 0.1046875 0.1546875
0 0.94453125 0.803125 0.1046875 0.15625
0 0.51875 0.8046875 0.10625 0.153125
0 0.3078125 0.80546875 0.10625 0.1546875
0 0.41328125 0.80703125 0.1046875 0.1515625
0 0.971875 0.925 0.053125 0.146875
0 0.0453125 0.92734375 0.090625 0.1421875
0 0.1453125 0.9296875 0.10625 0.140625
0 0.36015625 0.9296875 0.1015625 0.140625
0 0.253125 0.9296875 0.10625 0.1375
0 0.4640625 0.9296875 0.10625 0.1375
0 0.8921875 0.9296875 0.10625 0.1375
0 0.67890625 0.93046875 0.1046875 0.1359375
0 0.784375 0.93046875 0.10625 0.1359375
0 0.57578125 0.93046875 0.1046875 0.1359375
0 0.05546875 0.13359375 0.1046875 0.1515625
0 0.15859375 0.1359375 0.1046875 0.15625
0 0.36640625 0.13671875 0.1015625 0.1546875
0 0.68515625 0.13671875 0.1046875 0.1546875
0 0.26328125 0.13828125 0.1046875 0.1546875
0 0.57890625 0.13984375 0.1046875 0.1546875
0 0.47265625 0.140625 0.1046875 0.15625
0 0.79296875 0.13984375 0.1046875 0.1546875
0 0.89765625 0.14140625 0.1046875 0.1546875
0 0.97421875 0.14140625 0.0484375 0.1546875