0 0.06484375 0.2015625 0.1296875 0.228125
0 0.428125 0.225 0.159375 0.203125
0 0.59140625 0.2296875 0.1671875 0.21875
0 0.22265625 0.2328125 0.1671875 0.203125
0 0.95625 0.2609375 0.084375 0.221875
0 0.82109375 0.2671875 0.1609375 0.209375
0 0.32578125 0.3765625 0.1640625 0.221875
0 0.70078125 0.3953125 0.1671875 0.2125
0 0.11953125 0.3953125 0.1734375 0.2125
0 0.4875 0.40625 0.159375 0.2
0 0.89375 0.45078125 0.15625 0.2109375
0 0.2328125 0.55625 0.16875 0.21875
0 0.5921875 0.5609375 0.15625 0.2
0 0.0578125 0.57578125 0.115625 0.2140625
0 0.39375 0.578125 0.159375 0.21875
0 0.76484375 0.58515625 0.1640625 0.2046875
0 0.96328125 0.6296875 0.0734375 0.225
0 0.15078125 0.0734375 0.1640625 0.146875
0 0.15078125 0.728125 0.1609375 0.21875
0 0.503125 0.73046875 0.159375 0.2046875
0 0.3171875 0.74140625 0.15 0.2046875
0 0.6625 0.7421875 0.159375 0.20625
0 0.83671875 0.75625 0.1546875 0.2125
0 0.31796875 0.084375 0.1640625 0.16875
0 0.05546875 0.87109375 0.1109375 0.2171875
0 0.71171875 0.88203125 0.1390625 0.1734375
0 0.52265625 0.0890625 0.1609375 0.178125
0 0.42109375 0.8953125 0.1546875 0.209375
0 0.575 0.8984375 0.15625 0.203125
0 0.20546875 0.9140625 0.1671875 0.16875
0 0.909375 0.09375 0.159375 0.1875
0 0.91875 0.9171875 0.159375 0.1625
0 0.715625 0.1125 0.159375 0.203125
0 0.0421875 0.034375 0.084375 0.06875
0 0.33125 0.978125 0.125 0.04375
0 0.64609375 0.96796875 0.1109375 0.0640625
0 0.42421875 0.01640625 0.1265625 0.0328125
0 0.6546875 0.01953125 0.14375 0.0359375
0 0.02265625 0.71875 0.0453125 0.103125
0 0.01875 0.38671875 0.0375 0.1828125