0 0.93515625 0.8 0.1296875 0.228125
0 0.571875 0.77421875 0.159375 0.2015625
0 0.4078125 0.7703125 0.165625 0.21875
0 0.778125 0.76796875 0.165625 0.2015625
0 0.0421875 0.7390625 0.084375 0.221875
0 0.17890625 0.7328125 0.1609375 0.209375
0 0.67578125 0.6234375 0.1640625 0.221875
0 0.3 0.603125 0.165625 0.2125
0 0.88046875 0.603125 0.1734375 0.2125
0 0.5125 0.5921875 0.159375 0.2
0 0.1046875 0.5484375 0.15625 0.2125
0 0.7671875 0.44375 0.16875 0.21875
0 0.4078125 0.4390625 0.15625 0.2
0 0.9421875 0.42421875 0.115625 0.2140625
0 0.60625 0.421875 0.159375 0.21875
0 0.23671875 0.41484375 0.1640625 0.2046875
0 0.0359375 0.37109375 0.071875 0.2234375
0 0.84921875 0.9265625 0.1640625 0.146875
0 0.85078125 0.2703125 0.1609375 0.21875
0 0.4984375 0.26796875 0.159375 0.2046875
0 0.68359375 0.25859375 0.1484375 0.2046875
0 0.3375 0.25703125 0.159375 0.2078125
0 0.16328125 0.24375 0.1546875 0.2125
0 0.68359375 0.915625 0.1640625 0.16875
0 0.94453125 0.13046875 0.1109375 0.2171875
0 0.28828125 0.11796875 0.1390625 0.1734375
0 0.47734375 0.9109375 0.1609375 0.178125
0 0.5796875 0.1046875 0.153125 0.209375
0 0.425 0.10078125 0.15625 0.2015625
0 0.7953125 0.084375 0.165625 0.16875
0 0.0890625 0.90625 0.159375 0.1875
0 0.0828125 0.08359375 0.159375 0.1609375
0 0.28359375 0.88671875 0.1578125 0.2015625