0 0.06484375 0.2015625 0.1296875 0.228125
0 0.428125 0.22578125 0.159375 0.2015625
0 0.5921875 0.2296875 0.165625 0.21875
0 0.2234375 0.23203125 0.165625 0.2015625
0 0.9578125 0.2609375 0.084375 0.221875
0 0.82109375 0.2671875 0.1609375 0.209375
0 0.32421875 0.37734375 0.1640625 0.2203125
0 0.7 0.3953125 0.165625 0.2125
0 0.11953125 0.3953125 0.1734375 0.2125
0 0.4890625 0.40625 0.159375 0.2
0 0.8953125 0.45078125 0.15625 0.2109375
0 0.2328125 0.55625 0.16875 0.21875
0 0.5921875 0.5609375 0.15625 0.2
0 0.0578125 0.57578125 0.115625 0.2140625
0 0.39375 0.578125 0.159375 0.21875
0 0.76484375 0.58515625 0.1640625 0.2046875
0 0.9625 0.62890625 0.071875 0.2234375
0 0.15078125 0.0734375 0.1640625 0.146875
0 0.15078125 0.728125 0.1609375 0.21875
0 0.503125 0.73046875 0.159375 0.2046875
0 0.3171875 0.74140625 0.15 0.2046875
0 0.6625 0.74140625 0.159375 0.2078125
0 0.83671875 0.75625 0.1546875 0.2125
0 0.31796875 0.084375 0.1640625 0.16875
0 0.05546875 0.8703125 0.1109375 0.215625
0 0.71171875 0.88203125 0.1390625 0.1734375
0 0.52265625 0.0890625 0.1609375 0.178125
0 0.42109375 0.8953125 0.1546875 0.209375
0 0.575 0.89765625 0.15625 0.2015625
0 0.20625 0.915625 0.165625 0.16875
0 0.9109375 0.09375 0.159375 0.1875
0 0.91875 0.91796875 0.159375 0.1609375
0 0.715625 0.11171875 0.159375 0.2015625
0 0.0421875 0.03515625 0.084375 0.0703125
0 0.33125 0.978125 0.125 0.04375
0 0.64765625 0.96875 0.1109375 0.0625
0 0.42421875 0.0171875 0.1265625 0.034375
0 0.65390625 0.01953125 0.1453125 0.0359375
0 0.02265625 0.71875 0.0453125 0.103125
0 0.01953125 0.38671875 0.0390625 0.1828125