0 0.65078125 0.78359375 0.0890625 0.1421875
0 0.33515625 0.775 0.0890625 0.146875
0 0.03515625 0.75703125 0.0703125 0.1484375
0 0.56484375 0.74609375 0.0890625 0.1421875
0 0.2546875 0.73828125 0.0875 0.1453125
0 0.8828125 0.73359375 0.0875 0.1453125
0 0.97578125 0.728125 0.0484375 0.15
0 0.48125 0.71015625 0.0875 0.1453125
0 0.94375 0.96875 0.084375 0.0625
0 0.1703125 0.69765625 0.0875 0.1453125
0 0.7953125 0.69765625 0.084375 0.1453125
0 0.7078125 0.67734375 0.084375 0.1421875
0 0.3953125 0.66953125 0.0875 0.1421875
0 0.0890625 0.6484375 0.0875 0.146875
0 0.625 0.64453125 0.0875 0.1453125
0 0.31171875 0.6296875 0.0890625 0.146875
0 0.53046875 0.96015625 0.0890625 0.0796875
0 0.9359375 0.61796875 0.0875 0.1453125
0 0.02578125 0.6171875 0.0515625 0.146875
0 0.540625 0.60703125 0.0875 0.1421875
0 0.228125 0.590625 0.0875 0.146875
0 0.8515625 0.58828125 0.0875 0.1421875
0 0.45859375 0.56953125 0.0890625 0.1421875
0 0.21328125 0.95546875 0.0890625 0.0890625
0 0.75 0.55390625 0.0875 0.1421875
0 0.146875 0.53671875 0.0875 0.1453125
0 0.37265625 0.528125 0.0859375 0.146875
0 0.665625 0.51953125 0.0875 0.1453125
0 0.97734375 0.51796875 0.0453125 0.1453125
0 0.8578125 0.95078125 0.0875 0.0984375
0 0.065625 0.50546875 0.0875 0.1453125
0 0.28984375 0.48515625 0.0890625 0.1421875
0 0.5828125 0.48515625 0.0875 0.1421875
0 0.90625 0.47890625 0.0875 0.1453125
0 0.8140625 0.46328125 0.084375 0.1421875
0 0.5 0.4359375 0.0875 0.146875
0 0.44453125 0.9421875 0.0921875 0.115625
0 0.7234375 0.42734375 0.084375 0.1421875
0 0.2046875 0.42421875 0.0875 0.1421875
0 0.41640625 0.39765625 0.0859375 0.1421875
0 0.12109375 0.39765625 0.0859375 0.1453125
0 0.77109375 0.9375 0.0890625 0.125
0 0.9625 0.38046875 0.075 0.1390625
0 0.6453125 0.37265625 0.0875 0.1453125
0 0.04140625 0.36796875 0.0765625 0.1453125
0 0.33515625 0.36015625 0.0859375 0.1421875
0 0.12734375 0.93359375 0.0890625 0.1328125
0 0.871875 0.34609375 0.084375 0.1421875
0 0.5609375 0.33515625 0.0875 0.1453125
0 0.2546875 0.31328125 0.0875 0.1453125
0 0.78828125 0.31015625 0.0859375 0.1453125
0 0.4734375 0.29296875 0.0875 0.1421875
0 0.1734375 0.27734375 0.0875 0.1421875
0 0.7046875 0.26796875 0.0875 0.1421875
0 0.3890625 0.25234375 0.0875 0.1453125
0 0.0875 0.25234375 0.0875 0.1453125
0 0.93125 0.24609375 0.0875 0.1453125
0 0.67890625 0.921875 0.0890625 0.146875
0 0.62109375 0.23203125 0.0859375 0.1421875
0 0.021875 0.22734375 0.04375 0.1421875
0 0.36015625 0.9203125 0.0890625 0.15
0 0.31015625 0.20078125 0.0859375 0.1421875
0 0.53671875 0.19453125 0.0859375 0.1421875
0 0.77734375 0.16640625 0.0859375 0.1453125
0 0.22578125 0.16484375 0.0859375 0.1421875
0 0.8625 0.15546875 0.084375 0.1421875
0 0.4515625 0.153125 0.0875 0.146875
0 0.1453125 0.13984375 0.084375 0.1453125
0 0.68359375 0.12890625 0.0859375 0.1421875
0 0.9671875 0.12578125 0.0625 0.1390625
0 0.0578125 0.12109375 0.0875 0.1453125
0 0.37109375 0.10234375 0.0890625 0.1421875
0 0.596875 0.09453125 0.0875 0.1390625
0 0.28515625 0.06953125 0.0890625 0.1328125
0 0.5140625 0.0625 0.0875 0.125
0 0.2046875 0.05390625 0.0875 0.1015625
0 0.74609375 0.05234375 0.0859375 0.0984375
0 0.915625 0.0484375 0.0875 0.096875
0 0.83125 0.04921875 0.084375 0.0921875
0 0.12109375 0.0375 0.0859375 0.075
0 0.4328125 0.0390625 0.0875 0.071875
0 0.65625 0.0328125 0.0875 0.065625
0 0.04453125 0.903125 0.0890625 0.146875
0 0.58984375 0.8890625 0.0890625 0.15
0 0.978125 0.88125 0.04375 0.146875
0 0.27578125 0.8796875 0.0890625 0.15
0 0.91328125 0.86875 0.0890625 0.146875
0 0.50703125 0.85625 0.0890625 0.15
0 0.1921875 0.840625 0.0875 0.146875
0 0.825 0.83203125 0.0875 0.1453125
0 0.42421875 0.81640625 0.0859375 0.1515625
0 0.7390625 0.8109375 0.0875 0.146875
0 0.1078125 0.80078125 0.0875 0.1453125