0 0.35078125 0.21796875 0.0890625 0.1421875
0 0.66484375 0.225 0.0890625 0.146875
0 0.96484375 0.24375 0.0703125 0.15
0 0.43671875 0.25390625 0.0890625 0.1421875
0 0.74609375 0.26171875 0.0859375 0.1453125
0 0.11875 0.2671875 0.0875 0.14375
0 0.02421875 0.27265625 0.0484375 0.1484375
0 0.5203125 0.29140625 0.0875 0.1453125
0 0.05625 0.03125 0.084375 0.0625
0 0.8296875 0.30390625 0.0875 0.1453125
0 0.20625 0.30390625 0.084375 0.1453125
0 0.2921875 0.32421875 0.084375 0.1421875
0 0.60625 0.33046875 0.0875 0.1421875
0 0.9109375 0.353125 0.0875 0.146875
0 0.375 0.35546875 0.0875 0.1453125
0 0.68984375 0.371875 0.0890625 0.146875
0 0.47109375 0.03984375 0.0890625 0.0796875
0 0.065625 0.38203125 0.0875 0.1453125
0 0.97421875 0.3828125 0.0515625 0.146875
0 0.459375 0.39296875 0.0875 0.1421875
0 0.771875 0.4109375 0.0875 0.146875
0 0.15 0.41328125 0.0875 0.1421875
0 0.54296875 0.43203125 0.0890625 0.1421875
0 0.78828125 0.04453125 0.0890625 0.0890625
0 0.25 0.44609375 0.0875 0.1421875
0 0.853125 0.46484375 0.0875 0.1453125
0 0.628125 0.4734375 0.0875 0.146875
0 0.33515625 0.48046875 0.0859375 0.1453125
0 0.02265625 0.48359375 0.0453125 0.1453125
0 0.1421875 0.04921875 0.0875 0.0984375
0 0.9359375 0.49609375 0.0875 0.1453125
0 0.71015625 0.51640625 0.0890625 0.1421875
0 0.41875 0.51640625 0.0875 0.1421875
0 0.09375 0.52265625 0.0875 0.1453125
0 0.1859375 0.53828125 0.084375 0.1421875
0 0.5 0.5640625 0.0875 0.146875
0 0.55625 0.0578125 0.090625 0.115625
0 0.278125 0.57421875 0.084375 0.1421875
0 0.7953125 0.57578125 0.0875 0.1421875
0 0.584375 0.60234375 0.0875 0.1421875
0 0.8796875 0.60390625 0.0875 0.1453125
0 0.23046875 0.0625 0.0890625 0.125
0 0.0375 0.62109375 0.075 0.1390625
0 0.35625 0.62734375 0.0875 0.1453125
0 0.96015625 0.63203125 0.0765625 0.1453125
0 0.665625 0.64140625 0.0875 0.1421875
0 0.87421875 0.06640625 0.0890625 0.1328125
0 0.1296875 0.65546875 0.084375 0.1421875
0 0.440625 0.66640625 0.0875 0.1453125
0 0.74609375 0.68828125 0.0859375 0.1453125
0 0.2125 0.68984375 0.0875 0.1453125
0 0.52734375 0.70859375 0.0859375 0.1421875
0 0.8265625 0.72265625 0.0875 0.1421875
0 0.29609375 0.73203125 0.0859375 0.1421875
0 0.6109375 0.74765625 0.0875 0.1453125
0 0.9140625 0.74765625 0.0875 0.1453125
0 0.0703125 0.75546875 0.0875 0.1453125
0 0.32109375 0.078125 0.0890625 0.146875
0 0.38046875 0.76796875 0.0859375 0.1421875
0 0.978125 0.77265625 0.04375 0.1421875
0 0.64140625 0.0796875 0.0890625 0.15
0 0.690625 0.79921875 0.0875 0.1421875
0 0.4640625 0.80703125 0.0875 0.1421875
0 0.2234375 0.83515625 0.0875 0.1453125
0 0.775 0.83515625 0.0875 0.1421875
0 0.1390625 0.84609375 0.084375 0.1421875
0 0.5484375 0.8484375 0.0875 0.146875
0 0.8546875 0.86171875 0.084375 0.1453125
0 0.31796875 0.87109375 0.0859375 0.1421875
0 0.034375 0.87578125 0.0625 0.1390625
0 0.9421875 0.88046875 0.0875 0.1453125
0 0.62890625 0.89765625 0.0890625 0.1421875
0 0.40390625 0.90703125 0.0859375 0.1390625
0 0.71484375 0.93203125 0.0890625 0.1328125
0 0.4859375 0.9375 0.0875 0.125
0 0.7953125 0.94765625 0.0875 0.1015625
0 0.2546875 0.94921875 0.0875 0.0984375
0 0.084375 0.9515625 0.0875 0.096875
0 0.1703125 0.95234375 0.084375 0.0921875
0 0.8796875 0.9625 0.0875 0.075
0 0.56796875 0.9625 0.0859375 0.071875
0 0.34375 0.9671875 0.0875 0.065625
0 0.95546875 0.0984375 0.0890625 0.146875
0 0.41015625 0.1109375 0.0890625 0.15
0 0.021875 0.11875 0.04375 0.146875
0 0.72578125 0.1203125 0.0890625 0.15
0 0.08828125 0.13125 0.0890625 0.146875
0 0.49453125 0.1453125 0.0890625 0.15
0 0.80859375 0.1609375 0.0859375 0.146875
0 0.1765625 0.16796875 0.0875 0.1453125
0 0.5765625 0.18359375 0.0875 0.1515625
0 0.2625 0.1890625 0.0875 0.146875
0 0.8921875 0.19921875 0.0875 0.1453125