0 0.57890625 0.48984375 0.1015625 0.1515625
0 0.40859375 0.50234375 0.0984375 0.1484375
0 0.66953125 0.55390625 0.0984375 0.1484375
0 0.49765625 0.57578125 0.0984375 0.1453125
0 0.315625 0.60703125 0.10625 0.1515625
0 0.58515625 0.63984375 0.1015625 0.1453125
0 0.41328125 0.66015625 0.1015625 0.1453125
0 0.22890625 0.6859375 0.1015625 0.15
0 0.67734375 0.7 0.0984375 0.140625
0 0.821875 0.71953125 0.240625 0.4140625
0 0.50390625 0.72109375 0.0984375 0.1453125
0 0.33046875 0.734375 0.0984375 0.1375
0 0.59453125 0.7765625 0.0984375 0.1375
0 0.41796875 0.79296875 0.0984375 0.1328125
0 0.23828125 0.83203125 0.1015625 0.1421875
0 0.68046875 0.8390625 0.0984375 0.140625
0 0.50390625 0.85859375 0.0984375 0.1328125
0 0.33515625 0.86640625 0.0984375 0.1328125
0 0.590625 0.9140625 0.096875 0.1375
0 0.42265625 0.93203125 0.0984375 0.1328125
0 0.671875 0.9515625 0.09375 0.096875
0 0.50859375 0.9609375 0.0984375 0.075
0 0.34140625 0.965625 0.0953125 0.065625
0 0.12109375 0.8984375 0.2421875 0.203125