0 0.81953125 0.715625 0.2484375 0.415625
0 0.2328125 0.68828125 0.109375 0.1453125
0 0.31796875 0.60390625 0.1171875 0.1390625
0 0.409375 0.50625 0.109375 0.140625
0 0.49453125 0.5765625 0.1046875 0.15625
0 0.66171875 0.55390625 0.1015625 0.1390625
0 0.67734375 0.69921875 0.1046875 0.1453125
0 0.5875 0.64140625 0.10625 0.1515625
0 0.415625 0.65859375 0.103125 0.1515625
0 0.503378125 0.782375 0.5456078125 0.782375 0.5371625 0.686140625 0.4983109375 0.660815625 0.4628375 0.686140625 0.4645265625 0.7798437500000001 0.503378125 0.782375
0 0.59296875 0.77734375 0.1046875 0.1453125
0 0.6765625 0.83203125 0.09375 0.1390625
0 0.6734375 0.94765625 0.1 0.1046875
0 0.50078125 0.8546875 0.1046875 0.1375
0 0.50625 0.96015625 0.09375 0.0796875
0 0.58828125 0.91953125 0.1046875 0.1453125
0 0.41796875 0.92578125 0.1015625 0.1484375
0 0.41953125 0.79453125 0.1015625 0.1390625
0 0.33046875 0.734375 0.1078125 0.125
0 0.33203125 0.86484375 0.1046875 0.1359375
0 0.23359375 0.8328125 0.1109375 0.15625
0 0.58046875 0.49375 0.0984375 0.159375
0 0.34296875 0.96484375 0.1015625 0.0703125
0 0.1171875 0.8921875 0.23125 0.215625
0 0.87890625 0.9046875 0.2359375 0.1875