0 0.58046875 0.49140625 0.1015625 0.1515625
0 0.41015625 0.5046875 0.0984375 0.146875
0 0.66953125 0.5546875 0.0984375 0.146875
0 0.49609375 0.5765625 0.0984375 0.146875
0 0.315625 0.60703125 0.10625 0.1515625
0 0.58671875 0.63984375 0.1015625 0.1453125
0 0.41328125 0.66171875 0.1015625 0.1453125
0 0.22890625 0.6859375 0.1015625 0.15
0 0.67734375 0.70078125 0.0984375 0.1421875
0 0.821875 0.72109375 0.240625 0.4140625
0 0.50390625 0.72109375 0.0984375 0.1453125
0 0.33046875 0.734375 0.0984375 0.1375
0 0.59609375 0.775 0.0984375 0.1375
0 0.41796875 0.79453125 0.0984375 0.1328125
0 0.23828125 0.83359375 0.1015625 0.1421875
0 0.68203125 0.83984375 0.0984375 0.1390625
0 0.50390625 0.86015625 0.0984375 0.1328125
0 0.33515625 0.86640625 0.0984375 0.1328125
0 0.5921875 0.915625 0.096875 0.1375
0 0.42265625 0.93203125 0.0984375 0.1328125
0 0.671875 0.9515625 0.09375 0.096875
0 0.50859375 0.9609375 0.0984375 0.075
0 0.34140625 0.965625 0.0953125 0.065625