0 0.396875 0.021875 0.034375 0.04375
0 0.33984375 0.025 0.0234375 0.04375
0 0.31328125 0.02265625 0.0296875 0.0453125
0 0.16328125 0.278125 0.0984375 0.146875
0 0.828125 0.42734375 0.128125 0.2234375
0 0.14140625 0.4359375 0.0984375 0.2
0 0.5609375 0.46796875 0.115625 0.2140625
0 0.44921875 0.4890625 0.1109375 0.209375
0 0.325 0.50078125 0.10625 0.2078125
0 0.22109375 0.52421875 0.1015625 0.2015625
0 0.7484375 0.6078125 0.128125 0.21875
0 0.0875 0.6125 0.09375 0.18125
0 0.9546875 0.63359375 0.090625 0.1671875
0 0.63203125 0.6484375 0.1140625 0.21875
0 0.5296875 0.671875 0.10625 0.209375
0 0.4203125 0.68359375 0.10625 0.2078125
0 0.26796875 0.684375 0.1015625 0.190625
0 0.1609375 0.703125 0.09375 0.190625
0 0.93515625 0.79921875 0.1015625 0.1765625
0 0.73828125 0.80390625 0.1015625 0.1828125
0 0.6546875 0.8171875 0.0875 0.178125
0 0.96171875 0.8328125 0.0390625 0.065625
0 0.49609375 0.8484375 0.0921875 0.16875
0 0.26953125 0.87734375 0.0828125 0.1546875
0 0.38359375 0.8796875 0.0796875 0.159375
0 0.3625 0.01796875 0.03125 0.0359375