0 0.603125 0.021875 0.034375 0.04375
0 0.66171875 0.025 0.0234375 0.04375
0 0.68828125 0.02265625 0.0296875 0.0453125
0 0.83828125 0.278125 0.0984375 0.146875
0 0.171875 0.42734375 0.128125 0.2234375
0 0.86015625 0.4359375 0.0984375 0.2
0 0.440625 0.46796875 0.115625 0.2140625
0 0.55078125 0.4890625 0.1109375 0.209375
0 0.6765625 0.50078125 0.10625 0.2078125
0 0.77890625 0.52421875 0.1015625 0.2015625
0 0.25234375 0.6078125 0.1265625 0.21875
0 0.9125 0.6125 0.09375 0.18125
0 0.0453125 0.63359375 0.090625 0.1671875
0 0.36953125 0.6484375 0.1140625 0.21875
0 0.471875 0.671875 0.10625 0.209375
0 0.5796875 0.68359375 0.10625 0.2078125
0 0.73359375 0.684375 0.1015625 0.190625
0 0.840625 0.703125 0.09375 0.190625
0 0.06484375 0.79921875 0.1015625 0.1765625
0 0.26171875 0.80390625 0.1015625 0.1828125
0 0.34609375 0.8171875 0.0859375 0.178125
0 0.03828125 0.8328125 0.0390625 0.065625
0 0.50546875 0.8484375 0.0921875 0.16875
0 0.73046875 0.87734375 0.0828125 0.1546875
0 0.61640625 0.8796875 0.0796875 0.159375
0 0.6390625 0.01796875 0.03125 0.0359375