0 0.396875 0.978125 0.034375 0.04375
0 0.33984375 0.9765625 0.0234375 0.04375
0 0.31328125 0.97734375 0.0296875 0.0453125
0 0.16328125 0.7234375 0.0984375 0.146875
0 0.828125 0.57421875 0.128125 0.2234375
0 0.14140625 0.5640625 0.0984375 0.2
0 0.5609375 0.53359375 0.115625 0.2140625
0 0.44921875 0.5109375 0.1109375 0.209375
0 0.325 0.50078125 0.10625 0.2078125
0 0.22109375 0.47578125 0.1015625 0.2015625
0 0.7484375 0.39375 0.128125 0.21875
0 0.0875 0.38828125 0.09375 0.1796875
0 0.9546875 0.36640625 0.090625 0.1671875
0 0.63203125 0.353125 0.1140625 0.21875
0 0.5296875 0.328125 0.10625 0.209375
0 0.4203125 0.31796875 0.10625 0.2078125
0 0.26796875 0.3171875 0.1015625 0.190625
0 0.1609375 0.296875 0.09375 0.190625
0 0.93515625 0.20078125 0.1015625 0.1765625
0 0.73828125 0.19765625 0.1015625 0.1828125
0 0.6546875 0.1828125 0.0875 0.178125
0 0.96171875 0.16796875 0.0390625 0.0640625
0 0.49609375 0.1515625 0.0921875 0.16875
0 0.26953125 0.1234375 0.0828125 0.153125
0 0.38359375 0.1203125 0.0796875 0.159375
0 0.3625 0.98203125 0.03125 0.0359375