0 0.603125 0.021875 0.034375 0.04375
0 0.6609375 0.0234375 0.025 0.04375
0 0.6859375 0.02265625 0.028125 0.0453125
0 0.83671875 0.278125 0.0984375 0.146875
0 0.1703125 0.42734375 0.128125 0.2234375
0 0.85859375 0.4359375 0.0984375 0.2
0 0.4390625 0.46640625 0.115625 0.2140625
0 0.55078125 0.4890625 0.1109375 0.209375
0 0.6765625 0.50078125 0.10625 0.2078125
0 0.77890625 0.52421875 0.1015625 0.2015625
0 0.25234375 0.6078125 0.1265625 0.21875
0 0.9109375 0.6125 0.09375 0.18125
0 0.0453125 0.63359375 0.090625 0.1671875
0 0.36796875 0.646875 0.1140625 0.21875
0 0.4703125 0.6703125 0.10625 0.209375
0 0.5796875 0.68359375 0.10625 0.2078125
0 0.73359375 0.6828125 0.1015625 0.190625
0 0.840625 0.7015625 0.09375 0.190625
0 0.06484375 0.79921875 0.1015625 0.1765625
0 0.26171875 0.80390625 0.1015625 0.1828125
0 0.34609375 0.8171875 0.0859375 0.178125
0 0.03828125 0.8328125 0.0390625 0.065625
0 0.50390625 0.8484375 0.0921875 0.16875
0 0.73046875 0.8765625 0.0828125 0.153125
0 0.61640625 0.8796875 0.0796875 0.159375
0 0.6375 0.01796875 0.03125 0.0359375