0 0.75703125 0.41328125 0.1671875 0.2796875
0 0.584375 0.4140625 0.16875 0.284375
0 0.92265625 0.415625 0.1515625 0.284375
0 0.075 0.41875 0.15 0.284375
0 0.40859375 0.4203125 0.1671875 0.284375
0 0.23125 0.4203125 0.1625 0.278125
0 0.83671875 0.6515625 0.1640625 0.26875
0 0.665625 0.653125 0.159375 0.26875
0 0.321875 0.6546875 0.16875 0.28125
0 0.49765625 0.6546875 0.1640625 0.271875
0 0.14765625 0.65859375 0.1640625 0.2796875
0 0.9609375 0.659375 0.075 0.265625
0 0.41015625 0.87578125 0.1609375 0.2484375
0 0.24140625 0.875 0.1671875 0.246875
0 0.0765625 0.871875 0.153125 0.25
0 0.57890625 0.87578125 0.1640625 0.2484375
0 0.92421875 0.87890625 0.1515625 0.2390625
0 0.759375 0.88203125 0.16875 0.2359375
0 0.6703125 0.16953125 0.16875 0.2890625
0 0.8453125 0.17109375 0.16875 0.2890625
0 0.1453125 0.17578125 0.16875 0.2859375
0 0.49140625 0.17734375 0.1671875 0.2796875
0 0.3140625 0.18203125 0.171875 0.2890625
0 0.02890625 0.18203125 0.0578125 0.2671875