0 0.81328125 0.3390625 0.1328125 0.19375
0 0.21171875 0.3453125 0.1390625 0.196875
0 0.5140625 0.359375 0.1375 0.2
0 0.0671875 0.36875 0.134375 0.234375
0 0.67421875 0.38359375 0.1640625 0.2171875
0 0.94453125 0.390625 0.1109375 0.21875
0 0.359375 0.39140625 0.16875 0.2328125
0 0.93828125 0.54921875 0.1234375 0.1640625
0 0.0765625 0.55859375 0.1375 0.1734375
0 0.665625 0.5609375 0.128125 0.16875
0 0.3734375 0.5734375 0.134375 0.165625
0 0.221875 0.58359375 0.1625 0.2046875
0 0.8140625 0.596875 0.15625 0.2125
0 0.51328125 0.6109375 0.1671875 0.2
0 0.7375 0.6953125 0.125 0.16875
0 0.17890625 0.70078125 0.1296875 0.1640625
0 0.45546875 0.71171875 0.1296875 0.1640625
0 0.8859375 0.7375 0.15 0.2
0 0.6046875 0.7546875 0.153125 0.203125
0 0.05 0.76875 0.1 0.2
0 0.30390625 0.79765625 0.1546875 0.2015625
0 0.47109375 0.91875 0.1421875 0.159375
0 0.74609375 0.91875 0.1421875 0.1625
0 0.190625 0.9203125 0.15 0.15625
0 0.0578125 0.92421875 0.115625 0.1484375
0 0.609375 0.93046875 0.128125 0.1359375
0 0.3328125 0.93828125 0.13125 0.1203125
0 0.8859375 0.94296875 0.128125 0.1109375