0 0.034375 0.3671875 0.06875 0.04375
0 0.06640625 0.35078125 0.0171875 0.0546875
0 0.0875 0.34140625 0.025 0.0578125
0 0.10703125 0.32890625 0.0265625 0.0703125
0 0.13359375 0.31953125 0.0359375 0.0765625
0 0.18125 0.27890625 0.0375 0.0859375
0 0.228125 0.25625 0.046875 0.109375
0 0.28828125 0.215625 0.0640625 0.1125
0 0.36171875 0.16796875 0.0796875 0.1328125
0 0.45546875 0.09609375 0.1046875 0.1578125
0 0.60859375 0.08046875 0.1078125 0.1265625
0 0.7796875 0.02578125 0.084375 0.0515625
0 0.85703125 0.04375 0.0953125 0.0875
0 0.93984375 0.05 0.0828125 0.1
0 0.98203125 0.08046875 0.0359375 0.1359375
0 0.00390625 0.425 0.0078125 0.040625
0 0.01875 0.42421875 0.00625 0.0359375
0 0.05234375 0.42734375 0.0484375 0.0390625
0 0.078125 0.43671875 0.034375 0.0609375
0 0.1 0.43125 0.028125 0.06875
0 0.12578125 0.42578125 0.0390625 0.0765625
0 0.15703125 0.4125 0.0484375 0.090625
0 0.18984375 0.40625 0.0265625 0.075
0 0.2328125 0.4015625 0.046875 0.096875
0 0.3 0.38125 0.090625 0.109375
0 0.38515625 0.35859375 0.0921875 0.1265625
0 0.49375 0.33671875 0.115625 0.1703125
0 0.61953125 0.32578125 0.1203125 0.1640625
0 0.65390625 0.17890625 0.1328125 0.1765625
0 0.72109375 0.221875 0.0765625 0.14375
0 0.83515625 0.2296875 0.0921875 0.1875
0 0.8703125 0.2703125 0.059375 0.115625
0 0.9609375 0.25859375 0.071875 0.1546875
0 0.04765625 0.4546875 0.0546875 0.046875
0 0.07109375 0.4609375 0.0234375 0.034375
0 0.0171875 0.49375 0.021875 0.04375
0 0.0515625 0.48984375 0.04375 0.0515625
0 0.03515625 0.52109375 0.0421875 0.0546875
0 0.06015625 0.52109375 0.0265625 0.0453125
0 0.07890625 0.52890625 0.0328125 0.0734375
0 0.0984375 0.534375 0.03125 0.0875
0 0.12578125 0.5390625 0.0390625 0.075
0 0.1515625 0.54140625 0.03125 0.1015625
0 0.19140625 0.5390625 0.0421875 0.09375
0 0.23046875 0.54921875 0.0421875 0.1109375
0 0.2921875 0.55234375 0.078125 0.1140625
0 0.3828125 0.565625 0.109375 0.121875
0 0.5 0.57265625 0.125 0.1671875
0 0.60390625 0.578125 0.1171875 0.146875
0 0.034375 0.584375 0.0375 0.0375
0 0.05625 0.584375 0.021875 0.0375
0 0.01015625 0.61796875 0.0203125 0.0578125
0 0.04140625 0.6140625 0.0453125 0.0375
0 0.028125 0.64921875 0.025 0.0609375
0 0.06015625 0.65078125 0.0390625 0.0484375
0 0.03515625 0.68125 0.0703125 0.04375
0 0.06484375 0.61875 0.0328125 0.06875
0 0.0828125 0.6328125 0.01875 0.084375
0 0.1 0.6421875 0.034375 0.084375
0 0.13671875 0.6546875 0.0515625 0.0875
0 0.1671875 0.66484375 0.034375 0.0921875
0 0.20859375 0.68828125 0.0640625 0.1171875
0 0.26171875 0.70625 0.0640625 0.121875
0 0.328125 0.7390625 0.075 0.146875
0 0.403125 0.740625 0.059375 0.103125
0 0.43203125 0.796875 0.0796875 0.16875
0 0.53125 0.78515625 0.053125 0.0953125
0 0.5671875 0.84765625 0.121875 0.1796875
0 0.61328125 0.70390625 0.1109375 0.1640625
0 0.74296875 0.69609375 0.1265625 0.1796875
0 0.7984375 0.6859375 0.075 0.1375
0 0.89375 0.675 0.115625 0.140625
0 0.9703125 0.6640625 0.059375 0.14375
0 0.02734375 0.7953125 0.0546875 0.2
0 0.06171875 0.70625 0.0296875 0.090625
0 0.08203125 0.72890625 0.0265625 0.0671875
0 0.10546875 0.7484375 0.0234375 0.096875
0 0.13671875 0.7671875 0.0390625 0.1
0 0.16875 0.7984375 0.03125 0.1
0 0.209375 0.83984375 0.05625 0.1046875
0 0.2625 0.8234375 0.0375 0.059375
0 0.33984375 0.8828125 0.0453125 0.0875
0 0.43046875 0.95234375 0.0671875 0.0921875
0 0.2203125 0.78984375 0.025 0.0609375
0 0.26796875 0.87578125 0.0859375 0.1296875
0 0.34765625 0.934375 0.0734375 0.13125
0 0.46328125 0.96875 0.0828125 0.0625
0 0.615625 0.9390625 0.134375 0.103125
0 0.16796875 0.753125 0.0515625 0.040625
0 0.75234375 0.93125 0.1296875 0.1375
0 0.8890625 0.8875 0.090625 0.16875
0 0.91953125 0.85703125 0.0546875 0.1046875
0 0.97578125 0.85390625 0.0484375 0.1296875
0 0.88671875 0.94765625 0.2265625 0.0921875