2 0.40865384615384615 0.32091346153846156 0.036057692307692304 0.036057692307692304
2 0.35096153846153844 0.35336538461538464 0.026442307692307692 0.03365384615384615
2 0.2824519230769231 0.39783653846153844 0.02403846153846154 0.038461538461538464
2 0.36177884615384615 0.4338942307692308 0.028846153846153848 0.038461538461538464
2 0.25600961538461536 0.5180288461538461 0.028846153846153848 0.038461538461538464
2 0.30528846153846156 0.4326923076923077 0.026442307692307692 0.028846153846153848
2 0.3389423076923077 0.5 0.028846153846153848 0.04807692307692308
2 0.19471153846153846 0.5528846153846154 0.026442307692307692 0.03365384615384615
2 0.125 0.6021634615384616 0.03365384615384615 0.038461538461538464
2 0.10697115384615384 0.7067307692307693 0.016826923076923076 0.03365384615384615
2 0.16105769230769232 0.6814903846153846 0.021634615384615384 0.028846153846153848
2 0.3112980769230769 0.5721153846153846 0.02403846153846154 0.04567307692307692
2 0.5264423076923077 0.3545673076923077 0.028846153846153848 0.055288461538461536
2 0.5829326923076923 0.34975961538461536 0.021634615384615384 0.038461538461538464
2 0.6117788461538461 0.35697115384615385 0.026442307692307692 0.04807692307692308
2 0.5829326923076923 0.4326923076923077 0.03125 0.036057692307692304
2 0.6237980769230769 0.41346153846153844 0.03365384615384615 0.038461538461538464
2 0.20673076923076922 0.6153846153846154 0.028846153846153848 0.038461538461538464
2 0.42908653846153844 0.5673076923076923 0.021634615384615384 0.040865384615384616
2 0.3737980769230769 0.5348557692307693 0.03365384615384615 0.05048076923076923
2 0.5504807692307693 0.4483173076923077 0.03125 0.03365384615384615
2 0.40384615384615385 0.40384615384615385 0.03125 0.052884615384615384
2 0.6706730769230769 0.46634615384615385 0.03125 0.04807692307692308
2 0.6478365384615384 0.38822115384615385 0.026442307692307692 0.038461538461538464
2 0.5817307692307693 0.4831730769230769 0.02403846153846154 0.052884615384615384
2 0.7403846153846154 0.44711538461538464 0.026442307692307692 0.03365384615384615
2 0.7427884615384616 0.49038461538461536 0.03125 0.040865384615384616
2 0.5997596153846154 0.5552884615384616 0.03125 0.04567307692307692
2 0.6646634615384616 0.5949519230769231 0.038461538461538464 0.04567307692307692
2 0.4807692307692308 0.5733173076923077 0.036057692307692304 0.03125
2 0.1622596153846154 0.5444711538461539 0.016826923076923076 0.03125
2 0.4963942307692308 0.4026442307692308 0.028846153846153848 0.055288461538461536
2 0.4543269230769231 0.31971153846153844 0.028846153846153848 0.055288461538461536
2 0.7139423076923077 0.5 0.028846153846153848 0.04807692307692308
2 0.6959134615384616 0.5588942307692307 0.028846153846153848 0.04807692307692308
2 0.7379807692307693 0.5612980769230769 0.02403846153846154 0.040865384615384616
2 0.484375 0.4723557692307692 0.040865384615384616 0.04807692307692308
2 0.5264423076923077 0.49399038461538464 0.019230769230769232 0.03365384615384615
2 0.33533653846153844 0.6117788461538461 0.03365384615384615 0.04807692307692308
2 0.27163461538461536 0.6490384615384616 0.026442307692307692 0.038461538461538464
2 0.5372596153846154 0.5432692307692307 0.019230769230769232 0.03365384615384615
2 0.5685096153846154 0.5985576923076923 0.03365384615384615 0.03365384615384615
2 0.6490384615384616 0.5108173076923077 0.02403846153846154 0.036057692307692304
2 0.6105769230769231 0.4543269230769231 0.03125 0.040865384615384616
2 0.4519230769230769 0.6165865384615384 0.028846153846153848 0.03365384615384615
2 0.38100961538461536 0.7019230769230769 0.016826923076923076 0.036057692307692304
2 0.3485576923076923 0.6923076923076923 0.02403846153846154 0.03365384615384615
2 0.5048076923076923 0.6790865384615384 0.021634615384615384 0.036057692307692304
2 0.49158653846153844 0.7920673076923077 0.026442307692307692 0.03125
2 0.5769230769230769 0.6682692307692307 0.03365384615384615 0.036057692307692304
2 0.36778846153846156 0.5913461538461539 0.02403846153846154 0.05048076923076923
2 0.18028846153846154 0.6153846153846154 0.021634615384615384 0.04326923076923077
2 0.24639423076923078 0.7475961538461539 0.028846153846153848 0.03125
2 0.42908653846153844 0.6346153846153846 0.026442307692307692 0.03125
2 0.4579326923076923 0.7415865384615384 0.026442307692307692 0.036057692307692304
2 0.625 0.6646634615384616 0.03125 0.036057692307692304
2 0.7463942307692307 0.6370192307692307 0.026442307692307692 0.04326923076923077
2 0.7175480769230769 0.6201923076923077 0.02403846153846154 0.04326923076923077
2 0.6778846153846154 0.6646634615384616 0.026442307692307692 0.040865384615384616
2 0.9471153846153846 0.5144230769230769 0.016826923076923076 0.03365384615384615
2 0.9579326923076923 0.36538461538461536 0.019230769230769232 0.036057692307692304
2 0.9855769230769231 0.5108173076923077 0.028846153846153848 0.03365384615384615
2 0.5637019230769231 0.5180288461538461 0.03365384615384615 0.038461538461538464
2 0.6850961538461539 0.5108173076923077 0.021634615384615384 0.028846153846153848
2 0.3473557692307692 0.7788461538461539 0.028846153846153848 0.038461538461538464
2 0.5204326923076923 0.6021634615384616 0.026442307692307692 0.03365384615384615
2 0.3016826923076923 0.7127403846153846 0.021634615384615384 0.04567307692307692
2 0.3233173076923077 0.7067307692307693 0.019230769230769232 0.05048076923076923
2 0.2860576923076923 0.5949519230769231 0.019230769230769232 0.036057692307692304
2 0.2848557692307692 0.5516826923076923 0.02403846153846154 0.03365384615384615
2 0.19591346153846154 0.7235576923076923 0.021634615384615384 0.038461538461538464
2 0.41586538461538464 0.6959134615384616 0.03365384615384615 0.036057692307692304
2 0.7644230769230769 0.5396634615384616 0.021634615384615384 0.036057692307692304
2 0.23677884615384615 0.6947115384615384 0.021634615384615384 0.03365384615384615
2 0.38822115384615385 0.7728365384615384 0.026442307692307692 0.038461538461538464
2 0.21995192307692307 0.7512019230769231 0.026442307692307692 0.055288461538461536