2 0.06009615384615385 0.6009615384615384 0.03125 0.03365384615384615
2 0.13701923076923078 0.6045673076923077 0.03125 0.028846153846153848
2 0.2127403846153846 0.609375 0.014423076923076924 0.038461538461538464
2 0.17548076923076922 0.5997596153846154 0.014423076923076924 0.03365384615384615
2 0.43149038461538464 0.5721153846153846 0.019230769230769232 0.019230769230769232
2 0.2764423076923077 0.625 0.019230769230769232 0.026442307692307692
2 0.27884615384615385 0.7103365384615384 0.026442307692307692 0.02403846153846154
2 0.057692307692307696 0.6586538461538461 0.03125 0.028846153846153848
2 0.01201923076923077 0.6802884615384616 0.016826923076923076 0.02403846153846154
2 0.234375 0.6526442307692307 0.02403846153846154 0.02403846153846154
2 0.1045673076923077 0.7043269230769231 0.02403846153846154 0.03365384615384615
2 0.036057692307692304 0.7536057692307693 0.02403846153846154 0.028846153846153848
2 0.07572115384615384 0.7608173076923077 0.03365384615384615 0.03365384615384615
2 0.2403846153846154 0.7367788461538461 0.028846153846153848 0.028846153846153848
2 0.4026442307692308 0.6370192307692307 0.02403846153846154 0.02403846153846154
2 0.5192307692307693 0.41947115384615385 0.019230769230769232 0.02403846153846154
2 0.6009615384615384 0.2980769230769231 0.01201923076923077 0.026442307692307692
2 0.6899038461538461 0.41346153846153844 0.019230769230769232 0.028846153846153848
2 0.5745192307692307 0.45552884615384615 0.028846153846153848 0.02403846153846154
2 0.15264423076923078 0.65625 0.028846153846153848 0.026442307692307692
2 0.17427884615384615 0.6478365384615384 0.02403846153846154 0.028846153846153848
2 0.18870192307692307 0.7283653846153846 0.026442307692307692 0.026442307692307692
2 0.01201923076923077 0.8245192307692307 0.014423076923076924 0.028846153846153848
2 0.009615384615384616 0.7752403846153846 0.009615384615384616 0.03125
2 0.01201923076923077 0.6382211538461539 0.016826923076923076 0.04567307692307692
2 0.109375 0.7596153846153846 0.021634615384615384 0.03125
2 0.296875 0.75 0.026442307692307692 0.026442307692307692
2 0.12740384615384615 0.8401442307692307 0.03365384615384615 0.03365384615384615
2 0.03125 0.9555288461538461 0.03125 0.03125
2 0.11658653846153846 0.6526442307692307 0.028846153846153848 0.028846153846153848
2 0.09254807692307693 0.5925480769230769 0.02403846153846154 0.026442307692307692
2 0.013221153846153846 0.8088942307692307 0.016826923076923076 0.026442307692307692
2 0.009615384615384616 0.8581730769230769 0.009615384615384616 0.04326923076923077
2 0.014423076923076924 0.8930288461538461 0.019230769230769232 0.026442307692307692
2 0.01201923076923077 0.828125 0.014423076923076924 0.021634615384615384
2 0.010817307692307692 0.8040865384615384 0.01201923076923077 0.016826923076923076
2 0.16826923076923078 0.7668269230769231 0.028846153846153848 0.028846153846153848
2 0.06009615384615385 0.8389423076923077 0.02403846153846154 0.03365384615384615
2 0.515625 0.5612980769230769 0.02403846153846154 0.021634615384615384
2 0.49399038461538464 0.5300480769230769 0.019230769230769232 0.03365384615384615
2 0.6923076923076923 0.2980769230769231 0.026442307692307692 0.026442307692307692
2 0.6189903846153846 0.3485576923076923 0.021634615384615384 0.02403846153846154
2 0.2608173076923077 0.6706730769230769 0.02403846153846154 0.026442307692307692
2 0.17908653846153846 0.8125 0.03125 0.03365384615384615
2 0.010817307692307692 0.9170673076923077 0.01201923076923077 0.021634615384615384
2 0.5913461538461539 0.5144230769230769 0.019230769230769232 0.028846153846153848
2 0.5420673076923077 0.4891826923076923 0.02403846153846154 0.038461538461538464
2 0.5673076923076923 0.3629807692307692 0.02403846153846154 0.021634615384615384
2 0.6526442307692307 0.3112980769230769 0.028846153846153848 0.028846153846153848
2 0.7427884615384616 0.44471153846153844 0.009615384615384616 0.014423076923076924
2 0.45552884615384615 0.6069711538461539 0.019230769230769232 0.026442307692307692
2 0.15144230769230768 0.7319711538461539 0.028846153846153848 0.028846153846153848
2 0.203125 0.6802884615384616 0.028846153846153848 0.028846153846153848
2 0.010817307692307692 0.9290865384615384 0.01201923076923077 0.026442307692307692
2 0.01201923076923077 0.9867788461538461 0.01201923076923077 0.026442307692307692
2 0.009615384615384616 0.8990384615384616 0.009615384615384616 0.052884615384615384
2 0.010817307692307692 0.7427884615384616 0.01201923076923077 0.038461538461538464
2 0.13221153846153846 0.7872596153846154 0.028846153846153848 0.028846153846153848
2 0.06129807692307692 0.8882211538461539 0.03125 0.03125
2 0.09134615384615384 0.8064903846153846 0.028846153846153848 0.026442307692307692
2 0.1141826923076923 0.9447115384615384 0.028846153846153848 0.026442307692307692
2 0.27163461538461536 0.7439903846153846 0.019230769230769232 0.052884615384615384
2 0.59375 0.39663461538461536 0.038461538461538464 0.036057692307692304
2 0.6322115384615384 0.41225961538461536 0.014423076923076924 0.038461538461538464
2 0.6021634615384616 0.5901442307692307 0.02403846153846154 0.028846153846153848
2 0.4639423076923077 0.6466346153846154 0.016826923076923076 0.038461538461538464
2 0.5588942307692307 0.5480769230769231 0.02403846153846154 0.026442307692307692
2 0.6514423076923077 0.49759615384615385 0.03365384615384615 0.03125
2 0.6069711538461539 0.4651442307692308 0.021634615384615384 0.02403846153846154
2 0.6754807692307693 0.515625 0.03365384615384615 0.03365384615384615
2 0.7199519230769231 0.4795673076923077 0.014423076923076924 0.009615384615384616
2 0.7512019230769231 0.5084134615384616 0.016826923076923076 0.014423076923076924
2 0.515625 0.6009615384615384 0.019230769230769232 0.019230769230769232