2 0.5 0.30408653846153844 0.028846153846153848 0.01201923076923077
2 0.4795673076923077 0.2980769230769231 0.01201923076923077 0.014423076923076924
2 0.47836538461538464 0.31009615384615385 0.009615384615384616 0.009615384615384616
2 0.49399038461538464 0.31490384615384615 0.014423076923076924 0.009615384615384616
2 0.4795673076923077 0.31971153846153844 0.01201923076923077 0.009615384615384616
2 0.4675480769230769 0.3173076923076923 0.01201923076923077 0.009615384615384616
2 0.46875 0.33413461538461536 0.019230769230769232 0.009615384615384616
2 0.4519230769230769 0.32211538461538464 0.014423076923076924 0.004807692307692308
2 0.44591346153846156 0.3076923076923077 0.019230769230769232 0.009615384615384616
2 0.46033653846153844 0.30408653846153844 0.01201923076923077 0.009615384615384616
2 0.46274038461538464 0.29447115384615385 0.009615384615384616 0.01201923076923077
2 0.44591346153846156 0.2980769230769231 0.019230769230769232 0.009615384615384616
2 0.421875 0.29447115384615385 0.016826923076923076 0.014423076923076924
2 0.4254807692307692 0.3016826923076923 0.014423076923076924 0.016826923076923076
2 0.43149038461538464 0.3125 0.016826923076923076 0.004807692307692308
2 0.43990384615384615 0.328125 0.019230769230769232 0.007211538461538462
2 0.4326923076923077 0.3389423076923077 0.014423076923076924 0.014423076923076924
2 0.4170673076923077 0.3329326923076923 0.01201923076923077 0.01201923076923077
2 0.41947115384615385 0.35096153846153844 0.016826923076923076 0.004807692307692308
2 0.4050480769230769 0.3389423076923077 0.014423076923076924 0.009615384615384616
2 0.38221153846153844 0.33774038461538464 0.02403846153846154 0.007211538461538462
2 0.3858173076923077 0.35336538461538464 0.016826923076923076 0.009615384615384616
2 0.40625 0.31971153846153844 0.014423076923076924 0.009615384615384616
2 0.3942307692307692 0.30288461538461536 0.009615384615384616 0.014423076923076924
2 0.36899038461538464 0.2800480769230769 0.021634615384615384 0.007211538461538462
2 0.3737980769230769 0.3076923076923077 0.016826923076923076 0.009615384615384616
2 0.35216346153846156 0.2932692307692308 0.014423076923076924 0.004807692307692308
2 0.32211538461538464 0.2800480769230769 0.019230769230769232 0.007211538461538462
2 0.3473557692307692 0.2848557692307692 0.016826923076923076 0.007211538461538462
2 0.32211538461538464 0.2860576923076923 0.019230769230769232 0.009615384615384616
2 0.328125 0.3004807692307692 0.01201923076923077 0.014423076923076924
2 0.30288461538461536 0.28846153846153844 0.019230769230769232 0.009615384615384616
2 0.2800480769230769 0.2692307692307692 0.016826923076923076 0.016826923076923076
2 0.2536057692307692 0.26322115384615385 0.021634615384615384 0.014423076923076924
2 0.2764423076923077 0.2860576923076923 0.019230769230769232 0.009615384615384616
2 0.24879807692307693 0.2848557692307692 0.016826923076923076 0.009615384615384616
2 0.25 0.2764423076923077 0.014423076923076924 0.007211538461538462
2 0.3245192307692308 0.3088942307692308 0.014423076923076924 0.007211538461538462
2 0.3473557692307692 0.3076923076923077 0.014423076923076924 0.004807692307692308
2 0.3485576923076923 0.3161057692307692 0.014423076923076924 0.01201923076923077
2 0.36538461538461536 0.3233173076923077 0.019230769230769232 0.007211538461538462
2 0.3894230769230769 0.31971153846153844 0.014423076923076924 0.009615384615384616
2 0.40625 0.31490384615384615 0.014423076923076924 0.004807692307692308
2 0.39663461538461536 0.3293269230769231 0.014423076923076924 0.009615384615384616
2 0.375 0.33052884615384615 0.019230769230769232 0.009615384615384616
2 0.359375 0.34134615384615385 0.01201923076923077 0.014423076923076924
2 0.3401442307692308 0.34134615384615385 0.016826923076923076 0.014423076923076924
2 0.3269230769230769 0.328125 0.014423076923076924 0.01201923076923077
2 0.32091346153846156 0.3485576923076923 0.02403846153846154 0.009615384615384616
2 0.3449519230769231 0.36899038461538464 0.02403846153846154 0.009615384615384616
2 0.31490384615384615 0.36899038461538464 0.009615384615384616 0.01201923076923077
2 0.3269230769230769 0.38100961538461536 0.009615384615384616 0.01201923076923077
2 0.3004807692307692 0.3918269230769231 0.019230769230769232 0.007211538461538462
2 0.28125 0.3737980769230769 0.02403846153846154 0.009615384615384616
2 0.30288461538461536 0.37740384615384615 0.019230769230769232 0.007211538461538462
2 0.2764423076923077 0.3870192307692308 0.009615384615384616 0.01201923076923077
2 0.3004807692307692 0.3605769230769231 0.014423076923076924 0.01201923076923077
2 0.2932692307692308 0.34375 0.014423076923076924 0.007211538461538462
2 0.3137019230769231 0.3389423076923077 0.01201923076923077 0.014423076923076924
2 0.2956730769230769 0.33653846153846156 0.019230769230769232 0.007211538461538462
2 0.30649038461538464 0.3233173076923077 0.01201923076923077 0.004807692307692308
2 0.30408653846153844 0.3173076923076923 0.014423076923076924 0.014423076923076924
2 0.28125 0.2956730769230769 0.014423076923076924 0.009615384615384616
2 0.25600961538461536 0.296875 0.01201923076923077 0.014423076923076924
2 0.25600961538461536 0.3088942307692308 0.01201923076923077 0.009615384615384616
2 0.2800480769230769 0.3173076923076923 0.01201923076923077 0.01201923076923077
2 0.2848557692307692 0.3245192307692308 0.016826923076923076 0.007211538461538462
2 0.2644230769230769 0.33052884615384615 0.014423076923076924 0.014423076923076924
2 0.27163461538461536 0.3401442307692308 0.019230769230769232 0.009615384615384616
2 0.27283653846153844 0.3545673076923077 0.016826923076923076 0.004807692307692308
2 0.2608173076923077 0.35096153846153844 0.01201923076923077 0.01201923076923077
2 0.24639423076923078 0.328125 0.01201923076923077 0.009615384615384616
2 0.25240384615384615 0.31850961538461536 0.009615384615384616 0.009615384615384616