2 0.03485576923076923 0.703125 0.038461538461538464 0.04567307692307692
2 0.07451923076923077 0.6887019230769231 0.040865384615384616 0.04326923076923077
2 0.11298076923076923 0.71875 0.040865384615384616 0.04567307692307692
2 0.14423076923076922 0.796875 0.03365384615384615 0.04567307692307692
2 0.18269230769230768 0.7632211538461539 0.038461538461538464 0.04326923076923077
2 0.17908653846153846 0.7980769230769231 0.038461538461538464 0.04567307692307692
2 0.22115384615384615 0.7896634615384616 0.04326923076923077 0.040865384615384616
2 0.25721153846153844 0.7199519230769231 0.038461538461538464 0.04326923076923077
2 0.27524038461538464 0.7620192307692307 0.03365384615384615 0.04807692307692308
2 0.3016826923076923 0.75 0.026442307692307692 0.04807692307692308
2 0.31971153846153844 0.7932692307692307 0.03125 0.03365384615384615
2 0.2692307692307692 0.8557692307692307 0.038461538461538464 0.038461538461538464
2 0.2920673076923077 0.9254807692307693 0.036057692307692304 0.038461538461538464
2 0.3173076923076923 0.9411057692307693 0.03365384615384615 0.036057692307692304
2 0.22716346153846154 0.8653846153846154 0.038461538461538464 0.04326923076923077
2 0.2644230769230769 0.9146634615384616 0.02403846153846154 0.03125
2 0.24759615384615385 0.9615384615384616 0.040865384615384616 0.026442307692307692
2 0.20432692307692307 0.9615384615384616 0.036057692307692304 0.040865384615384616
2 0.19110576923076922 0.921875 0.040865384615384616 0.040865384615384616
2 0.16826923076923078 0.8305288461538461 0.036057692307692304 0.04567307692307692
2 0.13221153846153846 0.8257211538461539 0.03365384615384615 0.04567307692307692
2 0.11057692307692307 0.7872596153846154 0.036057692307692304 0.04326923076923077
2 0.09975961538461539 0.75 0.04567307692307692 0.04567307692307692
2 0.042067307692307696 0.7956730769230769 0.04567307692307692 0.052884615384615384
2 0.013221153846153846 0.8173076923076923 0.026442307692307692 0.04807692307692308
2 0.0625 0.8293269230769231 0.040865384615384616 0.05048076923076923
2 0.078125 0.7884615384615384 0.03125 0.04326923076923077
2 0.10336538461538461 0.8209134615384616 0.03365384615384615 0.038461538461538464
2 0.10817307692307693 0.8954326923076923 0.03365384615384615 0.038461538461538464
2 0.140625 0.8930288461538461 0.03365384615384615 0.055288461538461536
2 0.057692307692307696 0.8786057692307693 0.04567307692307692 0.04326923076923077
2 0.015625 0.859375 0.03125 0.04326923076923077
2 0.027644230769230768 0.9086538461538461 0.05048076923076923 0.04567307692307692
2 0.007211538461538462 0.9290865384615384 0.014423076923076924 0.052884615384615384
2 0.027644230769230768 0.9723557692307693 0.02403846153846154 0.040865384615384616
2 0.006009615384615385 0.9759615384615384 0.01201923076923077 0.04326923076923077
2 0.07211538461538461 0.96875 0.04326923076923077 0.055288461538461536
2 0.1045673076923077 0.9723557692307693 0.03125 0.038461538461538464
2 0.15985576923076922 0.9831730769230769 0.040865384615384616 0.03365384615384615
2 0.4855769230769231 0.5673076923076923 0.028846153846153848 0.04326923076923077
2 0.4855769230769231 0.7307692307692307 0.028846153846153848 0.04807692307692308
2 0.5192307692307693 0.7091346153846154 0.040865384615384616 0.04567307692307692
2 0.5348557692307693 0.625 0.03365384615384615 0.05048076923076923
2 0.5637019230769231 0.6069711538461539 0.03365384615384615 0.052884615384615384
2 0.5865384615384616 0.6778846153846154 0.04326923076923077 0.04326923076923077
2 0.5540865384615384 0.6862980769230769 0.038461538461538464 0.05048076923076923
2 0.6033653846153846 0.7307692307692307 0.028846153846153848 0.038461538461538464
2 0.6009615384615384 0.5997596153846154 0.028846153846153848 0.04567307692307692
2 0.5805288461538461 0.5420673076923077 0.03365384615384615 0.04807692307692308
2 0.6165865384615384 0.5685096153846154 0.036057692307692304 0.04326923076923077
2 0.6478365384615384 0.5300480769230769 0.03365384615384615 0.04326923076923077
2 0.6490384615384616 0.578125 0.03125 0.04326923076923077
2 0.6923076923076923 0.5973557692307693 0.036057692307692304 0.040865384615384616
2 0.6418269230769231 0.640625 0.028846153846153848 0.04326923076923077
2 0.6141826923076923 0.6502403846153846 0.03125 0.04326923076923077
2 0.6634615384615384 0.7175480769230769 0.038461538461538464 0.04326923076923077
2 0.6370192307692307 0.734375 0.021634615384615384 0.026442307692307692
2 0.6790865384615384 0.7788461538461539 0.028846153846153848 0.04326923076923077
2 0.6923076923076923 0.6850961538461539 0.03125 0.040865384615384616
2 0.7067307692307693 0.7596153846153846 0.028846153846153848 0.040865384615384616
2 0.7163461538461539 0.7908653846153846 0.03125 0.038461538461538464
2 0.6959134615384616 0.5084134615384616 0.03125 0.05048076923076923
2 0.6550480769230769 0.44471153846153844 0.038461538461538464 0.04567307692307692
2 0.6730769230769231 0.37259615384615385 0.03365384615384615 0.052884615384615384
2 0.6838942307692307 0.4362980769230769 0.028846153846153848 0.057692307692307696
2 0.703125 0.39783653846153844 0.03365384615384615 0.05048076923076923
2 0.7067307692307693 0.34134615384615385 0.038461538461538464 0.052884615384615384
2 0.7451923076923077 0.4699519230769231 0.036057692307692304 0.05048076923076923
2 0.7211538461538461 0.4879807692307692 0.028846153846153848 0.04326923076923077
2 0.7115384615384616 0.5540865384615384 0.028846153846153848 0.04326923076923077
2 0.7415865384615384 0.5204326923076923 0.03365384615384615 0.04567307692307692
2 0.7788461538461539 0.5048076923076923 0.036057692307692304 0.057692307692307696
2 0.7776442307692307 0.44711538461538464 0.03125 0.052884615384615384
2 0.8112980769230769 0.4699519230769231 0.026442307692307692 0.04807692307692308
2 0.7692307692307693 0.5564903846153846 0.03125 0.04326923076923077
2 0.7451923076923077 0.5192307692307693 0.03365384615384615 0.04567307692307692
2 0.7403846153846154 0.59375 0.03125 0.040865384615384616
2 0.7235576923076923 0.6237980769230769 0.026442307692307692 0.038461538461538464
2 0.7331730769230769 0.65625 0.02403846153846154 0.038461538461538464
2 0.7115384615384616 0.6454326923076923 0.028846153846153848 0.03365384615384615
2 0.7451923076923077 0.6923076923076923 0.026442307692307692 0.036057692307692304
2 0.7668269230769231 0.7560096153846154 0.03125 0.040865384615384616
2 0.796875 0.703125 0.028846153846153848 0.040865384615384616
2 0.7728365384615384 0.6887019230769231 0.02403846153846154 0.03365384615384615
2 0.8173076923076923 0.6514423076923077 0.03125 0.040865384615384616
2 0.8677884615384616 0.6971153846153846 0.03125 0.038461538461538464
2 0.7379807692307693 0.8052884615384616 0.026442307692307692 0.03125
2 0.7632211538461539 0.8137019230769231 0.02403846153846154 0.040865384615384616
2 0.7295673076923077 0.7367788461538461 0.028846153846153848 0.038461538461538464
2 0.7692307692307693 0.6153846153846154 0.028846153846153848 0.036057692307692304
2 0.8197115384615384 0.6033653846153846 0.03365384615384615 0.038461538461538464
2 0.8137019230769231 0.5685096153846154 0.028846153846153848 0.038461538461538464
2 0.796875 0.5300480769230769 0.026442307692307692 0.04326923076923077
2 0.8353365384615384 0.6177884615384616 0.021634615384615384 0.038461538461538464
2 0.8401442307692307 0.5685096153846154 0.021634615384615384 0.03125
2 0.8605769230769231 0.5769230769230769 0.02403846153846154 0.03365384615384615
2 0.8569711538461539 0.6033653846153846 0.021634615384615384 0.038461538461538464
2 0.8713942307692307 0.6225961538461539 0.021634615384615384 0.038461538461538464
2 0.8329326923076923 0.49278846153846156 0.026442307692307692 0.04567307692307692
2 0.8100961538461539 0.38221153846153844 0.028846153846153848 0.04567307692307692
2 0.8064903846153846 0.328125 0.03365384615384615 0.04326923076923077
2 0.7716346153846154 0.2704326923076923 0.038461538461538464 0.04807692307692308
2 0.7247596153846154 0.25841346153846156 0.038461538461538464 0.04807692307692308
2 0.7632211538461539 0.3401442307692308 0.03365384615384615 0.052884615384615384
2 0.8004807692307693 0.23317307692307693 0.03125 0.05048076923076923
2 0.8257211538461539 0.2704326923076923 0.026442307692307692 0.05048076923076923
2 0.8509615384615384 0.2776442307692308 0.03365384615384615 0.06009615384615385
2 0.8798076923076923 0.28966346153846156 0.03125 0.052884615384615384
2 0.8497596153846154 0.3641826923076923 0.038461538461538464 0.04326923076923077
2 0.8269230769230769 0.3293269230769231 0.026442307692307692 0.05048076923076923
2 0.9158653846153846 0.3245192307692308 0.03125 0.055288461538461536
2 0.8810096153846154 0.33774038461538464 0.026442307692307692 0.026442307692307692
2 0.8641826923076923 0.40865384615384615 0.03125 0.036057692307692304
2 0.828125 0.41346153846153844 0.03365384615384615 0.04567307692307692
2 0.8365384615384616 0.43990384615384615 0.028846153846153848 0.036057692307692304
2 0.8677884615384616 0.47115384615384615 0.026442307692307692 0.040865384615384616
2 0.9026442307692307 0.4651442307692308 0.02403846153846154 0.03125
2 0.9362980769230769 0.45913461538461536 0.028846153846153848 0.04326923076923077
2 0.9110576923076923 0.4110576923076923 0.028846153846153848 0.038461538461538464
2 0.9086538461538461 0.3786057692307692 0.02403846153846154 0.040865384615384616
2 0.9110576923076923 0.59375 0.026442307692307692 0.04326923076923077
2 0.9435096153846154 0.5925480769230769 0.02403846153846154 0.04326923076923077
2 0.9699519230769231 0.5925480769230769 0.02403846153846154 0.03365384615384615
2 0.9639423076923077 0.5228365384615384 0.019230769230769232 0.04326923076923077
2 0.9831730769230769 0.5444711538461539 0.021634615384615384 0.04326923076923077
2 0.9375 0.6382211538461539 0.026442307692307692 0.036057692307692304
2 0.875 0.5384615384615384 0.028846153846153848 0.03365384615384615
2 0.9002403846153846 0.4879807692307692 0.021634615384615384 0.036057692307692304
2 0.9122596153846154 0.19951923076923078 0.038461538461538464 0.04807692307692308
2 0.8665865384615384 0.09495192307692307 0.036057692307692304 0.055288461538461536
2 0.8473557692307693 0.20072115384615385 0.038461538461538464 0.04807692307692308
2 0.9387019230769231 0.12379807692307693 0.038461538461538464 0.05048076923076923
2 0.984375 0.11658653846153846 0.03125 0.057692307692307696
2 0.9459134615384616 0.1971153846153846 0.028846153846153848 0.052884615384615384
2 0.96875 0.17548076923076922 0.021634615384615384 0.038461538461538464
2 0.9891826923076923 0.203125 0.021634615384615384 0.04567307692307692
2 0.9699519230769231 0.26322115384615385 0.028846153846153848 0.040865384615384616
2 0.953125 0.3389423076923077 0.028846153846153848 0.040865384615384616
2 0.9663461538461539 0.4074519230769231 0.028846153846153848 0.028846153846153848
2 0.9759615384615384 0.42788461538461536 0.02403846153846154 0.03125
2 0.9615384615384616 0.4699519230769231 0.026442307692307692 0.038461538461538464
2 0.9915865384615384 0.5853365384615384 0.016826923076923076 0.036057692307692304
2 0.7860576923076923 0.5889423076923077 0.03125 0.038461538461538464
2 0.9915865384615384 0.36899038461538464 0.016826923076923076 0.04807692307692308
2 0.9074519230769231 0.24759615384615385 0.04326923076923077 0.04807692307692308
2 0.9194711538461539 0.5288461538461539 0.02403846153846154 0.03365384615384615
2 0.30528846153846156 0.24879807692307693 0.019230769230769232 0.036057692307692304
2 0.32091346153846156 0.23076923076923078 0.021634615384615384 0.038461538461538464
2 0.3389423076923077 0.22355769230769232 0.016826923076923076 0.038461538461538464
2 0.35697115384615385 0.21153846153846154 0.016826923076923076 0.03365384615384615
2 0.38221153846153844 0.1778846153846154 0.021634615384615384 0.03365384615384615
2 0.39302884615384615 0.22235576923076922 0.019230769230769232 0.03365384615384615
2 0.3245192307692308 0.2692307692307692 0.02403846153846154 0.03125
2 0.3545673076923077 0.2800480769230769 0.021634615384615384 0.03365384615384615
2 0.36177884615384615 0.2403846153846154 0.019230769230769232 0.03125
2 0.375 0.27283653846153844 0.019230769230769232 0.03365384615384615
2 0.38461538461538464 0.24639423076923078 0.016826923076923076 0.03125
2 0.3317307692307692 0.3076923076923077 0.021634615384615384 0.03365384615384615
2 0.3125 0.3269230769230769 0.019230769230769232 0.036057692307692304
2 0.38341346153846156 0.328125 0.019230769230769232 0.036057692307692304
2 0.3701923076923077 0.38221153846153844 0.019230769230769232 0.038461538461538464
2 0.3389423076923077 0.375 0.016826923076923076 0.038461538461538464
2 0.3233173076923077 0.4014423076923077 0.019230769230769232 0.028846153846153848
2 0.3605769230769231 0.453125 0.019230769230769232 0.03365384615384615
2 0.4110576923076923 0.4026442307692308 0.021634615384615384 0.038461538461538464
2 0.4098557692307692 0.34134615384615385 0.019230769230769232 0.038461538461538464
2 0.40625 0.4423076923076923 0.02403846153846154 0.038461538461538464
2 0.35096153846153844 0.5060096153846154 0.021634615384615384 0.028846153846153848
2 0.37740384615384615 0.48197115384615385 0.016826923076923076 0.036057692307692304
2 0.38341346153846156 0.5300480769230769 0.02403846153846154 0.03365384615384615
2 0.39783653846153844 0.5036057692307693 0.016826923076923076 0.038461538461538464
2 0.4182692307692308 0.5 0.021634615384615384 0.038461538461538464
2 0.41346153846153844 0.5492788461538461 0.019230769230769232 0.028846153846153848
2 0.4326923076923077 0.5456730769230769 0.016826923076923076 0.03365384615384615
2 0.4230769230769231 0.5793269230769231 0.019230769230769232 0.03365384615384615
2 0.36658653846153844 0.5612980769230769 0.019230769230769232 0.028846153846153848
2 0.3545673076923077 0.5853365384615384 0.019230769230769232 0.03365384615384615
2 0.3233173076923077 0.44591346153846156 0.016826923076923076 0.03365384615384615
2 0.33533653846153844 0.4182692307692308 0.021634615384615384 0.03125
2 0.4266826923076923 0.4519230769230769 0.019230769230769232 0.036057692307692304
2 0.3245192307692308 0.5540865384615384 0.019230769230769232 0.038461538461538464