2 0.38461538461538464 0.5600961538461539 0.009615384615384616 0.02403846153846154
2 0.3798076923076923 0.578125 0.007211538461538462 0.014423076923076924
2 0.3894230769230769 0.578125 0.007211538461538462 0.01201923076923077
2 0.3942307692307692 0.5649038461538461 0.007211538461538462 0.01201923076923077
2 0.39903846153846156 0.5769230769230769 0.007211538461538462 0.01201923076923077
2 0.39663461538461536 0.5877403846153846 0.007211538461538462 0.01201923076923077
2 0.4110576923076923 0.5877403846153846 0.007211538461538462 0.016826923076923076
2 0.40024038461538464 0.6009615384615384 0.007211538461538462 0.01201923076923077
2 0.38822115384615385 0.6069711538461539 0.009615384615384616 0.016826923076923076
2 0.38461538461538464 0.59375 0.007211538461538462 0.01201923076923077
2 0.37740384615384615 0.5925480769230769 0.007211538461538462 0.01201923076923077
2 0.3798076923076923 0.6069711538461539 0.007211538461538462 0.016826923076923076
2 0.3762019230769231 0.6274038461538461 0.007211538461538462 0.019230769230769232
2 0.38221153846153844 0.6237980769230769 0.007211538461538462 0.021634615384615384
2 0.3918269230769231 0.6189903846153846 0.007211538461538462 0.016826923076923076
2 0.4050480769230769 0.6129807692307693 0.007211538461538462 0.014423076923076924
2 0.41466346153846156 0.6177884615384616 0.007211538461538462 0.016826923076923076
2 0.4098557692307692 0.6322115384615384 0.009615384615384616 0.01201923076923077
2 0.4254807692307692 0.6298076923076923 0.007211538461538462 0.016826923076923076
2 0.41466346153846156 0.6430288461538461 0.009615384615384616 0.01201923076923077
2 0.41346153846153844 0.6622596153846154 0.007211538461538462 0.019230769230769232
2 0.42788461538461536 0.6586538461538461 0.009615384615384616 0.016826923076923076
2 0.39903846153846156 0.6418269230769231 0.007211538461538462 0.014423076923076924
2 0.38341346153846156 0.6514423076923077 0.007211538461538462 0.016826923076923076
2 0.3641826923076923 0.6730769230769231 0.007211538461538462 0.019230769230769232
2 0.3870192307692308 0.6694711538461539 0.009615384615384616 0.014423076923076924
2 0.375 0.6875 0.007211538461538462 0.01201923076923077
2 0.3641826923076923 0.7139423076923077 0.007211538461538462 0.016826923076923076
2 0.36899038461538464 0.6923076923076923 0.004807692307692308 0.014423076923076924
2 0.3701923076923077 0.7139423076923077 0.007211538461538462 0.014423076923076924
2 0.38221153846153844 0.7091346153846154 0.009615384615384616 0.014423076923076924
2 0.37259615384615385 0.7307692307692307 0.009615384615384616 0.016826923076923076
2 0.3557692307692308 0.75 0.009615384615384616 0.016826923076923076
2 0.35096153846153844 0.7728365384615384 0.01201923076923077 0.016826923076923076
2 0.3701923076923077 0.7536057692307693 0.009615384615384616 0.016826923076923076
2 0.36899038461538464 0.7776442307692307 0.009615384615384616 0.014423076923076924
2 0.36177884615384615 0.7764423076923077 0.004807692307692308 0.01201923076923077
2 0.3894230769230769 0.7115384615384616 0.007211538461538462 0.014423076923076924
2 0.3870192307692308 0.6923076923076923 0.007211538461538462 0.01201923076923077
2 0.3954326923076923 0.6911057692307693 0.007211538461538462 0.016826923076923076
2 0.4014423076923077 0.6766826923076923 0.007211538461538462 0.016826923076923076
2 0.39903846153846156 0.65625 0.007211538461538462 0.01201923076923077
2 0.3942307692307692 0.640625 0.004807692307692308 0.01201923076923077
2 0.40625 0.6490384615384616 0.007211538461538462 0.01201923076923077
2 0.40865384615384615 0.6682692307692307 0.009615384615384616 0.016826923076923076
2 0.4170673076923077 0.6814903846153846 0.007211538461538462 0.014423076923076924
2 0.4170673076923077 0.6983173076923077 0.009615384615384616 0.019230769230769232
2 0.4050480769230769 0.7091346153846154 0.007211538461538462 0.014423076923076924
2 0.42427884615384615 0.7151442307692307 0.009615384615384616 0.021634615384615384
2 0.4411057692307692 0.6935096153846154 0.009615384615384616 0.021634615384615384
2 0.4411057692307692 0.7199519230769231 0.007211538461538462 0.01201923076923077
2 0.4519230769230769 0.7103365384615384 0.004807692307692308 0.01201923076923077
2 0.46274038461538464 0.7331730769230769 0.007211538461538462 0.016826923076923076
2 0.44591346153846156 0.7487980769230769 0.007211538461538462 0.019230769230769232
2 0.4495192307692308 0.7307692307692307 0.004807692307692308 0.016826923076923076
2 0.4579326923076923 0.7536057692307693 0.007211538461538462 0.01201923076923077
2 0.43509615384615385 0.7319711538461539 0.007211538461538462 0.016826923076923076
2 0.4206730769230769 0.7379807692307693 0.007211538461538462 0.01201923076923077
2 0.41466346153846156 0.7211538461538461 0.009615384615384616 0.016826923076923076
2 0.41346153846153844 0.7367788461538461 0.007211538461538462 0.016826923076923076
2 0.4026442307692308 0.7271634615384616 0.004807692307692308 0.01201923076923077
2 0.39663461538461536 0.7295673076923077 0.009615384615384616 0.016826923076923076
2 0.3786057692307692 0.75 0.009615384615384616 0.01201923076923077
2 0.3798076923076923 0.7716346153846154 0.009615384615384616 0.016826923076923076
2 0.390625 0.7704326923076923 0.007211538461538462 0.014423076923076924
2 0.39663461538461536 0.75 0.007211538461538462 0.014423076923076924
2 0.40384615384615385 0.7463942307692307 0.007211538461538462 0.014423076923076924
2 0.40865384615384615 0.7644230769230769 0.007211538461538462 0.016826923076923076
2 0.4170673076923077 0.7572115384615384 0.007211538461538462 0.016826923076923076
2 0.42908653846153844 0.7572115384615384 0.007211538461538462 0.016826923076923076
2 0.4266826923076923 0.7668269230769231 0.007211538461538462 0.01201923076923077
2 0.40625 0.7788461538461539 0.007211538461538462 0.01201923076923077
2 0.39783653846153844 0.7740384615384616 0.004807692307692308 0.01201923076923077