2 0.7752403846153846 0.7512019230769231 0.028846153846153848 0.03125
2 0.7487980769230769 0.7331730769230769 0.03125 0.03365384615384615
2 0.7764423076923077 0.7175480769230769 0.04326923076923077 0.021634615384615384
2 0.640625 0.75 0.040865384615384616 0.03125
2 0.7355769230769231 0.6971153846153846 0.038461538461538464 0.028846153846153848
2 0.5889423076923077 0.7427884615384616 0.038461538461538464 0.021634615384615384
2 0.5865384615384616 0.7247596153846154 0.03365384615384615 0.03365384615384615
2 0.5432692307692307 0.7151442307692307 0.038461538461538464 0.03365384615384615
2 0.5528846153846154 0.6646634615384616 0.04326923076923077 0.02403846153846154
2 0.484375 0.6129807692307693 0.04567307692307692 0.038461538461538464
2 0.5925480769230769 0.6850961538461539 0.03125 0.03125
2 0.6189903846153846 0.6935096153846154 0.038461538461538464 0.038461538461538464
2 0.671875 0.7115384615384616 0.036057692307692304 0.036057692307692304
2 0.6706730769230769 0.6766826923076923 0.04326923076923077 0.038461538461538464
2 0.7860576923076923 0.6586538461538461 0.03365384615384615 0.03365384615384615
2 0.7788461538461539 0.5973557692307693 0.038461538461538464 0.036057692307692304
2 0.7115384615384616 0.6430288461538461 0.038461538461538464 0.03365384615384615
2 0.7247596153846154 0.6177884615384616 0.036057692307692304 0.03365384615384615
2 0.6189903846153846 0.6610576923076923 0.036057692307692304 0.03125
2 0.6225961538461539 0.6237980769230769 0.03365384615384615 0.03365384615384615
2 0.6442307692307693 0.6009615384615384 0.028846153846153848 0.028846153846153848
2 0.6850961538461539 0.5865384615384616 0.04326923076923077 0.04326923076923077
2 0.6694711538461539 0.5637019230769231 0.036057692307692304 0.028846153846153848
2 0.6045673076923077 0.5901442307692307 0.03365384615384615 0.03365384615384615
2 0.45552884615384615 0.5769230769230769 0.040865384615384616 0.038461538461538464
2 0.4495192307692308 0.5432692307692307 0.04326923076923077 0.038461538461538464
2 0.4675480769230769 0.49038461538461536 0.06009615384615385 0.057692307692307696
2 0.5396634615384616 0.5456730769230769 0.04567307692307692 0.036057692307692304
2 0.5564903846153846 0.5108173076923077 0.040865384615384616 0.038461538461538464
2 0.59375 0.5444711538461539 0.04326923076923077 0.038461538461538464
2 0.6334134615384616 0.5264423076923077 0.038461538461538464 0.038461538461538464
2 0.5973557692307693 0.5661057692307693 0.03125 0.03365384615384615
2 0.5552884615384616 0.5793269230769231 0.03365384615384615 0.036057692307692304
2 0.5108173076923077 0.5925480769230769 0.040865384615384616 0.040865384615384616
2 0.5408653846153846 0.6069711538461539 0.04326923076923077 0.028846153846153848
2 0.5817307692307693 0.6105769230769231 0.038461538461538464 0.03125
2 0.828125 0.5805288461538461 0.03365384615384615 0.03365384615384615
2 0.84375 0.5528846153846154 0.03365384615384615 0.02403846153846154
2 0.7271634615384616 0.5300480769230769 0.036057692307692304 0.036057692307692304
2 0.7608173076923077 0.5108173076923077 0.040865384615384616 0.040865384615384616
2 0.7920673076923077 0.5444711538461539 0.036057692307692304 0.03365384615384615
2 0.7415865384615384 0.5492788461538461 0.03365384615384615 0.036057692307692304
2 0.5108173076923077 0.45072115384615385 0.052884615384615384 0.036057692307692304
2 0.42788461538461536 0.40625 0.052884615384615384 0.038461538461538464
2 0.6069711538461539 0.49278846153846156 0.038461538461538464 0.02403846153846154
2 0.65625 0.5024038461538461 0.03365384615384615 0.03125
2 0.6634615384615384 0.47836538461538464 0.04326923076923077 0.026442307692307692
2 0.7271634615384616 0.47836538461538464 0.036057692307692304 0.02403846153846154
2 0.8137019230769231 0.4891826923076923 0.03125 0.03125
2 0.8930288461538461 0.4855769230769231 0.036057692307692304 0.038461538461538464
2 0.9254807692307693 0.4519230769230769 0.028846153846153848 0.03365384615384615
2 0.8016826923076923 0.46274038461538464 0.036057692307692304 0.03125
2 0.8810096153846154 0.41466346153846156 0.03125 0.03125
2 0.921875 0.3942307692307692 0.036057692307692304 0.02403846153846154
2 0.8233173076923077 0.4230769230769231 0.026442307692307692 0.028846153846153848
2 0.796875 0.4362980769230769 0.036057692307692304 0.036057692307692304
2 0.7872596153846154 0.40625 0.028846153846153848 0.028846153846153848
2 0.7379807692307693 0.4050480769230769 0.03365384615384615 0.03365384615384615
2 0.7560096153846154 0.38461538461538464 0.03125 0.028846153846153848
2 0.7824519230769231 0.375 0.04326923076923077 0.028846153846153848
2 0.828125 0.36899038461538464 0.03125 0.026442307692307692
2 0.8521634615384616 0.3545673076923077 0.036057692307692304 0.03125
2 0.9110576923076923 0.34134615384615385 0.038461538461538464 0.038461538461538464
2 0.8329326923076923 0.33052884615384615 0.036057692307692304 0.026442307692307692
2 0.9086538461538461 0.296875 0.03365384615384615 0.036057692307692304
2 0.9615384615384616 0.30288461538461536 0.028846153846153848 0.03125
2 0.828125 0.3004807692307692 0.036057692307692304 0.03365384615384615
2 0.7463942307692307 0.28125 0.040865384615384616 0.03365384615384615
2 0.65625 0.32211538461538464 0.04807692307692308 0.036057692307692304
2 0.6875 0.38221153846153844 0.04326923076923077 0.03125
2 0.6742788461538461 0.36177884615384615 0.03125 0.019230769230769232
2 0.6875 0.4375 0.038461538461538464 0.040865384615384616
2 0.7259615384615384 0.43990384615384615 0.03365384615384615 0.02403846153846154
2 0.625 0.46274038461538464 0.038461538461538464 0.038461538461538464
2 0.5829326923076923 0.44350961538461536 0.04567307692307692 0.04326923076923077
2 0.609375 0.421875 0.05048076923076923 0.03365384615384615
2 0.5288461538461539 0.421875 0.038461538461538464 0.038461538461538464
2 0.5372596153846154 0.39783653846153844 0.055288461538461536 0.02403846153846154
2 0.5480769230769231 0.3798076923076923 0.04807692307692308 0.021634615384615384
2 0.5168269230769231 0.3473557692307692 0.04807692307692308 0.038461538461538464
2 0.4266826923076923 0.3581730769230769 0.040865384615384616 0.04326923076923077
2 0.4579326923076923 0.2920673076923077 0.040865384615384616 0.036057692307692304
2 0.46153846153846156 0.3245192307692308 0.038461538461538464 0.019230769230769232
2 0.4675480769230769 0.3918269230769231 0.040865384615384616 0.038461538461538464
2 0.49158653846153844 0.3076923076923077 0.03365384615384615 0.038461538461538464
2 0.5516826923076923 0.30408653846153844 0.040865384615384616 0.038461538461538464
2 0.625 0.2800480769230769 0.038461538461538464 0.038461538461538464
2 0.6550480769230769 0.2620192307692308 0.036057692307692304 0.036057692307692304
2 0.7079326923076923 0.24879807692307693 0.03125 0.03365384615384615
2 0.6899038461538461 0.21995192307692307 0.03365384615384615 0.03365384615384615
2 0.5144230769230769 0.21875 0.04326923076923077 0.04326923076923077
2 0.6430288461538461 0.19230769230769232 0.040865384615384616 0.036057692307692304
2 0.5877403846153846 0.23798076923076922 0.040865384615384616 0.04326923076923077
2 0.7307692307692307 0.22235576923076922 0.03365384615384615 0.036057692307692304
2 0.71875 0.31490384615384615 0.038461538461538464 0.036057692307692304
2 0.7475961538461539 0.3293269230769231 0.03365384615384615 0.03365384615384615
2 0.6875 0.18509615384615385 0.04326923076923077 0.03365384615384615
2 0.5961538461538461 0.17307692307692307 0.028846153846153848 0.021634615384615384
2 0.7836538461538461 0.25 0.03365384615384615 0.03365384615384615
2 0.7800480769230769 0.21153846153846154 0.03125 0.03365384615384615
2 0.7752403846153846 0.17307692307692307 0.036057692307692304 0.028846153846153848
2 0.7524038461538461 0.1346153846153846 0.038461538461538464 0.028846153846153848
2 0.6862980769230769 0.12139423076923077 0.036057692307692304 0.038461538461538464
2 0.7139423076923077 0.1141826923076923 0.028846153846153848 0.03365384615384615
2 0.6850961538461539 0.0889423076923077 0.03365384615384615 0.03125
2 0.8365384615384616 0.16826923076923078 0.038461538461538464 0.028846153846153848
2 0.8569711538461539 0.19230769230769232 0.036057692307692304 0.028846153846153848
2 0.8149038461538461 0.21754807692307693 0.03365384615384615 0.028846153846153848
2 0.8485576923076923 0.2668269230769231 0.028846153846153848 0.028846153846153848
2 0.8509615384615384 0.2403846153846154 0.028846153846153848 0.028846153846153848
2 0.9362980769230769 0.26802884615384615 0.028846153846153848 0.028846153846153848
2 0.9411057692307693 0.24158653846153846 0.03365384615384615 0.03365384615384615
2 0.9519230769230769 0.17908653846153846 0.03365384615384615 0.03365384615384615
2 0.9423076923076923 0.15504807692307693 0.02403846153846154 0.02403846153846154
2 0.9375 0.12620192307692307 0.03365384615384615 0.02403846153846154
2 0.9122596153846154 0.08052884615384616 0.03125 0.03125
2 0.9290865384615384 0.09735576923076923 0.026442307692307692 0.026442307692307692
2 0.9050480769230769 0.11899038461538461 0.03125 0.03125
2 0.9014423076923077 0.15504807692307693 0.03365384615384615 0.028846153846153848
2 0.8954326923076923 0.18509615384615385 0.028846153846153848 0.03365384615384615
2 0.9086538461538461 0.21394230769230768 0.03365384615384615 0.03365384615384615
2 0.8569711538461539 0.4567307692307692 0.03125 0.03365384615384615
2 0.859375 0.026442307692307692 0.036057692307692304 0.03365384615384615
2 0.7355769230769231 0.04326923076923077 0.03365384615384615 0.03365384615384615
2 0.7487980769230769 0.07091346153846154 0.03365384615384615 0.03365384615384615
2 0.7704326923076923 0.056490384615384616 0.03125 0.03365384615384615
2 0.8293269230769231 0.08413461538461539 0.03365384615384615 0.028846153846153848
2 0.7524038461538461 0.09975961538461539 0.04807692307692308 0.026442307692307692
2 0.7860576923076923 0.1201923076923077 0.03365384615384615 0.028846153846153848
2 0.8125 0.13701923076923078 0.028846153846153848 0.028846153846153848
2 0.8701923076923077 0.12980769230769232 0.028846153846153848 0.028846153846153848
2 0.8485576923076923 0.06490384615384616 0.038461538461538464 0.038461538461538464
2 0.6610576923076923 0.07091346153846154 0.02403846153846154 0.02403846153846154
2 0.5480769230769231 0.23798076923076922 0.038461538461538464 0.036057692307692304
2 0.057692307692307696 0.7788461538461539 0.028846153846153848 0.028846153846153848
2 0.12379807692307693 0.6923076923076923 0.03125 0.016826923076923076
2 0.11057692307692307 0.7091346153846154 0.028846153846153848 0.019230769230769232
2 0.1045673076923077 0.7259615384615384 0.02403846153846154 0.016826923076923076
2 0.08774038461538461 0.75 0.03365384615384615 0.02403846153846154
2 0.14783653846153846 0.7079326923076923 0.036057692307692304 0.019230769230769232
2 0.18509615384615385 0.7091346153846154 0.03365384615384615 0.021634615384615384
2 0.15985576923076922 0.7355769230769231 0.03125 0.03125
2 0.15625 0.7560096153846154 0.028846153846153848 0.02403846153846154
2 0.12980769230769232 0.7704326923076923 0.038461538461538464 0.019230769230769232
2 0.11298076923076923 0.7872596153846154 0.02403846153846154 0.02403846153846154
2 0.27163461538461536 0.7427884615384616 0.03365384615384615 0.016826923076923076
2 0.22115384615384615 0.7235576923076923 0.028846153846153848 0.026442307692307692
2 0.22115384615384615 0.7584134615384616 0.028846153846153848 0.028846153846153848
2 0.18870192307692307 0.7704326923076923 0.026442307692307692 0.028846153846153848
2 0.18509615384615385 0.7944711538461539 0.03365384615384615 0.02403846153846154
2 0.15985576923076922 0.8125 0.03125 0.03365384615384615
2 0.11057692307692307 0.8100961538461539 0.02403846153846154 0.02403846153846154
2 0.0673076923076923 0.8004807692307693 0.038461538461538464 0.014423076923076924
2 0.3016826923076923 0.7800480769230769 0.040865384615384616 0.02403846153846154
2 0.28125 0.7259615384615384 0.03365384615384615 0.021634615384615384
2 0.23798076923076922 0.7836538461538461 0.028846153846153848 0.026442307692307692
2 0.23197115384615385 0.8052884615384616 0.026442307692307692 0.016826923076923076
2 0.3449519230769231 0.7692307692307693 0.026442307692307692 0.019230769230769232
2 0.3425480769230769 0.7235576923076923 0.016826923076923076 0.019230769230769232
2 0.38221153846153844 0.7331730769230769 0.02403846153846154 0.019230769230769232
2 0.3557692307692308 0.7475961538461539 0.019230769230769232 0.019230769230769232
2 0.2824519230769231 0.796875 0.021634615384615384 0.019230769230769232
2 0.4963942307692308 0.7632211538461539 0.02403846153846154 0.026442307692307692
2 0.46153846153846156 0.7584134615384616 0.028846153846153848 0.019230769230769232
2 0.42788461538461536 0.7367788461538461 0.02403846153846154 0.021634615384615384
2 0.4651442307692308 0.7415865384615384 0.02403846153846154 0.01201923076923077
2 0.4074519230769231 0.7487980769230769 0.026442307692307692 0.016826923076923076
2 0.40865384615384615 0.7692307692307693 0.019230769230769232 0.019230769230769232
2 0.43149038461538464 0.7716346153846154 0.021634615384615384 0.019230769230769232
2 0.46634615384615385 0.7776442307692307 0.03365384615384615 0.021634615384615384
2 0.4014423076923077 0.7908653846153846 0.019230769230769232 0.019230769230769232
2 0.42427884615384615 0.7920673076923077 0.019230769230769232 0.016826923076923076
2 0.45072115384615385 0.7956730769230769 0.019230769230769232 0.019230769230769232
2 0.4735576923076923 0.8004807692307693 0.02403846153846154 0.014423076923076924
2 0.5 0.8161057692307693 0.02403846153846154 0.016826923076923076
2 0.4639423076923077 0.8197115384615384 0.019230769230769232 0.019230769230769232
2 0.43149038461538464 0.8245192307692307 0.021634615384615384 0.019230769230769232
2 0.3737980769230769 0.8028846153846154 0.026442307692307692 0.028846153846153848
2 0.36899038461538464 0.8293269230769231 0.028846153846153848 0.02403846153846154
2 0.40024038461538464 0.8569711538461539 0.026442307692307692 0.026442307692307692
2 0.44711538461538464 0.8413461538461539 0.019230769230769232 0.019230769230769232
2 0.45913461538461536 0.8629807692307693 0.02403846153846154 0.028846153846153848
2 0.4387019230769231 0.8774038461538461 0.021634615384615384 0.02403846153846154
2 0.36177884615384615 0.8641826923076923 0.03125 0.016826923076923076
2 0.33052884615384615 0.8197115384615384 0.021634615384615384 0.019230769230769232
2 0.3004807692307692 0.8161057692307693 0.03365384615384615 0.019230769230769232
2 0.31850961538461536 0.796875 0.019230769230769232 0.016826923076923076
2 0.2091346153846154 0.8209134615384616 0.028846153846153848 0.02403846153846154
2 0.28725961538461536 0.8341346153846154 0.03125 0.016826923076923076
2 0.33052884615384615 0.8365384615384616 0.021634615384615384 0.02403846153846154
2 0.3389423076923077 0.8521634615384616 0.03365384615384615 0.016826923076923076
2 0.4182692307692308 0.8100961538461539 0.019230769230769232 0.014423076923076924
2 0.5144230769230769 0.8798076923076923 0.028846153846153848 0.019230769230769232
2 0.5024038461538461 0.8617788461538461 0.03365384615384615 0.016826923076923076
2 0.36899038461538464 0.7836538461538461 0.016826923076923076 0.014423076923076924
2 0.3713942307692308 0.7692307692307693 0.021634615384615384 0.014423076923076924
2 0.5324519230769231 0.8449519230769231 0.026442307692307692 0.02403846153846154
2 0.4483173076923077 0.9483173076923077 0.036057692307692304 0.036057692307692304
2 0.6081730769230769 0.9399038461538461 0.04326923076923077 0.03125
2 0.5949519230769231 0.9771634615384616 0.04567307692307692 0.038461538461538464