2 0.7548076923076923 0.3858173076923077 0.04326923076923077 0.04567307692307692
2 0.7596153846153846 0.43149038461538464 0.02403846153846154 0.04567307692307692
2 0.7776442307692307 0.4362980769230769 0.016826923076923076 0.03365384615384615
2 0.7788461538461539 0.48677884615384615 0.026442307692307692 0.03125
2 0.7512019230769231 0.5072115384615384 0.03365384615384615 0.03365384615384615
2 0.765625 0.5805288461538461 0.028846153846153848 0.03125
2 0.7776442307692307 0.609375 0.03125 0.028846153846153848
2 0.7512019230769231 0.6081730769230769 0.019230769230769232 0.03365384615384615
2 0.7307692307692307 0.5709134615384616 0.026442307692307692 0.03365384615384615
2 0.6935096153846154 0.6177884615384616 0.028846153846153848 0.036057692307692304
2 0.6826923076923077 0.5396634615384616 0.03365384615384615 0.038461538461538464
2 0.6550480769230769 0.5576923076923077 0.028846153846153848 0.03365384615384615
2 0.6382211538461539 0.6045673076923077 0.028846153846153848 0.036057692307692304
2 0.7247596153846154 0.42908653846153844 0.03125 0.028846153846153848
2 0.7307692307692307 0.45913461538461536 0.03125 0.02403846153846154
2 0.6983173076923077 0.45072115384615385 0.03125 0.036057692307692304
2 0.6826923076923077 0.39783653846153844 0.028846153846153848 0.038461538461538464
2 0.7079326923076923 0.3894230769230769 0.019230769230769232 0.040865384615384616
2 0.6862980769230769 0.43028846153846156 0.026442307692307692 0.021634615384615384
2 0.6634615384615384 0.453125 0.03125 0.036057692307692304
2 0.65625 0.41466346153846156 0.026442307692307692 0.03125
2 0.6526442307692307 0.38341346153846156 0.02403846153846154 0.036057692307692304
2 0.6622596153846154 0.3173076923076923 0.03125 0.05048076923076923
2 0.640625 0.3473557692307692 0.036057692307692304 0.040865384615384616
2 0.6262019230769231 0.390625 0.028846153846153848 0.04326923076923077
2 0.6358173076923077 0.4423076923076923 0.026442307692307692 0.040865384615384616
2 0.640625 0.47475961538461536 0.026442307692307692 0.040865384615384616
2 0.7115384615384616 0.5072115384615384 0.026442307692307692 0.038461538461538464
2 0.71875 0.5288461538461539 0.026442307692307692 0.03365384615384615
2 0.703125 0.5456730769230769 0.016826923076923076 0.028846153846153848
2 0.6201923076923077 0.6574519230769231 0.02403846153846154 0.03365384615384615
2 0.59375 0.6646634615384616 0.021634615384615384 0.03125
2 0.5793269230769231 0.546875 0.028846153846153848 0.040865384615384616
2 0.6081730769230769 0.4963942307692308 0.026442307692307692 0.040865384615384616
2 0.6262019230769231 0.5132211538461539 0.028846153846153848 0.036057692307692304
2 0.6081730769230769 0.42908653846153844 0.028846153846153848 0.04326923076923077
2 0.5901442307692307 0.41947115384615385 0.028846153846153848 0.040865384615384616
2 0.5961538461538461 0.3641826923076923 0.026442307692307692 0.04567307692307692
2 0.5997596153846154 0.2848557692307692 0.028846153846153848 0.04807692307692308
2 0.625 0.28846153846153844 0.038461538461538464 0.040865384615384616
2 0.5456730769230769 0.28125 0.038461538461538464 0.036057692307692304
2 0.5516826923076923 0.30528846153846156 0.040865384615384616 0.03365384615384615
2 0.5625 0.38100961538461536 0.036057692307692304 0.040865384615384616
2 0.5757211538461539 0.4579326923076923 0.03125 0.040865384615384616
2 0.5504807692307693 0.48197115384615385 0.028846153846153848 0.03365384615384615
2 0.5276442307692307 0.5480769230769231 0.02403846153846154 0.036057692307692304
2 0.5276442307692307 0.4891826923076923 0.02403846153846154 0.038461538461538464
2 0.5408653846153846 0.43149038461538464 0.02403846153846154 0.036057692307692304
2 0.5108173076923077 0.33533653846153844 0.03365384615384615 0.052884615384615384
2 0.5228365384615384 0.36538461538461536 0.03125 0.03365384615384615
2 0.5012019230769231 0.4014423076923077 0.03365384615384615 0.040865384615384616
2 0.47836538461538464 0.43509615384615385 0.03125 0.05048076923076923
2 0.5120192307692307 0.4375 0.03365384615384615 0.036057692307692304
2 0.48677884615384615 0.35336538461538464 0.028846153846153848 0.036057692307692304
2 0.4651442307692308 0.36899038461538464 0.028846153846153848 0.038461538461538464
2 0.4387019230769231 0.375 0.019230769230769232 0.04326923076923077
2 0.4699519230769231 0.24879807692307693 0.03365384615384615 0.052884615384615384
2 0.4543269230769231 0.2920673076923077 0.026442307692307692 0.04807692307692308
2 0.4254807692307692 0.2512019230769231 0.036057692307692304 0.04326923076923077
2 0.4170673076923077 0.33052884615384615 0.038461538461538464 0.055288461538461536
2 0.390625 0.28725961538461536 0.016826923076923076 0.038461538461538464
2 0.36177884615384615 0.2776442307692308 0.03365384615384615 0.040865384615384616
2 0.3713942307692308 0.3076923076923077 0.03125 0.038461538461538464
2 0.3713942307692308 0.375 0.028846153846153848 0.040865384615384616
2 0.3485576923076923 0.4375 0.03365384615384615 0.040865384615384616
2 0.3870192307692308 0.4699519230769231 0.03365384615384615 0.04326923076923077
2 0.4411057692307692 0.5072115384615384 0.028846153846153848 0.03365384615384615
2 0.41947115384615385 0.4987980769230769 0.016826923076923076 0.038461538461538464
2 0.49038461538461536 0.5084134615384616 0.028846153846153848 0.038461538461538464
2 0.45913461538461536 0.5540865384615384 0.028846153846153848 0.038461538461538464
2 0.4411057692307692 0.5721153846153846 0.026442307692307692 0.028846153846153848
2 0.4879807692307692 0.5480769230769231 0.02403846153846154 0.036057692307692304
2 0.5132211538461539 0.6165865384615384 0.028846153846153848 0.038461538461538464
2 0.5336538461538461 0.6358173076923077 0.02403846153846154 0.040865384615384616
2 0.5625 0.6430288461538461 0.021634615384615384 0.036057692307692304
2 0.5588942307692307 0.5757211538461539 0.03125 0.04807692307692308
2 0.5877403846153846 0.6141826923076923 0.03125 0.038461538461538464
2 0.59375 0.5649038461538461 0.036057692307692304 0.036057692307692304
2 0.5264423076923077 0.7115384615384616 0.028846153846153848 0.03365384615384615
2 0.5444711538461539 0.7680288461538461 0.02403846153846154 0.03125
2 0.515625 0.8161057692307693 0.028846153846153848 0.03125
2 0.49759615384615385 0.7391826923076923 0.026442307692307692 0.03125
2 0.5072115384615384 0.6706730769230769 0.02403846153846154 0.03365384615384615
2 0.4879807692307692 0.6189903846153846 0.021634615384615384 0.03125
2 0.47596153846153844 0.6394230769230769 0.02403846153846154 0.03365384615384615
2 0.4651442307692308 0.6947115384615384 0.028846153846153848 0.03365384615384615
2 0.44350961538461536 0.6634615384615384 0.02403846153846154 0.03125
2 0.45913461538461536 0.6033653846153846 0.02403846153846154 0.03365384615384615
2 0.43149038461538464 0.5961538461538461 0.026442307692307692 0.03125
2 0.4230769230769231 0.6358173076923077 0.026442307692307692 0.03125
2 0.4098557692307692 0.6646634615384616 0.02403846153846154 0.036057692307692304
2 0.44471153846153844 0.734375 0.026442307692307692 0.028846153846153848
2 0.4483173076923077 0.7692307692307693 0.021634615384615384 0.03125
2 0.47475961538461536 0.7115384615384616 0.028846153846153848 0.03125
2 0.46875 0.734375 0.019230769230769232 0.02403846153846154
2 0.4230769230769231 0.7367788461538461 0.02403846153846154 0.03125
2 0.39903846153846156 0.7151442307692307 0.026442307692307692 0.04326923076923077
2 0.38461538461538464 0.7355769230769231 0.021634615384615384 0.028846153846153848
2 0.3641826923076923 0.7620192307692307 0.02403846153846154 0.038461538461538464
2 0.3918269230769231 0.7620192307692307 0.019230769230769232 0.03365384615384615
2 0.3545673076923077 0.7163461538461539 0.026442307692307692 0.03125
2 0.3317307692307692 0.7355769230769231 0.028846153846153848 0.026442307692307692
2 0.38822115384615385 0.6418269230769231 0.02403846153846154 0.036057692307692304
2 0.3605769230769231 0.6370192307692307 0.03125 0.03365384615384615
2 0.3329326923076923 0.6538461538461539 0.03365384615384615 0.03125
2 0.31971153846153844 0.6790865384615384 0.02403846153846154 0.02403846153846154
2 0.30528846153846156 0.65625 0.026442307692307692 0.03365384615384615
2 0.3870192307692308 0.5625 0.026442307692307692 0.03125
2 0.3798076923076923 0.5288461538461539 0.02403846153846154 0.028846153846153848
2 0.3485576923076923 0.5540865384615384 0.028846153846153848 0.03365384615384615
2 0.31850961538461536 0.515625 0.028846153846153848 0.03365384615384615
2 0.33052884615384615 0.46634615384615385 0.03125 0.03365384615384615
2 0.3545673076923077 0.5721153846153846 0.026442307692307692 0.03125
2 0.31490384615384615 0.5925480769230769 0.026442307692307692 0.036057692307692304
2 0.34134615384615385 0.59375 0.02403846153846154 0.028846153846153848
2 0.3245192307692308 0.5492788461538461 0.021634615384615384 0.03365384615384615
2 0.41947115384615385 0.7740384615384616 0.028846153846153848 0.03365384615384615
2 0.3076923076923077 0.7403846153846154 0.019230769230769232 0.03365384615384615
2 0.28125 0.7307692307692307 0.02403846153846154 0.026442307692307692
2 0.2824519230769231 0.7091346153846154 0.02403846153846154 0.02403846153846154
2 0.2512019230769231 0.75 0.021634615384615384 0.03365384615384615
2 0.2283653846153846 0.7427884615384616 0.021634615384615384 0.026442307692307692
2 0.2548076923076923 0.6935096153846154 0.02403846153846154 0.026442307692307692
2 0.22716346153846154 0.7055288461538461 0.02403846153846154 0.03125
2 0.203125 0.7319711538461539 0.021634615384615384 0.03125
2 0.1971153846153846 0.6995192307692307 0.021634615384615384 0.03365384615384615
2 0.2091346153846154 0.6658653846153846 0.026442307692307692 0.036057692307692304
2 0.23677884615384615 0.6598557692307693 0.021634615384615384 0.03125
2 0.26322115384615385 0.6586538461538461 0.021634615384615384 0.028846153846153848
2 0.2764423076923077 0.6694711538461539 0.021634615384615384 0.026442307692307692
2 0.2860576923076923 0.6213942307692307 0.026442307692307692 0.028846153846153848
2 0.3088942307692308 0.6225961538461539 0.026442307692307692 0.02403846153846154
2 0.2824519230769231 0.5865384615384616 0.028846153846153848 0.03365384615384615
2 0.2932692307692308 0.5372596153846154 0.02403846153846154 0.038461538461538464
2 0.29086538461538464 0.4987980769230769 0.028846153846153848 0.03125
2 0.3125 0.40625 0.026442307692307692 0.04567307692307692
2 0.3112980769230769 0.36899038461538464 0.03125 0.03365384615384615
2 0.29447115384615385 0.33052884615384615 0.036057692307692304 0.040865384615384616
2 0.24879807692307693 0.41586538461538464 0.019230769230769232 0.03365384615384615
2 0.26802884615384615 0.4543269230769231 0.03125 0.038461538461538464
2 0.25841346153846156 0.49038461538461536 0.026442307692307692 0.038461538461538464
2 0.21514423076923078 0.5504807692307693 0.026442307692307692 0.03365384615384615
2 0.20432692307692307 0.48677884615384615 0.03125 0.038461538461538464
2 0.17307692307692307 0.4879807692307692 0.026442307692307692 0.040865384615384616
2 0.19591346153846154 0.5120192307692307 0.021634615384615384 0.040865384615384616
2 0.15865384615384615 0.4675480769230769 0.016826923076923076 0.03125
2 0.1310096153846154 0.5396634615384616 0.026442307692307692 0.03365384615384615
2 0.15625 0.5504807692307693 0.019230769230769232 0.036057692307692304
2 0.18269230769230768 0.5576923076923077 0.019230769230769232 0.038461538461538464
2 0.19831730769230768 0.5877403846153846 0.016826923076923076 0.03365384615384615
2 0.21634615384615385 0.6117788461538461 0.026442307692307692 0.026442307692307692
2 0.24519230769230768 0.6262019230769231 0.02403846153846154 0.04326923076923077
2 0.24879807692307693 0.5793269230769231 0.02403846153846154 0.040865384615384616
2 0.23076923076923078 0.5709134615384616 0.01201923076923077 0.03125
2 0.17668269230769232 0.7211538461538461 0.02403846153846154 0.026442307692307692
2 0.1622596153846154 0.7019230769230769 0.02403846153846154 0.028846153846153848
2 0.16826923076923078 0.6274038461538461 0.021634615384615384 0.02403846153846154
2 0.15144230769230768 0.6334134615384616 0.021634615384615384 0.028846153846153848
2 0.14903846153846154 0.6550480769230769 0.026442307692307692 0.021634615384615384
2 0.11538461538461539 0.6514423076923077 0.021634615384615384 0.038461538461538464
2 0.14182692307692307 0.5745192307692307 0.02403846153846154 0.028846153846153848
2 0.7259615384615384 0.015625 0.01201923076923077 0.026442307692307692
2 0.7427884615384616 0.008413461538461538 0.016826923076923076 0.016826923076923076
2 0.7560096153846154 0.006009615384615385 0.01201923076923077 0.01201923076923077
2 0.7391826923076923 0.042067307692307696 0.019230769230769232 0.03125
2 0.7403846153846154 0.078125 0.016826923076923076 0.026442307692307692
2 0.7668269230769231 0.056490384615384616 0.021634615384615384 0.026442307692307692
2 0.7776442307692307 0.018028846153846152 0.019230769230769232 0.03365384615384615
2 0.7872596153846154 0.052884615384615384 0.021634615384615384 0.03365384615384615
2 0.7524038461538461 0.0673076923076923 0.014423076923076924 0.026442307692307692
2 0.7536057692307693 0.11778846153846154 0.021634615384615384 0.028846153846153848
2 0.7872596153846154 0.11658653846153846 0.019230769230769232 0.02403846153846154
2 0.7992788461538461 0.07932692307692307 0.021634615384615384 0.026442307692307692
2 0.8016826923076923 0.030048076923076924 0.016826923076923076 0.028846153846153848
2 0.8161057692307693 0.010817307692307692 0.016826923076923076 0.021634615384615384
2 0.8233173076923077 0.03125 0.019230769230769232 0.03365384615384615
2 0.8425480769230769 0.013221153846153846 0.016826923076923076 0.026442307692307692
2 0.8413461538461539 0.057692307692307696 0.021634615384615384 0.028846153846153848
2 0.8233173076923077 0.0829326923076923 0.021634615384615384 0.028846153846153848
2 0.859375 0.0733173076923077 0.014423076923076924 0.04326923076923077
2 0.8473557692307693 0.1045673076923077 0.019230769230769232 0.03125
2 0.8100961538461539 0.12860576923076922 0.021634615384615384 0.03365384615384615
2 0.7716346153846154 0.16105769230769232 0.019230769230769232 0.02403846153846154
2 0.7560096153846154 0.17427884615384615 0.019230769230769232 0.03365384615384615
2 0.7764423076923077 0.17668269230769232 0.021634615384615384 0.028846153846153848
2 0.8076923076923077 0.19471153846153846 0.021634615384615384 0.03125
2 0.8221153846153846 0.1778846153846154 0.016826923076923076 0.02403846153846154
2 0.8413461538461539 0.19831730769230768 0.019230769230769232 0.019230769230769232
2 0.8449519230769231 0.2247596153846154 0.016826923076923076 0.026442307692307692
2 0.8293269230769231 0.12620192307692307 0.016826923076923076 0.028846153846153848
2 0.8485576923076923 0.13822115384615385 0.016826923076923076 0.026442307692307692
2 0.8581730769230769 0.18509615384615385 0.014423076923076924 0.021634615384615384
2 0.8762019230769231 0.17427884615384615 0.016826923076923076 0.03365384615384615
2 0.8233173076923077 0.21033653846153846 0.01201923076923077 0.026442307692307692
2 0.796875 0.23557692307692307 0.019230769230769232 0.02403846153846154
2 0.8076923076923077 0.2548076923076923 0.01201923076923077 0.02403846153846154
2 0.7944711538461539 0.2548076923076923 0.01201923076923077 0.026442307692307692
2 0.7740384615384616 0.23918269230769232 0.019230769230769232 0.02403846153846154
2 0.7788461538461539 0.2548076923076923 0.014423076923076924 0.019230769230769232
2 0.7728365384615384 0.2932692307692308 0.014423076923076924 0.040865384615384616
2 0.7932692307692307 0.2980769230769231 0.019230769230769232 0.026442307692307692
2 0.8137019230769231 0.2920673076923077 0.019230769230769232 0.02403846153846154
2 0.8257211538461539 0.26802884615384615 0.014423076923076924 0.026442307692307692
2 0.8509615384615384 0.26322115384615385 0.021634615384615384 0.028846153846153848
2 0.8605769230769231 0.2247596153846154 0.01201923076923077 0.03365384615384615
2 0.875 0.234375 0.014423076923076924 0.028846153846153848
2 0.8918269230769231 0.23317307692307693 0.016826923076923076 0.026442307692307692
2 0.8870192307692307 0.25721153846153844 0.019230769230769232 0.021634615384615384
2 0.875 0.2956730769230769 0.019230769230769232 0.02403846153846154
2 0.8990384615384616 0.28125 0.016826923076923076 0.02403846153846154
2 0.8545673076923077 0.30288461538461536 0.014423076923076924 0.019230769230769232
2 0.78125 0.3485576923076923 0.014423076923076924 0.02403846153846154
2 0.796875 0.34975961538461536 0.014423076923076924 0.02403846153846154
2 0.7872596153846154 0.3786057692307692 0.01201923076923077 0.026442307692307692
2 0.8137019230769231 0.3401442307692308 0.019230769230769232 0.026442307692307692
2 0.7956730769230769 0.32091346153846156 0.016826923076923076 0.019230769230769232
2 0.8137019230769231 0.3137019230769231 0.016826923076923076 0.014423076923076924
2 0.8449519230769231 0.32211538461538464 0.01201923076923077 0.021634615384615384
2 0.8389423076923077 0.3545673076923077 0.016826923076923076 0.021634615384615384
2 0.8341346153846154 0.390625 0.01201923076923077 0.03125
2 0.859375 0.3401442307692308 0.014423076923076924 0.02403846153846154
2 0.8822115384615384 0.35697115384615385 0.016826923076923076 0.02403846153846154
2 0.8966346153846154 0.33413461538461536 0.016826923076923076 0.019230769230769232
2 0.8786057692307693 0.39783653846153844 0.014423076923076924 0.02403846153846154
2 0.8954326923076923 0.40865384615384615 0.016826923076923076 0.026442307692307692
2 0.9086538461538461 0.36899038461538464 0.021634615384615384 0.021634615384615384
2 0.9086538461538461 0.3894230769230769 0.019230769230769232 0.021634615384615384
2 0.9278846153846154 0.3858173076923077 0.014423076923076924 0.019230769230769232
2 0.8209134615384616 0.3641826923076923 0.01201923076923077 0.02403846153846154
2 0.9302884615384616 0.40384615384615385 0.01201923076923077 0.021634615384615384
2 0.8317307692307693 0.3137019230769231 0.01201923076923077 0.021634615384615384
2 0.8329326923076923 0.2800480769230769 0.01201923076923077 0.021634615384615384
2 0.8052884615384616 0.3641826923076923 0.016826923076923076 0.016826923076923076
2 0.9675480769230769 0.4579326923076923 0.03125 0.05048076923076923
2 0.9915865384615384 0.4543269230769231 0.016826923076923076 0.052884615384615384
2 0.9783653846153846 0.30649038461538464 0.03125 0.04326923076923077