2 0.5925480769230769 0.9735576923076923 0.02403846153846154 0.028846153846153848
2 0.5889423076923077 0.9362980769230769 0.021634615384615384 0.019230769230769232
2 0.5997596153846154 0.8930288461538461 0.028846153846153848 0.026442307692307692
2 0.5841346153846154 0.859375 0.028846153846153848 0.026442307692307692
2 0.59375 0.8209134615384616 0.03365384615384615 0.01201923076923077
2 0.6177884615384616 0.7608173076923077 0.028846153846153848 0.021634615384615384
2 0.6358173076923077 0.8040865384615384 0.026442307692307692 0.026442307692307692
2 0.7427884615384616 0.9939903846153846 0.036057692307692304 0.01201923076923077
2 0.6466346153846154 0.9759615384615384 0.03125 0.028846153846153848
2 0.6322115384615384 0.8581730769230769 0.019230769230769232 0.019230769230769232
2 0.6574519230769231 0.7716346153846154 0.03365384615384615 0.019230769230769232
2 0.6911057692307693 0.7560096153846154 0.03125 0.016826923076923076
2 0.71875 0.796875 0.02403846153846154 0.016826923076923076
2 0.6706730769230769 0.8581730769230769 0.038461538461538464 0.014423076923076924
2 0.7103365384615384 0.8449519230769231 0.03125 0.021634615384615384
2 0.75 0.7307692307692307 0.028846153846153848 0.019230769230769232
2 0.28966346153846156 0.3449519230769231 0.03365384615384615 0.026442307692307692
2 0.3161057692307692 0.4026442307692308 0.03125 0.014423076923076924
2 0.625 0.9951923076923077 0.03365384615384615 0.009615384615384616
2 0.5612980769230769 0.6021634615384616 0.03365384615384615 0.01201923076923077
2 0.4110576923076923 0.34375 0.02403846153846154 0.02403846153846154
2 0.6370192307692307 0.9194711538461539 0.02403846153846154 0.021634615384615384
2 0.6682692307692307 0.9915865384615384 0.021634615384615384 0.016826923076923076
2 0.7536057692307693 0.9627403846153846 0.02403846153846154 0.021634615384615384
2 0.7451923076923077 0.9242788461538461 0.038461538461538464 0.021634615384615384
2 0.7283653846153846 0.9939903846153846 0.03125 0.01201923076923077
2 0.28966346153846156 0.43509615384615385 0.026442307692307692 0.028846153846153848
2 0.359375 0.46875 0.026442307692307692 0.014423076923076924
2 0.4110576923076923 0.5168269230769231 0.026442307692307692 0.019230769230769232
2 0.3076923076923077 0.38100961538461536 0.028846153846153848 0.026442307692307692
2 0.4795673076923077 0.49278846153846156 0.02403846153846154 0.02403846153846154
2 0.3737980769230769 0.4423076923076923 0.040865384615384616 0.019230769230769232
2 0.7475961538461539 0.8629807692307693 0.028846153846153848 0.02403846153846154
2 0.828125 0.9699519230769231 0.019230769230769232 0.016826923076923076
2 0.8088942307692307 0.9939903846153846 0.028846153846153848 0.01201923076923077
2 0.8173076923076923 0.9939903846153846 0.021634615384615384 0.01201923076923077
2 0.8233173076923077 0.9951923076923077 0.02403846153846154 0.009615384615384616
2 0.7836538461538461 0.8221153846153846 0.028846153846153848 0.019230769230769232
2 0.3473557692307692 0.41586538461538464 0.028846153846153848 0.028846153846153848
2 0.4387019230769231 0.46033653846153844 0.02403846153846154 0.016826923076923076
2 0.5432692307692307 0.5192307692307693 0.038461538461538464 0.019230769230769232
2 0.6899038461538461 0.9350961538461539 0.03125 0.03365384615384615
2 0.6478365384615384 0.8786057692307693 0.021634615384615384 0.021634615384615384
2 0.8185096153846154 0.9074519230769231 0.036057692307692304 0.021634615384615384
2 0.7896634615384616 0.9939903846153846 0.014423076923076924 0.01201923076923077
2 0.8822115384615384 0.9939903846153846 0.021634615384615384 0.01201923076923077
2 0.8641826923076923 0.9747596153846154 0.028846153846153848 0.03125
2 0.8629807692307693 0.9939903846153846 0.016826923076923076 0.01201923076923077
2 0.7920673076923077 0.9939903846153846 0.019230769230769232 0.01201923076923077
2 0.8641826923076923 0.9939903846153846 0.019230769230769232 0.01201923076923077
2 0.9338942307692307 0.9939903846153846 0.03365384615384615 0.01201923076923077
2 0.7980769230769231 0.8545673076923077 0.028846153846153848 0.021634615384615384
2 0.6430288461538461 0.8389423076923077 0.019230769230769232 0.019230769230769232
2 0.9038461538461539 0.9951923076923077 0.036057692307692304 0.009615384615384616
2 0.9014423076923077 0.9939903846153846 0.026442307692307692 0.01201923076923077
2 0.9242788461538461 0.9951923076923077 0.038461538461538464 0.009615384615384616
2 0.6959134615384616 0.9098557692307693 0.03125 0.016826923076923076
2 0.8822115384615384 0.9483173076923077 0.03365384615384615 0.01201923076923077
2 0.49759615384615385 0.43990384615384615 0.02403846153846154 0.02403846153846154
2 0.44350961538461536 0.2920673076923077 0.019230769230769232 0.01201923076923077
2 0.4891826923076923 0.38100961538461536 0.026442307692307692 0.007211538461538462
2 0.5132211538461539 0.29086538461538464 0.014423076923076924 0.014423076923076924
2 0.59375 0.578125 0.026442307692307692 0.026442307692307692
2 0.5204326923076923 0.46274038461538464 0.026442307692307692 0.019230769230769232
2 0.5540865384615384 0.4326923076923077 0.016826923076923076 0.009615384615384616