2 0.7319711538461539 0.37740384615384615 0.036057692307692304 0.040865384615384616
2 0.7367788461538461 0.42427884615384615 0.02403846153846154 0.040865384615384616
2 0.7572115384615384 0.42788461538461536 0.016826923076923076 0.040865384615384616
2 0.7584134615384616 0.4807692307692308 0.026442307692307692 0.03365384615384615
2 0.7271634615384616 0.5024038461538461 0.036057692307692304 0.038461538461538464
2 0.7439903846153846 0.5769230769230769 0.03125 0.03125
2 0.7572115384615384 0.5997596153846154 0.03125 0.03365384615384615
2 0.7307692307692307 0.6069711538461539 0.021634615384615384 0.03365384615384615
2 0.7115384615384616 0.5661057692307693 0.028846153846153848 0.028846153846153848
2 0.6899038461538461 0.5048076923076923 0.03125 0.028846153846153848
2 0.6971153846153846 0.5264423076923077 0.028846153846153848 0.028846153846153848
2 0.703125 0.421875 0.03125 0.036057692307692304
2 0.7103365384615384 0.4519230769230769 0.028846153846153848 0.038461538461538464
2 0.6778846153846154 0.45072115384615385 0.03125 0.03125
2 0.6610576923076923 0.3918269230769231 0.03365384615384615 0.04567307692307692
2 0.6850961538461539 0.38100961538461536 0.021634615384615384 0.040865384615384616
2 0.6646634615384616 0.421875 0.026442307692307692 0.028846153846153848
2 0.6598557692307693 0.5360576923076923 0.028846153846153848 0.038461538461538464
2 0.671875 0.6165865384615384 0.028846153846153848 0.03365384615384615
2 0.6802884615384616 0.5432692307692307 0.016826923076923076 0.028846153846153848
2 0.6334134615384616 0.5588942307692307 0.028846153846153848 0.028846153846153848
2 0.6153846153846154 0.6057692307692307 0.028846153846153848 0.03365384615384615
2 0.5985576923076923 0.6598557692307693 0.02403846153846154 0.038461538461538464
2 0.5721153846153846 0.6670673076923077 0.026442307692307692 0.028846153846153848
2 0.5637019230769231 0.6177884615384616 0.026442307692307692 0.026442307692307692
2 0.5745192307692307 0.625 0.02403846153846154 0.021634615384615384
2 0.5396634615384616 0.6430288461538461 0.02403846153846154 0.03365384615384615
2 0.5372596153846154 0.5817307692307693 0.026442307692307692 0.04326923076923077
2 0.5552884615384616 0.5492788461538461 0.028846153846153848 0.038461538461538464
2 0.5733173076923077 0.5697115384615384 0.03125 0.03365384615384615
2 0.5865384615384616 0.4987980769230769 0.026442307692307692 0.038461538461538464
2 0.6021634615384616 0.5120192307692307 0.03365384615384615 0.04807692307692308
2 0.6177884615384616 0.4723557692307692 0.026442307692307692 0.028846153846153848
2 0.6418269230769231 0.4495192307692308 0.028846153846153848 0.03365384615384615
2 0.6394230769230769 0.3125 0.03365384615384615 0.04807692307692308
2 0.6165865384615384 0.3425480769230769 0.03365384615384615 0.036057692307692304
2 0.6310096153846154 0.375 0.03125 0.040865384615384616
2 0.6322115384615384 0.4098557692307692 0.026442307692307692 0.040865384615384616
2 0.6105769230769231 0.43990384615384615 0.02403846153846154 0.040865384615384616
2 0.6045673076923077 0.3870192307692308 0.026442307692307692 0.04567307692307692
2 0.6021634615384616 0.28365384615384615 0.02403846153846154 0.04567307692307692
2 0.5733173076923077 0.2776442307692308 0.03125 0.05048076923076923
2 0.5721153846153846 0.36177884615384615 0.03125 0.04326923076923077
2 0.5685096153846154 0.41586538461538464 0.03125 0.038461538461538464
2 0.5528846153846154 0.45913461538461536 0.03365384615384615 0.036057692307692304
2 0.5264423076923077 0.48197115384615385 0.026442307692307692 0.036057692307692304
2 0.5060096153846154 0.4891826923076923 0.02403846153846154 0.038461538461538464
2 0.47115384615384615 0.5144230769230769 0.038461538461538464 0.038461538461538464
2 0.46875 0.5504807692307693 0.02403846153846154 0.03365384615384615
2 0.5060096153846154 0.5528846153846154 0.026442307692307692 0.03365384615384615
2 0.5108173076923077 0.6418269230769231 0.026442307692307692 0.028846153846153848
2 0.49038461538461536 0.6237980769230769 0.026442307692307692 0.028846153846153848
2 0.4639423076923077 0.6213942307692307 0.021634615384615384 0.038461538461538464
2 0.453125 0.6442307692307693 0.026442307692307692 0.03365384615384615
2 0.4855769230769231 0.6790865384615384 0.026442307692307692 0.03365384615384615
2 0.5036057692307693 0.7151442307692307 0.02403846153846154 0.036057692307692304
2 0.5240384615384616 0.7728365384615384 0.021634615384615384 0.028846153846153848
2 0.4963942307692308 0.8233173076923077 0.03365384615384615 0.03125
2 0.47475961538461536 0.7427884615384616 0.02403846153846154 0.026442307692307692
2 0.4699519230769231 0.7632211538461539 0.021634615384615384 0.03365384615384615
2 0.4423076923076923 0.6995192307692307 0.02403846153846154 0.03365384615384615
2 0.4230769230769231 0.6694711538461539 0.026442307692307692 0.028846153846153848
2 0.4206730769230769 0.7403846153846154 0.026442307692307692 0.03365384615384615
2 0.40024038461538464 0.7439903846153846 0.019230769230769232 0.026442307692307692
2 0.42788461538461536 0.7728365384615384 0.02403846153846154 0.03365384615384615
2 0.39783653846153844 0.7800480769230769 0.02403846153846154 0.040865384615384616
2 0.36778846153846156 0.7680288461538461 0.021634615384615384 0.03365384615384615
2 0.3401442307692308 0.7680288461538461 0.028846153846153848 0.038461538461538464
2 0.36177884615384615 0.7391826923076923 0.019230769230769232 0.03125
2 0.37740384615384615 0.7259615384615384 0.026442307692307692 0.038461538461538464
2 0.3858173076923077 0.6706730769230769 0.02403846153846154 0.03365384615384615
2 0.4014423076923077 0.6442307692307693 0.026442307692307692 0.03125
2 0.40865384615384615 0.5997596153846154 0.02403846153846154 0.03365384615384615
2 0.41586538461538464 0.5793269230769231 0.026442307692307692 0.028846153846153848
2 0.4362980769230769 0.6069711538461539 0.026442307692307692 0.028846153846153848
2 0.43509615384615385 0.5576923076923077 0.028846153846153848 0.036057692307692304
2 0.41466346153846156 0.5096153846153846 0.026442307692307692 0.036057692307692304
2 0.39663461538461536 0.5012019230769231 0.019230769230769232 0.03125
2 0.4543269230769231 0.4375 0.036057692307692304 0.04326923076923077
2 0.47475961538461536 0.40384615384615385 0.03365384615384615 0.04326923076923077
2 0.49158653846153844 0.44591346153846156 0.036057692307692304 0.040865384615384616
2 0.5192307692307693 0.4326923076923077 0.021634615384615384 0.040865384615384616
2 0.5384615384615384 0.3798076923076923 0.03365384615384615 0.040865384615384616
2 0.5180288461538461 0.2764423076923077 0.03365384615384615 0.040865384615384616
2 0.5264423076923077 0.30408653846153844 0.03365384615384615 0.03365384615384615
2 0.4831730769230769 0.3317307692307692 0.03365384615384615 0.04567307692307692
2 0.4963942307692308 0.3605769230769231 0.028846153846153848 0.040865384615384616
2 0.4579326923076923 0.3557692307692308 0.028846153846153848 0.040865384615384616
2 0.43990384615384615 0.3701923076923077 0.028846153846153848 0.036057692307692304
2 0.4170673076923077 0.37740384615384615 0.026442307692307692 0.038461538461538464
2 0.4423076923076923 0.24519230769230768 0.036057692307692304 0.04807692307692308
2 0.42788461538461536 0.29086538461538464 0.028846153846153848 0.04567307692307692
2 0.3954326923076923 0.24759615384615385 0.036057692307692304 0.05048076923076923
2 0.3894230769230769 0.3317307692307692 0.036057692307692304 0.052884615384615384
2 0.36538461538461536 0.28966346153846156 0.019230769230769232 0.04326923076923077
2 0.33413461538461536 0.28125 0.03365384615384615 0.036057692307692304
2 0.3473557692307692 0.3112980769230769 0.036057692307692304 0.03125
2 0.3449519230769231 0.3762019230769231 0.028846153846153848 0.04326923076923077
2 0.3605769230769231 0.47475961538461536 0.03365384615384615 0.040865384615384616
2 0.265625 0.33653846153846156 0.03365384615384615 0.040865384615384616
2 0.28365384615384615 0.375 0.03365384615384615 0.03365384615384615
2 0.28365384615384615 0.4098557692307692 0.03125 0.040865384615384616
2 0.32091346153846156 0.44471153846153844 0.03125 0.040865384615384616
2 0.30528846153846156 0.4723557692307692 0.03125 0.036057692307692304
2 0.32091346153846156 0.5588942307692307 0.03365384615384615 0.036057692307692304
2 0.35216346153846156 0.5396634615384616 0.026442307692307692 0.04326923076923077
2 0.3629807692307692 0.5673076923076923 0.028846153846153848 0.03365384615384615
2 0.3641826923076923 0.6490384615384616 0.02403846153846154 0.036057692307692304
2 0.33653846153846156 0.6466346153846154 0.026442307692307692 0.03125
2 0.33052884615384615 0.7223557692307693 0.02403846153846154 0.03365384615384615
2 0.3088942307692308 0.7451923076923077 0.026442307692307692 0.028846153846153848
2 0.28125 0.7512019230769231 0.021634615384615384 0.028846153846153848
2 0.30528846153846156 0.6634615384615384 0.021634615384615384 0.03365384615384615
2 0.28125 0.6622596153846154 0.026442307692307692 0.03365384615384615
2 0.2620192307692308 0.6298076923076923 0.026442307692307692 0.03125
2 0.2860576923076923 0.6310096153846154 0.019230769230769232 0.021634615384615384
2 0.29086538461538464 0.5997596153846154 0.026442307692307692 0.038461538461538464
2 0.25721153846153844 0.5973557692307693 0.02403846153846154 0.03365384615384615
2 0.3004807692307692 0.5576923076923077 0.021634615384615384 0.03365384615384615
2 0.265625 0.546875 0.026442307692307692 0.038461538461538464
2 0.2932692307692308 0.5204326923076923 0.028846153846153848 0.04326923076923077
2 0.2644230769230769 0.5048076923076923 0.028846153846153848 0.03125
2 0.22956730769230768 0.4987980769230769 0.028846153846153848 0.036057692307692304
2 0.23918269230769232 0.4579326923076923 0.03365384615384615 0.03365384615384615
2 0.22115384615384615 0.421875 0.019230769230769232 0.03365384615384615
2 0.2548076923076923 0.7391826923076923 0.02403846153846154 0.021634615384615384
2 0.2247596153846154 0.7620192307692307 0.026442307692307692 0.03125
2 0.20072115384615385 0.7524038461538461 0.019230769230769232 0.021634615384615384
2 0.17668269230769232 0.7427884615384616 0.021634615384615384 0.026442307692307692
2 0.17067307692307693 0.7091346153846154 0.028846153846153848 0.03365384615384615
2 0.18269230769230768 0.6766826923076923 0.03125 0.03125
2 0.21153846153846154 0.671875 0.026442307692307692 0.03365384615384615
2 0.203125 0.7163461538461539 0.026442307692307692 0.03125
2 0.22956730769230768 0.7043269230769231 0.026442307692307692 0.026442307692307692
2 0.25721153846153844 0.7163461538461539 0.026442307692307692 0.026442307692307692
2 0.14903846153846154 0.7331730769230769 0.026442307692307692 0.026442307692307692
2 0.1346153846153846 0.7115384615384616 0.026442307692307692 0.026442307692307692
2 0.08533653846153846 0.6634615384615384 0.02403846153846154 0.036057692307692304
2 0.11899038461538461 0.6634615384615384 0.028846153846153848 0.021634615384615384
2 0.12139423076923077 0.6442307692307693 0.02403846153846154 0.028846153846153848
2 0.13942307692307693 0.6346153846153846 0.026442307692307692 0.026442307692307692
2 0.11658653846153846 0.5865384615384616 0.021634615384615384 0.03365384615384615
2 0.10096153846153846 0.546875 0.026442307692307692 0.03365384615384615
2 0.12620192307692307 0.5576923076923077 0.02403846153846154 0.038461538461538464
2 0.12740384615384615 0.4735576923076923 0.016826923076923076 0.03125
2 0.14302884615384615 0.4951923076923077 0.026442307692307692 0.04567307692307692
2 0.17307692307692307 0.4951923076923077 0.03365384615384615 0.040865384615384616
2 0.1658653846153846 0.5216346153846154 0.019230769230769232 0.038461538461538464
2 0.15384615384615385 0.5673076923076923 0.021634615384615384 0.04567307692307692
2 0.17067307692307693 0.5961538461538461 0.02403846153846154 0.03365384615384615
2 0.1875 0.5600961538461539 0.03125 0.03365384615384615
2 0.19110576923076922 0.6237980769230769 0.028846153846153848 0.026442307692307692
2 0.22115384615384615 0.5925480769230769 0.026442307692307692 0.026442307692307692
2 0.21875 0.6394230769230769 0.021634615384615384 0.038461538461538464
2 0.23557692307692307 0.6646634615384616 0.02403846153846154 0.036057692307692304
2 0.25 0.6778846153846154 0.026442307692307692 0.028846153846153848
2 0.7007211538461539 0.010817307692307692 0.016826923076923076 0.021634615384615384
2 0.7175480769230769 0.037259615384615384 0.019230769230769232 0.03125
2 0.7175480769230769 0.07211538461538461 0.019230769230769232 0.028846153846153848
2 0.7319711538461539 0.1141826923076923 0.021634615384615384 0.028846153846153848
2 0.7451923076923077 0.05048076923076923 0.019230769230769232 0.028846153846153848
2 0.7536057692307693 0.014423076923076924 0.016826923076923076 0.028846153846153848
2 0.7644230769230769 0.04927884615384615 0.016826923076923076 0.03125
2 0.7788461538461539 0.021634615384615384 0.016826923076923076 0.036057692307692304
2 0.7752403846153846 0.07211538461538461 0.021634615384615384 0.028846153846153848
2 0.7644230769230769 0.11057692307692307 0.021634615384615384 0.03125
2 0.75 0.15625 0.019230769230769232 0.026442307692307692
2 0.7331730769230769 0.16947115384615385 0.014423076923076924 0.026442307692307692
2 0.7524038461538461 0.17307692307692307 0.021634615384615384 0.026442307692307692
2 0.7848557692307693 0.18990384615384615 0.019230769230769232 0.036057692307692304
2 0.7884615384615384 0.12980769230769232 0.014423076923076924 0.028846153846153848
2 0.8004807692307693 0.07572115384615384 0.016826923076923076 0.03125
2 0.8173076923076923 0.051682692307692304 0.016826923076923076 0.03125
2 0.7956730769230769 0.007211538461538462 0.019230769230769232 0.014423076923076924
2 0.7992788461538461 0.03125 0.019230769230769232 0.02403846153846154
2 0.8185096153846154 0.010817307692307692 0.016826923076923076 0.021634615384615384
2 0.8365384615384616 0.06971153846153846 0.01201923076923077 0.036057692307692304
2 0.8233173076923077 0.10096153846153846 0.019230769230769232 0.028846153846153848
2 0.8064903846153846 0.125 0.016826923076923076 0.036057692307692304
2 0.8245192307692307 0.1310096153846154 0.016826923076923076 0.03125
2 0.8004807692307693 0.16947115384615385 0.01201923076923077 0.03125
2 0.8197115384615384 0.1935096153846154 0.016826923076923076 0.02403846153846154
2 0.8365384615384616 0.1778846153846154 0.014423076923076924 0.02403846153846154
2 0.8557692307692307 0.17548076923076922 0.016826923076923076 0.026442307692307692
2 0.7752403846153846 0.23076923076923078 0.016826923076923076 0.026442307692307692
2 0.7536057692307693 0.23317307692307693 0.021634615384615384 0.021634615384615384
2 0.7439903846153846 0.265625 0.007211538461538462 0.028846153846153848
2 0.7572115384615384 0.2536057692307692 0.016826923076923076 0.016826923076923076
2 0.7740384615384616 0.2536057692307692 0.01201923076923077 0.019230769230769232
2 0.7872596153846154 0.25 0.01201923076923077 0.021634615384615384
2 0.8028846153846154 0.20793269230769232 0.014423076923076924 0.028846153846153848
2 0.8257211538461539 0.21754807692307693 0.016826923076923076 0.03125
2 0.8389423076923077 0.21875 0.014423076923076924 0.028846153846153848
2 0.8521634615384616 0.2283653846153846 0.019230769230769232 0.03365384615384615
2 0.8689903846153846 0.22716346153846154 0.016826923076923076 0.026442307692307692
2 0.8317307692307693 0.25721153846153844 0.021634615384615384 0.03125
2 0.8064903846153846 0.26322115384615385 0.019230769230769232 0.03125
2 0.7728365384615384 0.2956730769230769 0.019230769230769232 0.02403846153846154
2 0.7524038461538461 0.2932692307692308 0.016826923076923076 0.028846153846153848
2 0.7620192307692307 0.3425480769230769 0.019230769230769232 0.02403846153846154
2 0.7668269230769231 0.37740384615384615 0.016826923076923076 0.028846153846153848
2 0.7728365384615384 0.3173076923076923 0.021634615384615384 0.021634615384615384
2 0.7932692307692307 0.28846153846153844 0.019230769230769232 0.02403846153846154
2 0.7956730769230769 0.33774038461538464 0.014423076923076924 0.02403846153846154
2 0.8317307692307693 0.296875 0.016826923076923076 0.026442307692307692
2 0.8545673076923077 0.28966346153846156 0.019230769230769232 0.028846153846153848
2 0.8677884615384616 0.25240384615384615 0.016826923076923076 0.021634615384615384
2 0.8137019230769231 0.38461538461538464 0.016826923076923076 0.026442307692307692
2 0.78125 0.34975961538461536 0.016826923076923076 0.03125
2 0.8004807692307693 0.3605769230769231 0.01201923076923077 0.019230769230769232
2 0.8173076923076923 0.34975961538461536 0.019230769230769232 0.02403846153846154
2 0.8100961538461539 0.3125 0.016826923076923076 0.026442307692307692
2 0.8245192307692307 0.31850961538461536 0.016826923076923076 0.026442307692307692
2 0.8389423076923077 0.33653846153846156 0.016826923076923076 0.02403846153846154
2 0.8605769230769231 0.3485576923076923 0.016826923076923076 0.026442307692307692
2 0.875 0.3293269230769231 0.019230769230769232 0.026442307692307692
2 0.8473557692307693 0.41947115384615385 0.021634615384615384 0.02403846153846154
2 0.8581730769230769 0.3894230769230769 0.014423076923076924 0.03125
2 0.8882211538461539 0.36658653846153844 0.016826923076923076 0.026442307692307692
2 0.875 0.4014423076923077 0.016826923076923076 0.021634615384615384
2 0.9050480769230769 0.3762019230769231 0.01201923076923077 0.02403846153846154
2 0.8774038461538461 0.27403846153846156 0.016826923076923076 0.02403846153846154
2 0.9543269230769231 0.2956730769230769 0.028846153846153848 0.04326923076923077
2 0.9447115384615384 0.4519230769230769 0.026442307692307692 0.040865384615384616
2 0.9807692307692307 0.4387019230769231 0.036057692307692304 0.05048076923076923