2 0.9471153846153846 0.24759615384615385 0.09615384615384616 0.09375
2 0.9615384615384616 0.36658653846153844 0.06971153846153846 0.08413461538461539
2 0.9266826923076923 0.8161057692307693 0.13701923076923078 0.1201923076923077
2 0.23557692307692307 0.019230769230769232 0.040865384615384616 0.03125
2 0.26802884615384615 0.014423076923076924 0.08653846153846154 0.026442307692307692
2 0.4387019230769231 0.01201923076923077 0.07692307692307693 0.02403846153846154
2 0.3798076923076923 0.013221153846153846 0.06971153846153846 0.026442307692307692
2 0.5204326923076923 0.008413461538461538 0.0985576923076923 0.016826923076923076
2 0.21754807692307693 0.020432692307692308 0.057692307692307696 0.03365384615384615
2 0.8076923076923077 0.013221153846153846 0.052884615384615384 0.026442307692307692
2 0.671875 0.021634615384615384 0.06971153846153846 0.04326923076923077
2 0.8665865384615384 0.007211538461538462 0.1466346153846154 0.014423076923076924
2 0.90625 0.007211538461538462 0.09615384615384616 0.014423076923076924
2 0.9591346153846154 0.009615384615384616 0.04326923076923077 0.019230769230769232