2 0.36899038461538464 0.39903846153846156 0.028846153846153848 0.04807692307692308
2 0.4098557692307692 0.39903846153846156 0.03365384615384615 0.036057692307692304
2 0.4879807692307692 0.43028846153846156 0.03125 0.038461538461538464
2 0.5384615384615384 0.4266826923076923 0.03365384615384615 0.036057692307692304
2 0.6033653846153846 0.46033653846153844 0.028846153846153848 0.04567307692307692
2 0.6274038461538461 0.5324519230769231 0.02403846153846154 0.038461538461538464
2 0.6478365384615384 0.5276442307692307 0.026442307692307692 0.03365384615384615
2 0.6971153846153846 0.5120192307692307 0.04326923076923077 0.04326923076923077
2 0.7091346153846154 0.5540865384615384 0.02403846153846154 0.03365384615384615
2 0.23918269230769232 0.4891826923076923 0.028846153846153848 0.04807692307692308
2 0.1466346153846154 0.6382211538461539 0.028846153846153848 0.021634615384615384
2 0.4543269230769231 0.484375 0.03365384615384615 0.05048076923076923
2 0.359375 0.4807692307692308 0.03365384615384615 0.04326923076923077
2 0.2608173076923077 0.5480769230769231 0.028846153846153848 0.04326923076923077
2 0.4483173076923077 0.546875 0.036057692307692304 0.028846153846153848
2 0.4254807692307692 0.5733173076923077 0.03365384615384615 0.04807692307692308
2 0.21634615384615385 0.6033653846153846 0.021634615384615384 0.028846153846153848
2 0.2956730769230769 0.578125 0.026442307692307692 0.04567307692307692
2 0.5384615384615384 0.5084134615384616 0.03365384615384615 0.04807692307692308
2 0.49278846153846156 0.5685096153846154 0.026442307692307692 0.03365384615384615
2 0.6117788461538461 0.5817307692307693 0.019230769230769232 0.03365384615384615
2 0.6694711538461539 0.5637019230769231 0.021634615384615384 0.03365384615384615
2 0.5084134615384616 0.5240384615384616 0.028846153846153848 0.04326923076923077
2 0.2704326923076923 0.6634615384615384 0.02403846153846154 0.038461538461538464
2 0.08052884615384616 0.6935096153846154 0.026442307692307692 0.03125
2 0.0625 0.7992788461538461 0.019230769230769232 0.028846153846153848
2 0.24278846153846154 0.6826923076923077 0.021634615384615384 0.03125
2 0.33653846153846156 0.6117788461538461 0.026442307692307692 0.03365384615384615
2 0.3161057692307692 0.5192307692307693 0.028846153846153848 0.040865384615384616
2 0.5228365384615384 0.5865384615384616 0.02403846153846154 0.04326923076923077
2 0.4026442307692308 0.4375 0.026442307692307692 0.04567307692307692
2 0.23677884615384615 0.640625 0.026442307692307692 0.036057692307692304
2 0.5817307692307693 0.48677884615384615 0.03365384615384615 0.04326923076923077
2 0.9146634615384616 0.4230769230769231 0.03125 0.03365384615384615
2 0.9050480769230769 0.5745192307692307 0.026442307692307692 0.038461538461538464
2 0.6346153846153846 0.6694711538461539 0.036057692307692304 0.026442307692307692
2 0.3870192307692308 0.6430288461538461 0.026442307692307692 0.04807692307692308
2 0.2980769230769231 0.6983173076923077 0.028846153846153848 0.03365384615384615
2 0.16826923076923078 0.7043269230769231 0.028846153846153848 0.038461538461538464
2 0.11658653846153846 0.7728365384615384 0.021634615384615384 0.03365384615384615
2 0.9807692307692307 0.4855769230769231 0.036057692307692304 0.040865384615384616
2 0.5625 0.6213942307692307 0.026442307692307692 0.04326923076923077
2 0.32572115384615385 0.6742788461538461 0.02403846153846154 0.04326923076923077
2 0.4110576923076923 0.6899038461538461 0.026442307692307692 0.057692307692307696
2 0.3161057692307692 0.7740384615384616 0.02403846153846154 0.04567307692307692
2 0.5120192307692307 0.7079326923076923 0.02403846153846154 0.055288461538461536
2 0.5853365384615384 0.5697115384615384 0.021634615384615384 0.028846153846153848
2 0.53125 0.6838942307692307 0.028846153846153848 0.03365384615384615
2 0.30528846153846156 0.42788461538461536 0.026442307692307692 0.03125
2 0.11538461538461539 0.8497596153846154 0.026442307692307692 0.028846153846153848
2 0.23076923076923078 0.7295673076923077 0.019230769230769232 0.036057692307692304
2 0.2776442307692308 0.609375 0.03125 0.036057692307692304
2 0.6959134615384616 0.6346153846153846 0.026442307692307692 0.040865384615384616
2 0.26802884615384615 0.7295673076923077 0.026442307692307692 0.036057692307692304
2 0.4675480769230769 0.7391826923076923 0.02403846153846154 0.03365384615384615
2 0.15625 0.8100961538461539 0.03125 0.028846153846153848
2 0.6610576923076923 0.6298076923076923 0.02403846153846154 0.038461538461538464
2 0.7163461538461539 0.7067307692307693 0.021634615384615384 0.038461538461538464
2 0.5913461538461539 0.7391826923076923 0.03365384615384615 0.038461538461538464
2 0.3112980769230769 0.8473557692307693 0.021634615384615384 0.04567307692307692
2 0.25961538461538464 0.7992788461538461 0.019230769230769232 0.028846153846153848
2 0.19831730769230768 0.7716346153846154 0.019230769230769232 0.038461538461538464
2 0.12860576923076922 0.6971153846153846 0.016826923076923076 0.021634615384615384
2 0.15865384615384615 0.7548076923076923 0.019230769230769232 0.02403846153846154
2 0.38341346153846156 0.7319711538461539 0.021634615384615384 0.036057692307692304
2 0.6033653846153846 0.6766826923076923 0.026442307692307692 0.03125
2 0.6826923076923077 0.6826923076923077 0.02403846153846154 0.038461538461538464
2 0.6454326923076923 0.7319711538461539 0.02403846153846154 0.028846153846153848
2 0.44350961538461536 0.6418269230769231 0.036057692307692304 0.05048076923076923
2 0.11899038461538461 0.6454326923076923 0.026442307692307692 0.03365384615384615
2 0.3918269230769231 0.5180288461538461 0.021634615384615384 0.05048076923076923
2 0.47716346153846156 0.6165865384615384 0.02403846153846154 0.04567307692307692
2 0.5420673076923077 0.7463942307692307 0.028846153846153848 0.03365384615384615
2 0.36658653846153844 0.8040865384615384 0.014423076923076924 0.026442307692307692
2 0.21875 0.8088942307692307 0.019230769230769232 0.026442307692307692
2 0.39903846153846156 0.7932692307692307 0.019230769230769232 0.038461538461538464
2 0.4254807692307692 0.8245192307692307 0.021634615384615384 0.057692307692307696
2 0.3557692307692308 0.859375 0.028846153846153848 0.026442307692307692
2 0.46153846153846156 0.7980769230769231 0.03365384615384615 0.05048076923076923
2 0.45913461538461536 0.8762019230769231 0.028846153846153848 0.026442307692307692
2 0.9375 0.5637019230769231 0.03125 0.03365384615384615
2 0.9747596153846154 0.5576923076923077 0.026442307692307692 0.05048076923076923