2 0.010817307692307692 0.7680288461538461 0.021634615384615384 0.021634615384615384
2 0.009615384615384616 0.8149038461538461 0.019230769230769232 0.019230769230769232
2 0.008413461538461538 0.8449519230769231 0.016826923076923076 0.016826923076923076
2 0.009615384615384616 0.8942307692307693 0.019230769230769232 0.019230769230769232
2 0.15865384615384615 0.6165865384615384 0.028846153846153848 0.028846153846153848
2 0.008413461538461538 0.3088942307692308 0.016826923076923076 0.016826923076923076
2 0.010817307692307692 0.2692307692307692 0.021634615384615384 0.02403846153846154
2 0.078125 0.65625 0.03125 0.028846153846153848
2 0.17668269230769232 0.6838942307692307 0.040865384615384616 0.02403846153846154
2 0.28365384615384615 0.6454326923076923 0.028846153846153848 0.028846153846153848
2 0.22956730769230768 0.5588942307692307 0.03125 0.028846153846153848
2 0.2620192307692308 0.484375 0.02403846153846154 0.02403846153846154
2 0.3954326923076923 0.48677884615384615 0.038461538461538464 0.02403846153846154
2 0.33774038461538464 0.5649038461538461 0.03125 0.03365384615384615
2 0.026442307692307692 0.7007211538461539 0.03365384615384615 0.019230769230769232
2 0.006009615384615385 0.7512019230769231 0.01201923076923077 0.016826923076923076
2 0.003605769230769231 0.7163461538461539 0.007211538461538462 0.019230769230769232
2 0.11057692307692307 0.6310096153846154 0.028846153846153848 0.028846153846153848
2 0.06850961538461539 0.7259615384615384 0.036057692307692304 0.028846153846153848
2 0.15745192307692307 0.7103365384615384 0.026442307692307692 0.02403846153846154
2 0.22355769230769232 0.6862980769230769 0.02403846153846154 0.02403846153846154
2 0.22956730769230768 0.6117788461538461 0.028846153846153848 0.028846153846153848
2 0.296875 0.5264423076923077 0.03365384615384615 0.019230769230769232
2 0.29086538461538464 0.5480769230769231 0.02403846153846154 0.026442307692307692
2 0.37740384615384615 0.5072115384615384 0.03365384615384615 0.028846153846153848
2 0.2548076923076923 0.5877403846153846 0.028846153846153848 0.028846153846153848
2 0.03125 0.7596153846153846 0.03365384615384615 0.019230769230769232
2 0.009615384615384616 0.7932692307692307 0.019230769230769232 0.02403846153846154
2 0.008413461538461538 0.8209134615384616 0.016826923076923076 0.021634615384615384
2 0.04326923076923077 0.7788461538461539 0.028846153846153848 0.028846153846153848
2 0.06370192307692307 0.8100961538461539 0.03365384615384615 0.02403846153846154
2 0.015625 0.8473557692307693 0.026442307692307692 0.026442307692307692
2 0.009615384615384616 0.8713942307692307 0.019230769230769232 0.019230769230769232
2 0.008413461538461538 0.8629807692307693 0.016826923076923076 0.014423076923076924
2 0.006009615384615385 0.8954326923076923 0.01201923076923077 0.016826923076923076
2 0.015625 0.9314903846153846 0.021634615384615384 0.021634615384615384
2 0.2692307692307692 0.6165865384615384 0.02403846153846154 0.028846153846153848
2 0.21634615384615385 0.6514423076923077 0.02403846153846154 0.021634615384615384
2 0.13581730769230768 0.7776442307692307 0.028846153846153848 0.014423076923076924
2 0.14182692307692307 0.7475961538461539 0.02403846153846154 0.02403846153846154
2 0.20793269230769232 0.7139423076923077 0.036057692307692304 0.021634615384615384
2 0.11538461538461539 0.7319711538461539 0.02403846153846154 0.02403846153846154
2 0.15504807692307693 0.6370192307692307 0.026442307692307692 0.026442307692307692
2 0.1814903846153846 0.7391826923076923 0.038461538461538464 0.019230769230769232
2 0.25961538461538464 0.7079326923076923 0.028846153846153848 0.02403846153846154
2 0.32091346153846156 0.6478365384615384 0.026442307692307692 0.026442307692307692
2 0.40024038461538464 0.6262019230769231 0.026442307692307692 0.026442307692307692
2 0.20673076923076922 0.7596153846153846 0.028846153846153848 0.026442307692307692
2 0.109375 0.8137019230769231 0.026442307692307692 0.014423076923076924
2 0.25240384615384615 0.6646634615384616 0.028846153846153848 0.014423076923076924
2 0.15865384615384615 0.8040865384615384 0.02403846153846154 0.02403846153846154
2 0.1502403846153846 0.8257211538461539 0.021634615384615384 0.019230769230769232
2 0.18990384615384615 0.84375 0.02403846153846154 0.026442307692307692
2 0.1971153846153846 0.8605769230769231 0.028846153846153848 0.021634615384615384
2 0.05048076923076923 0.8341346153846154 0.03365384615384615 0.019230769230769232
2 0.41586538461538464 0.5721153846153846 0.03365384615384615 0.03365384615384615
2 0.36177884615384615 0.5444711538461539 0.03365384615384615 0.019230769230769232
2 0.32572115384615385 0.7704326923076923 0.03125 0.016826923076923076
2 0.28725961538461536 0.6838942307692307 0.036057692307692304 0.019230769230769232
2 0.3076923076923077 0.6201923076923077 0.028846153846153848 0.026442307692307692
2 0.26322115384615385 0.7439903846153846 0.026442307692307692 0.02403846153846154
2 0.21995192307692307 0.8233173076923077 0.021634615384615384 0.02403846153846154
2 0.3004807692307692 0.8365384615384616 0.02403846153846154 0.021634615384615384
2 0.25721153846153844 0.875 0.02403846153846154 0.026442307692307692
2 0.28365384615384615 0.90625 0.038461538461538464 0.016826923076923076
2 0.359375 0.7572115384615384 0.026442307692307692 0.019230769230769232
2 0.4014423076923077 0.7175480769230769 0.02403846153846154 0.026442307692307692
2 0.3173076923076923 0.7139423076923077 0.028846153846153848 0.019230769230769232
2 0.36899038461538464 0.6466346153846154 0.040865384615384616 0.019230769230769232
2 0.32211538461538464 0.6875 0.028846153846153848 0.02403846153846154
2 0.3629807692307692 0.6887019230769231 0.02403846153846154 0.026442307692307692
2 0.328125 0.8689903846153846 0.026442307692307692 0.01201923076923077
2 0.2980769230769231 0.8858173076923077 0.028846153846153848 0.019230769230769232
2 0.3545673076923077 0.9579326923076923 0.016826923076923076 0.016826923076923076
2 0.16826923076923078 0.9447115384615384 0.03365384615384615 0.019230769230769232
2 0.01201923076923077 0.9615384615384616 0.019230769230769232 0.019230769230769232
2 0.20072115384615385 0.7932692307692307 0.03125 0.021634615384615384
2 0.30528846153846156 0.7512019230769231 0.028846153846153848 0.028846153846153848
2 0.3088942307692308 0.7956730769230769 0.026442307692307692 0.026442307692307692
2 0.44471153846153844 0.6634615384615384 0.03365384615384615 0.019230769230769232
2 0.41466346153846156 0.7427884615384616 0.03125 0.03365384615384615
2 0.46033653846153844 0.7163461538461539 0.02403846153846154 0.02403846153846154
2 0.33653846153846156 0.6021634615384616 0.02403846153846154 0.02403846153846154
2 0.2247596153846154 0.8978365384615384 0.026442307692307692 0.02403846153846154
2 0.13581730769230768 0.8954326923076923 0.03125 0.019230769230769232
2 0.0733173076923077 0.8966346153846154 0.021634615384615384 0.02403846153846154
2 0.21875 0.9795673076923077 0.028846153846153848 0.028846153846153848
2 0.20793269230769232 0.8774038461538461 0.03125 0.01201923076923077
2 0.17067307692307693 0.8846153846153846 0.02403846153846154 0.021634615384615384
2 0.4639423076923077 0.006009615384615385 0.04807692307692308 0.01201923076923077
2 0.39903846153846156 0.009615384615384616 0.028846153846153848 0.019230769230769232
2 0.3425480769230769 0.04927884615384615 0.036057692307692304 0.036057692307692304
2 0.3605769230769231 0.11778846153846154 0.04807692307692308 0.028846153846153848
2 0.3317307692307692 0.1622596153846154 0.038461538461538464 0.02403846153846154
2 0.34975961538461536 0.22115384615384615 0.04567307692307692 0.02403846153846154
2 0.38221153846153844 0.30528846153846156 0.028846153846153848 0.028846153846153848
2 0.4098557692307692 0.24759615384615385 0.03125 0.028846153846153848
2 0.43990384615384615 0.28846153846153844 0.03365384615384615 0.03365384615384615
2 0.5408653846153846 0.2536057692307692 0.04326923076923077 0.028846153846153848
2 0.4879807692307692 0.3088942307692308 0.03365384615384615 0.036057692307692304
2 0.5480769230769231 0.3329326923076923 0.038461538461538464 0.038461538461538464
2 0.5516826923076923 0.3004807692307692 0.036057692307692304 0.036057692307692304
2 0.5216346153846154 0.18389423076923078 0.028846153846153848 0.03365384615384615
2 0.40625 0.16706730769230768 0.028846153846153848 0.03125
2 0.4266826923076923 0.13822115384615385 0.036057692307692304 0.036057692307692304
2 0.5528846153846154 0.006009615384615385 0.04326923076923077 0.01201923076923077
2 0.6598557692307693 0.008413461538461538 0.026442307692307692 0.016826923076923076
2 0.5793269230769231 0.02283653846153846 0.038461538461538464 0.03365384615384615
2 0.5649038461538461 0.007211538461538462 0.03365384615384615 0.014423076923076924
2 0.5997596153846154 0.007211538461538462 0.026442307692307692 0.014423076923076924
2 0.5721153846153846 0.006009615384615385 0.02403846153846154 0.01201923076923077
2 0.7439903846153846 0.006009615384615385 0.021634615384615384 0.01201923076923077
2 0.6478365384615384 0.003605769230769231 0.040865384615384616 0.007211538461538462
2 0.6346153846153846 0.007211538461538462 0.04326923076923077 0.014423076923076924
2 0.41947115384615385 0.009615384615384616 0.03125 0.019230769230769232
2 0.4014423076923077 0.08653846153846154 0.04326923076923077 0.038461538461538464
2 0.4567307692307692 0.08173076923076923 0.03365384615384615 0.03365384615384615
2 0.4963942307692308 0.057692307692307696 0.04807692307692308 0.03365384615384615
2 0.6742788461538461 0.09975961538461539 0.03125 0.028846153846153848
2 0.5769230769230769 0.16105769230769232 0.04326923076923077 0.03125
2 0.4699519230769231 0.20432692307692307 0.036057692307692304 0.028846153846153848
2 0.3762019230769231 0.19951923076923078 0.038461538461538464 0.02403846153846154
2 0.6153846153846154 0.14182692307692307 0.03365384615384615 0.03125
2 0.6598557692307693 0.021634615384615384 0.03125 0.03125
2 0.6334134615384616 0.042067307692307696 0.03125 0.03365384615384615
2 0.7716346153846154 0.004807692307692308 0.019230769230769232 0.009615384615384616
2 0.8016826923076923 0.007211538461538462 0.026442307692307692 0.014423076923076924
2 0.6959134615384616 0.0673076923076923 0.038461538461538464 0.026442307692307692
2 0.46274038461538464 0.23076923076923078 0.026442307692307692 0.028846153846153848
2 0.5841346153846154 0.004807692307692308 0.038461538461538464 0.009615384615384616
2 0.8725961538461539 0.006009615384615385 0.03365384615384615 0.01201923076923077
2 0.8629807692307693 0.004807692307692308 0.038461538461538464 0.009615384615384616
2 0.6213942307692307 0.22596153846153846 0.03125 0.03125
2 0.6490384615384616 0.171875 0.038461538461538464 0.028846153846153848
2 0.5661057692307693 0.07211538461538461 0.06009615384615385 0.036057692307692304
2 0.7139423076923077 0.003605769230769231 0.04807692307692308 0.007211538461538462
2 0.5360576923076923 0.004807692307692308 0.03365384615384615 0.009615384615384616
2 0.8076923076923077 0.006009615384615385 0.02403846153846154 0.01201923076923077
2 0.7896634615384616 0.004807692307692308 0.040865384615384616 0.009615384615384616
2 0.8954326923076923 0.002403846153846154 0.040865384615384616 0.004807692307692308
2 0.9254807692307693 0.003605769230769231 0.0625 0.007211538461538462
2 0.5048076923076923 0.28125 0.03365384615384615 0.03365384615384615
2 0.8653846153846154 0.008413461538461538 0.028846153846153848 0.016826923076923076
2 0.828125 0.008413461538461538 0.026442307692307692 0.016826923076923076
2 0.9122596153846154 0.009615384615384616 0.036057692307692304 0.019230769230769232
2 0.48677884615384615 0.15384615384615385 0.040865384615384616 0.04326923076923077
2 0.4807692307692308 0.11778846153846154 0.038461538461538464 0.038461538461538464
2 0.5276442307692307 0.12259615384615384 0.03125 0.03125
2 0.5997596153846154 0.10697115384615384 0.036057692307692304 0.03365384615384615
2 0.7632211538461539 0.030048076923076924 0.04807692307692308 0.026442307692307692
2 0.7632211538461539 0.006009615384615385 0.040865384615384616 0.01201923076923077
2 0.7487980769230769 0.010817307692307692 0.03125 0.021634615384615384
2 0.7427884615384616 0.09495192307692307 0.04326923076923077 0.021634615384615384
2 0.7908653846153846 0.04927884615384615 0.038461538461538464 0.036057692307692304
2 0.8473557692307693 0.027644230769230768 0.05048076923076923 0.026442307692307692
2 0.6850961538461539 0.003605769230769231 0.028846153846153848 0.007211538461538462