2 0.109375 0.009615384615384616 0.028846153846153848 0.004807692307692308
2 0.18629807692307693 0.010817307692307692 0.014423076923076924 0.01201923076923077
2 0.18389423076923078 0.009615384615384616 0.028846153846153848 0.007211538461538462
2 0.13701923076923078 0.010817307692307692 0.03125 0.009615384615384616
2 0.12860576923076922 0.01201923076923077 0.019230769230769232 0.01201923076923077
2 0.0829326923076923 0.010817307692307692 0.028846153846153848 0.007211538461538462
2 0.18509615384615385 0.009615384615384616 0.03125 0.007211538461538462
2 0.2439903846153846 0.008413461538461538 0.028846153846153848 0.007211538461538462
2 0.24158653846153846 0.01201923076923077 0.019230769230769232 0.014423076923076924
2 0.25240384615384615 0.010817307692307692 0.026442307692307692 0.01201923076923077
2 0.21514423076923078 0.019230769230769232 0.02403846153846154 0.02403846153846154
2 0.16466346153846154 0.010817307692307692 0.028846153846153848 0.009615384615384616
2 0.12740384615384615 0.013221153846153846 0.021634615384615384 0.014423076923076924
2 0.08533653846153846 0.01201923076923077 0.02403846153846154 0.009615384615384616
2 0.09254807692307693 0.01201923076923077 0.03365384615384615 0.009615384615384616
2 0.15865384615384615 0.03125 0.026442307692307692 0.026442307692307692
2 0.19230769230769232 0.03125 0.026442307692307692 0.019230769230769232
2 0.19831730769230768 0.04807692307692308 0.028846153846153848 0.02403846153846154
2 0.23557692307692307 0.05889423076923077 0.028846153846153848 0.016826923076923076
2 0.2608173076923077 0.05889423076923077 0.026442307692307692 0.02403846153846154
2 0.27884615384615385 0.04326923076923077 0.026442307692307692 0.026442307692307692
2 0.2536057692307692 0.03485576923076923 0.03365384615384615 0.016826923076923076
2 0.296875 0.02283653846153846 0.02403846153846154 0.019230769230769232
2 0.1658653846153846 0.08052884615384616 0.028846153846153848 0.014423076923076924
2 0.203125 0.06610576923076923 0.021634615384615384 0.021634615384615384
2 0.1502403846153846 0.0625 0.021634615384615384 0.02403846153846154
2 0.17908653846153846 0.06490384615384616 0.021634615384615384 0.021634615384615384
2 0.09735576923076923 0.0673076923076923 0.021634615384615384 0.019230769230769232
2 0.11298076923076923 0.04927884615384615 0.026442307692307692 0.019230769230769232
2 0.1141826923076923 0.03125 0.02403846153846154 0.019230769230769232
2 0.109375 0.08173076923076923 0.026442307692307692 0.02403846153846154
2 0.1346153846153846 0.09735576923076923 0.02403846153846154 0.019230769230769232
2 0.10697115384615384 0.10817307692307693 0.02403846153846154 0.02403846153846154
2 0.18509615384615385 0.10216346153846154 0.028846153846153848 0.019230769230769232
2 0.24879807692307693 0.09735576923076923 0.03125 0.021634615384615384
2 0.2620192307692308 0.07692307692307693 0.028846153846153848 0.026442307692307692
2 0.3112980769230769 0.09495192307692307 0.03125 0.02403846153846154
2 0.2932692307692308 0.08413461538461539 0.028846153846153848 0.02403846153846154
2 0.359375 0.06009615384615385 0.026442307692307692 0.028846153846153848
2 0.19110576923076922 0.1201923076923077 0.03365384615384615 0.019230769230769232
2 0.30528846153846156 0.11778846153846154 0.026442307692307692 0.021634615384615384
2 0.296875 0.14783653846153846 0.026442307692307692 0.02403846153846154
2 0.3858173076923077 0.1310096153846154 0.026442307692307692 0.026442307692307692
2 0.42908653846153844 0.1310096153846154 0.026442307692307692 0.02403846153846154
2 0.39903846153846156 0.09495192307692307 0.02403846153846154 0.02403846153846154
2 0.40384615384615385 0.11298076923076923 0.03125 0.016826923076923076
2 0.3449519230769231 0.10096153846153846 0.02403846153846154 0.02403846153846154
2 0.2692307692307692 0.15865384615384615 0.02403846153846154 0.02403846153846154
2 0.2536057692307692 0.1502403846153846 0.03125 0.021634615384615384
2 0.234375 0.14543269230769232 0.028846153846153848 0.019230769230769232
2 0.27283653846153844 0.17427884615384615 0.03125 0.014423076923076924
2 0.30408653846153844 0.17668269230769232 0.026442307692307692 0.028846153846153848
2 0.3894230769230769 0.16947115384615385 0.028846153846153848 0.026442307692307692
2 0.39783653846153844 0.18028846153846154 0.026442307692307692 0.026442307692307692
2 0.4266826923076923 0.19591346153846154 0.028846153846153848 0.02403846153846154
2 0.38822115384615385 0.20793269230769232 0.02403846153846154 0.02403846153846154
2 0.44471153846153844 0.22115384615384615 0.026442307692307692 0.026442307692307692
2 0.4026442307692308 0.22235576923076922 0.02403846153846154 0.028846153846153848
2 0.43509615384615385 0.2512019230769231 0.021634615384615384 0.02403846153846154
2 0.41586538461538464 0.24278846153846154 0.026442307692307692 0.021634615384615384
2 0.40384615384615385 0.26322115384615385 0.02403846153846154 0.02403846153846154
2 0.4170673076923077 0.3004807692307692 0.026442307692307692 0.016826923076923076
2 0.390625 0.29086538461538464 0.028846153846153848 0.02403846153846154
2 0.359375 0.30528846153846156 0.026442307692307692 0.028846153846153848
2 0.39663461538461536 0.30649038461538464 0.02403846153846154 0.02403846153846154
2 0.33052884615384615 0.27524038461538464 0.03125 0.021634615384615384
2 0.3545673076923077 0.28966346153846156 0.026442307692307692 0.026442307692307692
2 0.31971153846153844 0.30528846153846156 0.028846153846153848 0.021634615384615384
2 0.328125 0.32211538461538464 0.028846153846153848 0.019230769230769232
2 0.3762019230769231 0.32211538461538464 0.02403846153846154 0.02403846153846154
2 0.3088942307692308 0.3293269230769231 0.02403846153846154 0.026442307692307692
2 0.36778846153846156 0.2620192307692308 0.02403846153846154 0.019230769230769232
2 0.38221153846153844 0.25721153846153844 0.021634615384615384 0.019230769230769232
2 0.39302884615384615 0.23798076923076922 0.02403846153846154 0.019230769230769232
2 0.3762019230769231 0.22596153846153846 0.02403846153846154 0.028846153846153848
2 0.3485576923076923 0.21754807692307693 0.02403846153846154 0.021634615384615384
2 0.3557692307692308 0.19951923076923078 0.03125 0.019230769230769232
2 0.36538461538461536 0.1778846153846154 0.03365384615384615 0.02403846153846154
2 0.34375 0.16706730769230768 0.03365384615384615 0.021634615384615384
2 0.28725961538461536 0.1971153846153846 0.03365384615384615 0.021634615384615384
2 0.33413461538461536 0.20552884615384615 0.021634615384615384 0.026442307692307692
2 0.31971153846153844 0.19471153846153846 0.02403846153846154 0.016826923076923076
2 0.2848557692307692 0.21754807692307693 0.028846153846153848 0.02403846153846154
2 0.3088942307692308 0.2247596153846154 0.02403846153846154 0.02403846153846154
2 0.2704326923076923 0.23317307692307693 0.02403846153846154 0.021634615384615384
2 0.28725961538461536 0.25721153846153844 0.02403846153846154 0.02403846153846154
2 0.24879807692307693 0.25600961538461536 0.03365384615384615 0.016826923076923076
2 0.24759615384615385 0.19471153846153846 0.03125 0.019230769230769232
2 0.20673076923076922 0.18990384615384615 0.019230769230769232 0.019230769230769232
2 0.23677884615384615 0.1778846153846154 0.02403846153846154 0.02403846153846154
2 0.18509615384615385 0.16826923076923078 0.03365384615384615 0.016826923076923076
2 0.19831730769230768 0.15144230769230768 0.026442307692307692 0.019230769230769232
2 0.20673076923076922 0.13942307692307693 0.028846153846153848 0.019230769230769232
2 0.18870192307692307 0.20673076923076922 0.02403846153846154 0.026442307692307692
2 0.15865384615384615 0.18870192307692307 0.028846153846153848 0.028846153846153848
2 0.15264423076923078 0.15745192307692307 0.03125 0.019230769230769232
2 0.14302884615384615 0.125 0.028846153846153848 0.016826923076923076
2 0.1045673076923077 0.14182692307692307 0.026442307692307692 0.019230769230769232
2 0.11177884615384616 0.12379807692307693 0.03365384615384615 0.021634615384615384
2 0.15625 0.013221153846153846 0.036057692307692304 0.014423076923076924
2 0.06129807692307692 0.025240384615384616 0.02403846153846154 0.026442307692307692
2 0.06610576923076923 0.01201923076923077 0.03365384615384615 0.009615384615384616
2 0.06490384615384616 0.01201923076923077 0.03125 0.009615384615384616
2 0.33653846153846156 0.23677884615384615 0.026442307692307692 0.026442307692307692
2 0.2824519230769231 0.28846153846153844 0.026442307692307692 0.021634615384615384
2 0.3173076923076923 0.2644230769230769 0.03365384615384615 0.016826923076923076
2 0.2932692307692308 0.1346153846153846 0.03365384615384615 0.021634615384615384
2 0.22355769230769232 0.09495192307692307 0.028846153846153848 0.021634615384615384
2 0.49158653846153844 0.3954326923076923 0.021634615384615384 0.021634615384615384
2 0.4182692307692308 0.4026442307692308 0.021634615384615384 0.019230769230769232
2 0.4338942307692308 0.41466346153846156 0.028846153846153848 0.014423076923076924
2 0.47475961538461536 0.421875 0.02403846153846154 0.026442307692307692
2 0.484375 0.4326923076923077 0.03365384615384615 0.019230769230769232
2 0.5144230769230769 0.4387019230769231 0.026442307692307692 0.016826923076923076
2 0.4519230769230769 0.44471153846153844 0.021634615384615384 0.021634615384615384
2 0.4987980769230769 0.4567307692307692 0.02403846153846154 0.02403846153846154
2 0.4026442307692308 0.453125 0.028846153846153848 0.014423076923076924
2 0.41466346153846156 0.48197115384615385 0.028846153846153848 0.014423076923076924
2 0.453125 0.4699519230769231 0.021634615384615384 0.02403846153846154
2 0.5228365384615384 0.46875 0.036057692307692304 0.019230769230769232
2 0.49158653846153844 0.46875 0.026442307692307692 0.019230769230769232
2 0.48677884615384615 0.49038461538461536 0.02403846153846154 0.02403846153846154
2 0.5901442307692307 0.47596153846153844 0.03365384615384615 0.016826923076923076
2 0.6021634615384616 0.4891826923076923 0.036057692307692304 0.019230769230769232
2 0.640625 0.49399038461538464 0.03125 0.016826923076923076
2 0.6346153846153846 0.5144230769230769 0.019230769230769232 0.019230769230769232
2 0.6514423076923077 0.5252403846153846 0.02403846153846154 0.016826923076923076
2 0.6670673076923077 0.5444711538461539 0.021634615384615384 0.019230769230769232
2 0.7127403846153846 0.5504807692307693 0.021634615384615384 0.021634615384615384
2 0.6694711538461539 0.5685096153846154 0.021634615384615384 0.021634615384615384
2 0.6995192307692307 0.578125 0.02403846153846154 0.02403846153846154
2 0.7043269230769231 0.5973557692307693 0.02403846153846154 0.019230769230769232
2 0.7163461538461539 0.6237980769230769 0.021634615384615384 0.02403846153846154
2 0.6550480769230769 0.6646634615384616 0.02403846153846154 0.021634615384615384
2 0.65625 0.6442307692307693 0.026442307692307692 0.014423076923076924
2 0.6598557692307693 0.6310096153846154 0.02403846153846154 0.021634615384615384
2 0.6670673076923077 0.6129807692307693 0.02403846153846154 0.019230769230769232
2 0.6550480769230769 0.5901442307692307 0.021634615384615384 0.021634615384615384
2 0.6358173076923077 0.5504807692307693 0.021634615384615384 0.02403846153846154
2 0.6117788461538461 0.5300480769230769 0.02403846153846154 0.021634615384615384
2 0.546875 0.5108173076923077 0.026442307692307692 0.02403846153846154
2 0.5600961538461539 0.5240384615384616 0.02403846153846154 0.016826923076923076
2 0.5901442307692307 0.5360576923076923 0.03125 0.016826923076923076
2 0.5576923076923077 0.47115384615384615 0.028846153846153848 0.016826923076923076
2 0.5264423076923077 0.49038461538461536 0.028846153846153848 0.014423076923076924
2 0.5228365384615384 0.5132211538461539 0.03125 0.019230769230769232
2 0.4831730769230769 0.5120192307692307 0.028846153846153848 0.014423076923076924
2 0.4338942307692308 0.49278846153846156 0.026442307692307692 0.021634615384615384
2 0.39302884615384615 0.5036057692307693 0.03125 0.021634615384615384
2 0.3894230769230769 0.5360576923076923 0.02403846153846154 0.02403846153846154
2 0.3557692307692308 0.5216346153846154 0.021634615384615384 0.02403846153846154
2 0.4735576923076923 0.5625 0.028846153846153848 0.014423076923076924
2 0.44591346153846156 0.5300480769230769 0.028846153846153848 0.019230769230769232
2 0.43990384615384615 0.515625 0.02403846153846154 0.019230769230769232
2 0.41346153846153844 0.5528846153846154 0.028846153846153848 0.021634615384615384
2 0.42427884615384615 0.5348557692307693 0.019230769230769232 0.019230769230769232
2 0.6322115384615384 0.5612980769230769 0.02403846153846154 0.01201923076923077
2 0.6009615384615384 0.5528846153846154 0.019230769230769232 0.016826923076923076
2 0.5769230769230769 0.5456730769230769 0.019230769230769232 0.01201923076923077
2 0.5456730769230769 0.5396634615384616 0.02403846153846154 0.009615384615384616
2 0.5600961538461539 0.5504807692307693 0.014423076923076924 0.016826923076923076
2 0.578125 0.5612980769230769 0.019230769230769232 0.009615384615384616
2 0.5360576923076923 0.5528846153846154 0.02403846153846154 0.009615384615384616
2 0.53125 0.5264423076923077 0.021634615384615384 0.014423076923076924
2 0.5024038461538461 0.5252403846153846 0.019230769230769232 0.01201923076923077
2 0.48677884615384615 0.5348557692307693 0.016826923076923076 0.01201923076923077
2 0.5492788461538461 0.6021634615384616 0.021634615384615384 0.019230769230769232
2 0.5432692307692307 0.6117788461538461 0.016826923076923076 0.014423076923076924
2 0.5396634615384616 0.6189903846153846 0.019230769230769232 0.019230769230769232
2 0.45913461538461536 0.6694711538461539 0.021634615384615384 0.009615384615384616
2 0.5060096153846154 0.6622596153846154 0.014423076923076924 0.016826923076923076
2 0.5360576923076923 0.6790865384615384 0.019230769230769232 0.01201923076923077
2 0.59375 0.6730769230769231 0.019230769230769232 0.01201923076923077
2 0.4987980769230769 0.6382211538461539 0.019230769230769232 0.016826923076923076
2 0.4891826923076923 0.6538461538461539 0.014423076923076924 0.014423076923076924
2 0.46634615384615385 0.6370192307692307 0.016826923076923076 0.01201923076923077
2 0.4723557692307692 0.6490384615384616 0.014423076923076924 0.014423076923076924
2 0.4855769230769231 0.6286057692307693 0.016826923076923076 0.016826923076923076
2 0.46875 0.6057692307692307 0.016826923076923076 0.01201923076923077
2 0.4987980769230769 0.5817307692307693 0.016826923076923076 0.009615384615384616
2 0.5649038461538461 0.578125 0.014423076923076924 0.019230769230769232
2 0.5144230769230769 0.5817307692307693 0.019230769230769232 0.009615384615384616
2 0.5324519230769231 0.6346153846153846 0.014423076923076924 0.009615384615384616
2 0.5384615384615384 0.6490384615384616 0.016826923076923076 0.009615384615384616
2 0.5504807692307693 0.6550480769230769 0.021634615384615384 0.009615384615384616
2 0.5600961538461539 0.625 0.014423076923076924 0.01201923076923077
2 0.5709134615384616 0.6189903846153846 0.019230769230769232 0.009615384615384616
2 0.41225961538461536 0.5853365384615384 0.026442307692307692 0.014423076923076924
2 0.4795673076923077 0.5757211538461539 0.021634615384615384 0.01201923076923077
2 0.4639423076923077 0.5757211538461539 0.019230769230769232 0.014423076923076924
2 0.44711538461538464 0.5865384615384616 0.019230769230769232 0.021634615384615384
2 0.4675480769230769 0.5865384615384616 0.016826923076923076 0.009615384615384616
2 0.45072115384615385 0.5552884615384616 0.016826923076923076 0.016826923076923076
2 0.5264423076923077 0.5925480769230769 0.019230769230769232 0.01201923076923077
2 0.5721153846153846 0.5889423076923077 0.019230769230769232 0.014423076923076924
2 0.59375 0.5829326923076923 0.014423076923076924 0.019230769230769232
2 0.5576923076923077 0.6814903846153846 0.019230769230769232 0.014423076923076924
2 0.6237980769230769 0.6490384615384616 0.02403846153846154 0.014423076923076924
2 0.5793269230769231 0.6310096153846154 0.021634615384615384 0.014423076923076924
2 0.5673076923076923 0.6418269230769231 0.021634615384615384 0.021634615384615384
2 0.5096153846153846 0.6286057692307693 0.016826923076923076 0.016826923076923076
2 0.4699519230769231 0.6201923076923077 0.019230769230769232 0.021634615384615384
2 0.34975961538461536 0.5372596153846154 0.026442307692307692 0.016826923076923076
2 0.3762019230769231 0.5360576923076923 0.021634615384615384 0.019230769230769232
2 0.39663461538461536 0.5180288461538461 0.026442307692307692 0.014423076923076924
2 0.4831730769230769 0.45072115384615385 0.019230769230769232 0.016826923076923076
2 0.5384615384615384 0.5733173076923077 0.028846153846153848 0.016826923076923076
2 0.6225961538461539 0.25961538461538464 0.014423076923076924 0.014423076923076924
2 0.6310096153846154 0.2692307692307692 0.016826923076923076 0.009615384615384616
2 0.6370192307692307 0.2776442307692308 0.019230769230769232 0.007211538461538462
2 0.6442307692307693 0.2920673076923077 0.019230769230769232 0.016826923076923076
2 0.6622596153846154 0.30649038461538464 0.016826923076923076 0.016826923076923076
2 0.6394230769230769 0.3125 0.021634615384615384 0.014423076923076924
2 0.6057692307692307 0.28725961538461536 0.014423076923076924 0.01201923076923077
2 0.6081730769230769 0.27163461538461536 0.014423076923076924 0.014423076923076924
2 0.5721153846153846 0.30528846153846156 0.019230769230769232 0.01201923076923077
2 0.5432692307692307 0.3004807692307692 0.014423076923076924 0.01201923076923077
2 0.5300480769230769 0.3233173076923077 0.014423076923076924 0.01201923076923077
2 0.5649038461538461 0.2860576923076923 0.019230769230769232 0.01201923076923077
2 0.6117788461538461 0.2980769230769231 0.021634615384615384 0.014423076923076924
2 0.4675480769230769 0.3245192307692308 0.014423076923076924 0.009615384615384616
2 0.47475961538461536 0.3389423076923077 0.016826923076923076 0.009615384615384616
2 0.4651442307692308 0.31490384615384615 0.019230769230769232 0.01201923076923077
2 0.47596153846153844 0.30528846153846156 0.019230769230769232 0.014423076923076924
2 0.43509615384615385 0.3245192307692308 0.01201923076923077 0.01201923076923077
2 0.4170673076923077 0.328125 0.019230769230769232 0.009615384615384616
2 0.4987980769230769 0.35697115384615385 0.016826923076923076 0.01201923076923077
2 0.44711538461538464 0.34615384615384615 0.019230769230769232 0.01201923076923077
2 0.421875 0.36177884615384615 0.01201923076923077 0.014423076923076924
2 0.5216346153846154 0.35096153846153844 0.014423076923076924 0.014423076923076924
2 0.5072115384615384 0.32091346153846156 0.016826923076923076 0.016826923076923076
2 0.5889423076923077 0.27524038461538464 0.019230769230769232 0.014423076923076924
2 0.4326923076923077 0.4326923076923077 0.021634615384615384 0.01201923076923077
2 0.5961538461538461 0.31009615384615385 0.016826923076923076 0.016826923076923076
2 0.6189903846153846 0.6286057692307693 0.028846153846153848 0.016826923076923076
2 0.6069711538461539 0.6021634615384616 0.016826923076923076 0.019230769230769232
2 0.48197115384615385 0.5985576923076923 0.019230769230769232 0.019230769230769232
2 0.36899038461538464 0.7379807692307693 0.009615384615384616 0.009615384615384616
2 0.37259615384615385 0.7548076923076923 0.009615384615384616 0.009615384615384616
2 0.3737980769230769 0.7692307692307693 0.01201923076923077 0.009615384615384616
2 0.3786057692307692 0.7800480769230769 0.01201923076923077 0.007211538461538462
2 0.38221153846153844 0.8052884615384616 0.014423076923076924 0.009615384615384616
2 0.40865384615384615 0.796875 0.009615384615384616 0.009615384615384616
2 0.46033653846153844 0.7620192307692307 0.01201923076923077 0.01201923076923077
2 0.43149038461538464 0.8209134615384616 0.014423076923076924 0.009615384615384616
2 0.44471153846153844 0.71875 0.009615384615384616 0.007211538461538462
2 0.4387019230769231 0.7115384615384616 0.01201923076923077 0.007211538461538462
2 0.42427884615384615 0.8569711538461539 0.009615384615384616 0.009615384615384616
2 0.45552884615384615 0.8173076923076923 0.014423076923076924 0.007211538461538462
2 0.4230769230769231 0.7536057692307693 0.009615384615384616 0.009615384615384616
2 0.39903846153846156 0.7391826923076923 0.007211538461538462 0.009615384615384616
2 0.38461538461538464 0.7379807692307693 0.007211538461538462 0.009615384615384616
2 0.4050480769230769 0.7596153846153846 0.009615384615384616 0.007211538461538462
2 0.4026442307692308 0.8269230769230769 0.009615384615384616 0.004807692307692308
2 0.4543269230769231 0.9699519230769231 0.019230769230769232 0.014423076923076924
2 0.6165865384615384 0.5793269230769231 0.03125 0.019230769230769232