2 0.9915865384615384 0.5853365384615384 0.016826923076923076 0.0985576923076923
2 0.9567307692307693 0.6237980769230769 0.07932692307692307 0.07692307692307693
2 0.8942307692307693 0.6286057692307693 0.06490384615384616 0.07451923076923077
2 0.9567307692307693 0.5084134615384616 0.06971153846153846 0.06971153846153846
2 0.9747596153846154 0.46153846153846156 0.05048076923076923 0.06009615384615385
2 0.9915865384615384 0.36658653846153844 0.016826923076923076 0.08173076923076923
2 0.9675480769230769 0.3269230769230769 0.06490384615384616 0.06971153846153846
2 0.9903846153846154 0.21394230769230768 0.019230769230769232 0.06009615384615385
2 0.9591346153846154 0.25721153846153844 0.06490384615384616 0.07211538461538461
2 0.9543269230769231 0.11658653846153846 0.04326923076923077 0.06009615384615385
2 0.9963942307692307 0.171875 0.007211538461538462 0.0673076923076923
2 0.9855769230769231 0.09375 0.028846153846153848 0.04567307692307692
2 0.9170673076923077 0.12740384615384615 0.04807692307692308 0.0673076923076923
2 0.9543269230769231 0.027644230769230768 0.04326923076923077 0.04326923076923077
2 0.9975961538461539 0.08774038461538461 0.004807692307692308 0.04807692307692308
2 0.8930288461538461 0.026442307692307692 0.04326923076923077 0.04807692307692308
2 0.8701923076923077 0.13221153846153846 0.04567307692307692 0.04567307692307692
2 0.9194711538461539 0.23197115384615385 0.05048076923076923 0.05048076923076923
2 0.8870192307692307 0.2932692307692308 0.04567307692307692 0.04807692307692308
2 0.8233173076923077 0.5252403846153846 0.06009615384615385 0.0625
2 0.7824519230769231 0.5877403846153846 0.04807692307692308 0.057692307692307696
2 0.7379807692307693 0.47475961538461536 0.04326923076923077 0.057692307692307696
2 0.6971153846153846 0.49759615384615385 0.057692307692307696 0.057692307692307696
2 0.6959134615384616 0.6117788461538461 0.05048076923076923 0.05048076923076923
2 0.6538461538461539 0.6189903846153846 0.04807692307692308 0.04807692307692308
2 0.6057692307692307 0.5805288461538461 0.04567307692307692 0.052884615384615384
2 0.5757211538461539 0.47836538461538464 0.055288461538461536 0.052884615384615384
2 0.6298076923076923 0.49038461538461536 0.04326923076923077 0.04567307692307692
2 0.6814903846153846 0.44711538461538464 0.04326923076923077 0.04807692307692308
2 0.7403846153846154 0.4182692307692308 0.04567307692307692 0.052884615384615384
2 0.6947115384615384 0.39903846153846156 0.04567307692307692 0.052884615384615384
2 0.8173076923076923 0.4375 0.055288461538461536 0.055288461538461536
2 0.8088942307692307 0.30528846153846156 0.04326923076923077 0.052884615384615384
2 0.7427884615384616 0.2824519230769231 0.04567307692307692 0.04807692307692308
2 0.7584134615384616 0.18269230769230768 0.04807692307692308 0.04807692307692308
2 0.828125 0.18870192307692307 0.04567307692307692 0.052884615384615384
2 0.8425480769230769 0.25240384615384615 0.04326923076923077 0.06009615384615385
2 0.8016826923076923 0.08173076923076923 0.055288461538461536 0.052884615384615384
2 0.7836538461538461 0.1814903846153846 0.036057692307692304 0.055288461538461536
2 0.7800480769230769 0.27283653846153844 0.03365384615384615 0.05048076923076923
2 0.8245192307692307 0.027644230769230768 0.04326923076923077 0.052884615384615384
2 0.7475961538461539 0.11298076923076923 0.04807692307692308 0.052884615384615384
2 0.7079326923076923 0.07692307692307693 0.040865384615384616 0.057692307692307696
2 0.7067307692307693 0.23076923076923078 0.04567307692307692 0.07692307692307693
2 0.7223557692307693 0.3605769230769231 0.04567307692307692 0.04807692307692308
2 0.7487980769230769 0.35216346153846156 0.036057692307692304 0.038461538461538464
2 0.7680288461538461 0.33413461538461536 0.040865384615384616 0.04326923076923077
2 0.8569711538461539 0.02403846153846154 0.03365384615384615 0.036057692307692304
2 0.7536057692307693 0.03125 0.038461538461538464 0.04326923076923077
2 0.7067307692307693 0.1778846153846154 0.04807692307692308 0.04807692307692308
2 0.6586538461538461 0.20192307692307693 0.04326923076923077 0.06009615384615385
2 0.6887019230769231 0.2824519230769231 0.052884615384615384 0.05048076923076923
2 0.6442307692307693 0.3581730769230769 0.052884615384615384 0.06009615384615385
2 0.59375 0.22355769230769232 0.052884615384615384 0.052884615384615384
2 0.6382211538461539 0.140625 0.04807692307692308 0.052884615384615384
2 0.6009615384615384 0.15985576923076922 0.05048076923076923 0.05048076923076923
2 0.671875 0.02403846153846154 0.03365384615384615 0.04807692307692308
2 0.5733173076923077 0.4206730769230769 0.04807692307692308 0.04326923076923077
2 0.6105769230769231 0.4375 0.05048076923076923 0.05048076923076923
2 0.5432692307692307 0.5048076923076923 0.038461538461538464 0.052884615384615384
2 0.5036057692307693 0.4675480769230769 0.04567307692307692 0.06490384615384616
2 0.46153846153846156 0.5360576923076923 0.055288461538461536 0.055288461538461536
2 0.4483173076923077 0.4807692307692308 0.05048076923076923 0.05048076923076923
2 0.4098557692307692 0.4266826923076923 0.04807692307692308 0.04807692307692308
2 0.4338942307692308 0.28365384615384615 0.04326923076923077 0.06009615384615385
2 0.41225961538461536 0.25600961538461536 0.04567307692307692 0.04807692307692308
2 0.47115384615384615 0.296875 0.040865384615384616 0.05048076923076923
2 0.4579326923076923 0.3798076923076923 0.05048076923076923 0.06009615384615385
2 0.5060096153846154 0.375 0.055288461538461536 0.0673076923076923
2 0.5480769230769231 0.3173076923076923 0.05048076923076923 0.057692307692307696
2 0.5084134615384616 0.2403846153846154 0.05048076923076923 0.04807692307692308
2 0.5625 0.25 0.04807692307692308 0.04326923076923077
2 0.6117788461538461 0.35096153846153844 0.055288461538461536 0.055288461538461536
2 0.1875 0.6790865384615384 0.040865384615384616 0.05048076923076923
2 0.12379807692307693 0.6081730769230769 0.04807692307692308 0.07211538461538461
2 0.09014423076923077 0.6262019230769231 0.05048076923076923 0.07451923076923077
2 0.19831730769230768 0.48197115384615385 0.04807692307692308 0.04807692307692308
2 0.15625 0.5012019230769231 0.038461538461538464 0.055288461538461536
2 0.1141826923076923 0.515625 0.05048076923076923 0.0673076923076923
2 0.0673076923076923 0.5336538461538461 0.055288461538461536 0.057692307692307696
2 0.06129807692307692 0.6995192307692307 0.04326923076923077 0.0625
2 0.021634615384615384 0.6610576923076923 0.04326923076923077 0.06490384615384616
2 0.007211538461538462 0.45552884615384615 0.01201923076923077 0.04807692307692308
2 0.06610576923076923 0.453125 0.04326923076923077 0.040865384615384616
2 0.025240384615384616 0.453125 0.04807692307692308 0.04807692307692308
2 0.4387019230769231 0.9855769230769231 0.02403846153846154 0.021634615384615384
2 0.4182692307692308 0.9855769230769231 0.026442307692307692 0.021634615384615384
2 0.3954326923076923 0.9855769230769231 0.02403846153846154 0.021634615384615384
2 0.36899038461538464 0.984375 0.02403846153846154 0.021634615384615384
2 0.3389423076923077 0.9855769230769231 0.026442307692307692 0.019230769230769232
2 0.41586538461538464 0.9867788461538461 0.021634615384615384 0.019230769230769232
2 0.38100961538461536 0.984375 0.02403846153846154 0.021634615384615384
2 0.3713942307692308 0.984375 0.028846153846153848 0.021634615384615384
2 0.3425480769230769 0.984375 0.02403846153846154 0.021634615384615384
2 0.35336538461538464 0.9831730769230769 0.03125 0.02403846153846154
2 0.3137019230769231 0.9831730769230769 0.028846153846153848 0.021634615384615384
2 0.40625 0.9795673076923077 0.03125 0.03365384615384615
2 0.38822115384615385 0.9411057692307693 0.036057692307692304 0.040865384615384616
2 0.36778846153846156 0.890625 0.028846153846153848 0.040865384615384616
2 0.3473557692307692 0.9459134615384616 0.04326923076923077 0.040865384615384616
2 0.33533653846153844 0.9831730769230769 0.03365384615384615 0.02403846153846154
2 0.30649038461538464 0.9831730769230769 0.02403846153846154 0.02403846153846154
2 0.31971153846153844 0.9338942307692307 0.028846153846153848 0.04326923076923077
2 0.31850961538461536 0.8509615384615384 0.03365384615384615 0.03365384615384615
2 0.40865384615384615 0.8930288461538461 0.028846153846153848 0.04326923076923077
2 0.4050480769230769 0.7379807692307693 0.028846153846153848 0.036057692307692304
2 0.38822115384615385 0.7932692307692307 0.026442307692307692 0.04326923076923077
2 0.36899038461538464 0.7548076923076923 0.040865384615384616 0.038461538461538464
2 0.36778846153846156 0.6959134615384616 0.026442307692307692 0.04567307692307692
2 0.3329326923076923 0.6694711538461539 0.038461538461538464 0.036057692307692304
2 0.33052884615384615 0.8004807692307693 0.03125 0.038461538461538464
2 0.3233173076923077 0.7283653846153846 0.03365384615384615 0.036057692307692304
2 0.31850961538461536 0.7043269230769231 0.03365384615384615 0.03365384615384615
2 0.2956730769230769 0.7379807692307693 0.03125 0.04326923076923077
2 0.32572115384615385 0.6286057692307693 0.036057692307692304 0.038461538461538464
2 0.2620192307692308 0.6346153846153846 0.028846153846153848 0.038461538461538464
2 0.25841346153846156 0.6766826923076923 0.03365384615384615 0.03125
2 0.2800480769230769 0.859375 0.03365384615384615 0.036057692307692304
2 0.41346153846153844 0.8389423076923077 0.036057692307692304 0.036057692307692304
2 0.4326923076923077 0.9711538461538461 0.026442307692307692 0.05048076923076923
2 0.3004807692307692 0.8798076923076923 0.028846153846153848 0.04807692307692308
2 0.29086538461538464 0.6850961538461539 0.026442307692307692 0.038461538461538464
2 0.39302884615384615 0.6634615384615384 0.028846153846153848 0.04807692307692308
2 0.2848557692307692 0.7776442307692307 0.036057692307692304 0.03365384615384615