2 0.007211538461538462 0.32572115384615385 0.004807692307692308 0.052884615384615384
2 0.015625 0.33774038461538464 0.021634615384615384 0.03365384615384615
2 0.01201923076923077 0.23918269230769232 0.01201923076923077 0.052884615384615384
2 0.01201923076923077 0.26322115384615385 0.014423076923076924 0.052884615384615384
2 0.013221153846153846 0.4230769230769231 0.019230769230769232 0.026442307692307692
2 0.009615384615384616 0.4170673076923077 0.01201923076923077 0.052884615384615384
2 0.01201923076923077 0.4326923076923077 0.016826923076923076 0.05048076923076923
2 0.013221153846153846 0.37740384615384615 0.016826923076923076 0.04567307692307692
2 0.014423076923076924 0.33413461538461536 0.019230769230769232 0.03125
2 0.010817307692307692 0.30649038461538464 0.01201923076923077 0.04807692307692308
2 0.01201923076923077 0.2956730769230769 0.014423076923076924 0.04567307692307692
2 0.018028846153846152 0.23076923076923078 0.02403846153846154 0.03125
2 0.019230769230769232 0.17668269230769232 0.02403846153846154 0.03365384615384615
2 0.013221153846153846 0.1778846153846154 0.01201923076923077 0.04567307692307692
2 0.015625 0.24639423076923078 0.019230769230769232 0.028846153846153848
2 0.013221153846153846 0.22115384615384615 0.014423076923076924 0.05048076923076923
2 0.014423076923076924 0.2127403846153846 0.016826923076923076 0.04807692307692308
2 0.013221153846153846 0.28966346153846156 0.016826923076923076 0.057692307692307696
2 0.015625 0.3449519230769231 0.021634615384615384 0.03365384615384615
2 0.014423076923076924 0.39302884615384615 0.021634615384615384 0.028846153846153848
2 0.014423076923076924 0.4362980769230769 0.021634615384615384 0.03365384615384615
2 0.009615384615384616 0.5012019230769231 0.014423076923076924 0.04807692307692308
2 0.009615384615384616 0.48197115384615385 0.014423076923076924 0.04326923076923077
2 0.015625 0.453125 0.02403846153846154 0.03365384615384615
2 0.01201923076923077 0.40625 0.016826923076923076 0.05048076923076923
2 0.013221153846153846 0.35096153846153844 0.016826923076923076 0.026442307692307692
2 0.014423076923076924 0.31971153846153844 0.016826923076923076 0.026442307692307692
2 0.01201923076923077 0.27884615384615385 0.014423076923076924 0.040865384615384616
2 0.016826923076923076 0.30288461538461536 0.02403846153846154 0.036057692307692304
2 0.013221153846153846 0.3485576923076923 0.016826923076923076 0.026442307692307692
2 0.010817307692307692 0.39783653846153844 0.014423076923076924 0.052884615384615384
2 0.015625 0.44591346153846156 0.02403846153846154 0.028846153846153848
2 0.010817307692307692 0.4891826923076923 0.016826923076923076 0.052884615384615384
2 0.014423076923076924 0.5949519230769231 0.021634615384615384 0.03125
2 0.01201923076923077 0.5336538461538461 0.016826923076923076 0.04326923076923077
2 0.01201923076923077 0.5264423076923077 0.016826923076923076 0.05048076923076923
2 0.013221153846153846 0.3894230769230769 0.016826923076923076 0.021634615384615384
2 0.013221153846153846 0.3293269230769231 0.016826923076923076 0.040865384615384616
2 0.016826923076923076 0.2403846153846154 0.021634615384615384 0.03125
2 0.01201923076923077 0.21394230769230768 0.01201923076923077 0.05048076923076923
2 0.018028846153846152 0.1935096153846154 0.02403846153846154 0.03365384615384615
2 0.019230769230769232 0.140625 0.02403846153846154 0.028846153846153848
2 0.016826923076923076 0.13822115384615385 0.019230769230769232 0.028846153846153848
2 0.016826923076923076 0.1778846153846154 0.019230769230769232 0.026442307692307692
2 0.016826923076923076 0.19831730769230768 0.021634615384615384 0.03365384615384615
2 0.016826923076923076 0.25240384615384615 0.021634615384615384 0.03125
2 0.010817307692307692 0.3401442307692308 0.01201923076923077 0.052884615384615384
2 0.008413461538461538 0.5132211538461539 0.01201923076923077 0.04807692307692308
2 0.009615384615384616 0.65625 0.01201923076923077 0.04326923076923077
2 0.010817307692307692 0.5769230769230769 0.014423076923076924 0.04326923076923077
2 0.009615384615384616 0.7055288461538461 0.01201923076923077 0.04567307692307692
2 0.010817307692307692 0.7151442307692307 0.014423076923076924 0.06009615384615385
2 0.01201923076923077 0.6298076923076923 0.016826923076923076 0.057692307692307696
2 0.01201923076923077 0.6646634615384616 0.016826923076923076 0.026442307692307692
2 0.014423076923076924 0.6658653846153846 0.021634615384615384 0.03365384615384615
2 0.009615384615384616 0.7055288461538461 0.01201923076923077 0.06490384615384616
2 0.020432692307692308 0.7175480769230769 0.03365384615384615 0.040865384615384616
2 0.06850961538461539 0.7091346153846154 0.036057692307692304 0.03365384615384615
2 0.09495192307692307 0.6538461538461539 0.04326923076923077 0.038461538461538464
2 0.14543269230769232 0.6778846153846154 0.026442307692307692 0.038461538461538464
2 0.13221153846153846 0.640625 0.036057692307692304 0.038461538461538464
2 0.125 0.5757211538461539 0.03365384615384615 0.04567307692307692
2 0.15504807692307693 0.5901442307692307 0.040865384615384616 0.040865384615384616
2 0.17548076923076922 0.5300480769230769 0.040865384615384616 0.040865384615384616
2 0.15144230769230768 0.5300480769230769 0.03125 0.052884615384615384
2 0.10817307692307693 0.5396634615384616 0.038461538461538464 0.038461538461538464
2 0.09375 0.5204326923076923 0.038461538461538464 0.036057692307692304
2 0.125 0.484375 0.028846153846153848 0.04567307692307692
2 0.078125 0.4723557692307692 0.036057692307692304 0.036057692307692304
2 0.04567307692307692 0.5540865384615384 0.028846153846153848 0.04326923076923077
2 0.02403846153846154 0.6105769230769231 0.026442307692307692 0.04326923076923077
2 0.027644230769230768 0.65625 0.03365384615384615 0.036057692307692304
2 0.01201923076923077 0.6358173076923077 0.016826923076923076 0.026442307692307692
2 0.014423076923076924 0.6021634615384616 0.021634615384615384 0.036057692307692304
2 0.014423076923076924 0.5769230769230769 0.021634615384615384 0.03365384615384615
2 0.014423076923076924 0.5012019230769231 0.02403846153846154 0.03365384615384615
2 0.010817307692307692 0.5072115384615384 0.016826923076923076 0.05048076923076923
2 0.013221153846153846 0.43149038461538464 0.019230769230769232 0.028846153846153848
2 0.009615384615384616 0.45913461538461536 0.01201923076923077 0.040865384615384616
2 0.016826923076923076 0.4230769230769231 0.026442307692307692 0.036057692307692304
2 0.008413461538461538 0.4831730769230769 0.01201923076923077 0.055288461538461536
2 0.018028846153846152 0.5685096153846154 0.028846153846153848 0.040865384615384616
2 0.038461538461538464 0.4483173076923077 0.03125 0.052884615384615384
2 0.01201923076923077 0.4675480769230769 0.019230769230769232 0.057692307692307696
2 0.07451923076923077 0.41346153846153844 0.036057692307692304 0.04326923076923077
2 0.01201923076923077 0.3557692307692308 0.014423076923076924 0.05048076923076923
2 0.013221153846153846 0.328125 0.016826923076923076 0.04807692307692308
2 0.013221153846153846 0.27283653846153844 0.016826923076923076 0.04807692307692308
2 0.019230769230769232 0.32211538461538464 0.026442307692307692 0.036057692307692304
2 0.014423076923076924 0.39663461538461536 0.021634615384615384 0.036057692307692304
2 0.01201923076923077 0.34375 0.014423076923076924 0.04567307692307692
2 0.013221153846153846 0.35697115384615385 0.016826923076923076 0.052884615384615384
2 0.013221153846153846 0.2692307692307692 0.016826923076923076 0.06009615384615385
2 0.0889423076923077 0.9867788461538461 0.014423076923076924 0.01201923076923077
2 0.10096153846153846 0.9879807692307693 0.014423076923076924 0.009615384615384616
2 0.11538461538461539 0.9855769230769231 0.014423076923076924 0.01201923076923077
2 0.13581730769230768 0.9867788461538461 0.016826923076923076 0.01201923076923077
2 0.15865384615384615 0.9867788461538461 0.014423076923076924 0.01201923076923077
2 0.16947115384615385 0.9867788461538461 0.016826923076923076 0.01201923076923077
2 0.10576923076923077 0.9711538461538461 0.02403846153846154 0.02403846153846154
2 0.1310096153846154 0.9651442307692307 0.021634615384615384 0.021634615384615384
2 0.15625 0.9158653846153846 0.019230769230769232 0.028846153846153848
2 0.14783653846153846 0.8737980769230769 0.019230769230769232 0.021634615384615384
2 0.18509615384615385 0.8533653846153846 0.021634615384615384 0.02403846153846154
2 0.18389423076923078 0.7007211538461539 0.016826923076923076 0.02403846153846154
2 0.18990384615384615 0.6730769230769231 0.02403846153846154 0.02403846153846154
2 0.1875 0.7524038461538461 0.019230769230769232 0.019230769230769232
2 0.15384615384615385 0.7692307692307693 0.019230769230769232 0.02403846153846154
2 0.2956730769230769 0.7848557692307693 0.02403846153846154 0.036057692307692304
2 0.33533653846153844 0.7584134615384616 0.03125 0.03125
2 0.3545673076923077 0.7716346153846154 0.021634615384615384 0.038461538461538464
2 0.3004807692307692 0.6754807692307693 0.02403846153846154 0.038461538461538464
2 0.3233173076923077 0.6947115384615384 0.026442307692307692 0.026442307692307692
2 0.3545673076923077 0.6947115384615384 0.021634615384615384 0.03365384615384615
2 0.37259615384615385 0.7199519230769231 0.028846153846153848 0.026442307692307692
2 0.3894230769230769 0.796875 0.028846153846153848 0.026442307692307692
2 0.3641826923076923 0.8185096153846154 0.019230769230769232 0.036057692307692304
2 0.40865384615384615 0.8245192307692307 0.028846153846153848 0.03125
2 0.41586538461538464 0.7836538461538461 0.028846153846153848 0.026442307692307692
2 0.4411057692307692 0.7800480769230769 0.02403846153846154 0.038461538461538464
2 0.4230769230769231 0.6706730769230769 0.019230769230769232 0.03365384615384615
2 0.44350961538461536 0.6971153846153846 0.02403846153846154 0.036057692307692304
2 0.44471153846153844 0.7439903846153846 0.02403846153846154 0.02403846153846154
2 0.41225961538461536 0.8822115384615384 0.02403846153846154 0.036057692307692304
2 0.4230769230769231 0.9326923076923077 0.028846153846153848 0.028846153846153848
2 0.44350961538461536 0.9579326923076923 0.021634615384615384 0.03365384615384615
2 0.4495192307692308 0.9879807692307693 0.019230769230769232 0.016826923076923076
2 0.4807692307692308 0.9891826923076923 0.019230769230769232 0.016826923076923076
2 0.4987980769230769 0.9891826923076923 0.021634615384615384 0.016826923076923076
2 0.47475961538461536 0.8713942307692307 0.02403846153846154 0.03125
2 0.44711538461538464 0.9194711538461539 0.028846153846153848 0.028846153846153848
2 0.4326923076923077 0.8918269230769231 0.03365384615384615 0.03125
2 0.44471153846153844 0.8425480769230769 0.021634615384615384 0.03365384615384615
2 0.47475961538461536 0.8329326923076923 0.028846153846153848 0.028846153846153848
2 0.49399038461538464 0.8894230769230769 0.021634615384615384 0.038461538461538464
2 0.5132211538461539 0.9326923076923077 0.02403846153846154 0.03365384615384615
2 0.5084134615384616 0.9735576923076923 0.021634615384615384 0.028846153846153848
2 0.5360576923076923 0.9879807692307693 0.019230769230769232 0.016826923076923076
2 0.5276442307692307 0.9879807692307693 0.016826923076923076 0.016826923076923076
2 0.5396634615384616 0.9879807692307693 0.019230769230769232 0.016826923076923076
2 0.5829326923076923 0.9879807692307693 0.02403846153846154 0.016826923076923076
2 0.6105769230769231 0.9891826923076923 0.026442307692307692 0.014423076923076924
2 0.6526442307692307 0.9879807692307693 0.02403846153846154 0.016826923076923076
2 0.6225961538461539 0.9891826923076923 0.021634615384615384 0.014423076923076924
2 0.5889423076923077 0.9867788461538461 0.021634615384615384 0.019230769230769232
2 0.5685096153846154 0.9879807692307693 0.02403846153846154 0.016826923076923076
2 0.5528846153846154 0.9855769230769231 0.021634615384615384 0.021634615384615384
2 0.6129807692307693 0.9903846153846154 0.016826923076923076 0.01201923076923077
2 0.6574519230769231 0.9879807692307693 0.019230769230769232 0.016826923076923076
2 0.6802884615384616 0.9891826923076923 0.021634615384615384 0.014423076923076924
2 0.7127403846153846 0.9891826923076923 0.019230769230769232 0.014423076923076924
2 0.5288461538461539 0.90625 0.028846153846153848 0.026442307692307692
2 0.5540865384615384 0.9122596153846154 0.014423076923076924 0.028846153846153848
2 0.5204326923076923 0.8653846153846154 0.02403846153846154 0.02403846153846154
2 0.47716346153846156 0.7764423076923077 0.026442307692307692 0.02403846153846154
2 0.4951923076923077 0.7980769230769231 0.019230769230769232 0.028846153846153848
2 0.5072115384615384 0.625 0.021634615384615384 0.03365384615384615
2 0.5300480769230769 0.6598557692307693 0.019230769230769232 0.03365384615384615
2 0.5024038461538461 0.7091346153846154 0.02403846153846154 0.038461538461538464
2 0.46033653846153844 0.6286057692307693 0.02403846153846154 0.038461538461538464
2 0.4831730769230769 0.6730769230769231 0.02403846153846154 0.028846153846153848
2 0.4807692307692308 0.6346153846153846 0.021634615384615384 0.03365384615384615
2 0.5072115384615384 0.671875 0.028846153846153848 0.028846153846153848
2 0.4795673076923077 0.7007211538461539 0.016826923076923076 0.03125
2 0.4855769230769231 0.7415865384615384 0.02403846153846154 0.026442307692307692
2 0.5516826923076923 0.7403846153846154 0.021634615384615384 0.03365384615384615
2 0.5889423076923077 0.6478365384615384 0.021634615384615384 0.026442307692307692
2 0.6658653846153846 0.7355769230769231 0.026442307692307692 0.026442307692307692
2 0.6875 0.7427884615384616 0.019230769230769232 0.03365384615384615
2 0.7199519230769231 0.7211538461538461 0.02403846153846154 0.03365384615384615
2 0.6947115384615384 0.7704326923076923 0.019230769230769232 0.03125
2 0.7091346153846154 0.7992788461538461 0.02403846153846154 0.026442307692307692
2 0.734375 0.84375 0.019230769230769232 0.03125
2 0.7415865384615384 0.8713942307692307 0.019230769230769232 0.028846153846153848
2 0.6730769230769231 0.7872596153846154 0.019230769230769232 0.028846153846153848
2 0.65625 0.7704326923076923 0.019230769230769232 0.028846153846153848
2 0.6430288461538461 0.7451923076923077 0.021634615384615384 0.03125
2 0.6177884615384616 0.7403846153846154 0.02403846153846154 0.021634615384615384
2 0.6334134615384616 0.8605769230769231 0.019230769230769232 0.028846153846153848
2 0.6177884615384616 0.8689903846153846 0.021634615384615384 0.028846153846153848
2 0.6622596153846154 0.8329326923076923 0.019230769230769232 0.03365384615384615
2 0.6766826923076923 0.8990384615384616 0.021634615384615384 0.02403846153846154
2 0.6875 0.8485576923076923 0.021634615384615384 0.02403846153846154
2 0.6983173076923077 0.8677884615384616 0.019230769230769232 0.019230769230769232
2 0.6586538461538461 0.9735576923076923 0.03365384615384615 0.03125
2 0.7259615384615384 0.9326923076923077 0.019230769230769232 0.038461538461538464
2 0.6526442307692307 0.8858173076923077 0.021634615384615384 0.03365384615384615
2 0.5985576923076923 0.9050480769230769 0.028846153846153848 0.026442307692307692
2 0.5769230769230769 0.8930288461538461 0.02403846153846154 0.026442307692307692
2 0.5709134615384616 0.7596153846153846 0.021634615384615384 0.03365384615384615
2 0.5432692307692307 0.7139423076923077 0.028846153846153848 0.03365384615384615
2 0.5985576923076923 0.8329326923076923 0.021634615384615384 0.021634615384615384
2 0.5841346153846154 0.7920673076923077 0.02403846153846154 0.02403846153846154
2 0.5408653846153846 0.8509615384615384 0.019230769230769232 0.038461538461538464
2 0.5096153846153846 0.7728365384615384 0.03365384615384615 0.03125
2 0.5132211538461539 0.8197115384615384 0.028846153846153848 0.028846153846153848
2 0.640625 0.7019230769230769 0.021634615384615384 0.036057692307692304
2 0.4074519230769231 0.7247596153846154 0.028846153846153848 0.03365384615384615
2 0.1778846153846154 0.6045673076923077 0.03125 0.03125
2 0.06009615384615385 0.6009615384615384 0.03125 0.028846153846153848
2 0.08413461538461539 0.5949519230769231 0.03365384615384615 0.036057692307692304
2 0.046875 0.640625 0.02403846153846154 0.038461538461538464
2 0.07211538461538461 0.6274038461538461 0.026442307692307692 0.028846153846153848
2 0.052884615384615384 0.6802884615384616 0.03365384615384615 0.036057692307692304
2 0.040865384615384616 0.7199519230769231 0.03365384615384615 0.03365384615384615
2 0.010817307692307692 0.25841346153846156 0.01201923076923077 0.04326923076923077
2 0.013221153846153846 0.3245192307692308 0.016826923076923076 0.026442307692307692
2 0.009615384615384616 0.40625 0.01201923076923077 0.036057692307692304
2 0.01201923076923077 0.40024038461538464 0.016826923076923076 0.02403846153846154
2 0.008413461538461538 0.5901442307692307 0.009615384615384616 0.036057692307692304
2 0.8233173076923077 0.5805288461538461 0.01201923076923077 0.019230769230769232
2 0.8497596153846154 0.5889423076923077 0.01201923076923077 0.02403846153846154
2 0.8725961538461539 0.5877403846153846 0.009615384615384616 0.02403846153846154
2 0.8858173076923077 0.5985576923076923 0.021634615384615384 0.02403846153846154
2 0.9278846153846154 0.5973557692307693 0.019230769230769232 0.019230769230769232
2 0.8617788461538461 0.7247596153846154 0.019230769230769232 0.019230769230769232
2 0.953125 0.6766826923076923 0.021634615384615384 0.021634615384615384