2 0.013221153846153846 0.6274038461538461 0.026442307692307692 0.04807692307692308
2 0.036057692307692304 0.6394230769230769 0.028846153846153848 0.04807692307692308
2 0.046875 0.5817307692307693 0.028846153846153848 0.04567307692307692
2 0.07932692307692307 0.5805288461538461 0.038461538461538464 0.052884615384615384
2 0.06490384615384616 0.6490384615384616 0.026442307692307692 0.052884615384615384
2 0.09375 0.6442307692307693 0.036057692307692304 0.05048076923076923
2 0.1466346153846154 0.5384615384615384 0.040865384615384616 0.04807692307692308
2 0.16826923076923078 0.41346153846153844 0.040865384615384616 0.05048076923076923
2 0.051682692307692304 0.7223557692307693 0.02403846153846154 0.03365384615384615
2 0.08413461538461539 0.6814903846153846 0.02403846153846154 0.038461538461538464
2 0.10216346153846154 0.7055288461538461 0.036057692307692304 0.03365384615384615
2 0.09735576923076923 0.7608173076923077 0.03365384615384615 0.03125
2 0.04807692307692308 0.8028846153846154 0.026442307692307692 0.028846153846153848
2 0.0673076923076923 0.8173076923076923 0.026442307692307692 0.03365384615384615
2 0.09014423076923077 0.7908653846153846 0.028846153846153848 0.03125
2 0.09495192307692307 0.8221153846153846 0.026442307692307692 0.036057692307692304
2 0.03485576923076923 0.7295673076923077 0.03365384615384615 0.040865384615384616
2 0.003605769230769231 0.75 0.007211538461538462 0.036057692307692304
2 0.1346153846153846 0.671875 0.03125 0.03125
2 0.140625 0.5793269230769231 0.036057692307692304 0.036057692307692304
2 0.13221153846153846 0.7151442307692307 0.03125 0.04326923076923077
2 0.12740384615384615 0.7548076923076923 0.03125 0.038461538461538464
2 0.12379807692307693 0.7944711538461539 0.028846153846153848 0.036057692307692304
2 0.12379807692307693 0.8329326923076923 0.026442307692307692 0.036057692307692304
2 0.14903846153846154 0.8389423076923077 0.02403846153846154 0.038461538461538464
2 0.14903846153846154 0.7824519230769231 0.03125 0.038461538461538464
2 0.15504807692307693 0.7487980769230769 0.028846153846153848 0.03365384615384615
2 0.17908653846153846 0.6201923076923077 0.03365384615384615 0.038461538461538464
2 0.17427884615384615 0.5805288461538461 0.03125 0.03365384615384615
2 0.1935096153846154 0.49038461538461536 0.036057692307692304 0.05048076923076923
2 0.18990384615384615 0.4483173076923077 0.038461538461538464 0.040865384615384616
2 0.171875 0.671875 0.03125 0.04326923076923077
2 0.1778846153846154 0.7043269230769231 0.03125 0.03365384615384615
2 0.20192307692307693 0.7403846153846154 0.028846153846153848 0.03365384615384615
2 0.17908653846153846 0.7956730769230769 0.03365384615384615 0.03365384615384615
2 0.20552884615384615 0.8257211538461539 0.028846153846153848 0.040865384615384616
2 0.21754807692307693 0.7560096153846154 0.028846153846153848 0.03365384615384615
2 0.22716346153846154 0.7355769230769231 0.026442307692307692 0.038461538461538464
2 0.2091346153846154 0.6802884615384616 0.028846153846153848 0.038461538461538464
2 0.20432692307692307 0.7007211538461539 0.03125 0.036057692307692304
2 0.23317307692307693 0.6334134615384616 0.03365384615384615 0.038461538461538464
2 0.20192307692307693 0.5973557692307693 0.03365384615384615 0.04326923076923077
2 0.2127403846153846 0.5456730769230769 0.03365384615384615 0.038461538461538464
2 0.23197115384615385 0.515625 0.03365384615384615 0.04807692307692308
2 0.27163461538461536 0.546875 0.038461538461538464 0.04807692307692308
2 0.23076923076923078 0.8161057692307693 0.028846153846153848 0.04807692307692308
2 0.26322115384615385 0.84375 0.03125 0.038461538461538464
2 0.25600961538461536 0.7944711538461539 0.03125 0.040865384615384616
2 0.25721153846153844 0.71875 0.03125 0.036057692307692304
2 0.25 0.6574519230769231 0.026442307692307692 0.036057692307692304
2 0.2668269230769231 0.6129807692307693 0.03125 0.04326923076923077
2 0.2860576923076923 0.71875 0.028846153846153848 0.040865384615384616
2 0.2980769230769231 0.7956730769230769 0.03365384615384615 0.05048076923076923
2 0.29927884615384615 0.84375 0.028846153846153848 0.040865384615384616
2 0.32572115384615385 0.8473557692307693 0.03125 0.03365384615384615
2 0.3485576923076923 0.8064903846153846 0.03365384615384615 0.038461538461538464
2 0.3269230769230769 0.8076923076923077 0.028846153846153848 0.040865384615384616
2 0.25600961538461536 0.4519230769230769 0.036057692307692304 0.04807692307692308
2 0.29086538461538464 0.4110576923076923 0.040865384615384616 0.057692307692307696
2 0.3016826923076923 0.32091346153846156 0.04326923076923077 0.04807692307692308
2 0.3449519230769231 0.3173076923076923 0.03365384615384615 0.040865384615384616
2 0.33653846153846156 0.3629807692307692 0.036057692307692304 0.04807692307692308
2 0.3641826923076923 0.4266826923076923 0.028846153846153848 0.040865384615384616
2 0.390625 0.40384615384615385 0.038461538461538464 0.05048076923076923
2 0.4230769230769231 0.35096153846153844 0.040865384615384616 0.04326923076923077
2 0.4519230769230769 0.4495192307692308 0.028846153846153848 0.052884615384615384
2 0.4831730769230769 0.4338942307692308 0.036057692307692304 0.05048076923076923
2 0.48197115384615385 0.3473557692307692 0.03365384615384615 0.04807692307692308
2 0.5132211538461539 0.35096153846153844 0.038461538461538464 0.052884615384615384
2 0.5240384615384616 0.4050480769230769 0.036057692307692304 0.04326923076923077
2 0.5492788461538461 0.3786057692307692 0.038461538461538464 0.05048076923076923
2 0.3293269230769231 0.578125 0.03125 0.05048076923076923
2 0.35336538461538464 0.625 0.036057692307692304 0.04326923076923077
2 0.38341346153846156 0.5829326923076923 0.036057692307692304 0.04807692307692308
2 0.3858173076923077 0.47115384615384615 0.03365384615384615 0.04807692307692308
2 0.4362980769230769 0.49158653846153844 0.036057692307692304 0.04807692307692308
2 0.36658653846153844 0.5048076923076923 0.03365384615384615 0.04567307692307692
2 0.42427884615384615 0.5516826923076923 0.03125 0.05048076923076923
2 0.44350961538461536 0.5456730769230769 0.03365384615384615 0.05048076923076923
2 0.46634615384615385 0.5216346153846154 0.036057692307692304 0.05048076923076923
2 0.48197115384615385 0.484375 0.03365384615384615 0.052884615384615384
2 0.47716346153846156 0.6117788461538461 0.03365384615384615 0.05048076923076923
2 0.5036057692307693 0.5564903846153846 0.036057692307692304 0.055288461538461536
2 0.4254807692307692 0.6165865384615384 0.036057692307692304 0.04326923076923077
2 0.4098557692307692 0.6838942307692307 0.036057692307692304 0.05048076923076923
2 0.4098557692307692 0.7379807692307693 0.03365384615384615 0.05048076923076923
2 0.390625 0.6875 0.028846153846153848 0.05048076923076923
2 0.35697115384615385 0.6730769230769231 0.03365384615384615 0.04807692307692308
2 0.3245192307692308 0.7175480769230769 0.03365384615384615 0.04326923076923077
2 0.3449519230769231 0.7295673076923077 0.036057692307692304 0.04326923076923077
2 0.3701923076923077 0.7620192307692307 0.028846153846153848 0.05048076923076923
2 0.43149038461538464 0.7728365384615384 0.036057692307692304 0.04326923076923077
2 0.4014423076923077 0.8137019230769231 0.036057692307692304 0.04326923076923077
2 0.2848557692307692 0.6370192307692307 0.03365384615384615 0.05048076923076923
2 0.4387019230769231 0.6959134615384616 0.03125 0.04807692307692308
2 0.4567307692307692 0.6454326923076923 0.03365384615384615 0.04807692307692308
2 0.4831730769230769 0.6778846153846154 0.036057692307692304 0.04807692307692308
2 0.4266826923076923 0.8810096153846154 0.03365384615384615 0.04567307692307692
2 0.4567307692307692 0.8245192307692307 0.03365384615384615 0.04807692307692308
2 0.4951923076923077 0.7247596153846154 0.03365384615384615 0.04567307692307692
2 0.5288461538461539 0.71875 0.03365384615384615 0.040865384615384616
2 0.5348557692307693 0.6622596153846154 0.03365384615384615 0.057692307692307696
2 0.5552884615384616 0.6129807692307693 0.028846153846153848 0.04326923076923077
2 0.5793269230769231 0.59375 0.036057692307692304 0.05048076923076923
2 0.6081730769230769 0.5600961538461539 0.03365384615384615 0.04807692307692308
2 0.5721153846153846 0.4567307692307692 0.040865384615384616 0.05048076923076923
2 0.5180288461538461 0.453125 0.03365384615384615 0.04807692307692308
2 0.53125 0.5 0.036057692307692304 0.04807692307692308
2 0.5372596153846154 0.5348557692307693 0.028846153846153848 0.04567307692307692
2 0.5973557692307693 0.4423076923076923 0.026442307692307692 0.057692307692307696
2 0.6189903846153846 0.48677884615384615 0.03365384615384615 0.05048076923076923
2 0.5949519230769231 0.5048076923076923 0.03365384615384615 0.04326923076923077
2 0.6442307692307693 0.5564903846153846 0.03365384615384615 0.04326923076923077
2 0.6322115384615384 0.6225961538461539 0.03365384615384615 0.040865384615384616
2 0.6634615384615384 0.6298076923076923 0.03125 0.04567307692307692
2 0.6802884615384616 0.6622596153846154 0.03365384615384615 0.038461538461538464
2 0.6790865384615384 0.5336538461538461 0.028846153846153848 0.05048076923076923
2 0.6574519230769231 0.4807692307692308 0.03125 0.04567307692307692
2 0.6466346153846154 0.4362980769230769 0.036057692307692304 0.04567307692307692
2 0.5961538461538461 0.6694711538461539 0.036057692307692304 0.04807692307692308
2 0.390625 0.6225961538461539 0.026442307692307692 0.038461538461538464
2 0.02403846153846154 0.6730769230769231 0.03365384615384615 0.038461538461538464
2 0.23918269230769232 0.3545673076923077 0.036057692307692304 0.05048076923076923
2 0.2548076923076923 0.3858173076923077 0.03365384615384615 0.038461538461538464
2 0.5588942307692307 0.5108173076923077 0.03365384615384615 0.04326923076923077
2 0.8653846153846154 0.34375 0.03125 0.04567307692307692
2 0.9314903846153846 0.40024038461538464 0.036057692307692304 0.057692307692307696
2 0.9555288461538461 0.38822115384615385 0.036057692307692304 0.057692307692307696
2 0.9807692307692307 0.3293269230769231 0.038461538461538464 0.057692307692307696
2 0.9735576923076923 0.46634615384615385 0.04326923076923077 0.04807692307692308
2 0.9867788461538461 0.39903846153846156 0.026442307692307692 0.05048076923076923
2 0.9266826923076923 0.4807692307692308 0.040865384615384616 0.06971153846153846
2 0.8954326923076923 0.484375 0.04326923076923077 0.057692307692307696
2 0.8569711538461539 0.4951923076923077 0.040865384615384616 0.06009615384615385
2 0.9879807692307693 0.5552884615384616 0.02403846153846154 0.055288461538461536
2 0.9579326923076923 0.5456730769230769 0.03365384615384615 0.04807692307692308
2 0.6286057692307693 0.05048076923076923 0.016826923076923076 0.038461538461538464
2 0.6454326923076923 0.03485576923076923 0.021634615384615384 0.036057692307692304
2 0.6838942307692307 0.018028846153846152 0.02403846153846154 0.036057692307692304
2 0.71875 0.03365384615384615 0.019230769230769232 0.04326923076923077
2 0.6466346153846154 0.0733173076923077 0.02403846153846154 0.04326923076923077
2 0.671875 0.08533653846153846 0.026442307692307692 0.04567307692307692
2 0.6935096153846154 0.08533653846153846 0.02403846153846154 0.040865384615384616
2 0.7055288461538461 0.06129807692307692 0.019230769230769232 0.036057692307692304
2 0.7451923076923077 0.08774038461538461 0.021634615384615384 0.04326923076923077
2 0.7271634615384616 0.11177884615384616 0.019230769230769232 0.036057692307692304
2 0.7067307692307693 0.109375 0.021634615384615384 0.040865384615384616
2 0.6935096153846154 0.14423076923076922 0.021634615384615384 0.036057692307692304
2 0.6802884615384616 0.19471153846153846 0.019230769230769232 0.040865384615384616
2 0.6622596153846154 0.14783653846153846 0.02403846153846154 0.038461538461538464
2 0.7139423076923077 0.22115384615384615 0.02403846153846154 0.040865384615384616
2 0.7199519230769231 0.16466346153846154 0.019230769230769232 0.04326923076923077
2 0.7536057692307693 0.1346153846153846 0.021634615384615384 0.03365384615384615
2 0.7560096153846154 0.16947115384615385 0.02403846153846154 0.03125
2 0.7355769230769231 0.15504807692307693 0.021634615384615384 0.040865384615384616
2 0.75 0.22355769230769232 0.019230769230769232 0.036057692307692304
2 0.7067307692307693 0.2608173076923077 0.02403846153846154 0.040865384615384616
2 0.6730769230769231 0.30408653846153844 0.021634615384615384 0.036057692307692304
2 0.7079326923076923 0.328125 0.019230769230769232 0.038461538461538464
2 0.7283653846153846 0.3233173076923077 0.019230769230769232 0.040865384615384616
2 0.7632211538461539 0.28966346153846156 0.02403846153846154 0.036057692307692304
2 0.7728365384615384 0.25240384615384615 0.021634615384615384 0.036057692307692304
2 0.7908653846153846 0.3161057692307692 0.02403846153846154 0.038461538461538464
2 0.703125 0.4098557692307692 0.021634615384615384 0.028846153846153848
2 0.6959134615384616 0.37259615384615385 0.019230769230769232 0.040865384615384616
2 0.7307692307692307 0.3641826923076923 0.016826923076923076 0.038461538461538464
2 0.7524038461538461 0.4170673076923077 0.02403846153846154 0.038461538461538464
2 0.7800480769230769 0.4423076923076923 0.026442307692307692 0.040865384615384616
2 0.7956730769230769 0.41947115384615385 0.021634615384615384 0.038461538461538464
2 0.7944711538461539 0.3762019230769231 0.021634615384615384 0.038461538461538464
2 0.7668269230769231 0.3269230769230769 0.019230769230769232 0.036057692307692304
2 0.7728365384615384 0.3641826923076923 0.026442307692307692 0.03125
2 0.6646634615384616 0.20793269230769232 0.019230769230769232 0.040865384615384616