2 0.234375 0.40384615384615385 0.014423076923076924 0.055288461538461536
2 0.27524038461538464 0.32211538461538464 0.016826923076923076 0.04326923076923077
2 0.2548076923076923 0.5673076923076923 0.021634615384615384 0.055288461538461536
2 0.27283653846153844 0.46875 0.03125 0.03125
2 0.28846153846153844 0.39783653846153844 0.028846153846153848 0.028846153846153848
2 0.30528846153846156 0.3076923076923077 0.016826923076923076 0.05048076923076923
2 0.2920673076923077 0.3401442307692308 0.03125 0.03365384615384615
2 0.31850961538461536 0.36778846153846156 0.021634615384615384 0.057692307692307696
2 0.296875 0.5048076923076923 0.021634615384615384 0.055288461538461536
2 0.31971153846153844 0.4891826923076923 0.03365384615384615 0.036057692307692304
2 0.31009615384615385 0.4579326923076923 0.014423076923076924 0.040865384615384616
2 0.3485576923076923 0.3004807692307692 0.036057692307692304 0.03365384615384615
2 0.3449519230769231 0.3629807692307692 0.019230769230769232 0.04807692307692308
2 0.3894230769230769 0.28966346153846156 0.036057692307692304 0.036057692307692304
2 0.38461538461538464 0.36658653846153844 0.03365384615384615 0.052884615384615384
2 0.4206730769230769 0.31971153846153844 0.038461538461538464 0.04326923076923077
2 0.4483173076923077 0.3088942307692308 0.021634615384615384 0.040865384615384616
2 0.4098557692307692 0.4170673076923077 0.036057692307692304 0.036057692307692304
2 0.38221153846153844 0.42908653846153844 0.02403846153846154 0.026442307692307692
2 0.2932692307692308 0.5504807692307693 0.016826923076923076 0.040865384615384616
2 0.3137019230769231 0.5661057692307693 0.014423076923076924 0.040865384615384616
2 0.3088942307692308 0.6021634615384616 0.019230769230769232 0.04807692307692308
2 0.33653846153846156 0.5925480769230769 0.03125 0.03125
2 0.34975961538461536 0.5396634615384616 0.019230769230769232 0.055288461538461536
2 0.375 0.5697115384615384 0.016826923076923076 0.04807692307692308
2 0.359375 0.49278846153846156 0.021634615384615384 0.02403846153846154
2 0.4411057692307692 0.3641826923076923 0.026442307692307692 0.04567307692307692
2 0.4411057692307692 0.4098557692307692 0.036057692307692304 0.036057692307692304
2 0.4723557692307692 0.39663461538461536 0.021634615384615384 0.04807692307692308
2 0.4963942307692308 0.36778846153846156 0.016826923076923076 0.04807692307692308
2 0.46875 0.453125 0.04326923076923077 0.040865384615384616
2 0.4170673076923077 0.5420673076923077 0.038461538461538464 0.040865384615384616
2 0.4483173076923077 0.5372596153846154 0.019230769230769232 0.04567307692307692
2 0.43028846153846156 0.49158653846153844 0.03365384615384615 0.036057692307692304
2 0.5132211538461539 0.4206730769230769 0.021634615384615384 0.052884615384615384
2 0.4855769230769231 0.5024038461538461 0.028846153846153848 0.028846153846153848
2 0.5144230769230769 0.49278846153846156 0.019230769230769232 0.055288461538461536
2 0.5336538461538461 0.47115384615384615 0.019230769230769232 0.06009615384615385
2 0.5745192307692307 0.42788461538461536 0.03365384615384615 0.06009615384615385
2 0.5733173076923077 0.5168269230769231 0.04807692307692308 0.04567307692307692
2 0.6237980769230769 0.5252403846153846 0.02403846153846154 0.057692307692307696
2 0.53125 0.5456730769230769 0.036057692307692304 0.036057692307692304
2 0.5132211538461539 0.5769230769230769 0.03365384615384615 0.036057692307692304
2 0.49278846153846156 0.5600961538461539 0.016826923076923076 0.052884615384615384
2 0.4651442307692308 0.5721153846153846 0.028846153846153848 0.038461538461538464
2 0.41586538461538464 0.5961538461538461 0.03125 0.03365384615384615
2 0.38461538461538464 0.6334134615384616 0.03125 0.03365384615384615
2 0.4375 0.6141826923076923 0.019230769230769232 0.052884615384615384
2 0.42427884615384615 0.6490384615384616 0.028846153846153848 0.03365384615384615
2 0.4026442307692308 0.6838942307692307 0.028846153846153848 0.03125
2 0.4519230769230769 0.6550480769230769 0.021634615384615384 0.05048076923076923
2 0.5024038461538461 0.6454326923076923 0.036057692307692304 0.036057692307692304
2 0.5432692307692307 0.6418269230769231 0.04567307692307692 0.040865384615384616
2 0.5793269230769231 0.6057692307692307 0.036057692307692304 0.036057692307692304
2 0.5745192307692307 0.6814903846153846 0.036057692307692304 0.038461538461538464
2 0.6021634615384616 0.6117788461538461 0.02403846153846154 0.057692307692307696
2 0.6598557692307693 0.7091346153846154 0.019230769230769232 0.057692307692307696
2 0.6826923076923077 0.7463942307692307 0.038461538461538464 0.038461538461538464
2 0.7115384615384616 0.7824519230769231 0.02403846153846154 0.04807692307692308
2 0.7127403846153846 0.8894230769230769 0.038461538461538464 0.040865384615384616
2 0.6850961538461539 0.8581730769230769 0.02403846153846154 0.05048076923076923
2 0.6478365384615384 0.8485576923076923 0.026442307692307692 0.057692307692307696
2 0.6129807692307693 0.8713942307692307 0.02403846153846154 0.052884615384615384
2 0.6394230769230769 0.9110576923076923 0.038461538461538464 0.040865384615384616
2 0.6502403846153846 0.9603365384615384 0.03365384615384615 0.03365384615384615
2 0.6899038461538461 0.9711538461538461 0.040865384615384616 0.038461538461538464
2 0.5264423076923077 0.6971153846153846 0.036057692307692304 0.036057692307692304
2 0.48677884615384615 0.6923076923076923 0.038461538461538464 0.038461538461538464
2 0.5420673076923077 0.7704326923076923 0.03125 0.028846153846153848
2 0.43149038461538464 0.7151442307692307 0.019230769230769232 0.03125
2 0.36177884615384615 0.8473557692307693 0.019230769230769232 0.04807692307692308
2 0.45913461538461536 0.7319711538461539 0.02403846153846154 0.026442307692307692
2 0.47836538461538464 0.765625 0.028846153846153848 0.03125
2 0.4387019230769231 0.7536057692307693 0.03125 0.03125
2 0.45913461538461536 0.7848557692307693 0.02403846153846154 0.040865384615384616
2 0.44350961538461536 0.8100961538461539 0.026442307692307692 0.028846153846153848
2 0.5925480769230769 0.9723557692307693 0.028846153846153848 0.028846153846153848
2 0.5420673076923077 0.9146634615384616 0.026442307692307692 0.0625
2 0.5973557692307693 0.8894230769230769 0.021634615384615384 0.040865384615384616
2 0.5757211538461539 0.9098557692307693 0.026442307692307692 0.028846153846153848
2 0.5985576923076923 0.9182692307692307 0.02403846153846154 0.026442307692307692
2 0.6322115384615384 0.984375 0.021634615384615384 0.02403846153846154
2 0.5576923076923077 0.9795673076923077 0.016826923076923076 0.03365384615384615
2 0.5372596153846154 0.9855769230769231 0.019230769230769232 0.021634615384615384
2 0.5096153846153846 0.9795673076923077 0.016826923076923076 0.036057692307692304
2 0.4951923076923077 0.9819711538461539 0.02403846153846154 0.02403846153846154
2 0.4651442307692308 0.9711538461538461 0.03365384615384615 0.03365384615384615
2 0.4495192307692308 0.9579326923076923 0.01201923076923077 0.04567307692307692
2 0.43509615384615385 0.9242788461538461 0.028846153846153848 0.03125
2 0.5721153846153846 0.7920673076923077 0.038461538461538464 0.038461538461538464
2 0.5 0.7668269230769231 0.02403846153846154 0.028846153846153848
2 0.5168269230769231 0.8269230769230769 0.014423076923076924 0.03125
2 0.5060096153846154 0.8028846153846154 0.021634615384615384 0.02403846153846154