2 0.10336538461538461 0.203125 0.038461538461538464 0.016826923076923076
2 0.11177884615384616 0.22956730769230768 0.028846153846153848 0.028846153846153848
2 0.12860576923076922 0.16466346153846154 0.036057692307692304 0.03365384615384615
2 0.16947115384615385 0.13701923076923078 0.03125 0.03125
2 0.24278846153846154 0.15144230769230768 0.038461538461538464 0.014423076923076924
2 0.2608173076923077 0.11538461538461539 0.028846153846153848 0.028846153846153848
2 0.3233173076923077 0.13341346153846154 0.026442307692307692 0.028846153846153848
2 0.21033653846153846 0.1622596153846154 0.03125 0.014423076923076924
2 0.21153846153846154 0.140625 0.028846153846153848 0.014423076923076924
2 0.18389423076923078 0.1310096153846154 0.028846153846153848 0.014423076923076924
2 0.140625 0.18269230769230768 0.02403846153846154 0.026442307692307692
2 0.17908653846153846 0.17668269230769232 0.026442307692307692 0.02403846153846154
2 0.18870192307692307 0.1971153846153846 0.02403846153846154 0.026442307692307692
2 0.22355769230769232 0.19831730769230768 0.026442307692307692 0.02403846153846154
2 0.2608173076923077 0.18269230769230768 0.026442307692307692 0.028846153846153848
2 0.2824519230769231 0.171875 0.026442307692307692 0.02403846153846154
2 0.31490384615384615 0.16947115384615385 0.03365384615384615 0.019230769230769232
2 0.3581730769230769 0.16706730769230768 0.03365384615384615 0.016826923076923076
2 0.3918269230769231 0.15745192307692307 0.028846153846153848 0.026442307692307692
2 0.3786057692307692 0.18870192307692307 0.028846153846153848 0.028846153846153848
2 0.3269230769230769 0.1875 0.019230769230769232 0.021634615384615384
2 0.2980769230769231 0.22716346153846154 0.040865384615384616 0.014423076923076924
2 0.19110576923076922 0.21634615384615385 0.038461538461538464 0.014423076923076924
2 0.15504807692307693 0.2091346153846154 0.028846153846153848 0.03125
2 0.10576923076923077 0.2439903846153846 0.036057692307692304 0.016826923076923076
2 0.15144230769230768 0.234375 0.040865384615384616 0.02403846153846154
2 0.24278846153846154 0.20793269230769232 0.026442307692307692 0.026442307692307692
2 0.18990384615384615 0.2536057692307692 0.02403846153846154 0.02403846153846154
2 0.13341346153846154 0.25600961538461536 0.038461538461538464 0.014423076923076924
2 0.09975961538461539 0.27163461538461536 0.040865384615384616 0.014423076923076924
2 0.15865384615384615 0.26802884615384615 0.02403846153846154 0.02403846153846154
2 0.12740384615384615 0.2920673076923077 0.03365384615384615 0.009615384615384616
2 0.20192307692307693 0.2824519230769231 0.03365384615384615 0.016826923076923076
2 0.25841346153846156 0.2824519230769231 0.036057692307692304 0.016826923076923076
2 0.2439903846153846 0.265625 0.036057692307692304 0.016826923076923076
2 0.3088942307692308 0.25 0.04326923076923077 0.014423076923076924
2 0.2932692307692308 0.2800480769230769 0.04326923076923077 0.019230769230769232
2 0.1346153846153846 0.3161057692307692 0.036057692307692304 0.019230769230769232
2 0.15264423076923078 0.3173076923076923 0.038461538461538464 0.016826923076923076
2 0.16346153846153846 0.3004807692307692 0.02403846153846154 0.01201923076923077
2 0.18870192307692307 0.30649038461538464 0.021634615384615384 0.02403846153846154
2 0.23918269230769232 0.30649038461538464 0.040865384615384616 0.014423076923076924
2 0.28725961538461536 0.3137019230769231 0.03365384615384615 0.014423076923076924
2 0.18389423076923078 0.33533653846153844 0.03125 0.009615384615384616
2 0.16346153846153846 0.35096153846153844 0.02403846153846154 0.026442307692307692
2 0.20192307692307693 0.3629807692307692 0.038461538461538464 0.014423076923076924
2 0.21634615384615385 0.3389423076923077 0.038461538461538464 0.014423076923076924
2 0.25841346153846156 0.34134615384615385 0.026442307692307692 0.014423076923076924
2 0.31971153846153844 0.31971153846153844 0.040865384615384616 0.016826923076923076
2 0.3389423076923077 0.28125 0.028846153846153848 0.028846153846153848
2 0.37259615384615385 0.30649038461538464 0.028846153846153848 0.019230769230769232
2 0.3894230769230769 0.29086538461538464 0.02403846153846154 0.02403846153846154
2 0.4026442307692308 0.30649038461538464 0.038461538461538464 0.019230769230769232
2 0.40865384615384615 0.33413461538461536 0.028846153846153848 0.026442307692307692
2 0.3125 0.34134615384615385 0.028846153846153848 0.03125
2 0.3004807692307692 0.3629807692307692 0.03365384615384615 0.03125
2 0.25240384615384615 0.36177884615384615 0.04326923076923077 0.016826923076923076
2 0.234375 0.3786057692307692 0.04326923076923077 0.01201923076923077
2 0.21153846153846154 0.40625 0.028846153846153848 0.028846153846153848
2 0.26322115384615385 0.40384615384615385 0.04807692307692308 0.014423076923076924
2 0.29086538461538464 0.4387019230769231 0.04567307692307692 0.019230769230769232
2 0.3557692307692308 0.38221153846153844 0.028846153846153848 0.03365384615384615
2 0.36177884615384615 0.35096153846153844 0.028846153846153848 0.028846153846153848
2 0.3389423076923077 0.4050480769230769 0.05048076923076923 0.019230769230769232
2 0.3389423076923077 0.4230769230769231 0.03125 0.028846153846153848
2 0.3954326923076923 0.4050480769230769 0.04326923076923077 0.019230769230769232
2 0.3894230769230769 0.44471153846153844 0.04326923076923077 0.019230769230769232
2 0.3918269230769231 0.4254807692307692 0.026442307692307692 0.028846153846153848
2 0.4074519230769231 0.3629807692307692 0.040865384615384616 0.016826923076923076
2 0.40625 0.38822115384615385 0.02403846153846154 0.028846153846153848
2 0.4254807692307692 0.2704326923076923 0.028846153846153848 0.028846153846153848
2 0.4651442307692308 0.24639423076923078 0.019230769230769232 0.019230769230769232
2 0.4735576923076923 0.2620192307692308 0.02403846153846154 0.019230769230769232
2 0.46033653846153844 0.27884615384615385 0.02403846153846154 0.021634615384615384
2 0.5048076923076923 0.27884615384615385 0.038461538461538464 0.009615384615384616
2 0.5120192307692307 0.26802884615384615 0.03365384615384615 0.01201923076923077
2 0.4879807692307692 0.2920673076923077 0.028846153846153848 0.01201923076923077
2 0.5264423076923077 0.2932692307692308 0.038461538461538464 0.009615384615384616
2 0.4987980769230769 0.3125 0.038461538461538464 0.009615384615384616
2 0.453125 0.33413461538461536 0.03125 0.016826923076923076
2 0.4951923076923077 0.33413461538461536 0.028846153846153848 0.014423076923076924
2 0.5252403846153846 0.3329326923076923 0.03125 0.014423076923076924
2 0.5588942307692307 0.328125 0.028846153846153848 0.019230769230769232
2 0.5721153846153846 0.21033653846153846 0.036057692307692304 0.009615384615384616
2 0.5264423076923077 0.22235576923076922 0.03365384615384615 0.016826923076923076
2 0.5408653846153846 0.265625 0.02403846153846154 0.028846153846153848
2 0.5769230769230769 0.25841346153846156 0.03125 0.02403846153846154
2 0.5420673076923077 0.2512019230769231 0.028846153846153848 0.019230769230769232
2 0.6129807692307693 0.2608173076923077 0.03365384615384615 0.01201923076923077
2 0.609375 0.2776442307692308 0.03125 0.014423076923076924
2 0.5913461538461539 0.2920673076923077 0.02403846153846154 0.02403846153846154
2 0.6454326923076923 0.265625 0.026442307692307692 0.026442307692307692
2 0.6334134615384616 0.28846153846153844 0.036057692307692304 0.019230769230769232
2 0.6045673076923077 0.30649038461538464 0.03125 0.03125
2 0.6045673076923077 0.3269230769230769 0.03365384615384615 0.014423076923076924
2 0.49759615384615385 0.36538461538461536 0.03365384615384615 0.009615384615384616
2 0.5048076923076923 0.35336538461538464 0.03365384615384615 0.014423076923076924
2 0.5432692307692307 0.3449519230769231 0.03365384615384615 0.019230769230769232
2 0.5745192307692307 0.3473557692307692 0.038461538461538464 0.009615384615384616
2 0.6454326923076923 0.3329326923076923 0.036057692307692304 0.016826923076923076
2 0.6526442307692307 0.31850961538461536 0.02403846153846154 0.021634615384615384
2 0.6850961538461539 0.2932692307692308 0.038461538461538464 0.016826923076923076
2 0.6766826923076923 0.2800480769230769 0.03365384615384615 0.014423076923076924
2 0.7199519230769231 0.28725961538461536 0.040865384615384616 0.014423076923076924
2 0.7367788461538461 0.30288461538461536 0.021634615384615384 0.021634615384615384
2 0.7704326923076923 0.3088942307692308 0.026442307692307692 0.026442307692307692
2 0.7716346153846154 0.32572115384615385 0.021634615384615384 0.02403846153846154
2 0.7175480769230769 0.3137019230769231 0.028846153846153848 0.028846153846153848
2 0.6947115384615384 0.3245192307692308 0.038461538461538464 0.016826923076923076
2 0.6454326923076923 0.35336538461538464 0.026442307692307692 0.028846153846153848
2 0.7103365384615384 0.35216346153846156 0.021634615384615384 0.02403846153846154
2 0.7295673076923077 0.33774038461538464 0.036057692307692304 0.014423076923076924
2 0.6790865384615384 0.36658653846153844 0.040865384615384616 0.02403846153846154
2 0.7211538461538461 0.3701923076923077 0.02403846153846154 0.026442307692307692
2 0.7572115384615384 0.3762019230769231 0.019230769230769232 0.021634615384615384
2 0.7716346153846154 0.3449519230769231 0.02403846153846154 0.026442307692307692
2 0.7764423076923077 0.3629807692307692 0.03365384615384615 0.014423076923076924
2 0.6009615384615384 0.36899038461538464 0.03365384615384615 0.014423076923076924
2 0.5420673076923077 0.37259615384615385 0.036057692307692304 0.01201923076923077
2 0.5576923076923077 0.38221153846153844 0.028846153846153848 0.01201923076923077
2 0.5661057692307693 0.39302884615384615 0.036057692307692304 0.014423076923076924
2 0.6081730769230769 0.38822115384615385 0.02403846153846154 0.026442307692307692
2 0.6177884615384616 0.4098557692307692 0.040865384615384616 0.014423076923076924
2 0.6586538461538461 0.39783653846153844 0.028846153846153848 0.03125
2 0.7487980769230769 0.4014423076923077 0.04326923076923077 0.014423076923076924
2 0.7235576923076923 0.42788461538461536 0.04567307692307692 0.021634615384615384
2 0.703125 0.4074519230769231 0.03365384615384615 0.014423076923076924
2 0.6430288461538461 0.4254807692307692 0.038461538461538464 0.014423076923076924
2 0.6682692307692307 0.4326923076923077 0.026442307692307692 0.028846153846153848
2 0.6826923076923077 0.45913461538461536 0.040865384615384616 0.014423076923076924
2 0.7043269230769231 0.4483173076923077 0.04567307692307692 0.014423076923076924
2 0.4362980769230769 0.4230769230769231 0.038461538461538464 0.016826923076923076
2 0.5084134615384616 0.38221153846153844 0.04567307692307692 0.019230769230769232
2 0.42427884615384615 0.45552884615384615 0.028846153846153848 0.028846153846153848
2 0.5084134615384616 0.44591346153846156 0.038461538461538464 0.014423076923076924
2 0.45913461538461536 0.47596153846153844 0.028846153846153848 0.03125
2 0.4855769230769231 0.49038461538461536 0.04326923076923077 0.014423076923076924
2 0.5372596153846154 0.47115384615384615 0.03125 0.03125
2 0.5588942307692307 0.49158653846153844 0.038461538461538464 0.014423076923076924
2 0.5576923076923077 0.44591346153846156 0.026442307692307692 0.028846153846153848
2 0.5252403846153846 0.4254807692307692 0.04807692307692308 0.019230769230769232
2 0.45552884615384615 0.39903846153846156 0.028846153846153848 0.03125
2 0.5564903846153846 0.4110576923076923 0.038461538461538464 0.016826923076923076
2 0.59375 0.43028846153846156 0.02403846153846154 0.02403846153846154
2 0.5889423076923077 0.44711538461538464 0.04326923076923077 0.016826923076923076
2 0.6105769230769231 0.47716346153846156 0.028846153846153848 0.03125
2 0.6286057692307693 0.46033653846153844 0.028846153846153848 0.026442307692307692
2 0.6646634615384616 0.4723557692307692 0.036057692307692304 0.016826923076923076
2 0.7055288461538461 0.47716346153846156 0.026442307692307692 0.02403846153846154
2 0.7391826923076923 0.46274038461538464 0.028846153846153848 0.028846153846153848
2 0.75 0.48677884615384615 0.02403846153846154 0.026442307692307692
2 0.7764423076923077 0.4567307692307692 0.026442307692307692 0.02403846153846154
2 0.7620192307692307 0.4326923076923077 0.026442307692307692 0.014423076923076924
2 0.796875 0.4411057692307692 0.02403846153846154 0.021634615384615384
2 0.8425480769230769 0.4110576923076923 0.02403846153846154 0.026442307692307692
2 0.7836538461538461 0.4170673076923077 0.03365384615384615 0.021634615384615384
2 0.8028846153846154 0.3954326923076923 0.02403846153846154 0.026442307692307692
2 0.7980769230769231 0.3786057692307692 0.02403846153846154 0.026442307692307692
2 0.8449519230769231 0.3737980769230769 0.036057692307692304 0.014423076923076924
2 0.8185096153846154 0.3449519230769231 0.038461538461538464 0.019230769230769232
2 0.8100961538461539 0.33052884615384615 0.026442307692307692 0.028846153846153848
2 0.11057692307692307 0.001201923076923077 0.04807692307692308 0.002403846153846154
2 0.16346153846153846 0.003605769230769231 0.02403846153846154 0.007211538461538462
2 0.18389423076923078 0.003605769230769231 0.021634615384615384 0.007211538461538462
2 0.22235576923076922 0.007211538461538462 0.026442307692307692 0.014423076923076924
2 0.22596153846153846 0.002403846153846154 0.03365384615384615 0.004807692307692308
2 0.27403846153846156 0.006009615384615385 0.02403846153846154 0.01201923076923077
2 0.29447115384615385 0.002403846153846154 0.04567307692307692 0.004807692307692308
2 0.33413461538461536 0.007211538461538462 0.028846153846153848 0.014423076923076924
2 0.36177884615384615 0.003605769230769231 0.040865384615384616 0.007211538461538462
2 0.4050480769230769 0.002403846153846154 0.04567307692307692 0.004807692307692308
2 0.4098557692307692 0.007211538461538462 0.026442307692307692 0.014423076923076924
2 0.46274038461538464 0.002403846153846154 0.040865384615384616 0.004807692307692308
2 0.49399038461538464 0.007211538461538462 0.02403846153846154 0.014423076923076924
2 0.4567307692307692 0.003605769230769231 0.04326923076923077 0.007211538461538462
2 0.4735576923076923 0.006009615384615385 0.021634615384615384 0.01201923076923077
2 0.5012019230769231 0.007211538461538462 0.02403846153846154 0.014423076923076924
2 0.5192307692307693 0.002403846153846154 0.03125 0.004807692307692308
2 0.5456730769230769 0.009615384615384616 0.026442307692307692 0.016826923076923076
2 0.5504807692307693 0.008413461538461538 0.021634615384615384 0.014423076923076924
2 0.5757211538461539 0.010817307692307692 0.028846153846153848 0.019230769230769232
2 0.6081730769230769 0.010817307692307692 0.026442307692307692 0.016826923076923076
2 0.5961538461538461 0.004807692307692308 0.04567307692307692 0.007211538461538462
2 0.5901442307692307 0.009615384615384616 0.028846153846153848 0.016826923076923076
2 0.5889423076923077 0.007211538461538462 0.026442307692307692 0.01201923076923077
2 0.6262019230769231 0.009615384615384616 0.02403846153846154 0.014423076923076924
2 0.6526442307692307 0.009615384615384616 0.02403846153846154 0.014423076923076924
2 0.6899038461538461 0.010817307692307692 0.021634615384615384 0.014423076923076924
2 0.6526442307692307 0.006009615384615385 0.038461538461538464 0.007211538461538462
2 0.7235576923076923 0.006009615384615385 0.040865384615384616 0.004807692307692308
2 0.7199519230769231 0.010817307692307692 0.028846153846153848 0.014423076923076924
2 0.7800480769230769 0.007211538461538462 0.04326923076923077 0.004807692307692308
2 0.8088942307692307 0.008413461538461538 0.038461538461538464 0.007211538461538462
2 0.6550480769230769 0.007211538461538462 0.028846153846153848 0.009615384615384616
2 0.7079326923076923 0.01201923076923077 0.02403846153846154 0.016826923076923076
2 0.7680288461538461 0.008413461538461538 0.038461538461538464 0.007211538461538462
2 0.7536057692307693 0.01201923076923077 0.02403846153846154 0.014423076923076924
2 0.7043269230769231 0.01201923076923077 0.026442307692307692 0.016826923076923076
2 0.7295673076923077 0.008413461538461538 0.03365384615384615 0.009615384615384616
2 0.7848557692307693 0.010817307692307692 0.02403846153846154 0.01201923076923077
2 0.8269230769230769 0.009615384615384616 0.036057692307692304 0.007211538461538462
2 0.765625 0.007211538461538462 0.038461538461538464 0.004807692307692308
2 0.7788461538461539 0.008413461538461538 0.028846153846153848 0.007211538461538462
2 0.8149038461538461 0.01201923076923077 0.021634615384615384 0.01201923076923077
2 0.8221153846153846 0.01201923076923077 0.016826923076923076 0.01201923076923077
2 0.8389423076923077 0.010817307692307692 0.016826923076923076 0.009615384615384616
2 0.8858173076923077 0.009615384615384616 0.028846153846153848 0.004807692307692308
2 0.8521634615384616 0.01201923076923077 0.019230769230769232 0.01201923076923077
2 0.7728365384615384 0.007211538461538462 0.038461538461538464 0.004807692307692308
2 0.7740384615384616 0.010817307692307692 0.021634615384615384 0.01201923076923077
2 0.734375 0.007211538461538462 0.04326923076923077 0.007211538461538462
2 0.8221153846153846 0.009615384615384616 0.03125 0.007211538461538462
2 0.8197115384615384 0.008413461538461538 0.036057692307692304 0.004807692307692308
2 0.8449519230769231 0.009615384615384616 0.03365384615384615 0.007211538461538462
2 0.8677884615384616 0.010817307692307692 0.016826923076923076 0.009615384615384616
2 0.9002403846153846 0.01201923076923077 0.019230769230769232 0.009615384615384616
2 0.9206730769230769 0.010817307692307692 0.04567307692307692 0.007211538461538462
2 0.9074519230769231 0.014423076923076924 0.02403846153846154 0.014423076923076924
2 0.9110576923076923 0.013221153846153846 0.021634615384615384 0.01201923076923077
2 0.9651442307692307 0.013221153846153846 0.04807692307692308 0.009615384615384616
2 0.9507211538461539 0.009615384615384616 0.038461538461538464 0.004807692307692308
2 0.9783653846153846 0.010817307692307692 0.04326923076923077 0.007211538461538462
2 0.9675480769230769 0.010817307692307692 0.04807692307692308 0.004807692307692308
2 0.8810096153846154 0.013221153846153846 0.02403846153846154 0.014423076923076924
2 0.9266826923076923 0.016826923076923076 0.028846153846153848 0.019230769230769232
2 0.9759615384615384 0.013221153846153846 0.016826923076923076 0.009615384615384616
2 0.984375 0.015625 0.02403846153846154 0.014423076923076924
2 0.9927884615384616 0.01201923076923077 0.014423076923076924 0.009615384615384616
2 0.9951923076923077 0.01201923076923077 0.009615384615384616 0.009615384615384616
2 0.8990384615384616 0.010817307692307692 0.040865384615384616 0.007211538461538462
2 0.9495192307692307 0.014423076923076924 0.021634615384615384 0.014423076923076924
2 0.984375 0.021634615384615384 0.03125 0.019230769230769232
2 0.984375 0.4050480769230769 0.019230769230769232 0.02403846153846154
2 0.9903846153846154 0.4230769230769231 0.014423076923076924 0.014423076923076924
2 0.04447115384615385 0.002403846153846154 0.040865384615384616 0.004807692307692308
2 0.019230769230769232 0.002403846153846154 0.014423076923076924 0.004807692307692308
2 0.015625 0.001201923076923077 0.01201923076923077 0.002403846153846154
2 0.015625 0.002403846153846154 0.01201923076923077 0.004807692307692308
2 0.016826923076923076 0.002403846153846154 0.019230769230769232 0.004807692307692308
2 0.01201923076923077 0.002403846153846154 0.009615384615384616 0.004807692307692308
2 0.015625 0.001201923076923077 0.01201923076923077 0.002403846153846154
2 0.014423076923076924 0.001201923076923077 0.014423076923076924 0.002403846153846154
2 0.016826923076923076 0.002403846153846154 0.019230769230769232 0.004807692307692308
2 0.016826923076923076 0.002403846153846154 0.014423076923076924 0.004807692307692308
2 0.016826923076923076 0.002403846153846154 0.014423076923076924 0.004807692307692308
2 0.015625 0.001201923076923077 0.016826923076923076 0.002403846153846154