2 0.671875 0.009615384615384616 0.016826923076923076 0.019230769230769232
2 0.6766826923076923 0.009615384615384616 0.016826923076923076 0.014423076923076924
2 0.6911057692307693 0.009615384615384616 0.014423076923076924 0.019230769230769232
2 0.7139423076923077 0.008413461538461538 0.009615384615384616 0.016826923076923076
2 0.7379807692307693 0.009615384615384616 0.014423076923076924 0.019230769230769232
2 0.7860576923076923 0.006009615384615385 0.014423076923076924 0.01201923076923077
2 0.7211538461538461 0.008413461538461538 0.014423076923076924 0.016826923076923076
2 0.7151442307692307 0.007211538461538462 0.016826923076923076 0.014423076923076924
2 0.6887019230769231 0.008413461538461538 0.01201923076923077 0.016826923076923076
2 0.6959134615384616 0.007211538461538462 0.014423076923076924 0.014423076923076924
2 0.6862980769230769 0.006009615384615385 0.01201923076923077 0.01201923076923077
2 0.6742788461538461 0.021634615384615384 0.01201923076923077 0.03365384615384615
2 0.703125 0.009615384615384616 0.016826923076923076 0.014423076923076924
2 0.7223557692307693 0.008413461538461538 0.01201923076923077 0.016826923076923076
2 0.7355769230769231 0.008413461538461538 0.009615384615384616 0.016826923076923076
2 0.7367788461538461 0.010817307692307692 0.019230769230769232 0.016826923076923076
2 0.7415865384615384 0.007211538461538462 0.01201923076923077 0.014423076923076924
2 0.7512019230769231 0.008413461538461538 0.01201923076923077 0.01201923076923077
2 0.7668269230769231 0.008413461538461538 0.014423076923076924 0.016826923076923076
2 0.7680288461538461 0.004807692307692308 0.01201923076923077 0.009615384615384616
2 0.7908653846153846 0.007211538461538462 0.014423076923076924 0.014423076923076924
2 0.8064903846153846 0.009615384615384616 0.016826923076923076 0.014423076923076924
2 0.8112980769230769 0.008413461538461538 0.01201923076923077 0.016826923076923076
2 0.8329326923076923 0.006009615384615385 0.01201923076923077 0.01201923076923077
2 0.8365384615384616 0.006009615384615385 0.009615384615384616 0.01201923076923077
2 0.8353365384615384 0.006009615384615385 0.01201923076923077 0.01201923076923077
2 0.8509615384615384 0.007211538461538462 0.014423076923076924 0.014423076923076924
2 0.8689903846153846 0.008413461538461538 0.01201923076923077 0.016826923076923076
2 0.8798076923076923 0.007211538461538462 0.014423076923076924 0.014423076923076924
2 0.8173076923076923 0.007211538461538462 0.009615384615384616 0.014423076923076924
2 0.828125 0.006009615384615385 0.01201923076923077 0.01201923076923077
2 0.828125 0.007211538461538462 0.01201923076923077 0.009615384615384616
2 0.7439903846153846 0.007211538461538462 0.014423076923076924 0.014423076923076924
2 0.7487980769230769 0.006009615384615385 0.01201923076923077 0.01201923076923077
2 0.7620192307692307 0.010817307692307692 0.009615384615384616 0.021634615384615384
2 0.7536057692307693 0.007211538461538462 0.01201923076923077 0.014423076923076924
2 0.7788461538461539 0.009615384615384616 0.014423076923076924 0.014423076923076924
2 0.7884615384615384 0.008413461538461538 0.014423076923076924 0.01201923076923077
2 0.7740384615384616 0.007211538461538462 0.009615384615384616 0.009615384615384616
2 0.7932692307692307 0.009615384615384616 0.014423076923076924 0.014423076923076924
2 0.7235576923076923 0.008413461538461538 0.009615384615384616 0.016826923076923076
2 0.7007211538461539 0.008413461538461538 0.014423076923076924 0.014423076923076924
2 0.7103365384615384 0.007211538461538462 0.009615384615384616 0.014423076923076924
2 0.6983173076923077 0.03485576923076923 0.021634615384615384 0.021634615384615384
2 0.7091346153846154 0.05889423076923077 0.02403846153846154 0.02403846153846154
2 0.7127403846153846 0.038461538461538464 0.016826923076923076 0.019230769230769232
2 0.7403846153846154 0.09134615384615384 0.019230769230769232 0.019230769230769232
2 0.7259615384615384 0.05889423076923077 0.009615384615384616 0.021634615384615384
2 0.7524038461538461 0.12860576923076922 0.01201923076923077 0.038461538461538464
2 0.7836538461538461 0.10697115384615384 0.009615384615384616 0.04567307692307692
2 0.7524038461538461 0.008413461538461538 0.019230769230769232 0.016826923076923076
2 0.7704326923076923 0.007211538461538462 0.01201923076923077 0.014423076923076924
2 0.7776442307692307 0.006009615384615385 0.01201923076923077 0.01201923076923077
2 0.7884615384615384 0.009615384615384616 0.009615384615384616 0.019230769230769232
2 0.7415865384615384 0.030048076923076924 0.026442307692307692 0.026442307692307692
2 0.7572115384615384 0.03245192307692308 0.02403846153846154 0.021634615384615384
2 0.7572115384615384 0.06850961538461539 0.014423076923076924 0.026442307692307692
2 0.7680288461538461 0.021634615384615384 0.016826923076923076 0.014423076923076924
2 0.7776442307692307 0.04447115384615385 0.019230769230769232 0.019230769230769232
2 0.7896634615384616 0.018028846153846152 0.01201923076923077 0.036057692307692304
2 0.7932692307692307 0.027644230769230768 0.014423076923076924 0.016826923076923076
2 0.8149038461538461 0.007211538461538462 0.014423076923076924 0.014423076923076924
2 0.8125 0.008413461538461538 0.019230769230769232 0.016826923076923076
2 0.8076923076923077 0.007211538461538462 0.009615384615384616 0.014423076923076924
2 0.8329326923076923 0.007211538461538462 0.01201923076923077 0.014423076923076924
2 0.8425480769230769 0.008413461538461538 0.01201923076923077 0.01201923076923077
2 0.8353365384615384 0.006009615384615385 0.01201923076923077 0.01201923076923077
2 0.8317307692307693 0.006009615384615385 0.009615384615384616 0.01201923076923077
2 0.8221153846153846 0.007211538461538462 0.009615384615384616 0.014423076923076924
2 0.8125 0.037259615384615384 0.009615384615384616 0.03125
2 0.7980769230769231 0.07451923076923077 0.009615384615384616 0.028846153846153848
2 0.8016826923076923 0.054086538461538464 0.01201923076923077 0.028846153846153848
2 0.7884615384615384 0.07211538461538461 0.019230769230769232 0.02403846153846154
2 0.8641826923076923 0.002403846153846154 0.007211538461538462 0.004807692307692308
2 0.8653846153846154 0.007211538461538462 0.014423076923076924 0.014423076923076924
2 0.8786057692307693 0.008413461538461538 0.01201923076923077 0.016826923076923076
2 0.8509615384615384 0.004807692307692308 0.014423076923076924 0.009615384615384616
2 0.7211538461538461 0.24639423076923078 0.016826923076923076 0.016826923076923076
2 0.7295673076923077 0.2800480769230769 0.014423076923076924 0.026442307692307692
2 0.7043269230769231 0.25600961538461536 0.01201923076923077 0.021634615384615384
2 0.6995192307692307 0.2848557692307692 0.021634615384615384 0.021634615384615384
2 0.7151442307692307 0.2764423076923077 0.009615384615384616 0.03365384615384615
2 0.6754807692307693 0.2956730769230769 0.009615384615384616 0.028846153846153848
2 0.6947115384615384 0.3173076923076923 0.014423076923076924 0.02403846153846154
2 0.6899038461538461 0.33653846153846156 0.019230769230769232 0.019230769230769232
2 0.71875 0.3233173076923077 0.009615384615384616 0.03125
2 0.7211538461538461 0.29927884615384615 0.016826923076923076 0.014423076923076924
2 0.7319711538461539 0.30288461538461536 0.004807692307692308 0.038461538461538464
2 0.7127403846153846 0.3473557692307692 0.016826923076923076 0.021634615384615384
2 0.7403846153846154 0.36177884615384615 0.009615384615384616 0.02403846153846154
2 0.7439903846153846 0.3858173076923077 0.01201923076923077 0.026442307692307692
2 0.7235576923076923 0.36177884615384615 0.014423076923076924 0.019230769230769232
2 0.7283653846153846 0.38221153846153844 0.014423076923076924 0.014423076923076924
2 0.6754807692307693 0.35216346153846156 0.009615384615384616 0.03125
2 0.6586538461538461 0.3798076923076923 0.019230769230769232 0.02403846153846154
2 0.6766826923076923 0.39663461538461536 0.007211538461538462 0.03365384615384615
2 0.6838942307692307 0.3762019230769231 0.009615384615384616 0.026442307692307692
2 0.7019230769230769 0.39783653846153844 0.009615384615384616 0.03125
2 0.7283653846153846 0.40865384615384615 0.009615384615384616 0.019230769230769232
2 0.7223557692307693 0.43509615384615385 0.01201923076923077 0.038461538461538464
2 0.7632211538461539 0.4362980769230769 0.026442307692307692 0.026442307692307692
2 0.7451923076923077 0.46634615384615385 0.009615384615384616 0.02403846153846154
2 0.7391826923076923 0.46634615384615385 0.021634615384615384 0.02403846153846154
2 0.7548076923076923 0.5 0.019230769230769232 0.019230769230769232
2 0.6586538461538461 0.43028846153846156 0.014423076923076924 0.03365384615384615
2 0.6826923076923077 0.4326923076923077 0.02403846153846154 0.02403846153846154
2 0.6887019230769231 0.40384615384615385 0.019230769230769232 0.019230769230769232
2 0.6971153846153846 0.44711538461538464 0.009615384615384616 0.038461538461538464
2 0.7103365384615384 0.47716346153846156 0.007211538461538462 0.026442307692307692
2 0.7223557692307693 0.4675480769230769 0.021634615384615384 0.021634615384615384
2 0.7307692307692307 0.5 0.019230769230769232 0.019230769230769232
2 0.7199519230769231 0.5072115384615384 0.021634615384615384 0.02403846153846154
2 0.6790865384615384 0.49278846153846156 0.009615384615384616 0.03365384615384615
2 0.6358173076923077 0.4963942307692308 0.016826923076923076 0.03125
2 0.6694711538461539 0.5216346153846154 0.019230769230769232 0.019230769230769232
2 0.6177884615384616 0.5252403846153846 0.026442307692307692 0.026442307692307692
2 0.5997596153846154 0.5625 0.019230769230769232 0.019230769230769232
2 0.6262019230769231 0.5612980769230769 0.028846153846153848 0.026442307692307692
2 0.6382211538461539 0.5396634615384616 0.009615384615384616 0.04326923076923077
2 0.6478365384615384 0.5516826923076923 0.02403846153846154 0.021634615384615384
2 0.6730769230769231 0.5552884615384616 0.014423076923076924 0.028846153846153848
2 0.6983173076923077 0.5420673076923077 0.019230769230769232 0.021634615384615384
2 0.7091346153846154 0.5336538461538461 0.021634615384615384 0.019230769230769232
2 0.7740384615384616 0.5564903846153846 0.021634615384615384 0.021634615384615384
2 0.7824519230769231 0.5925480769230769 0.02403846153846154 0.02403846153846154
2 0.75 0.5276442307692307 0.021634615384615384 0.021634615384615384
2 0.7403846153846154 0.5649038461538461 0.01201923076923077 0.03365384615384615
2 0.7367788461538461 0.5997596153846154 0.02403846153846154 0.026442307692307692
2 0.7091346153846154 0.5769230769230769 0.016826923076923076 0.014423076923076924
2 0.6995192307692307 0.5697115384615384 0.01201923076923077 0.028846153846153848
2 0.6899038461538461 0.5925480769230769 0.014423076923076924 0.026442307692307692
2 0.6622596153846154 0.5997596153846154 0.009615384615384616 0.040865384615384616
2 0.6274038461538461 0.5865384615384616 0.01201923076923077 0.028846153846153848
2 0.6081730769230769 0.5961538461538461 0.01201923076923077 0.019230769230769232
2 0.6262019230769231 0.625 0.014423076923076924 0.03365384615384615
2 0.6129807692307693 0.6310096153846154 0.01201923076923077 0.026442307692307692
2 0.6358173076923077 0.6262019230769231 0.014423076923076924 0.036057692307692304
2 0.6550480769230769 0.6358173076923077 0.02403846153846154 0.026442307692307692
2 0.6646634615384616 0.6310096153846154 0.02403846153846154 0.021634615384615384
2 0.6802884615384616 0.6394230769230769 0.014423076923076924 0.03365384615384615
2 0.6935096153846154 0.625 0.009615384615384616 0.02403846153846154
2 0.7043269230769231 0.6201923076923077 0.01201923076923077 0.028846153846153848
2 0.7223557692307693 0.6045673076923077 0.009615384615384616 0.021634615384615384
2 0.7235576923076923 0.6370192307692307 0.021634615384615384 0.02403846153846154
2 0.7524038461538461 0.5721153846153846 0.01201923076923077 0.028846153846153848
2 0.7560096153846154 0.6021634615384616 0.014423076923076924 0.021634615384615384
2 0.7584134615384616 0.6262019230769231 0.009615384615384616 0.021634615384615384
2 0.7608173076923077 0.6466346153846154 0.014423076923076924 0.014423076923076924
2 0.7704326923076923 0.6790865384615384 0.009615384615384616 0.036057692307692304
2 0.7463942307692307 0.6298076923076923 0.014423076923076924 0.019230769230769232
2 0.7415865384615384 0.6586538461538461 0.014423076923076924 0.014423076923076924
2 0.7572115384615384 0.6995192307692307 0.021634615384615384 0.019230769230769232
2 0.7475961538461539 0.7139423076923077 0.021634615384615384 0.019230769230769232
2 0.7415865384615384 0.7307692307692307 0.016826923076923076 0.019230769230769232
2 0.75 0.7439903846153846 0.019230769230769232 0.016826923076923076
2 0.7079326923076923 0.6899038461538461 0.019230769230769232 0.02403846153846154
2 0.71875 0.6887019230769231 0.021634615384615384 0.021634615384615384
2 0.6935096153846154 0.6766826923076923 0.014423076923076924 0.03365384615384615
2 0.6334134615384616 0.6658653846153846 0.009615384615384616 0.03365384615384615
2 0.6165865384615384 0.6694711538461539 0.014423076923076924 0.026442307692307692
2 0.5913461538461539 0.6899038461538461 0.01201923076923077 0.03365384615384615
2 0.6021634615384616 0.6899038461538461 0.009615384615384616 0.02403846153846154
2 0.6201923076923077 0.7019230769230769 0.016826923076923076 0.014423076923076924
2 0.6201923076923077 0.7199519230769231 0.016826923076923076 0.016826923076923076
2 0.6346153846153846 0.6959134615384616 0.019230769230769232 0.016826923076923076
2 0.6502403846153846 0.6730769230769231 0.019230769230769232 0.019230769230769232
2 0.6466346153846154 0.6923076923076923 0.01201923076923077 0.028846153846153848
2 0.6646634615384616 0.7043269230769231 0.014423076923076924 0.03365384615384615
2 0.6694711538461539 0.6790865384615384 0.014423076923076924 0.026442307692307692
2 0.6838942307692307 0.703125 0.009615384615384616 0.019230769230769232
2 0.6923076923076923 0.7331730769230769 0.019230769230769232 0.019230769230769232
2 0.6959134615384616 0.765625 0.007211538461538462 0.021634615384615384
2 0.6574519230769231 0.734375 0.01201923076923077 0.026442307692307692
2 0.6466346153846154 0.7367788461538461 0.019230769230769232 0.016826923076923076
2 0.6334134615384616 0.7451923076923077 0.01201923076923077 0.028846153846153848
2 0.6105769230769231 0.7379807692307693 0.019230769230769232 0.019230769230769232
2 0.6201923076923077 0.7475961538461539 0.009615384615384616 0.028846153846153848
2 0.6165865384615384 0.7776442307692307 0.021634615384615384 0.021634615384615384
2 0.59375 0.7788461538461539 0.014423076923076924 0.014423076923076924
2 0.6298076923076923 0.7764423076923077 0.019230769230769232 0.014423076923076924
2 0.6213942307692307 0.796875 0.016826923076923076 0.016826923076923076
2 0.6935096153846154 0.8185096153846154 0.016826923076923076 0.016826923076923076
2 0.6610576923076923 0.8064903846153846 0.009615384615384616 0.026442307692307692
2 0.6430288461538461 0.7848557692307693 0.01201923076923077 0.019230769230769232
2 0.6394230769230769 0.8088942307692307 0.019230769230769232 0.021634615384615384
2 0.7139423076923077 0.7884615384615384 0.02403846153846154 0.028846153846153848
2 0.7199519230769231 0.7439903846153846 0.01201923076923077 0.03125
2 0.7043269230769231 0.7151442307692307 0.016826923076923076 0.019230769230769232
2 0.703125 0.7487980769230769 0.021634615384615384 0.021634615384615384
2 0.7451923076923077 0.7896634615384616 0.014423076923076924 0.026442307692307692
2 0.7319711538461539 0.796875 0.01201923076923077 0.026442307692307692
2 0.7487980769230769 0.8100961538461539 0.016826923076923076 0.019230769230769232
2 0.7211538461538461 0.8173076923076923 0.019230769230769232 0.019230769230769232
2 0.6995192307692307 0.8100961538461539 0.014423076923076924 0.014423076923076924
2 0.6887019230769231 0.7836538461538461 0.019230769230769232 0.019230769230769232
2 0.6105769230769231 0.8329326923076923 0.014423076923076924 0.036057692307692304
2 0.5913461538461539 0.8545673076923077 0.009615384615384616 0.02403846153846154
2 0.6009615384615384 0.8762019230769231 0.009615384615384616 0.028846153846153848
2 0.6057692307692307 0.890625 0.009615384615384616 0.021634615384615384
2 0.6081730769230769 0.9230769230769231 0.019230769230769232 0.019230769230769232
2 0.6682692307692307 0.9795673076923077 0.014423076923076924 0.036057692307692304
2 0.6778846153846154 0.8377403846153846 0.02403846153846154 0.026442307692307692
2 0.6598557692307693 0.8461538461538461 0.021634615384615384 0.02403846153846154
2 0.7055288461538461 0.8377403846153846 0.01201923076923077 0.03125
2 0.7211538461538461 0.8762019230769231 0.019230769230769232 0.021634615384615384
2 0.7103365384615384 0.9014423076923077 0.026442307692307692 0.02403846153846154