2 0.8737980769230769 0.8173076923076923 0.040865384615384616 0.0673076923076923
2 0.9867788461538461 0.6069711538461539 0.016826923076923076 0.05048076923076923
2 0.9819711538461539 0.6045673076923077 0.026442307692307692 0.036057692307692304
2 0.9879807692307693 0.5288461538461539 0.016826923076923076 0.02403846153846154
2 0.9927884615384616 0.3713942307692308 0.009615384615384616 0.03365384615384615
2 0.9903846153846154 0.41947115384615385 0.014423076923076924 0.03365384615384615
2 0.9939903846153846 0.3918269230769231 0.007211538461538462 0.036057692307692304
2 0.90625 0.6490384615384616 0.040865384615384616 0.038461538461538464
2 0.9206730769230769 0.5949519230769231 0.02403846153846154 0.040865384615384616
2 0.9807692307692307 0.5204326923076923 0.03365384615384615 0.04326923076923077
2 0.9759615384615384 0.4375 0.036057692307692304 0.03365384615384615
2 0.9350961538461539 0.4807692307692308 0.038461538461538464 0.036057692307692304
2 0.9855769230769231 0.36177884615384615 0.02403846153846154 0.028846153846153848
2 0.9915865384615384 0.3173076923076923 0.01201923076923077 0.040865384615384616
2 0.9903846153846154 0.3076923076923077 0.016826923076923076 0.03125
2 0.9519230769230769 0.3713942307692308 0.019230769230769232 0.04326923076923077
2 0.9423076923076923 0.4170673076923077 0.021634615384615384 0.052884615384615384
2 0.890625 0.4723557692307692 0.03365384615384615 0.036057692307692304
2 0.8725961538461539 0.5348557692307693 0.021634615384615384 0.04807692307692308
2 0.8737980769230769 0.5913461538461539 0.036057692307692304 0.036057692307692304
2 0.8389423076923077 0.5673076923076923 0.038461538461538464 0.036057692307692304
2 0.796875 0.5132211538461539 0.036057692307692304 0.04807692307692308
2 0.7475961538461539 0.625 0.04326923076923077 0.04807692307692308
2 0.8221153846153846 0.6358173076923077 0.036057692307692304 0.038461538461538464
2 0.796875 0.6694711538461539 0.04807692307692308 0.04567307692307692
2 0.8461538461538461 0.7103365384615384 0.03365384615384615 0.04807692307692308
2 0.8533653846153846 0.7668269230769231 0.03365384615384615 0.04567307692307692
2 0.6923076923076923 0.9362980769230769 0.038461538461538464 0.04326923076923077
2 0.7752403846153846 0.8846153846153846 0.04326923076923077 0.04326923076923077
2 0.7331730769230769 0.8774038461538461 0.036057692307692304 0.03125
2 0.7584134615384616 0.8413461538461539 0.038461538461538464 0.03365384615384615
2 0.765625 0.7524038461538461 0.03125 0.038461538461538464
2 0.7067307692307693 0.8173076923076923 0.036057692307692304 0.052884615384615384
2 0.6742788461538461 0.5793269230769231 0.040865384615384616 0.038461538461538464
2 0.7584134615384616 0.5432692307692307 0.040865384615384616 0.038461538461538464
2 0.7415865384615384 0.39783653846153844 0.036057692307692304 0.036057692307692304
2 0.78125 0.41225961538461536 0.03125 0.04567307692307692
2 0.8209134615384616 0.375 0.03125 0.04567307692307692
2 0.8533653846153846 0.3713942307692308 0.03365384615384615 0.04326923076923077
2 0.8401442307692307 0.4639423076923077 0.028846153846153848 0.040865384615384616
2 0.8834134615384616 0.42427884615384615 0.03365384615384615 0.036057692307692304
2 0.9170673076923077 0.3701923076923077 0.03125 0.028846153846153848
2 0.9266826923076923 0.328125 0.028846153846153848 0.026442307692307692
2 0.9639423076923077 0.3112980769230769 0.028846153846153848 0.03125
2 0.9915865384615384 0.26802884615384615 0.014423076923076924 0.02403846153846154
2 0.9651442307692307 0.26322115384615385 0.014423076923076924 0.036057692307692304
2 0.9375 0.25841346153846156 0.03125 0.03365384615384615
2 0.8918269230769231 0.2980769230769231 0.028846153846153848 0.028846153846153848
2 0.8581730769230769 0.2608173076923077 0.040865384615384616 0.038461538461538464
2 0.8245192307692307 0.2644230769230769 0.019230769230769232 0.04567307692307692
2 0.7920673076923077 0.29927884615384615 0.026442307692307692 0.03365384615384615
2 0.7331730769230769 0.2956730769230769 0.03365384615384615 0.036057692307692304
2 0.7524038461538461 0.26802884615384615 0.028846153846153848 0.026442307692307692
2 0.7824519230769231 0.234375 0.028846153846153848 0.03125
2 0.7415865384615384 0.23076923076923078 0.028846153846153848 0.03125
2 0.7175480769230769 0.359375 0.02403846153846154 0.038461538461538464
2 0.6983173076923077 0.39663461538461536 0.03125 0.03365384615384615
2 0.6850961538461539 0.4567307692307692 0.03125 0.028846153846153848
2 0.6730769230769231 0.48677884615384615 0.02403846153846154 0.05048076923076923
2 0.6478365384615384 0.5168269230769231 0.03365384615384615 0.05048076923076923
2 0.6694711538461539 0.7608173076923077 0.040865384615384616 0.040865384615384616
2 0.6478365384615384 0.8665865384615384 0.028846153846153848 0.04326923076923077
2 0.6286057692307693 0.9326923076923077 0.05048076923076923 0.05048076923076923
2 0.6153846153846154 0.7992788461538461 0.028846153846153848 0.038461538461538464
2 0.6394230769230769 0.7752403846153846 0.04326923076923077 0.04326923076923077
2 0.5793269230769231 0.8173076923076923 0.036057692307692304 0.04807692307692308
2 0.5300480769230769 0.890625 0.036057692307692304 0.04807692307692308
2 0.5144230769230769 0.8545673076923077 0.040865384615384616 0.03365384615384615
2 0.45552884615384615 0.8810096153846154 0.038461538461538464 0.04807692307692308
2 0.41586538461538464 0.8798076923076923 0.04567307692307692 0.04326923076923077
2 0.45913461538461536 0.765625 0.04326923076923077 0.04567307692307692
2 0.5036057692307693 0.7475961538461539 0.040865384615384616 0.04326923076923077
2 0.5901442307692307 0.7175480769230769 0.040865384615384616 0.055288461538461536
2 0.6237980769230769 0.6754807692307693 0.04807692307692308 0.05048076923076923
2 0.5733173076923077 0.6598557692307693 0.04326923076923077 0.040865384615384616
2 0.5336538461538461 0.6850961538461539 0.038461538461538464 0.038461538461538464
2 0.6069711538461539 0.5721153846153846 0.036057692307692304 0.036057692307692304
2 0.5564903846153846 0.5997596153846154 0.038461538461538464 0.038461538461538464
2 0.5228365384615384 0.6129807692307693 0.038461538461538464 0.036057692307692304
2 0.49158653846153844 0.6466346153846154 0.03365384615384615 0.038461538461538464
2 0.4651442307692308 0.6959134615384616 0.040865384615384616 0.040865384615384616
2 0.4879807692307692 0.5252403846153846 0.036057692307692304 0.036057692307692304
2 0.5108173076923077 0.47716346153846156 0.036057692307692304 0.036057692307692304
2 0.5504807692307693 0.5252403846153846 0.036057692307692304 0.036057692307692304
2 0.5757211538461539 0.42908653846153844 0.028846153846153848 0.036057692307692304
2 0.609375 0.42908653846153844 0.02403846153846154 0.038461538461538464
2 0.6442307692307693 0.45072115384615385 0.03125 0.03365384615384615
2 0.5817307692307693 0.359375 0.02403846153846154 0.05048076923076923
2 0.6442307692307693 0.3293269230769231 0.036057692307692304 0.036057692307692304
2 0.6646634615384616 0.36778846153846156 0.03125 0.04567307692307692
2 0.6670673076923077 0.2704326923076923 0.03365384615384615 0.0625
2 0.6021634615384616 0.26322115384615385 0.03365384615384615 0.03365384615384615
2 0.5528846153846154 0.3112980769230769 0.02403846153846154 0.055288461538461536
2 0.6213942307692307 0.39302884615384615 0.03125 0.04326923076923077
2 0.6057692307692307 0.5300480769230769 0.021634615384615384 0.04807692307692308
2 0.6995192307692307 0.5949519230769231 0.019230769230769232 0.040865384615384616
2 0.7451923076923077 0.5024038461538461 0.02403846153846154 0.028846153846153848
2 0.36778846153846156 0.8353365384615384 0.03125 0.06009615384615385
2 0.40384615384615385 0.7992788461538461 0.038461538461538464 0.038461538461538464
2 0.4230769230769231 0.7391826923076923 0.036057692307692304 0.03365384615384615
2 0.38221153846153844 0.7512019230769231 0.02403846153846154 0.040865384615384616
2 0.34375 0.7175480769230769 0.038461538461538464 0.04567307692307692
2 0.3798076923076923 0.7091346153846154 0.02403846153846154 0.04326923076923077
2 0.4026442307692308 0.6730769230769231 0.02403846153846154 0.040865384615384616
2 0.43990384615384615 0.5985576923076923 0.03365384615384615 0.03365384615384615
2 0.38100961538461536 0.5168269230769231 0.03125 0.057692307692307696
2 0.40384615384615385 0.44591346153846156 0.036057692307692304 0.04807692307692308
2 0.4735576923076923 0.4362980769230769 0.04567307692307692 0.04567307692307692
2 0.4266826923076923 0.3762019230769231 0.036057692307692304 0.038461538461538464
2 0.46634615384615385 0.36658653846153844 0.04326923076923077 0.040865384615384616
2 0.5 0.4026442307692308 0.036057692307692304 0.04567307692307692
2 0.5408653846153846 0.38822115384615385 0.028846153846153848 0.055288461538461536
2 0.34375 0.5432692307692307 0.03365384615384615 0.04807692307692308
2 0.3701923076923077 0.6514423076923077 0.040865384615384616 0.04326923076923077
2 0.31009615384615385 0.6454326923076923 0.036057692307692304 0.052884615384615384
2 0.2824519230769231 0.6923076923076923 0.026442307692307692 0.0625
2 0.3389423076923077 0.6814903846153846 0.019230769230769232 0.040865384615384616
2 0.3088942307692308 0.7439903846153846 0.021634615384615384 0.057692307692307696
2 0.24158653846153846 0.7463942307692307 0.040865384615384616 0.038461538461538464
2 0.23918269230769232 0.6790865384615384 0.038461538461538464 0.038461538461538464
2 0.21033653846153846 0.6069711538461539 0.019230769230769232 0.038461538461538464
2 0.25600961538461536 0.5853365384615384 0.028846153846153848 0.055288461538461536
2 0.3016826923076923 0.5805288461538461 0.04567307692307692 0.04567307692307692
2 0.27403846153846156 0.49158653846153844 0.028846153846153848 0.03125
2 0.30288461538461536 0.5324519230769231 0.040865384615384616 0.040865384615384616
2 0.23677884615384615 0.4735576923076923 0.028846153846153848 0.04567307692307692
2 0.21875 0.44350961538461536 0.040865384615384616 0.04326923076923077
2 0.33413461538461536 0.4362980769230769 0.040865384615384616 0.038461538461538464
2 0.4170673076923077 0.5637019230769231 0.021634615384615384 0.04326923076923077
2 0.39903846153846156 0.6262019230769231 0.02403846153846154 0.04326923076923077
2 0.22115384615384615 0.9855769230769231 0.019230769230769232 0.021634615384615384
2 0.18028846153846154 0.9891826923076923 0.019230769230769232 0.014423076923076924
2 0.20192307692307693 0.9891826923076923 0.014423076923076924 0.014423076923076924
2 0.19591346153846154 0.9903846153846154 0.016826923076923076 0.01201923076923077
2 0.21153846153846154 0.9879807692307693 0.014423076923076924 0.016826923076923076
2 0.2608173076923077 0.9903846153846154 0.016826923076923076 0.014423076923076924
2 0.2764423076923077 0.9915865384615384 0.014423076923076924 0.01201923076923077
2 0.23918269230769232 0.9879807692307693 0.016826923076923076 0.016826923076923076
2 0.25600961538461536 0.9891826923076923 0.014423076923076924 0.016826923076923076
2 0.21033653846153846 0.9879807692307693 0.021634615384615384 0.016826923076923076
2 0.14903846153846154 0.9867788461538461 0.019230769230769232 0.016826923076923076
2 0.15264423076923078 0.9891826923076923 0.016826923076923076 0.01201923076923077
2 0.2548076923076923 0.9915865384615384 0.019230769230769232 0.01201923076923077
2 0.18389423076923078 0.9891826923076923 0.016826923076923076 0.014423076923076924
2 0.1466346153846154 0.9855769230769231 0.014423076923076924 0.019230769230769232
2 0.12379807692307693 0.9855769230769231 0.016826923076923076 0.019230769230769232
2 0.125 0.9903846153846154 0.009615384615384616 0.009615384615384616
2 0.1658653846153846 0.9855769230769231 0.019230769230769232 0.019230769230769232
2 0.1658653846153846 0.9867788461538461 0.014423076923076924 0.016826923076923076
2 0.10096153846153846 0.984375 0.019230769230769232 0.019230769230769232
2 0.125 0.9855769230769231 0.019230769230769232 0.019230769230769232
2 0.07211538461538461 0.9807692307692307 0.019230769230769232 0.019230769230769232
2 0.1141826923076923 0.9651442307692307 0.016826923076923076 0.03125
2 0.17908653846153846 0.9435096153846154 0.02403846153846154 0.026442307692307692
2 0.18629807692307693 0.8629807692307693 0.014423076923076924 0.02403846153846154
2 0.21153846153846154 0.8617788461538461 0.021634615384615384 0.02403846153846154
2 0.22716346153846154 0.8966346153846154 0.01201923076923077 0.03365384615384615
2 0.2091346153846154 0.9387019230769231 0.016826923076923076 0.04326923076923077
2 0.1622596153846154 0.8701923076923077 0.019230769230769232 0.028846153846153848
2 0.14182692307692307 0.9122596153846154 0.014423076923076924 0.036057692307692304
2 0.10697115384615384 0.9086538461538461 0.021634615384615384 0.026442307692307692
2 0.07692307692307693 0.8653846153846154 0.016826923076923076 0.04326923076923077
2 0.07451923076923077 0.9423076923076923 0.03125 0.028846153846153848
2 0.09375 0.9651442307692307 0.02403846153846154 0.02403846153846154
2 0.06009615384615385 0.9206730769230769 0.009615384615384616 0.03365384615384615
2 0.078125 0.875 0.02403846153846154 0.02403846153846154
2 0.10336538461538461 0.8617788461538461 0.01201923076923077 0.028846153846153848
2 0.1141826923076923 0.8305288461538461 0.009615384615384616 0.03125
2 0.15144230769230768 0.8112980769230769 0.016826923076923076 0.016826923076923076
2 0.17427884615384615 0.7860576923076923 0.021634615384615384 0.028846153846153848
2 0.18389423076923078 0.8341346153846154 0.019230769230769232 0.016826923076923076
2 0.203125 0.7980769230769231 0.016826923076923076 0.03125
2 0.09254807692307693 0.6959134615384616 0.021634615384615384 0.026442307692307692
2 0.07211538461538461 0.7884615384615384 0.014423076923076924 0.03365384615384615
2 0.046875 0.8221153846153846 0.019230769230769232 0.028846153846153848
2 0.125 0.7872596153846154 0.028846153846153848 0.026442307692307692
2 0.13341346153846154 0.7439903846153846 0.01201923076923077 0.038461538461538464
2 0.07451923076923077 0.7367788461538461 0.016826923076923076 0.016826923076923076
2 0.055288461538461536 0.7163461538461539 0.02403846153846154 0.019230769230769232
2 0.03365384615384615 0.7668269230769231 0.02403846153846154 0.026442307692307692