2 0.4735576923076923 0.6021634615384616 0.0625 0.019230769230769232
2 0.4807692307692308 0.5649038461538461 0.04807692307692308 0.04326923076923077
2 0.49759615384615385 0.5336538461538461 0.038461538461538464 0.038461538461538464
2 0.5168269230769231 0.4987980769230769 0.07211538461538461 0.021634615384615384
2 0.6334134615384616 0.48197115384615385 0.04807692307692308 0.04807692307692308
2 0.6935096153846154 0.4338942307692308 0.0625 0.021634615384615384
2 0.6177884615384616 0.4230769230769231 0.03365384615384615 0.03365384615384615
2 0.6322115384615384 0.3954326923076923 0.04326923076923077 0.019230769230769232
2 0.5456730769230769 0.4699519230769231 0.038461538461538464 0.036057692307692304
2 0.5408653846153846 0.4543269230769231 0.052884615384615384 0.019230769230769232
2 0.5745192307692307 0.40024038461538464 0.038461538461538464 0.040865384615384616
2 0.4651442307692308 0.46274038461538464 0.036057692307692304 0.036057692307692304
2 0.4807692307692308 0.42427884615384615 0.038461538461538464 0.040865384615384616
2 0.4495192307692308 0.49399038461538464 0.057692307692307696 0.06009615384615385
2 0.38100961538461536 0.5408653846153846 0.052884615384615384 0.02403846153846154
2 0.37259615384615385 0.6045673076923077 0.04326923076923077 0.040865384615384616
2 0.3786057692307692 0.5829326923076923 0.026442307692307692 0.026442307692307692
2 0.32211538461538464 0.5456730769230769 0.028846153846153848 0.03365384615384615
2 0.2776442307692308 0.5649038461538461 0.040865384615384616 0.038461538461538464
2 0.296875 0.6021634615384616 0.03125 0.03125
2 0.3449519230769231 0.5132211538461539 0.036057692307692304 0.036057692307692304
2 0.4182692307692308 0.46634615384615385 0.028846153846153848 0.028846153846153848
2 0.4483173076923077 0.4387019230769231 0.03125 0.03125
2 0.40625 0.43509615384615385 0.04326923076923077 0.019230769230769232
2 0.45072115384615385 0.40625 0.04567307692307692 0.04807692307692308
2 0.5252403846153846 0.38822115384615385 0.06490384615384616 0.021634615384615384
2 0.5576923076923077 0.3713942307692308 0.0625 0.016826923076923076
2 0.6478365384615384 0.36899038461538464 0.036057692307692304 0.036057692307692304
2 0.6899038461538461 0.3545673076923077 0.028846153846153848 0.03125
2 0.6478365384615384 0.34375 0.04567307692307692 0.02403846153846154
2 0.6538461538461539 0.3016826923076923 0.04326923076923077 0.040865384615384616
2 0.6021634615384616 0.27283653846153844 0.06009615384615385 0.021634615384615384
2 0.6286057692307693 0.23677884615384615 0.038461538461538464 0.038461538461538464
2 0.5853365384615384 0.20072115384615385 0.03125 0.036057692307692304
2 0.5600961538461539 0.25240384615384615 0.04326923076923077 0.04326923076923077
2 0.5300480769230769 0.3112980769230769 0.04567307692307692 0.04567307692307692
2 0.5024038461538461 0.35096153846153844 0.04807692307692308 0.02403846153846154
2 0.4639423076923077 0.3737980769230769 0.038461538461538464 0.036057692307692304
2 0.38822115384615385 0.375 0.06490384615384616 0.019230769230769232
2 0.3737980769230769 0.41225961538461536 0.06009615384615385 0.026442307692307692
2 0.3605769230769231 0.39903846153846156 0.03365384615384615 0.03365384615384615
2 0.2980769230769231 0.43149038461538464 0.04326923076923077 0.04567307692307692
2 0.3076923076923077 0.4879807692307692 0.052884615384615384 0.02403846153846154
2 0.2860576923076923 0.5216346153846154 0.03365384615384615 0.03365384615384615
2 0.25 0.5336538461538461 0.03365384615384615 0.038461538461538464
2 0.21995192307692307 0.6009615384615384 0.055288461538461536 0.02403846153846154
2 0.1875 0.6237980769230769 0.04807692307692308 0.026442307692307692
2 0.12259615384615384 0.6141826923076923 0.038461538461538464 0.040865384615384616
2 0.17307692307692307 0.5997596153846154 0.04807692307692308 0.016826923076923076
2 0.1875 0.578125 0.04326923076923077 0.016826923076923076
2 0.21514423076923078 0.5625 0.036057692307692304 0.03365384615384615
2 0.1466346153846154 0.5709134615384616 0.038461538461538464 0.021634615384615384
2 0.1935096153846154 0.5360576923076923 0.04567307692307692 0.019230769230769232
2 0.1935096153846154 0.5168269230769231 0.06490384615384616 0.014423076923076924
2 0.22716346153846154 0.4891826923076923 0.040865384615384616 0.040865384615384616
2 0.26322115384615385 0.46153846153846156 0.057692307692307696 0.019230769230769232
2 0.24158653846153846 0.4387019230769231 0.03125 0.03125
2 0.25240384615384615 0.39663461538461536 0.04326923076923077 0.02403846153846154
2 0.19951923076923078 0.41947115384615385 0.03365384615384615 0.03125
2 0.18389423076923078 0.4423076923076923 0.036057692307692304 0.038461538461538464
2 0.15504807692307693 0.4362980769230769 0.03365384615384615 0.036057692307692304
2 0.1141826923076923 0.3713942307692308 0.03365384615384615 0.03365384615384615
2 0.037259615384615384 0.3629807692307692 0.040865384615384616 0.019230769230769232
2 0.3942307692307692 0.3425480769230769 0.04326923076923077 0.04567307692307692
2 0.4411057692307692 0.328125 0.06490384615384616 0.021634615384615384
2 0.39663461538461536 0.2956730769230769 0.03365384615384615 0.038461538461538464
2 0.3786057692307692 0.2848557692307692 0.040865384615384616 0.02403846153846154
2 0.3245192307692308 0.31971153846153844 0.038461538461538464 0.038461538461538464
2 0.43509615384615385 0.23798076923076922 0.0673076923076923 0.02403846153846154
2 0.5288461538461539 0.21634615384615385 0.038461538461538464 0.038461538461538464
2 0.5228365384615384 0.19110576923076922 0.03125 0.03125
2 0.4387019230769231 0.15504807692307693 0.04567307692307692 0.04567307692307692
2 0.3762019230769231 0.23197115384615385 0.052884615384615384 0.021634615384615384
2 0.3701923076923077 0.20793269230769232 0.04807692307692308 0.021634615384615384
2 0.2512019230769231 0.20793269230769232 0.040865384615384616 0.040865384615384616
2 0.23076923076923078 0.38461538461538464 0.03365384615384615 0.014423076923076924
2 0.1971153846153846 0.3641826923076923 0.02403846153846154 0.02403846153846154
2 0.2668269230769231 0.3641826923076923 0.04807692307692308 0.014423076923076924
2 0.2608173076923077 0.35096153846153844 0.040865384615384616 0.019230769230769232
2 0.14302884615384615 0.49278846153846156 0.036057692307692304 0.03365384615384615
2 0.109375 0.5276442307692307 0.04326923076923077 0.019230769230769232
2 0.09014423076923077 0.5492788461538461 0.03365384615384615 0.036057692307692304
2 0.10817307692307693 0.5925480769230769 0.04326923076923077 0.021634615384615384
2 0.03365384615384615 0.578125 0.04326923076923077 0.04326923076923077
2 0.02283653846153846 0.5576923076923077 0.03125 0.03365384615384615
2 0.02403846153846154 0.515625 0.03365384615384615 0.036057692307692304
2 0.0673076923076923 0.47716346153846156 0.038461538461538464 0.036057692307692304
2 0.08413461538461539 0.4543269230769231 0.0673076923076923 0.019230769230769232
2 0.11778846153846154 0.46875 0.03365384615384615 0.014423076923076924
2 0.0829326923076923 0.4230769230769231 0.04567307692307692 0.04326923076923077
2 0.018028846153846152 0.4483173076923077 0.036057692307692304 0.021634615384615384
2 0.016826923076923076 0.4831730769230769 0.028846153846153848 0.028846153846153848
2 0.13942307692307693 0.6658653846153846 0.038461538461538464 0.038461538461538464
2 0.0733173076923077 0.6358173076923077 0.036057692307692304 0.036057692307692304
2 0.019230769230769232 0.6322115384615384 0.028846153846153848 0.03365384615384615
2 0.020432692307692308 0.6069711538461539 0.040865384615384616 0.021634615384615384
2 0.2980769230769231 0.2644230769230769 0.057692307692307696 0.02403846153846154