2 0.5985576923076923 0.8497596153846154 0.028846153846153848 0.02403846153846154
2 0.6081730769230769 0.8016826923076923 0.03365384615384615 0.019230769230769232
2 0.5961538461538461 0.7740384615384616 0.02403846153846154 0.016826923076923076
2 0.6069711538461539 0.7331730769230769 0.021634615384615384 0.021634615384615384
2 0.5997596153846154 0.7596153846153846 0.026442307692307692 0.026442307692307692
2 0.6454326923076923 0.7175480769230769 0.03125 0.02403846153846154
2 0.6334134615384616 0.6754807692307693 0.026442307692307692 0.016826923076923076
2 0.6646634615384616 0.6899038461538461 0.021634615384615384 0.021634615384615384
2 0.6995192307692307 0.6706730769230769 0.02403846153846154 0.021634615384615384
2 0.7391826923076923 0.7091346153846154 0.021634615384615384 0.019230769230769232
2 0.75 0.6766826923076923 0.02403846153846154 0.016826923076923076
2 0.7415865384615384 0.6574519230769231 0.021634615384615384 0.021634615384615384
2 0.6430288461538461 0.7680288461538461 0.028846153846153848 0.02403846153846154
2 0.6526442307692307 0.7884615384615384 0.026442307692307692 0.016826923076923076
2 0.6454326923076923 0.8221153846153846 0.028846153846153848 0.021634615384615384
2 0.6899038461538461 0.9699519230769231 0.02403846153846154 0.02403846153846154
2 0.65625 0.8810096153846154 0.028846153846153848 0.028846153846153848
2 0.6394230769230769 0.9230769230769231 0.02403846153846154 0.02403846153846154
2 0.609375 0.8774038461538461 0.021634615384615384 0.021634615384615384
2 0.8209134615384616 0.9290865384615384 0.03125 0.021634615384615384
2 0.7548076923076923 0.9026442307692307 0.019230769230769232 0.021634615384615384
2 0.7415865384615384 0.9326923076923077 0.021634615384615384 0.02403846153846154
2 0.7728365384615384 0.9891826923076923 0.021634615384615384 0.021634615384615384
2 0.7620192307692307 0.9987980769230769 0.02403846153846154 0.002403846153846154
2 0.8100961538461539 0.9975961538461539 0.02403846153846154 0.004807692307692308
2 0.8197115384615384 0.9975961538461539 0.028846153846153848 0.004807692307692308
2 0.8052884615384616 0.9519230769230769 0.028846153846153848 0.019230769230769232
2 0.7079326923076923 0.8413461538461539 0.026442307692307692 0.019230769230769232
2 0.6850961538461539 0.8257211538461539 0.02403846153846154 0.02403846153846154
2 0.6790865384615384 0.7692307692307693 0.026442307692307692 0.026442307692307692
2 0.6850961538461539 0.7235576923076923 0.03365384615384615 0.02403846153846154
2 0.7175480769230769 0.7572115384615384 0.03125 0.03125
2 0.7872596153846154 0.7848557692307693 0.026442307692307692 0.02403846153846154
2 0.765625 0.8617788461538461 0.026442307692307692 0.026442307692307692
2 0.8930288461538461 0.9278846153846154 0.026442307692307692 0.02403846153846154
2 0.7079326923076923 0.6899038461538461 0.019230769230769232 0.019230769230769232
2 0.7608173076923077 0.8305288461538461 0.03125 0.026442307692307692
2 0.8497596153846154 0.9975961538461539 0.028846153846153848 0.004807692307692308
2 0.8389423076923077 0.8725961538461539 0.028846153846153848 0.014423076923076924
2 0.8052884615384616 0.7644230769230769 0.03365384615384615 0.019230769230769232
2 0.7908653846153846 0.734375 0.019230769230769232 0.016826923076923076
2 0.8725961538461539 0.8798076923076923 0.03365384615384615 0.019230769230769232
2 0.8737980769230769 0.9891826923076923 0.021634615384615384 0.021634615384615384
2 0.7992788461538461 0.9759615384615384 0.021634615384615384 0.02403846153846154
2 0.9194711538461539 0.9939903846153846 0.021634615384615384 0.01201923076923077
2 0.8257211538461539 0.8149038461538461 0.026442307692307692 0.019230769230769232
2 0.6983173076923077 0.7992788461538461 0.026442307692307692 0.014423076923076924
2 0.9651442307692307 0.9326923076923077 0.026442307692307692 0.026442307692307692
2 0.90625 0.8461538461538461 0.02403846153846154 0.02403846153846154
2 0.9338942307692307 0.8233173076923077 0.02403846153846154 0.02403846153846154
2 0.9194711538461539 0.9963942307692307 0.021634615384615384 0.007211538461538462
2 0.9194711538461539 0.9543269230769231 0.026442307692307692 0.02403846153846154
2 0.9435096153846154 0.9014423076923077 0.026442307692307692 0.021634615384615384
2 0.96875 0.9951923076923077 0.028846153846153848 0.009615384615384616
2 0.8161057692307693 0.9975961538461539 0.016826923076923076 0.004807692307692308
2 0.796875 0.8521634615384616 0.036057692307692304 0.021634615384615384
2 0.8701923076923077 0.9663461538461539 0.02403846153846154 0.02403846153846154
2 0.8112980769230769 0.9951923076923077 0.021634615384615384 0.009615384615384616
2 0.9350961538461539 0.9747596153846154 0.019230769230769232 0.02403846153846154
2 0.9591346153846154 0.9987980769230769 0.03365384615384615 0.002403846153846154
2 0.9855769230769231 0.9939903846153846 0.028846153846153848 0.01201923076923077
2 0.7584134615384616 0.7704326923076923 0.026442307692307692 0.026442307692307692
2 0.3004807692307692 0.3641826923076923 0.02403846153846154 0.02403846153846154
2 0.31971153846153844 0.3317307692307692 0.014423076923076924 0.019230769230769232
2 0.30408653846153844 0.27524038461538464 0.021634615384615384 0.019230769230769232
2 0.37259615384615385 0.39783653846153844 0.02403846153846154 0.014423076923076924
2 0.4206730769230769 0.43990384615384615 0.028846153846153848 0.014423076923076924
2 0.38100961538461536 0.4338942307692308 0.019230769230769232 0.021634615384615384
2 0.5697115384615384 0.5264423076923077 0.02403846153846154 0.01201923076923077
2 0.5480769230769231 0.5576923076923077 0.019230769230769232 0.019230769230769232
2 0.6370192307692307 0.5540865384615384 0.019230769230769232 0.019230769230769232
2 0.6286057692307693 0.5372596153846154 0.026442307692307692 0.014423076923076924
2 0.6021634615384616 0.5 0.021634615384615384 0.016826923076923076
2 0.53125 0.5024038461538461 0.02403846153846154 0.016826923076923076
2 0.4807692307692308 0.4639423076923077 0.019230769230769232 0.019230769230769232
2 0.44471153846153844 0.4567307692307692 0.014423076923076924 0.019230769230769232
2 0.41586538461538464 0.390625 0.02403846153846154 0.01201923076923077
2 0.35697115384615385 0.3425480769230769 0.021634615384615384 0.016826923076923076
2 0.31850961538461536 0.3112980769230769 0.021634615384615384 0.01201923076923077
2 0.3605769230769231 0.2932692307692308 0.02403846153846154 0.014423076923076924
2 0.38221153846153844 0.2536057692307692 0.019230769230769232 0.014423076923076924
2 0.3786057692307692 0.23317307692307693 0.021634615384615384 0.02403846153846154
2 0.5252403846153846 0.4699519230769231 0.026442307692307692 0.014423076923076924
2 0.49158653846153844 0.4170673076923077 0.016826923076923076 0.016826923076923076
2 0.453125 0.3858173076923077 0.016826923076923076 0.01201923076923077
2 0.515625 0.4411057692307692 0.026442307692307692 0.01201923076923077
2 0.5600961538461539 0.44471153846153844 0.028846153846153848 0.014423076923076924
2 0.4206730769230769 0.27283653846153844 0.03365384615384615 0.014423076923076924
2 0.45072115384615385 0.22235576923076922 0.01201923076923077 0.01201923076923077
2 0.49399038461538464 0.21995192307692307 0.014423076923076924 0.014423076923076924
2 0.3713942307692308 0.27403846153846156 0.016826923076923076 0.019230769230769232
2 0.46274038461538464 0.3581730769230769 0.019230769230769232 0.019230769230769232
2 0.38822115384615385 0.3701923076923077 0.028846153846153848 0.014423076923076924
2 0.3545673076923077 0.37259615384615385 0.016826923076923076 0.019230769230769232
2 0.5480769230769231 0.4879807692307692 0.019230769230769232 0.016826923076923076
2 0.4362980769230769 0.36538461538461536 0.021634615384615384 0.02403846153846154
2 0.4014423076923077 0.3557692307692308 0.03365384615384615 0.014423076923076924
2 0.4170673076923077 0.33413461538461536 0.016826923076923076 0.019230769230769232
2 0.3545673076923077 0.3293269230769231 0.026442307692307692 0.028846153846153848
2 0.5144230769230769 0.40024038461538464 0.02403846153846154 0.016826923076923076
2 0.4987980769230769 0.38221153846153844 0.026442307692307692 0.009615384615384616
2 0.49759615384615385 0.3125 0.019230769230769232 0.019230769230769232
2 0.5336538461538461 0.38822115384615385 0.019230769230769232 0.014423076923076924
2 0.4699519230769231 0.3245192307692308 0.016826923076923076 0.014423076923076924
2 0.5 0.2512019230769231 0.014423076923076924 0.016826923076923076
2 0.47836538461538464 0.3389423076923077 0.019230769230769232 0.009615384615384616
2 0.5504807692307693 0.4026442307692308 0.019230769230769232 0.019230769230769232
2 0.5288461538461539 0.4182692307692308 0.028846153846153848 0.014423076923076924
2 0.47836538461538464 0.4026442307692308 0.028846153846153848 0.016826923076923076
2 0.6201923076923077 0.4423076923076923 0.03365384615384615 0.01201923076923077
2 0.5973557692307693 0.47475961538461536 0.02403846153846154 0.019230769230769232
2 0.5649038461538461 0.41947115384615385 0.02403846153846154 0.014423076923076924
2 0.5120192307692307 0.36899038461538464 0.019230769230769232 0.019230769230769232
2 0.4675480769230769 0.2764423076923077 0.019230769230769232 0.019230769230769232
2 0.5528846153846154 0.23798076923076922 0.019230769230769232 0.021634615384615384
2 0.5144230769230769 0.28725961538461536 0.014423076923076924 0.016826923076923076
2 0.38100961538461536 0.31009615384615385 0.021634615384615384 0.019230769230769232
2 0.5516826923076923 0.3786057692307692 0.014423076923076924 0.014423076923076924
2 0.5877403846153846 0.4014423076923077 0.03125 0.016826923076923076
2 0.5901442307692307 0.44350961538461536 0.021634615384615384 0.02403846153846154
2 0.578125 0.34615384615384615 0.026442307692307692 0.01201923076923077
2 0.5216346153846154 0.3245192307692308 0.014423076923076924 0.016826923076923076
2 0.5456730769230769 0.2920673076923077 0.02403846153846154 0.009615384615384616
2 0.5973557692307693 0.2764423076923077 0.021634615384615384 0.019230769230769232
2 0.609375 0.3701923076923077 0.026442307692307692 0.014423076923076924
2 0.5769230769230769 0.3713942307692308 0.019230769230769232 0.019230769230769232
2 0.4891826923076923 0.24519230769230768 0.016826923076923076 0.014423076923076924
2 0.5721153846153846 0.31971153846153844 0.019230769230769232 0.021634615384615384
2 0.5961538461538461 0.3161057692307692 0.019230769230769232 0.019230769230769232
2 0.5901442307692307 0.2920673076923077 0.021634615384615384 0.019230769230769232
2 0.5240384615384616 0.27403846153846156 0.019230769230769232 0.01201923076923077
2 0.5096153846153846 0.3473557692307692 0.019230769230769232 0.01201923076923077
2 0.6442307692307693 0.45913461538461536 0.019230769230769232 0.021634615384615384
2 0.6538461538461539 0.49278846153846156 0.019230769230769232 0.016826923076923076
2 0.6538461538461539 0.38221153846153844 0.019230769230769232 0.016826923076923076
2 0.6754807692307693 0.4326923076923077 0.019230769230769232 0.021634615384615384
2 0.6790865384615384 0.39783653846153844 0.021634615384615384 0.02403846153846154
2 0.6201923076923077 0.4026442307692308 0.019230769230769232 0.019230769230769232
2 0.5036057692307693 0.3004807692307692 0.021634615384615384 0.019230769230769232