2 0.01201923076923077 0.7536057692307693 0.01201923076923077 0.02403846153846154
2 0.026442307692307692 0.7548076923076923 0.009615384615384616 0.019230769230769232
2 0.04807692307692308 0.7475961538461539 0.01201923076923077 0.02403846153846154
2 0.001201923076923077 0.8040865384615384 0.002403846153846154 0.021634615384615384
2 0.010817307692307692 0.8485576923076923 0.009615384615384616 0.021634615384615384
2 0.003605769230769231 0.8966346153846154 0.007211538461538462 0.02403846153846154
2 0.030048076923076924 0.8629807692307693 0.01201923076923077 0.021634615384615384
2 0.014423076923076924 0.8040865384615384 0.009615384615384616 0.021634615384615384
2 0.02283653846153846 0.8293269230769231 0.014423076923076924 0.02403846153846154
2 0.055288461538461536 0.7752403846153846 0.01201923076923077 0.02403846153846154
2 0.06370192307692307 0.8269230769230769 0.014423076923076924 0.016826923076923076
2 0.06370192307692307 0.7043269230769231 0.007211538461538462 0.021634615384615384
2 0.08413461538461539 0.7163461538461539 0.009615384615384616 0.02403846153846154
2 0.07091346153846154 0.7403846153846154 0.009615384615384616 0.026442307692307692
2 0.09615384615384616 0.7391826923076923 0.009615384615384616 0.019230769230769232
2 0.11177884615384616 0.7403846153846154 0.01201923076923077 0.021634615384615384
2 0.13341346153846154 0.7512019230769231 0.01201923076923077 0.02403846153846154
2 0.09254807692307693 0.7632211538461539 0.016826923076923076 0.019230769230769232
2 0.0829326923076923 0.796875 0.01201923076923077 0.019230769230769232
2 0.09254807692307693 0.8389423076923077 0.009615384615384616 0.021634615384615384
2 0.11298076923076923 0.8317307692307693 0.01201923076923077 0.028846153846153848
2 0.10216346153846154 0.7980769230769231 0.009615384615384616 0.019230769230769232
2 0.11298076923076923 0.765625 0.019230769230769232 0.016826923076923076
2 0.1310096153846154 0.8004807692307693 0.016826923076923076 0.03125
2 0.1502403846153846 0.7992788461538461 0.01201923076923077 0.028846153846153848
2 0.16947115384615385 0.7956730769230769 0.01201923076923077 0.019230769230769232
2 0.1971153846153846 0.8173076923076923 0.01201923076923077 0.016826923076923076
2 0.18389423076923078 0.8052884615384616 0.01201923076923077 0.021634615384615384
2 0.17548076923076922 0.765625 0.004807692307692308 0.019230769230769232
2 0.15264423076923078 0.7019230769230769 0.01201923076923077 0.021634615384615384
2 0.12980769230769232 0.6875 0.007211538461538462 0.02403846153846154
2 0.1141826923076923 0.7091346153846154 0.014423076923076924 0.016826923076923076
2 0.0985576923076923 0.6490384615384616 0.01201923076923077 0.02403846153846154
2 0.1346153846153846 0.609375 0.01201923076923077 0.019230769230769232
2 0.14903846153846154 0.6129807692307693 0.009615384615384616 0.02403846153846154
2 0.16826923076923078 0.6213942307692307 0.014423076923076924 0.02403846153846154
2 0.1658653846153846 0.5853365384615384 0.009615384615384616 0.021634615384615384
2 0.1875 0.5829326923076923 0.014423076923076924 0.026442307692307692
2 0.21394230769230768 0.609375 0.014423076923076924 0.021634615384615384
2 0.22956730769230768 0.5829326923076923 0.01201923076923077 0.028846153846153848
2 0.24879807692307693 0.5709134615384616 0.01201923076923077 0.026442307692307692
2 0.2403846153846154 0.6225961538461539 0.009615384615384616 0.016826923076923076
2 0.25841346153846156 0.6153846153846154 0.01201923076923077 0.019230769230769232
2 0.26322115384615385 0.5757211538461539 0.009615384615384616 0.01201923076923077
2 0.28125 0.5805288461538461 0.009615384615384616 0.019230769230769232
2 0.27283653846153844 0.59375 0.009615384615384616 0.019230769230769232
2 0.04326923076923077 0.8269230769230769 0.014423076923076924 0.021634615384615384
2 0.04927884615384615 0.8557692307692307 0.014423076923076924 0.019230769230769232
2 0.08052884615384616 0.8725961538461539 0.009615384615384616 0.016826923076923076
2 0.0733173076923077 0.8401442307692307 0.009615384615384616 0.021634615384615384
2 0.026442307692307692 0.8978365384615384 0.009615384615384616 0.016826923076923076
2 0.04326923076923077 0.8954326923076923 0.007211538461538462 0.02403846153846154
2 0.06490384615384616 0.8762019230769231 0.01201923076923077 0.021634615384615384
2 0.025240384615384616 0.9170673076923077 0.01201923076923077 0.021634615384615384
2 0.18028846153846154 0.7079326923076923 0.014423076923076924 0.021634615384615384
2 0.19831730769230768 0.6634615384615384 0.014423076923076924 0.021634615384615384
2 0.20793269230769232 0.703125 0.014423076923076924 0.026442307692307692
2 0.20793269230769232 0.6442307692307693 0.01201923076923077 0.016826923076923076
2 0.22355769230769232 0.7163461538461539 0.009615384615384616 0.028846153846153848
2 0.24278846153846154 0.7247596153846154 0.014423076923076924 0.02403846153846154
2 0.23076923076923078 0.6550480769230769 0.01201923076923077 0.028846153846153848
2 0.25 0.6634615384615384 0.01201923076923077 0.021634615384615384
2 0.2548076923076923 0.640625 0.01201923076923077 0.026442307692307692
2 0.25600961538461536 0.7043269230769231 0.01201923076923077 0.021634615384615384
2 0.25961538461538464 0.7391826923076923 0.01201923076923077 0.02403846153846154
2 0.22355769230769232 0.7584134615384616 0.01201923076923077 0.026442307692307692
2 0.19471153846153846 0.7331730769230769 0.01201923076923077 0.02403846153846154
2 0.1935096153846154 0.765625 0.014423076923076924 0.021634615384615384
2 0.21514423076923078 0.7884615384615384 0.01201923076923077 0.02403846153846154
2 0.2283653846153846 0.8112980769230769 0.014423076923076924 0.038461538461538464
2 0.2932692307692308 0.6141826923076923 0.01201923076923077 0.036057692307692304
2 0.3173076923076923 0.6201923076923077 0.014423076923076924 0.03365384615384615
2 0.30408653846153844 0.6790865384615384 0.014423076923076924 0.02403846153846154
2 0.2824519230769231 0.7235576923076923 0.014423076923076924 0.019230769230769232
2 0.2692307692307692 0.6754807692307693 0.01201923076923077 0.02403846153846154
2 0.27524038461538464 0.6442307692307693 0.009615384615384616 0.016826923076923076
2 0.34615384615384615 0.6826923076923077 0.009615384615384616 0.026442307692307692
2 0.3269230769230769 0.5961538461538461 0.007211538461538462 0.019230769230769232
2 0.33533653846153844 0.6237980769230769 0.009615384615384616 0.016826923076923076
2 0.33052884615384615 0.6574519230769231 0.007211538461538462 0.019230769230769232
2 0.3137019230769231 0.7199519230769231 0.014423076923076924 0.026442307692307692
2 0.3269230769230769 0.6923076923076923 0.01201923076923077 0.02403846153846154
2 0.31490384615384615 0.6610576923076923 0.009615384615384616 0.016826923076923076
2 0.3473557692307692 0.6490384615384616 0.007211538461538462 0.02403846153846154
2 0.12620192307692307 0.8605769230769231 0.01201923076923077 0.026442307692307692
2 0.1141826923076923 0.8822115384615384 0.014423076923076924 0.026442307692307692
2 0.09735576923076923 0.8834134615384616 0.007211538461538462 0.03125
2 0.13701923076923078 0.6502403846153846 0.01201923076923077 0.028846153846153848
2 0.18269230769230768 0.8377403846153846 0.019230769230769232 0.019230769230769232
2 0.1502403846153846 0.8485576923076923 0.016826923076923076 0.02403846153846154
2 0.2824519230769231 0.7584134615384616 0.014423076923076924 0.02403846153846154
2 0.3425480769230769 0.37259615384615385 0.01201923076923077 0.021634615384615384
2 0.3269230769230769 0.3894230769230769 0.007211538461538462 0.014423076923076924
2 0.30649038461538464 0.40024038461538464 0.004807692307692308 0.01201923076923077
2 0.3076923076923077 0.4266826923076923 0.007211538461538462 0.019230769230769232
2 0.32211538461538464 0.4254807692307692 0.01201923076923077 0.021634615384615384
2 0.3137019230769231 0.39663461538461536 0.007211538461538462 0.016826923076923076
2 0.34375 0.39903846153846156 0.007211538461538462 0.016826923076923076
2 0.3545673076923077 0.5012019230769231 0.009615384615384616 0.014423076923076924
2 0.42427884615384615 0.6105769230769231 0.014423076923076924 0.019230769230769232
2 0.4362980769230769 0.5961538461538461 0.01201923076923077 0.019230769230769232
2 0.4182692307692308 0.5372596153846154 0.007211538461538462 0.021634615384615384
2 0.44591346153846156 0.5528846153846154 0.007211538461538462 0.021634615384615384
2 0.4567307692307692 0.5504807692307693 0.007211538461538462 0.02403846153846154
2 0.46153846153846156 0.5240384615384616 0.01201923076923077 0.016826923076923076
2 0.4879807692307692 0.5144230769230769 0.007211538461538462 0.02403846153846154
2 0.47475961538461536 0.5360576923076923 0.01201923076923077 0.028846153846153848
2 0.4639423076923077 0.5769230769230769 0.01201923076923077 0.021634615384615384
2 0.49278846153846156 0.4831730769230769 0.01201923076923077 0.021634615384615384
2 0.49759615384615385 0.45072115384615385 0.007211538461538462 0.026442307692307692
2 0.5120192307692307 0.4387019230769231 0.01201923076923077 0.02403846153846154
2 0.5168269230769231 0.40865384615384615 0.007211538461538462 0.026442307692307692
2 0.5324519230769231 0.41225961538461536 0.009615384615384616 0.02403846153846154
2 0.546875 0.39663461538461536 0.007211538461538462 0.019230769230769232
2 0.5649038461538461 0.38221153846153844 0.01201923076923077 0.019230769230769232
2 0.5709134615384616 0.34134615384615385 0.01201923076923077 0.021634615384615384
2 0.5973557692307693 0.35216346153846156 0.007211538461538462 0.021634615384615384
2 0.6418269230769231 0.3401442307692308 0.014423076923076924 0.03125
2 0.6129807692307693 0.3485576923076923 0.014423076923076924 0.014423076923076924
2 0.6201923076923077 0.36538461538461536 0.009615384615384616 0.02403846153846154
2 0.6045673076923077 0.38100961538461536 0.014423076923076924 0.02403846153846154
2 0.5865384615384616 0.3798076923076923 0.01201923076923077 0.019230769230769232
2 0.5661057692307693 0.4110576923076923 0.01201923076923077 0.016826923076923076
2 0.5540865384615384 0.4362980769230769 0.014423076923076924 0.02403846153846154
2 0.5288461538461539 0.4891826923076923 0.01201923076923077 0.019230769230769232
2 0.6418269230769231 0.39663461538461536 0.007211538461538462 0.02403846153846154
2 0.6274038461538461 0.3870192307692308 0.009615384615384616 0.026442307692307692
2 0.6550480769230769 0.40384615384615385 0.007211538461538462 0.02403846153846154
2 0.5084134615384616 0.546875 0.009615384615384616 0.028846153846153848
2 0.49038461538461536 0.5432692307692307 0.01201923076923077 0.021634615384615384
2 0.4723557692307692 0.6141826923076923 0.01201923076923077 0.026442307692307692
2 0.45072115384615385 0.5889423076923077 0.014423076923076924 0.02403846153846154
2 0.49759615384615385 0.6117788461538461 0.007211538461538462 0.021634615384615384
2 0.4831730769230769 0.5721153846153846 0.01201923076923077 0.019230769230769232
2 0.5120192307692307 0.5973557692307693 0.009615384615384616 0.02403846153846154
2 0.5096153846153846 0.5108173076923077 0.007211538461538462 0.026442307692307692
2 0.5048076923076923 0.4807692307692308 0.01201923076923077 0.016826923076923076
2 0.5432692307692307 0.4807692307692308 0.009615384615384616 0.014423076923076924
2 0.5444711538461539 0.5120192307692307 0.009615384615384616 0.021634615384615384
2 0.5276442307692307 0.5120192307692307 0.007211538461538462 0.01201923076923077
2 0.5216346153846154 0.5348557692307693 0.01201923076923077 0.019230769230769232
2 0.5420673076923077 0.5384615384615384 0.009615384615384616 0.016826923076923076
2 0.5300480769230769 0.5588942307692307 0.01201923076923077 0.021634615384615384
2 0.5456730769230769 0.5865384615384616 0.007211538461538462 0.021634615384615384
2 0.5649038461538461 0.5612980769230769 0.007211538461538462 0.026442307692307692
2 0.5697115384615384 0.5084134615384616 0.007211538461538462 0.02403846153846154
2 0.5588942307692307 0.4987980769230769 0.009615384615384616 0.021634615384615384
2 0.6754807692307693 0.5805288461538461 0.009615384615384616 0.02403846153846154
2 0.6418269230769231 0.5733173076923077 0.007211538461538462 0.016826923076923076
2 0.671875 0.5396634615384616 0.007211538461538462 0.019230769230769232
2 0.6850961538461539 0.515625 0.007211538461538462 0.026442307692307692
2 0.6129807692307693 0.5685096153846154 0.007211538461538462 0.016826923076923076
2 0.6153846153846154 0.49399038461538464 0.007211538461538462 0.016826923076923076
2 0.6033653846153846 0.5144230769230769 0.007211538461538462 0.019230769230769232
2 0.6021634615384616 0.47115384615384615 0.01201923076923077 0.021634615384615384
2 0.5925480769230769 0.4795673076923077 0.01201923076923077 0.016826923076923076
2 0.578125 0.4675480769230769 0.014423076923076924 0.014423076923076924
2 0.5637019230769231 0.47115384615384615 0.007211538461538462 0.021634615384615384
2 0.5516826923076923 0.4567307692307692 0.007211538461538462 0.021634615384615384
2 0.5805288461538461 0.4206730769230769 0.009615384615384616 0.016826923076923076
2 0.59375 0.43149038461538464 0.01201923076923077 0.02403846153846154
2 0.5889423076923077 0.5588942307692307 0.009615384615384616 0.02403846153846154
2 0.6286057692307693 0.5709134615384616 0.007211538461538462 0.019230769230769232
2 0.6274038461538461 0.5336538461538461 0.009615384615384616 0.019230769230769232
2 0.6322115384615384 0.5072115384615384 0.007211538461538462 0.021634615384615384
2 0.6358173076923077 0.4855769230769231 0.009615384615384616 0.021634615384615384
2 0.6153846153846154 0.40625 0.009615384615384616 0.02403846153846154
2 0.6670673076923077 0.4879807692307692 0.007211538461538462 0.016826923076923076
2 0.6814903846153846 0.4567307692307692 0.007211538461538462 0.01201923076923077
2 0.6430288461538461 0.43149038461538464 0.014423076923076924 0.026442307692307692
2 0.6478365384615384 0.5528846153846154 0.007211538461538462 0.021634615384615384
2 0.5456730769230769 0.6418269230769231 0.009615384615384616 0.021634615384615384
2 0.5456730769230769 0.6045673076923077 0.01201923076923077 0.009615384615384616
2 0.5685096153846154 0.5901442307692307 0.014423076923076924 0.019230769230769232
2 0.5228365384615384 0.5829326923076923 0.009615384615384616 0.021634615384615384
2 0.6790865384615384 0.4014423076923077 0.009615384615384616 0.026442307692307692
2 0.6622596153846154 0.4495192307692308 0.009615384615384616 0.019230769230769232
2 0.6502403846153846 0.47716346153846156 0.007211538461538462 0.019230769230769232
2 0.6646634615384616 0.40384615384615385 0.009615384615384616 0.009615384615384616
2 0.6899038461538461 0.4951923076923077 0.009615384615384616 0.016826923076923076
2 0.6057692307692307 0.41947115384615385 0.007211538461538462 0.016826923076923076
2 0.6694711538461539 0.6634615384615384 0.01201923076923077 0.01201923076923077
2 0.65625 0.5709134615384616 0.004807692307692308 0.016826923076923076
2 0.6586538461538461 0.5528846153846154 0.007211538461538462 0.01201923076923077
2 0.640625 0.5168269230769231 0.007211538461538462 0.014423076923076924
2 0.6478365384615384 0.5180288461538461 0.004807692307692308 0.01201923076923077
2 0.65625 0.5084134615384616 0.007211538461538462 0.01201923076923077
2 0.6069711538461539 0.5528846153846154 0.007211538461538462 0.01201923076923077
2 0.59375 0.5372596153846154 0.007211538461538462 0.007211538461538462
2 0.5745192307692307 0.5673076923076923 0.007211538461538462 0.016826923076923076
2 0.5973557692307693 0.5889423076923077 0.01201923076923077 0.01201923076923077
2 0.3329326923076923 0.48197115384615385 0.009615384615384616 0.019230769230769232
2 0.33653846153846156 0.453125 0.009615384615384616 0.019230769230769232
2 0.3557692307692308 0.6057692307692307 0.009615384615384616 0.014423076923076924
2 0.34975961538461536 0.5877403846153846 0.009615384615384616 0.019230769230769232
2 0.359375 0.5805288461538461 0.007211538461538462 0.016826923076923076
2 0.36538461538461536 0.5540865384615384 0.007211538461538462 0.016826923076923076
2 0.41346153846153844 0.7175480769230769 0.01201923076923077 0.019230769230769232
2 0.33533653846153844 0.5456730769230769 0.007211538461538462 0.019230769230769232
2 0.4074519230769231 0.6081730769230769 0.01201923076923077 0.014423076923076924
2 0.7740384615384616 0.6646634615384616 0.004807692307692308 0.004807692307692308
2 0.7632211538461539 0.6646634615384616 0.002403846153846154 0.009615384615384616