2 0.6177884615384616 0.9891826923076923 0.06971153846153846 0.021634615384615384
2 0.39903846153846156 0.9855769230769231 0.040865384615384616 0.028846153846153848
2 0.46274038461538464 0.9879807692307693 0.07211538461538461 0.02403846153846154
2 0.41466346153846156 0.9903846153846154 0.0625 0.019230769230769232
2 0.25841346153846156 0.9951923076923077 0.052884615384615384 0.009615384615384616
2 0.30408653846153844 0.9879807692307693 0.07692307692307693 0.02403846153846154
2 0.30528846153846156 0.9855769230769231 0.06971153846153846 0.028846153846153848
2 0.43509615384615385 0.9903846153846154 0.06971153846153846 0.019230769230769232
2 0.4230769230769231 0.9831730769230769 0.040865384615384616 0.03365384615384615
2 0.15625 0.9915865384615384 0.055288461538461536 0.016826923076923076
2 0.23197115384615385 0.984375 0.038461538461538464 0.03125
2 0.29927884615384615 0.9867788461538461 0.08653846153846154 0.026442307692307692
2 0.7151442307692307 0.9831730769230769 0.04326923076923077 0.03365384615384615
2 0.6141826923076923 0.9867788461538461 0.03365384615384615 0.026442307692307692
2 0.5805288461538461 0.9867788461538461 0.03365384615384615 0.026442307692307692
2 0.5637019230769231 0.984375 0.04326923076923077 0.03125
2 0.49038461538461536 0.9867788461538461 0.036057692307692304 0.026442307692307692
2 0.7403846153846154 0.9903846153846154 0.04567307692307692 0.019230769230769232
2 0.6935096153846154 0.9879807692307693 0.057692307692307696 0.02403846153846154
2 0.765625 0.984375 0.038461538461538464 0.03125
2 0.6370192307692307 0.984375 0.040865384615384616 0.03125
2 0.5300480769230769 0.984375 0.04326923076923077 0.03125
2 0.46634615384615385 0.9819711538461539 0.04567307692307692 0.036057692307692304
2 0.5612980769230769 0.9891826923076923 0.0673076923076923 0.021634615384615384
2 0.6189903846153846 0.9903846153846154 0.0625 0.019230769230769232
2 0.6971153846153846 0.984375 0.04567307692307692 0.03125
2 0.7728365384615384 0.9867788461538461 0.038461538461538464 0.026442307692307692
2 0.7860576923076923 0.9831730769230769 0.040865384615384616 0.03365384615384615
2 0.6778846153846154 0.9879807692307693 0.06490384615384616 0.02403846153846154
2 0.31490384615384615 0.9879807692307693 0.057692307692307696 0.02403846153846154
2 0.38221153846153844 0.9819711538461539 0.05048076923076923 0.036057692307692304
2 0.47716346153846156 0.9831730769230769 0.04807692307692308 0.03365384615384615
2 0.5384615384615384 0.9855769230769231 0.036057692307692304 0.028846153846153848
2 0.6153846153846154 0.9903846153846154 0.057692307692307696 0.019230769230769232
2 0.6081730769230769 0.9891826923076923 0.057692307692307696 0.021634615384615384
2 0.7067307692307693 0.9867788461538461 0.036057692307692304 0.026442307692307692
2 0.7475961538461539 0.9891826923076923 0.04567307692307692 0.021634615384615384
2 0.7704326923076923 0.9891826923076923 0.052884615384615384 0.021634615384615384
2 0.6466346153846154 0.9903846153846154 0.040865384615384616 0.019230769230769232
2 0.5985576923076923 0.9855769230769231 0.040865384615384616 0.028846153846153848
2 0.7584134615384616 0.9879807692307693 0.0625 0.02403846153846154
2 0.7103365384615384 0.9879807692307693 0.052884615384615384 0.02403846153846154
2 0.5673076923076923 0.984375 0.040865384615384616 0.03125
2 0.48197115384615385 0.9855769230769231 0.038461538461538464 0.028846153846153848
2 0.4098557692307692 0.9819711538461539 0.04807692307692308 0.036057692307692304
2 0.33413461538461536 0.9819711538461539 0.05048076923076923 0.036057692307692304
2 0.40625 0.9915865384615384 0.055288461538461536 0.016826923076923076
2 0.2512019230769231 0.9867788461538461 0.0673076923076923 0.026442307692307692
2 0.19230769230769232 0.9855769230769231 0.07451923076923077 0.028846153846153848
2 0.13221153846153846 0.9795673076923077 0.05048076923076923 0.040865384615384616
2 0.06370192307692307 0.984375 0.0625 0.03125
2 0.02403846153846154 0.984375 0.036057692307692304 0.03125
2 0.3701923076923077 0.9795673076923077 0.055288461538461536 0.040865384615384616
2 0.421875 0.9879807692307693 0.0625 0.02403846153846154
2 0.44711538461538464 0.9867788461538461 0.055288461538461536 0.026442307692307692
2 0.7896634615384616 0.9879807692307693 0.07211538461538461 0.02403846153846154
2 0.7403846153846154 0.9891826923076923 0.055288461538461536 0.021634615384615384
2 0.7175480769230769 0.9831730769230769 0.04326923076923077 0.03365384615384615
2 0.796875 0.9915865384615384 0.07211538461538461 0.016826923076923076
2 0.5733173076923077 0.984375 0.038461538461538464 0.03125
2 0.6069711538461539 0.9831730769230769 0.04807692307692308 0.03365384615384615
2 0.5661057692307693 0.9747596153846154 0.052884615384615384 0.05048076923076923
2 0.6069711538461539 0.9350961538461539 0.057692307692307696 0.057692307692307696
2 0.4831730769230769 0.9615384615384616 0.057692307692307696 0.04326923076923077
2 0.4362980769230769 0.9483173076923077 0.057692307692307696 0.04807692307692308
2 0.4026442307692308 0.9194711538461539 0.06009615384615385 0.06009615384615385
2 0.3076923076923077 0.9603365384615384 0.06490384615384616 0.06490384615384616
2 0.2512019230769231 0.9831730769230769 0.04807692307692308 0.03365384615384615
2 0.0673076923076923 0.9795673076923077 0.055288461538461536 0.040865384615384616
2 0.02403846153846154 0.984375 0.036057692307692304 0.03125
2 0.026442307692307692 0.9831730769230769 0.036057692307692304 0.03365384615384615
2 0.020432692307692308 0.9927884615384616 0.028846153846153848 0.014423076923076924
2 0.020432692307692308 0.9879807692307693 0.028846153846153848 0.02403846153846154
2 0.06490384615384616 0.9579326923076923 0.0889423076923077 0.04567307692307692
2 0.026442307692307692 0.9435096153846154 0.040865384615384616 0.04567307692307692
2 0.030048076923076924 0.9170673076923077 0.05048076923076923 0.0625
2 0.026442307692307692 0.984375 0.040865384615384616 0.03125
2 0.046875 0.9206730769230769 0.06971153846153846 0.052884615384615384
2 0.03245192307692308 0.8810096153846154 0.055288461538461536 0.05048076923076923
2 0.027644230769230768 0.8401442307692307 0.04567307692307692 0.05048076923076923
2 0.025240384615384616 0.7788461538461539 0.040865384615384616 0.0625
2 0.025240384615384616 0.7572115384615384 0.040865384615384616 0.04807692307692308
2 0.039663461538461536 0.8088942307692307 0.06971153846153846 0.06009615384615385
2 0.11899038461538461 0.8497596153846154 0.06971153846153846 0.057692307692307696
2 0.1814903846153846 0.8846153846153846 0.07932692307692307 0.057692307692307696
2 0.1778846153846154 0.8197115384615384 0.07692307692307693 0.0625
2 0.16105769230769232 0.7632211538461539 0.0673076923076923 0.04567307692307692
2 0.06850961538461539 0.7331730769230769 0.07451923076923077 0.057692307692307696
2 0.038461538461538464 0.6706730769230769 0.06971153846153846 0.0625
2 0.027644230769230768 0.6742788461538461 0.04807692307692308 0.05048076923076923
2 0.02403846153846154 0.6177884615384616 0.040865384615384616 0.04807692307692308
2 0.5168269230769231 0.859375 0.07211538461538461 0.036057692307692304
2 0.4951923076923077 0.9134615384615384 0.052884615384615384 0.04807692307692308
2 0.6574519230769231 0.8978365384615384 0.06009615384615385 0.06009615384615385
2 0.7451923076923077 0.9723557692307693 0.04567307692307692 0.040865384615384616
2 0.7367788461538461 0.9314903846153846 0.052884615384615384 0.055288461538461536
2 0.7920673076923077 0.9134615384615384 0.055288461538461536 0.04807692307692308
2 0.8137019230769231 0.9699519230769231 0.052884615384615384 0.055288461538461536
2 0.8822115384615384 0.7908653846153846 0.052884615384615384 0.052884615384615384
2 0.7932692307692307 0.7391826923076923 0.04326923076923077 0.04567307692307692
2 0.7463942307692307 0.8341346153846154 0.06009615384615385 0.052884615384615384
2 0.6189903846153846 0.8173076923076923 0.06971153846153846 0.052884615384615384
2 0.6838942307692307 0.7764423076923077 0.06009615384615385 0.057692307692307696
2 0.5144230769230769 0.8125 0.0625 0.0625
2 0.38822115384615385 0.8533653846153846 0.057692307692307696 0.038461538461538464
2 0.32211538461538464 0.8569711538461539 0.07692307692307693 0.055288461538461536
2 0.5420673076923077 0.765625 0.057692307692307696 0.05048076923076923
2 0.38461538461538464 0.7872596153846154 0.057692307692307696 0.057692307692307696
2 0.2692307692307692 0.7884615384615384 0.07692307692307693 0.04807692307692308
2 0.25600961538461536 0.7463942307692307 0.057692307692307696 0.057692307692307696
2 0.21033653846153846 0.7007211538461539 0.07211538461538461 0.05048076923076923
2 0.1346153846153846 0.6742788461538461 0.07451923076923077 0.07451923076923077
2 0.5516826923076923 0.7175480769230769 0.04807692307692308 0.05048076923076923
2 0.5925480769230769 0.65625 0.057692307692307696 0.04326923076923077
2 0.5757211538461539 0.6045673076923077 0.052884615384615384 0.055288461538461536
2 0.4795673076923077 0.5769230769230769 0.07211538461538461 0.052884615384615384
2 0.5 0.6742788461538461 0.05048076923076923 0.05048076923076923
2 0.43990384615384615 0.7271634615384616 0.07211538461538461 0.04567307692307692
2 0.38221153846153844 0.6935096153846154 0.06971153846153846 0.06971153846153846
2 0.40865384615384615 0.6538461538461539 0.06009615384615385 0.04807692307692308
2 0.27884615384615385 0.6358173076923077 0.055288461538461536 0.052884615384615384
2 0.13822115384615385 0.6358173076923077 0.0673076923076923 0.026442307692307692
2 0.07451923076923077 0.6117788461538461 0.06490384615384616 0.06490384615384616
2 0.16826923076923078 0.5901442307692307 0.06009615384615385 0.06009615384615385
2 0.02403846153846154 0.5492788461538461 0.040865384615384616 0.055288461538461536
2 0.020432692307692308 0.5877403846153846 0.03365384615384615 0.06490384615384616
2 0.051682692307692304 0.5637019230769231 0.057692307692307696 0.055288461538461536
2 0.08533653846153846 0.5072115384615384 0.07451923076923077 0.07211538461538461
2 0.06490384615384616 0.45913461538461536 0.08173076923076923 0.03365384615384615
2 0.19110576923076922 0.5348557692307693 0.0673076923076923 0.055288461538461536
2 0.12139423076923077 0.5528846153846154 0.0673076923076923 0.04807692307692308
2 0.23677884615384615 0.5733173076923077 0.04326923076923077 0.04807692307692308
2 0.3786057692307692 0.5480769230769231 0.0625 0.0625
2 0.34975961538461536 0.49759615384615385 0.06971153846153846 0.052884615384615384
2 0.49158653846153844 0.47115384615384615 0.055288461538461536 0.057692307692307696
2 0.28365384615384615 0.44350961538461536 0.0625 0.06009615384615385
2 0.14182692307692307 0.4891826923076923 0.04807692307692308 0.04807692307692308
2 0.1814903846153846 0.4675480769230769 0.06009615384615385 0.06009615384615385
2 0.1310096153846154 0.4254807692307692 0.06490384615384616 0.0625
2 0.18509615384615385 0.4074519230769231 0.07692307692307693 0.06971153846153846
2 0.28125 0.375 0.0673076923076923 0.0673076923076923
2 0.3942307692307692 0.4014423076923077 0.07211538461538461 0.04807692307692308
2 0.3425480769230769 0.42788461538461536 0.04807692307692308 0.052884615384615384
2 0.41947115384615385 0.3425480769230769 0.06009615384615385 0.06009615384615385
2 0.46634615384615385 0.3137019230769231 0.0673076923076923 0.06490384615384616
2 0.22956730769230768 0.31490384615384615 0.06490384615384616 0.0673076923076923
2 0.04927884615384615 0.3701923076923077 0.07692307692307693 0.0673076923076923
2 0.14182692307692307 0.35336538461538464 0.08653846153846154 0.04326923076923077
2 0.13701923076923078 0.3173076923076923 0.04807692307692308 0.052884615384615384
2 0.3088942307692308 0.6033653846153846 0.08173076923076923 0.04326923076923077
2 0.5528846153846154 0.8810096153846154 0.052884615384615384 0.055288461538461536
2 0.013221153846153846 0.41225961538461536 0.021634615384615384 0.026442307692307692
2 0.013221153846153846 0.38100961538461536 0.021634615384615384 0.03125
2 0.013221153846153846 0.3545673076923077 0.021634615384615384 0.021634615384615384
2 0.01201923076923077 0.3112980769230769 0.019230769230769232 0.026442307692307692
2 0.018028846153846152 0.3161057692307692 0.03125 0.03125
2 0.015625 0.27163461538461536 0.028846153846153848 0.02403846153846154
2 0.014423076923076924 0.24639423076923078 0.026442307692307692 0.03125
2 0.015625 0.23197115384615385 0.028846153846153848 0.03125
2 0.015625 0.3858173076923077 0.026442307692307692 0.03125
2 0.014423076923076924 0.38100961538461536 0.02403846153846154 0.03365384615384615
2 0.015625 0.33653846153846156 0.026442307692307692 0.028846153846153848
2 0.013221153846153846 0.296875 0.02403846153846154 0.03365384615384615
2 0.014423076923076924 0.19951923076923078 0.026442307692307692 0.028846153846153848
2 0.016826923076923076 0.19831730769230768 0.028846153846153848 0.028846153846153848
2 0.013221153846153846 0.296875 0.02403846153846154 0.040865384615384616
2 0.015625 0.3557692307692308 0.026442307692307692 0.028846153846153848
2 0.014423076923076924 0.3245192307692308 0.02403846153846154 0.02403846153846154
2 0.015625 0.2548076923076923 0.028846153846153848 0.038461538461538464
2 0.014423076923076924 0.2512019230769231 0.026442307692307692 0.03125
2 0.013221153846153846 0.2764423076923077 0.02403846153846154 0.028846153846153848
2 0.014423076923076924 0.22716346153846154 0.026442307692307692 0.026442307692307692
2 0.013221153846153846 0.18269230769230768 0.02403846153846154 0.028846153846153848
2 0.014423076923076924 0.21394230769230768 0.026442307692307692 0.028846153846153848
2 0.013221153846153846 0.22716346153846154 0.02403846153846154 0.026442307692307692
2 0.014423076923076924 0.19230769230769232 0.026442307692307692 0.03365384615384615
2 0.01201923076923077 0.1622596153846154 0.021634615384615384 0.026442307692307692
2 0.015625 0.13341346153846154 0.028846153846153848 0.026442307692307692
2 0.016826923076923076 0.27524038461538464 0.03125 0.036057692307692304
2 0.013221153846153846 0.31490384615384615 0.021634615384615384 0.028846153846153848
2 0.015625 0.33653846153846156 0.026442307692307692 0.028846153846153848
2 0.014423076923076924 0.27524038461538464 0.026442307692307692 0.03125
2 0.01201923076923077 0.23918269230769232 0.021634615384615384 0.026442307692307692
2 0.014423076923076924 0.21754807692307693 0.026442307692307692 0.026442307692307692
2 0.015625 0.17307692307692307 0.028846153846153848 0.03365384615384615
2 0.013221153846153846 0.18389423076923078 0.02403846153846154 0.026442307692307692
2 0.015625 0.15625 0.028846153846153848 0.02403846153846154
2 0.015625 0.1310096153846154 0.028846153846153848 0.026442307692307692
2 0.013221153846153846 0.296875 0.02403846153846154 0.026442307692307692
2 0.01201923076923077 0.2644230769230769 0.021634615384615384 0.028846153846153848
2 0.02403846153846154 0.28966346153846156 0.04567307692307692 0.03125
2 0.027644230769230768 0.19471153846153846 0.052884615384615384 0.028846153846153848
2 0.01201923076923077 0.18990384615384615 0.021634615384615384 0.028846153846153848
2 0.01201923076923077 0.23076923076923078 0.021634615384615384 0.02403846153846154
2 0.01201923076923077 0.22115384615384615 0.021634615384615384 0.028846153846153848
2 0.01201923076923077 0.1658653846153846 0.021634615384615384 0.028846153846153848
2 0.01201923076923077 0.17908653846153846 0.021634615384615384 0.026442307692307692
2 0.014423076923076924 0.12860576923076922 0.026442307692307692 0.03125
2 0.013221153846153846 0.10697115384615384 0.02403846153846154 0.026442307692307692
2 0.013221153846153846 0.1141826923076923 0.02403846153846154 0.03125
2 0.013221153846153846 0.08533653846153846 0.026442307692307692 0.040865384615384616
2 0.037259615384615384 0.11538461538461539 0.052884615384615384 0.028846153846153848
2 0.08173076923076923 0.13822115384615385 0.06009615384615385 0.03125
2 0.051682692307692304 0.08774038461538461 0.036057692307692304 0.036057692307692304
2 0.010817307692307692 0.06129807692307692 0.021634615384615384 0.03125
2 0.027644230769230768 0.05889423076923077 0.03125 0.03125
2 0.01201923076923077 0.1814903846153846 0.021634615384615384 0.026442307692307692
2 0.014423076923076924 0.3137019230769231 0.02403846153846154 0.026442307692307692
2 0.01201923076923077 0.27283653846153844 0.021634615384615384 0.026442307692307692
2 0.007211538461538462 0.23677884615384615 0.01201923076923077 0.026442307692307692