2 0.02283653846153846 0.53125 0.040865384615384616 0.040865384615384616
2 0.018028846153846152 0.625 0.036057692307692304 0.05048076923076923
2 0.018028846153846152 0.7632211538461539 0.036057692307692304 0.040865384615384616
2 0.07091346153846154 0.5288461538461539 0.038461538461538464 0.04807692307692308
2 0.027644230769230768 0.8209134615384616 0.03125 0.038461538461538464
2 0.1310096153846154 0.6081730769230769 0.03125 0.055288461538461536
2 0.1622596153846154 0.5516826923076923 0.036057692307692304 0.05048076923076923
2 0.08413461538461539 0.7860576923076923 0.028846153846153848 0.038461538461538464
2 0.018028846153846152 0.8689903846153846 0.026442307692307692 0.03125
2 0.027644230769230768 0.9338942307692307 0.026442307692307692 0.03125
2 0.06009615384615385 0.9326923076923077 0.019230769230769232 0.036057692307692304
2 0.13581730769230768 0.6694711538461539 0.03365384615384615 0.038461538461538464
2 0.1141826923076923 0.7067307692307693 0.026442307692307692 0.04567307692307692
2 0.125 0.8209134615384616 0.026442307692307692 0.03125
2 0.20072115384615385 0.6358173076923077 0.028846153846153848 0.036057692307692304
2 0.234375 0.6165865384615384 0.026442307692307692 0.04326923076923077
2 0.22956730769230768 0.5288461538461539 0.02403846153846154 0.04567307692307692
2 0.26322115384615385 0.5192307692307693 0.02403846153846154 0.04326923076923077
2 0.3016826923076923 0.5504807692307693 0.021634615384615384 0.04326923076923077
2 0.28365384615384615 0.5829326923076923 0.02403846153846154 0.03365384615384615
2 0.24639423076923078 0.6646634615384616 0.028846153846153848 0.036057692307692304
2 0.23677884615384615 0.7019230769230769 0.028846153846153848 0.028846153846153848
2 0.2127403846153846 0.7247596153846154 0.021634615384615384 0.028846153846153848
2 0.19471153846153846 0.6802884615384616 0.02403846153846154 0.03365384615384615
2 0.16346153846153846 0.7043269230769231 0.019230769230769232 0.03365384615384615
2 0.05889423076923077 0.8389423076923077 0.016826923076923076 0.028846153846153848
2 0.10576923076923077 0.8509615384615384 0.021634615384615384 0.028846153846153848
2 0.09975961538461539 0.9146634615384616 0.021634615384615384 0.021634615384615384
2 0.09254807692307693 0.9483173076923077 0.021634615384615384 0.02403846153846154
2 0.12860576923076922 0.9314903846153846 0.016826923076923076 0.03125
2 0.15264423076923078 0.9543269230769231 0.014423076923076924 0.03365384615384615
2 0.15985576923076922 0.9038461538461539 0.016826923076923076 0.026442307692307692
2 0.13341346153846154 0.8725961538461539 0.026442307692307692 0.03125
2 0.18870192307692307 0.875 0.02403846153846154 0.028846153846153848
2 0.19831730769230768 0.9242788461538461 0.02403846153846154 0.03365384615384615
2 0.14903846153846154 0.7788461538461539 0.03125 0.03125
2 0.19831730769230768 0.7944711538461539 0.016826923076923076 0.036057692307692304
2 0.23076923076923078 0.8329326923076923 0.02403846153846154 0.040865384615384616
2 0.24519230769230768 0.7884615384615384 0.028846153846153848 0.04326923076923077
2 0.23317307692307693 0.8737980769230769 0.02403846153846154 0.028846153846153848
2 0.2644230769230769 0.8557692307692307 0.026442307692307692 0.03365384615384615
2 0.27884615384615385 0.7295673076923077 0.02403846153846154 0.038461538461538464
2 0.27403846153846156 0.6514423076923077 0.01201923076923077 0.036057692307692304
2 0.3317307692307692 0.6298076923076923 0.028846153846153848 0.052884615384615384
2 0.28365384615384615 0.6201923076923077 0.019230769230769232 0.03365384615384615
2 0.30408653846153844 0.6646634615384616 0.014423076923076924 0.036057692307692304
2 0.3329326923076923 0.6730769230769231 0.021634615384615384 0.038461538461538464
2 0.35697115384615385 0.7632211538461539 0.02403846153846154 0.05048076923076923
2 0.23197115384615385 0.9603365384615384 0.021634615384615384 0.040865384615384616
2 0.2860576923076923 0.90625 0.019230769230769232 0.026442307692307692
2 0.31850961538461536 0.8858173076923077 0.028846153846153848 0.03125
2 0.3233173076923077 0.8353365384615384 0.02403846153846154 0.038461538461538464
2 0.3581730769230769 0.6081730769230769 0.014423076923076924 0.036057692307692304
2 0.3894230769230769 0.6370192307692307 0.02403846153846154 0.03365384615384615
2 0.4206730769230769 0.578125 0.016826923076923076 0.036057692307692304
2 0.43509615384615385 0.6237980769230769 0.019230769230769232 0.036057692307692304
2 0.3894230769230769 0.7115384615384616 0.026442307692307692 0.026442307692307692
2 0.42908653846153844 0.703125 0.026442307692307692 0.028846153846153848
2 0.4182692307692308 0.765625 0.01201923076923077 0.03125
2 0.44591346153846156 0.7776442307692307 0.016826923076923076 0.038461538461538464
2 0.46634615384615385 0.8028846153846154 0.016826923076923076 0.038461538461538464
2 0.4699519230769231 0.6694711538461539 0.019230769230769232 0.03125
2 0.006009615384615385 0.9507211538461539 0.01201923076923077 0.036057692307692304
2 0.3942307692307692 0.8197115384615384 0.028846153846153848 0.036057692307692304
2 0.35216346153846156 0.8125 0.02403846153846154 0.028846153846153848
2 0.30649038461538464 0.7319711538461539 0.016826923076923076 0.03125
2 0.37259615384615385 0.6646634615384616 0.021634615384615384 0.021634615384615384
2 0.45913461538461536 0.6225961538461539 0.009615384615384616 0.03125
2 0.06971153846153846 0.5721153846153846 0.02403846153846154 0.038461538461538464
2 0.0985576923076923 0.6346153846153846 0.021634615384615384 0.04326923076923077
2 0.16346153846153846 0.6237980769230769 0.019230769230769232 0.038461538461538464
2 0.5216346153846154 0.09495192307692307 0.014423076923076924 0.036057692307692304
2 0.4951923076923077 0.12139423076923077 0.01201923076923077 0.028846153846153848
2 0.4411057692307692 0.15745192307692307 0.016826923076923076 0.02403846153846154
2 0.45552884615384615 0.140625 0.01201923076923077 0.026442307692307692
2 0.47596153846153844 0.1346153846153846 0.01201923076923077 0.021634615384615384
2 0.45913461538461536 0.18269230769230768 0.01201923076923077 0.026442307692307692
2 0.4855769230769231 0.18990384615384615 0.016826923076923076 0.021634615384615384
2 0.4639423076923077 0.21754807692307693 0.014423076923076924 0.026442307692307692
2 0.5060096153846154 0.18028846153846154 0.01201923076923077 0.026442307692307692
2 0.5168269230769231 0.15865384615384615 0.01201923076923077 0.021634615384615384
2 0.5120192307692307 0.24158653846153846 0.01201923076923077 0.021634615384615384
2 0.5 0.29086538461538464 0.014423076923076924 0.028846153846153848
2 0.5372596153846154 0.3161057692307692 0.01201923076923077 0.02403846153846154
2 0.4723557692307692 0.41225961538461536 0.014423076923076924 0.026442307692307692
2 0.5036057692307693 0.44350961538461536 0.01201923076923077 0.03365384615384615
2 0.5036057692307693 0.39663461538461536 0.01201923076923077 0.02403846153846154
2 0.4855769230769231 0.36177884615384615 0.01201923076923077 0.02403846153846154
2 0.5300480769230769 0.3605769230769231 0.009615384615384616 0.02403846153846154
2 0.46274038461538464 0.2848557692307692 0.01201923076923077 0.019230769230769232
2 0.48197115384615385 0.2512019230769231 0.014423076923076924 0.02403846153846154
2 0.5276442307692307 0.13942307692307693 0.01201923076923077 0.028846153846153848
2 0.5372596153846154 0.25600961538461536 0.01201923076923077 0.026442307692307692
2 0.5228365384615384 0.2127403846153846 0.01201923076923077 0.02403846153846154
2 0.5456730769230769 0.203125 0.01201923076923077 0.03125
2 0.4723557692307692 0.49399038461538464 0.009615384615384616 0.021634615384615384
2 0.484375 0.4735576923076923 0.016826923076923076 0.026442307692307692
2 0.5360576923076923 0.4963942307692308 0.014423076923076924 0.026442307692307692
2 0.5300480769230769 0.4639423076923077 0.007211538461538462 0.026442307692307692
2 0.5384615384615384 0.4170673076923077 0.009615384615384616 0.02403846153846154
2 0.5564903846153846 0.4074519230769231 0.01201923076923077 0.019230769230769232
2 0.5889423076923077 0.4963942307692308 0.01201923076923077 0.02403846153846154
2 0.5637019230769231 0.453125 0.014423076923076924 0.021634615384615384
2 0.5673076923076923 0.38221153846153844 0.01201923076923077 0.02403846153846154
2 0.5576923076923077 0.33052884615384615 0.009615384615384616 0.026442307692307692
2 0.5504807692307693 0.296875 0.01201923076923077 0.028846153846153848
2 0.46033653846153844 0.3269230769230769 0.01201923076923077 0.026442307692307692
2 0.6382211538461539 0.6141826923076923 0.019230769230769232 0.040865384615384616
2 0.6706730769230769 0.5997596153846154 0.021634615384615384 0.03365384615384615
2 0.640625 0.45913461538461536 0.021634615384615384 0.026442307692307692
2 0.7055288461538461 0.5889423076923077 0.02403846153846154 0.040865384615384616
2 0.6947115384615384 0.5168269230769231 0.021634615384615384 0.036057692307692304
2 0.7235576923076923 0.5084134615384616 0.02403846153846154 0.03365384615384615
2 0.7427884615384616 0.578125 0.028846153846153848 0.028846153846153848
2 0.7463942307692307 0.6370192307692307 0.028846153846153848 0.038461538461538464
2 0.7427884615384616 0.4375 0.021634615384615384 0.040865384615384616
2 0.7752403846153846 0.4699519230769231 0.021634615384615384 0.04326923076923077
2 0.8100961538461539 0.4387019230769231 0.026442307692307692 0.036057692307692304
2 0.8112980769230769 0.4891826923076923 0.021634615384615384 0.028846153846153848
2 0.7572115384615384 0.5048076923076923 0.02403846153846154 0.036057692307692304
2 0.7716346153846154 0.5625 0.014423076923076924 0.036057692307692304
2 0.7764423076923077 0.6442307692307693 0.016826923076923076 0.026442307692307692
2 0.8064903846153846 0.6394230769230769 0.028846153846153848 0.036057692307692304
2 0.8125 0.7055288461538461 0.01201923076923077 0.04326923076923077
2 0.8100961538461539 0.5264423076923077 0.021634615384615384 0.03365384615384615
2 0.8197115384615384 0.35697115384615385 0.026442307692307692 0.038461538461538464
2 0.8413461538461539 0.28365384615384615 0.026442307692307692 0.04807692307692308
2 0.8786057692307693 0.25240384615384615 0.03125 0.040865384615384616
2 0.8701923076923077 0.3125 0.016826923076923076 0.03365384615384615
2 0.8485576923076923 0.34615384615384615 0.019230769230769232 0.04326923076923077
2 0.8509615384615384 0.5072115384615384 0.021634615384615384 0.038461538461538464
2 0.8569711538461539 0.42427884615384615 0.02403846153846154 0.03125
2 0.8822115384615384 0.40625 0.014423076923076924 0.038461538461538464
2 0.9134615384615384 0.38822115384615385 0.021634615384615384 0.038461538461538464
2 0.90625 0.4423076923076923 0.019230769230769232 0.028846153846153848
2 0.8725961538461539 0.4735576923076923 0.016826923076923076 0.036057692307692304
2 0.8389423076923077 0.6021634615384616 0.021634615384615384 0.036057692307692304
2 0.84375 0.6754807692307693 0.02403846153846154 0.03365384615384615
2 0.8557692307692307 0.7235576923076923 0.016826923076923076 0.02403846153846154
2 0.8725961538461539 0.7451923076923077 0.019230769230769232 0.03125
2 0.8954326923076923 0.7524038461538461 0.014423076923076924 0.03365384615384615
2 0.8653846153846154 0.6694711538461539 0.014423076923076924 0.026442307692307692
2 0.9050480769230769 0.6862980769230769 0.016826923076923076 0.03365384615384615
2 0.9387019230769231 0.6478365384615384 0.019230769230769232 0.03125
2 0.8810096153846154 0.6237980769230769 0.016826923076923076 0.02403846153846154
2 0.8762019230769231 0.5853365384615384 0.016826923076923076 0.02403846153846154
2 0.8677884615384616 0.5432692307692307 0.016826923076923076 0.026442307692307692
2 0.8401442307692307 0.5420673076923077 0.021634615384615384 0.02403846153846154
2 0.8894230769230769 0.515625 0.019230769230769232 0.026442307692307692
2 0.9230769230769231 0.4807692307692308 0.021634615384615384 0.026442307692307692
2 0.8930288461538461 0.5480769230769231 0.014423076923076924 0.02403846153846154
2 0.9206730769230769 0.5504807692307693 0.019230769230769232 0.028846153846153848
2 0.9362980769230769 0.5192307692307693 0.021634615384615384 0.028846153846153848
2 0.9122596153846154 0.5865384615384616 0.02403846153846154 0.028846153846153848
2 0.9074519230769231 0.6286057692307693 0.014423076923076924 0.019230769230769232
2 0.9627403846153846 0.5913461538461539 0.01201923076923077 0.03125
2 0.8966346153846154 0.17067307692307693 0.03365384615384615 0.036057692307692304
2 0.9567307692307693 0.18629807692307693 0.03365384615384615 0.036057692307692304
2 0.9314903846153846 0.25721153846153844 0.02403846153846154 0.03365384615384615
2 0.9411057692307693 0.36778846153846156 0.021634615384615384 0.04326923076923077
2 0.9411057692307693 0.4266826923076923 0.026442307692307692 0.026442307692307692
2 0.9579326923076923 0.4651442307692308 0.021634615384615384 0.026442307692307692
2 0.9675480769230769 0.5048076923076923 0.016826923076923076 0.019230769230769232
2 0.9723557692307693 0.5348557692307693 0.016826923076923076 0.02403846153846154
2 0.9723557692307693 0.39903846153846156 0.016826923076923076 0.03125
2 0.9795673076923077 0.3016826923076923 0.021634615384615384 0.04326923076923077
2 0.9807692307692307 0.24519230769230768 0.02403846153846154 0.03365384615384615
2 0.9807692307692307 0.14783653846153846 0.01201923076923077 0.04807692307692308
2 0.9939903846153846 0.4254807692307692 0.01201923076923077 0.04326923076923077
2 0.9927884615384616 0.34615384615384615 0.01201923076923077 0.04326923076923077
2 0.5480769230769231 0.4639423076923077 0.01201923076923077 0.021634615384615384
2 0.578125 0.4230769230769231 0.01201923076923077 0.016826923076923076
2 0.5889423076923077 0.46033653846153844 0.01201923076923077 0.014423076923076924
2 0.44471153846153844 0.23197115384615385 0.01201923076923077 0.03365384615384615