2 0.020432692307692308 0.16105769230769232 0.03365384615384615 0.12740384615384615
2 0.013221153846153846 0.4098557692307692 0.026442307692307692 0.11538461538461539
2 0.020432692307692308 0.3401442307692308 0.040865384615384616 0.13942307692307693
2 0.34615384615384615 0.08653846153846154 0.04807692307692308 0.16826923076923078
2 0.03365384615384615 0.19591346153846154 0.0625 0.09134615384615384
2 0.14783653846153846 0.30528846153846156 0.08173076923076923 0.14182692307692307
2 0.010817307692307692 0.5865384615384616 0.021634615384615384 0.13942307692307693
2 0.49038461538461536 0.7680288461538461 0.0985576923076923 0.10096153846153846
2 0.27283653846153844 0.5973557692307693 0.07211538461538461 0.13221153846153846
2 0.109375 0.6153846153846154 0.06490384615384616 0.11298076923076923
2 0.020432692307692308 0.14423076923076922 0.03365384615384615 0.125
2 0.484375 0.3112980769230769 0.0625 0.16826923076923078
2 0.6899038461538461 0.10216346153846154 0.0889423076923077 0.09134615384615384
2 0.6382211538461539 0.34375 0.057692307692307696 0.18028846153846154
2 0.1875 0.6826923076923077 0.036057692307692304 0.14903846153846154
2 0.4170673076923077 0.13701923076923078 0.0673076923076923 0.15625
2 0.23317307692307693 0.1466346153846154 0.05048076923076923 0.10336538461538461
2 0.03485576923076923 0.08052884615384616 0.057692307692307696 0.15865384615384615
2 0.04927884615384615 0.37740384615384615 0.0985576923076923 0.09615384615384616
2 0.3701923076923077 0.7836538461538461 0.055288461538461536 0.1346153846153846
2 0.25600961538461536 0.8028846153846154 0.08173076923076923 0.10336538461538461
2 0.24158653846153846 0.4579326923076923 0.09375 0.0889423076923077
2 0.5552884615384616 0.2776442307692308 0.13701923076923078 0.13942307692307693