2 0.20793269230769232 0.001201923076923077 0.01201923076923077 0.002403846153846154
2 0.171875 0.002403846153846154 0.016826923076923076 0.004807692307692308
2 0.11778846153846154 0.001201923076923077 0.014423076923076924 0.002403846153846154
2 0.07692307692307693 0.001201923076923077 0.009615384615384616 0.002403846153846154
2 0.046875 0.001201923076923077 0.01201923076923077 0.002403846153846154
2 0.08653846153846154 0.001201923076923077 0.009615384615384616 0.002403846153846154
2 0.06971153846153846 0.007211538461538462 0.019230769230769232 0.009615384615384616
2 0.1201923076923077 0.006009615384615385 0.019230769230769232 0.01201923076923077
2 0.09735576923076923 0.018028846153846152 0.014423076923076924 0.01201923076923077
2 0.14903846153846154 0.009615384615384616 0.016826923076923076 0.009615384615384616
2 0.23918269230769232 0.028846153846153848 0.014423076923076924 0.014423076923076924
2 0.21033653846153846 0.019230769230769232 0.014423076923076924 0.014423076923076924
2 0.21634615384615385 0.040865384615384616 0.01201923076923077 0.014423076923076924
2 0.15144230769230768 0.030048076923076924 0.01201923076923077 0.014423076923076924
2 0.11057692307692307 0.042067307692307696 0.016826923076923076 0.01201923076923077
2 0.046875 0.039663461538461536 0.019230769230769232 0.009615384615384616
2 0.057692307692307696 0.05889423076923077 0.014423076923076924 0.01201923076923077
2 0.06129807692307692 0.02403846153846154 0.019230769230769232 0.014423076923076924
2 0.055288461538461536 0.08173076923076923 0.02403846153846154 0.016826923076923076
2 0.08052884615384616 0.07572115384615384 0.016826923076923076 0.014423076923076924
2 0.12139423076923077 0.05889423076923077 0.019230769230769232 0.01201923076923077
2 0.15504807692307693 0.04927884615384615 0.014423076923076924 0.014423076923076924
2 0.1875 0.040865384615384616 0.019230769230769232 0.009615384615384616
2 0.18389423076923078 0.057692307692307696 0.014423076923076924 0.01201923076923077
2 0.13701923076923078 0.08173076923076923 0.014423076923076924 0.016826923076923076
2 0.140625 0.09975961538461539 0.016826923076923076 0.009615384615384616
2 0.19591346153846154 0.0829326923076923 0.016826923076923076 0.016826923076923076
2 0.21033653846153846 0.06129807692307692 0.016826923076923076 0.016826923076923076
2 0.3173076923076923 0.046875 0.01201923076923077 0.014423076923076924
2 0.2956730769230769 0.05889423076923077 0.014423076923076924 0.014423076923076924
2 0.27403846153846156 0.055288461538461536 0.02403846153846154 0.021634615384615384
2 0.2403846153846154 0.06850961538461539 0.014423076923076924 0.01201923076923077
2 0.26322115384615385 0.08173076923076923 0.019230769230769232 0.009615384615384616
2 0.2536057692307692 0.10697115384615384 0.026442307692307692 0.01201923076923077
2 0.35216346153846156 0.09014423076923077 0.021634615384615384 0.016826923076923076
2 0.30408653846153844 0.09375 0.016826923076923076 0.016826923076923076
2 0.34975961538461536 0.10697115384615384 0.016826923076923076 0.016826923076923076
2 0.33413461538461536 0.12740384615384615 0.021634615384615384 0.014423076923076924
2 0.3762019230769231 0.12980769230769232 0.019230769230769232 0.019230769230769232
2 0.38100961538461536 0.15504807692307693 0.019230769230769232 0.021634615384615384
2 0.34615384615384615 0.1778846153846154 0.021634615384615384 0.019230769230769232
2 0.33413461538461536 0.16346153846153846 0.02403846153846154 0.014423076923076924
2 0.3112980769230769 0.17307692307692307 0.02403846153846154 0.016826923076923076
2 0.2920673076923077 0.16105769230769232 0.019230769230769232 0.021634615384615384
2 0.24278846153846154 0.13581730769230768 0.021634615384615384 0.014423076923076924
2 0.234375 0.1201923076923077 0.014423076923076924 0.019230769230769232
2 0.21634615384615385 0.14903846153846154 0.014423076923076924 0.014423076923076924
2 0.3737980769230769 0.19230769230769232 0.021634615384615384 0.02403846153846154
2 0.3293269230769231 0.20432692307692307 0.02403846153846154 0.01201923076923077
2 0.34134615384615385 0.22235576923076922 0.02403846153846154 0.014423076923076924
2 0.25 0.16706730769230768 0.021634615384615384 0.014423076923076924
2 0.1875 0.17908653846153846 0.016826923076923076 0.014423076923076924
2 0.1502403846153846 0.12139423076923077 0.014423076923076924 0.014423076923076924
2 0.1814903846153846 0.12620192307692307 0.02403846153846154 0.009615384615384616
2 0.18389423076923078 0.14543269230769232 0.014423076923076924 0.014423076923076924
2 0.140625 0.13701923076923078 0.009615384615384616 0.01201923076923077
2 0.12620192307692307 0.1502403846153846 0.019230769230769232 0.009615384615384616
2 0.0985576923076923 0.171875 0.02403846153846154 0.016826923076923076
2 0.09495192307692307 0.13942307692307693 0.019230769230769232 0.014423076923076924
2 0.09134615384615384 0.10216346153846154 0.014423076923076924 0.014423076923076924
2 0.17908653846153846 0.15985576923076922 0.019230769230769232 0.009615384615384616
2 0.15264423076923078 0.17307692307692307 0.02403846153846154 0.01201923076923077
2 0.23076923076923078 0.18629807692307693 0.01201923076923077 0.01201923076923077
2 0.22596153846153846 0.20192307692307693 0.014423076923076924 0.014423076923076924
2 0.2091346153846154 0.22115384615384615 0.014423076923076924 0.019230769230769232
2 0.24519230769230768 0.21754807692307693 0.014423076923076924 0.014423076923076924
2 0.28846153846153844 0.21153846153846154 0.014423076923076924 0.01201923076923077
2 0.31850961538461536 0.21875 0.016826923076923076 0.007211538461538462
2 0.38221153846153844 0.21634615384615385 0.014423076923076924 0.014423076923076924
2 0.38461538461538464 0.23317307692307693 0.014423076923076924 0.019230769230769232
2 0.375 0.2536057692307692 0.014423076923076924 0.016826923076923076
2 0.3581730769230769 0.2403846153846154 0.014423076923076924 0.009615384615384616
2 0.33413461538461536 0.23798076923076922 0.014423076923076924 0.009615384615384616
2 0.3389423076923077 0.265625 0.016826923076923076 0.016826923076923076
2 0.265625 0.27163461538461536 0.019230769230769232 0.016826923076923076
2 0.21754807692307693 0.25 0.016826923076923076 0.019230769230769232
2 0.18629807692307693 0.24519230769230768 0.021634615384615384 0.01201923076923077
2 0.27524038461538464 0.23197115384615385 0.016826923076923076 0.014423076923076924
2 0.30649038461538464 0.24278846153846154 0.016826923076923076 0.009615384615384616
2 0.3233173076923077 0.25 0.01201923076923077 0.01201923076923077
2 0.30288461538461536 0.25961538461538464 0.021634615384615384 0.007211538461538462
2 0.3269230769230769 0.28846153846153844 0.016826923076923076 0.016826923076923076
2 0.2920673076923077 0.30528846153846156 0.019230769230769232 0.009615384615384616
2 0.28725961538461536 0.28725961538461536 0.019230769230769232 0.009615384615384616
2 0.25240384615384615 0.2980769230769231 0.016826923076923076 0.009615384615384616
2 0.25721153846153844 0.31490384615384615 0.01201923076923077 0.009615384615384616
2 0.23677884615384615 0.3233173076923077 0.014423076923076924 0.014423076923076924
2 0.3557692307692308 0.30408653846153844 0.016826923076923076 0.016826923076923076
2 0.3293269230769231 0.30649038461538464 0.016826923076923076 0.009615384615384616
2 0.30528846153846156 0.31971153846153844 0.016826923076923076 0.009615384615384616
2 0.12740384615384615 0.18990384615384615 0.019230769230769232 0.016826923076923076
2 0.25 0.01201923076923077 0.016826923076923076 0.014423076923076924
2 0.34375 0.40384615384615385 0.016826923076923076 0.014423076923076924
2 0.41586538461538464 0.4026442307692308 0.016826923076923076 0.009615384615384616
2 0.3545673076923077 0.4170673076923077 0.014423076923076924 0.016826923076923076
2 0.39663461538461536 0.4266826923076923 0.01201923076923077 0.01201923076923077
2 0.4014423076923077 0.4411057692307692 0.016826923076923076 0.014423076923076924
2 0.3713942307692308 0.4483173076923077 0.009615384615384616 0.01201923076923077
2 0.43509615384615385 0.44711538461538464 0.016826923076923076 0.01201923076923077
2 0.421875 0.46274038461538464 0.019230769230769232 0.009615384615384616
2 0.4362980769230769 0.47596153846153844 0.016826923076923076 0.016826923076923076
2 0.4098557692307692 0.4795673076923077 0.01201923076923077 0.014423076923076924
2 0.4026442307692308 0.49759615384615385 0.016826923076923076 0.016826923076923076
2 0.4723557692307692 0.48197115384615385 0.01201923076923077 0.01201923076923077
2 0.5036057692307693 0.48677884615384615 0.021634615384615384 0.007211538461538462
2 0.5180288461538461 0.5 0.016826923076923076 0.014423076923076924
2 0.47115384615384615 0.49158653846153844 0.014423076923076924 0.014423076923076924
2 0.46274038461538464 0.5192307692307693 0.01201923076923077 0.01201923076923077
2 0.4423076923076923 0.5 0.014423076923076924 0.014423076923076924
2 0.41947115384615385 0.5072115384615384 0.01201923076923077 0.007211538461538462
2 0.43509615384615385 0.5192307692307693 0.014423076923076924 0.01201923076923077
2 0.41586538461538464 0.5324519230769231 0.019230769230769232 0.009615384615384616
2 0.40024038461538464 0.5204326923076923 0.016826923076923076 0.009615384615384616
2 0.35216346153846156 0.49759615384615385 0.01201923076923077 0.014423076923076924
2 0.3389423076923077 0.4831730769230769 0.014423076923076924 0.014423076923076924
2 0.4735576923076923 0.5336538461538461 0.014423076923076924 0.014423076923076924
2 0.5540865384615384 0.5072115384615384 0.01201923076923077 0.01201923076923077
2 0.546875 0.5288461538461539 0.01201923076923077 0.01201923076923077
2 0.5228365384615384 0.5420673076923077 0.014423076923076924 0.01201923076923077
2 0.49759615384615385 0.5456730769230769 0.014423076923076924 0.014423076923076924
2 0.484375 0.5552884615384616 0.014423076923076924 0.014423076923076924
2 0.4543269230769231 0.5528846153846154 0.016826923076923076 0.007211538461538462
2 0.44471153846153844 0.5336538461538461 0.019230769230769232 0.007211538461538462
2 0.44350961538461536 0.5612980769230769 0.014423076923076924 0.009615384615384616
2 0.5612980769230769 0.5396634615384616 0.019230769230769232 0.009615384615384616
2 0.5492788461538461 0.5504807692307693 0.014423076923076924 0.016826923076923076
2 0.5733173076923077 0.5600961538461539 0.019230769230769232 0.007211538461538462
2 0.5420673076923077 0.5661057692307693 0.019230769230769232 0.014423076923076924
2 0.5096153846153846 0.5637019230769231 0.014423076923076924 0.014423076923076924
2 0.4855769230769231 0.5733173076923077 0.016826923076923076 0.007211538461538462
2 0.5228365384615384 0.5913461538461539 0.02403846153846154 0.009615384615384616
2 0.5733173076923077 0.5853365384615384 0.014423076923076924 0.009615384615384616
2 0.6165865384615384 0.5685096153846154 0.014423076923076924 0.01201923076923077
2 0.6069711538461539 0.5949519230769231 0.014423076923076924 0.004807692307692308
2 0.6069711538461539 0.6129807692307693 0.02403846153846154 0.009615384615384616
2 0.5925480769230769 0.6213942307692307 0.019230769230769232 0.004807692307692308
2 0.6129807692307693 0.6430288461538461 0.014423076923076924 0.01201923076923077
2 0.5757211538461539 0.5973557692307693 0.014423076923076924 0.014423076923076924
2 0.5733173076923077 0.6262019230769231 0.01201923076923077 0.014423076923076924
2 0.5588942307692307 0.640625 0.019230769230769232 0.009615384615384616
2 0.5528846153846154 0.65625 0.014423076923076924 0.01201923076923077
2 0.5168269230769231 0.640625 0.019230769230769232 0.016826923076923076
2 0.453125 0.6081730769230769 0.01201923076923077 0.01201923076923077
2 0.359375 0.671875 0.009615384615384616 0.01201923076923077
2 0.36899038461538464 0.6370192307692307 0.007211538461538462 0.009615384615384616
2 0.375 0.6514423076923077 0.009615384615384616 0.009615384615384616
2 0.3918269230769231 0.6550480769230769 0.014423076923076924 0.007211538461538462
2 0.39302884615384615 0.6694711538461539 0.007211538461538462 0.007211538461538462
2 0.40865384615384615 0.6670673076923077 0.014423076923076924 0.004807692307692308
2 0.35216346153846156 0.6201923076923077 0.01201923076923077 0.009615384615384616
2 0.375 0.6225961538461539 0.009615384615384616 0.009615384615384616
2 0.3918269230769231 0.6298076923076923 0.009615384615384616 0.009615384615384616
2 0.40024038461538464 0.6418269230769231 0.009615384615384616 0.007211538461538462
2 0.4170673076923077 0.6262019230769231 0.01201923076923077 0.014423076923076924
2 0.43149038461538464 0.6370192307692307 0.007211538461538462 0.007211538461538462
2 0.4423076923076923 0.6274038461538461 0.014423076923076924 0.004807692307692308
2 0.4483173076923077 0.6177884615384616 0.01201923076923077 0.01201923076923077
2 0.375 0.6069711538461539 0.009615384615384616 0.007211538461538462
2 0.3581730769230769 0.5889423076923077 0.01201923076923077 0.009615384615384616
2 0.3701923076923077 0.578125 0.007211538461538462 0.004807692307692308
2 0.3870192307692308 0.5805288461538461 0.009615384615384616 0.009615384615384616
2 0.38100961538461536 0.5649038461538461 0.009615384615384616 0.009615384615384616
2 0.2620192307692308 0.5336538461538461 0.016826923076923076 0.007211538461538462
2 0.28365384615384615 0.5360576923076923 0.01201923076923077 0.01201923076923077
2 0.30528846153846156 0.5324519230769231 0.009615384615384616 0.009615384615384616
2 0.3245192307692308 0.5480769230769231 0.01201923076923077 0.01201923076923077
2 0.3329326923076923 0.5372596153846154 0.014423076923076924 0.007211538461538462
2 0.5480769230769231 0.6129807692307693 0.014423076923076924 0.01201923076923077
2 0.5817307692307693 0.609375 0.009615384615384616 0.009615384615384616
2 0.5 0.5913461538461539 0.009615384615384616 0.009615384615384616
2 0.46875 0.5612980769230769 0.01201923076923077 0.01201923076923077
2 0.4723557692307692 0.5877403846153846 0.009615384615384616 0.01201923076923077
2 0.4495192307692308 0.5757211538461539 0.014423076923076924 0.009615384615384616
2 0.4266826923076923 0.5456730769230769 0.014423076923076924 0.01201923076923077
2 0.40865384615384615 0.5516826923076923 0.01201923076923077 0.009615384615384616
2 0.3798076923076923 0.5336538461538461 0.01201923076923077 0.009615384615384616
2 0.38100961538461536 0.5204326923076923 0.01201923076923077 0.01201923076923077
2 0.38100961538461536 0.49759615384615385 0.01201923076923077 0.009615384615384616
2 0.5504807692307693 0.6766826923076923 0.016826923076923076 0.009615384615384616
2 0.49038461538461536 0.6814903846153846 0.01201923076923077 0.01201923076923077
2 0.45072115384615385 0.6875 0.014423076923076924 0.01201923076923077
2 0.43149038461538464 0.6838942307692307 0.009615384615384616 0.009615384615384616
2 0.41466346153846156 0.6766826923076923 0.014423076923076924 0.004807692307692308
2 0.4495192307692308 0.6610576923076923 0.009615384615384616 0.007211538461538462
2 0.4795673076923077 0.640625 0.01201923076923077 0.007211538461538462
2 0.46634615384615385 0.6490384615384616 0.009615384615384616 0.009615384615384616
2 0.4963942307692308 0.6370192307692307 0.01201923076923077 0.004807692307692308
2 0.46274038461538464 0.6322115384615384 0.009615384615384616 0.009615384615384616
2 0.5264423076923077 0.6069711538461539 0.009615384615384616 0.009615384615384616
2 0.4362980769230769 0.5961538461538461 0.014423076923076924 0.007211538461538462
2 0.42427884615384615 0.5769230769230769 0.014423076923076924 0.007211538461538462
2 0.42427884615384615 0.5853365384615384 0.009615384615384616 0.009615384615384616
2 0.3641826923076923 0.5576923076923077 0.009615384615384616 0.004807692307692308
2 0.359375 0.5336538461538461 0.009615384615384616 0.009615384615384616
2 0.36538461538461536 0.5048076923076923 0.009615384615384616 0.004807692307692308
2 0.3269230769230769 0.4519230769230769 0.014423076923076924 0.01201923076923077
2 0.3545673076923077 0.4338942307692308 0.014423076923076924 0.016826923076923076
2 0.35216346153846156 0.453125 0.014423076923076924 0.009615384615384616
2 0.4026442307692308 0.4567307692307692 0.014423076923076924 0.01201923076923077
2 0.3954326923076923 0.5384615384615384 0.014423076923076924 0.009615384615384616
2 0.5108173076923077 0.6129807692307693 0.01201923076923077 0.009615384615384616
2 0.47836538461538464 0.5973557692307693 0.01201923076923077 0.007211538461538462
2 0.49038461538461536 0.5012019230769231 0.009615384615384616 0.01201923076923077
2 0.53125 0.5336538461538461 0.014423076923076924 0.009615384615384616
2 0.33774038461538464 0.5204326923076923 0.01201923076923077 0.01201923076923077
2 0.3581730769230769 0.515625 0.014423076923076924 0.007211538461538462
2 0.4495192307692308 0.5096153846153846 0.009615384615384616 0.01201923076923077
2 0.3918269230769231 0.5588942307692307 0.01201923076923077 0.01201923076923077
2 0.27403846153846156 0.7728365384615384 0.009615384615384616 0.004807692307692308
2 0.2764423076923077 0.796875 0.009615384615384616 0.004807692307692308
2 0.30408653846153844 0.7908653846153846 0.007211538461538462 0.007211538461538462
2 0.27163461538461536 0.7487980769230769 0.004807692307692308 0.004807692307692308
2 0.35697115384615385 0.7307692307692307 0.004807692307692308 0.004807692307692308
2 0.41346153846153844 0.75 0.009615384615384616 0.002403846153846154
2 0.3088942307692308 0.2764423076923077 0.014423076923076924 0.01201923076923077