2 0.3112980769230769 0.7019230769230769 0.0673076923076923 0.03365384615384615
2 0.49158653846153844 0.7295673076923077 0.06971153846153846 0.02403846153846154
2 0.6742788461538461 0.6370192307692307 0.0673076923076923 0.03365384615384615
2 0.6382211538461539 0.7548076923076923 0.04567307692307692 0.04326923076923077
2 0.7415865384615384 0.7608173076923077 0.0673076923076923 0.03125
2 0.24879807692307693 0.6069711538461539 0.04326923076923077 0.040865384615384616
2 0.5661057692307693 0.7788461538461539 0.05048076923076923 0.028846153846153848
2 0.1466346153846154 0.5084134615384616 0.052884615384615384 0.05048076923076923
2 0.20552884615384615 0.6502403846153846 0.03365384615384615 0.03125
2 0.36658653846153844 0.43028846153846156 0.06971153846153846 0.02403846153846154
2 0.16826923076923078 0.36538461538461536 0.04326923076923077 0.04807692307692308
2 0.09735576923076923 0.35216346153846156 0.04326923076923077 0.028846153846153848
2 0.20192307692307693 0.2704326923076923 0.052884615384615384 0.021634615384615384
2 0.390625 0.2824519230769231 0.038461538461538464 0.036057692307692304
2 0.15985576923076922 0.45072115384615385 0.040865384615384616 0.026442307692307692
2 0.08173076923076923 0.44711538461538464 0.04326923076923077 0.028846153846153848
2 0.16466346153846154 0.5637019230769231 0.08653846153846154 0.026442307692307692
2 0.3076923076923077 0.6586538461538461 0.04567307692307692 0.04326923076923077
2 0.28365384615384615 0.5084134615384616 0.052884615384615384 0.026442307692307692
2 0.4543269230769231 0.5120192307692307 0.0625 0.02403846153846154
2 0.8954326923076923 0.6117788461538461 0.04326923076923077 0.03125
2 0.9170673076923077 0.7463942307692307 0.05048076923076923 0.05048076923076923
2 0.6923076923076923 0.5360576923076923 0.04326923076923077 0.02403846153846154
2 0.7427884615384616 0.4675480769230769 0.038461538461538464 0.036057692307692304
2 0.9615384615384616 0.5721153846153846 0.03125 0.03365384615384615
2 0.5805288461538461 0.5925480769230769 0.038461538461538464 0.019230769230769232
2 0.46153846153846156 0.6538461538461539 0.0625 0.03365384615384615
2 0.5252403846153846 0.6850961538461539 0.04326923076923077 0.04326923076923077
2 0.33653846153846156 0.47475961538461536 0.03365384615384615 0.03125
2 0.2860576923076923 0.37259615384615385 0.04326923076923077 0.04326923076923077
2 0.4362980769230769 0.5757211538461539 0.04326923076923077 0.04567307692307692
2 0.47716346153846156 0.546875 0.03365384615384615 0.03125
2 0.6009615384615384 0.6177884615384616 0.05048076923076923 0.03365384615384615
2 0.5733173076923077 0.5216346153846154 0.0673076923076923 0.019230769230769232
2 0.7475961538461539 0.578125 0.06009615384615385 0.02403846153846154
2 0.7788461538461539 0.6875 0.06490384615384616 0.02403846153846154
2 0.9098557692307693 0.6526442307692307 0.08173076923076923 0.02403846153846154
2 0.8305288461538461 0.7632211538461539 0.052884615384615384 0.026442307692307692
2 0.36177884615384615 0.5637019230769231 0.04326923076923077 0.028846153846153848
2 0.6153846153846154 0.49399038461538464 0.04807692307692308 0.04567307692307692
2 0.3076923076923077 0.3401442307692308 0.038461538461538464 0.026442307692307692
2 0.7956730769230769 0.53125 0.06490384615384616 0.02403846153846154
2 0.6430288461538461 0.6911057692307693 0.04326923076923077 0.040865384615384616
2 0.4170673076923077 0.6802884615384616 0.08653846153846154 0.02403846153846154
2 0.6911057692307693 0.7163461538461539 0.057692307692307696 0.028846153846153848
2 0.5288461538461539 0.47596153846153844 0.0625 0.028846153846153848
2 0.42788461538461536 0.6165865384615384 0.040865384615384616 0.038461538461538464
2 0.08173076923076923 0.40865384615384615 0.0625 0.028846153846153848
2 0.1310096153846154 0.3088942307692308 0.0625 0.02403846153846154
2 0.3858173076923077 0.3545673076923077 0.055288461538461536 0.026442307692307692
2 0.7716346153846154 0.6418269230769231 0.06009615384615385 0.02403846153846154
2 0.8774038461538461 0.5492788461538461 0.05048076923076923 0.03125