2 0.11298076923076923 0.5444711538461539 0.028846153846153848 0.038461538461538464
2 0.1346153846153846 0.5528846153846154 0.026442307692307692 0.040865384615384616
2 0.14783653846153846 0.6286057692307693 0.028846153846153848 0.038461538461538464
2 0.09615384615384616 0.6550480769230769 0.026442307692307692 0.04326923076923077
2 0.15144230769230768 0.4891826923076923 0.03365384615384615 0.04326923076923077
2 0.1971153846153846 0.5516826923076923 0.03125 0.04326923076923077
2 0.16346153846153846 0.5612980769230769 0.028846153846153848 0.04807692307692308
2 0.1778846153846154 0.7055288461538461 0.028846153846153848 0.038461538461538464
2 0.18990384615384615 0.6706730769230769 0.03125 0.036057692307692304
2 0.14302884615384615 0.7103365384615384 0.03125 0.03365384615384615
2 0.18389423076923078 0.4891826923076923 0.036057692307692304 0.05048076923076923
2 0.24879807692307693 0.45072115384615385 0.038461538461538464 0.04807692307692308
2 0.27524038461538464 0.328125 0.038461538461538464 0.052884615384615384
2 0.27283653846153844 0.4987980769230769 0.028846153846153848 0.04567307692307692
2 0.2403846153846154 0.49399038461538464 0.03125 0.05048076923076923
2 0.27524038461538464 0.5396634615384616 0.026442307692307692 0.05048076923076923
2 0.265625 0.5913461538461539 0.028846153846153848 0.04567307692307692
2 0.22716346153846154 0.6334134615384616 0.03125 0.04326923076923077
2 0.23918269230769232 0.6935096153846154 0.03365384615384615 0.04567307692307692
2 0.21033653846153846 0.7091346153846154 0.03125 0.04567307692307692
2 0.234375 0.7548076923076923 0.028846153846153848 0.04326923076923077
2 0.21033653846153846 0.7463942307692307 0.02403846153846154 0.038461538461538464
2 0.29447115384615385 0.36538461538461536 0.03365384615384615 0.040865384615384616
2 0.3112980769230769 0.46875 0.036057692307692304 0.040865384615384616
2 0.33052884615384615 0.43509615384615385 0.036057692307692304 0.05048076923076923
2 0.3004807692307692 0.5144230769230769 0.03365384615384615 0.04807692307692308
2 0.3293269230769231 0.5504807692307693 0.036057692307692304 0.04567307692307692
2 0.29927884615384615 0.5949519230769231 0.028846153846153848 0.040865384615384616
2 0.28966346153846156 0.6598557692307693 0.026442307692307692 0.04326923076923077
2 0.31490384615384615 0.6526442307692307 0.03125 0.04567307692307692
2 0.3161057692307692 0.7367788461538461 0.028846153846153848 0.04567307692307692
2 0.2920673076923077 0.7463942307692307 0.02403846153846154 0.04326923076923077
2 0.3485576923076923 0.7620192307692307 0.028846153846153848 0.04807692307692308
2 0.33774038461538464 0.7139423076923077 0.026442307692307692 0.038461538461538464
2 0.34375 0.6394230769230769 0.03125 0.05048076923076923
2 0.37259615384615385 0.6430288461538461 0.03125 0.04567307692307692
2 0.2644230769230769 0.7115384615384616 0.03365384615384615 0.03365384615384615
2 0.18509615384615385 0.7367788461538461 0.026442307692307692 0.03365384615384615
2 0.19831730769230768 0.6165865384615384 0.03365384615384615 0.03365384615384615
2 0.36899038461538464 0.4675480769230769 0.036057692307692304 0.05048076923076923
2 0.38221153846153844 0.7211538461538461 0.03125 0.04326923076923077
2 0.40865384615384615 0.6394230769230769 0.028846153846153848 0.038461538461538464
2 0.4230769230769231 0.5012019230769231 0.03365384615384615 0.04326923076923077
2 0.44591346153846156 0.5480769230769231 0.03125 0.04567307692307692
2 0.4254807692307692 0.5721153846153846 0.03365384615384615 0.036057692307692304
2 0.44350961538461536 0.6009615384615384 0.03365384615384615 0.040865384615384616
2 0.43028846153846156 0.6610576923076923 0.026442307692307692 0.038461538461538464
2 0.45072115384615385 0.6899038461538461 0.03365384615384615 0.040865384615384616
2 0.43028846153846156 0.734375 0.03365384615384615 0.040865384615384616
2 0.3425480769230769 0.27524038461538464 0.03365384615384615 0.05048076923076923
2 0.3545673076923077 0.3737980769230769 0.03365384615384615 0.04807692307692308
2 0.4050480769230769 0.2439903846153846 0.040865384615384616 0.055288461538461536
2 0.39783653846153844 0.328125 0.040865384615384616 0.057692307692307696
2 0.4254807692307692 0.37259615384615385 0.028846153846153848 0.04567307692307692
2 0.4375 0.28725961538461536 0.03365384615384615 0.052884615384615384
2 0.4519230769230769 0.24158653846153846 0.038461538461538464 0.06490384615384616
2 0.49278846153846156 0.328125 0.038461538461538464 0.057692307692307696
2 0.4831730769230769 0.40024038461538464 0.038461538461538464 0.05048076923076923
2 0.5276442307692307 0.4230769230769231 0.028846153846153848 0.055288461538461536
2 0.47716346153846156 0.5108173076923077 0.036057692307692304 0.04807692307692308
2 0.5132211538461539 0.5432692307692307 0.03125 0.04567307692307692
2 0.49759615384615385 0.6177884615384616 0.03365384615384615 0.04807692307692308
2 0.47115384615384615 0.6153846153846154 0.028846153846153848 0.04567307692307692
2 0.49158653846153844 0.6694711538461539 0.03125 0.04326923076923077
2 0.48197115384615385 0.7355769230769231 0.028846153846153848 0.038461538461538464
2 0.5144230769230769 0.7079326923076923 0.028846153846153848 0.04326923076923077
2 0.47475961538461536 0.5456730769230769 0.02403846153846154 0.04326923076923077
2 0.5444711538461539 0.5757211538461539 0.03365384615384615 0.055288461538461536
2 0.5733173076923077 0.609375 0.03365384615384615 0.04326923076923077
2 0.546875 0.6382211538461539 0.03125 0.04326923076923077
2 0.6069711538461539 0.6550480769230769 0.028846153846153848 0.04326923076923077
2 0.6237980769230769 0.5997596153846154 0.03365384615384615 0.05048076923076923
2 0.5264423076923077 0.27524038461538464 0.038461538461538464 0.052884615384615384
2 0.5480769230769231 0.3762019230769231 0.03365384615384615 0.05048076923076923
2 0.5817307692307693 0.359375 0.038461538461538464 0.05048076923076923
2 0.5805288461538461 0.27524038461538464 0.038461538461538464 0.04807692307692308
2 0.609375 0.2776442307692308 0.03365384615384615 0.052884615384615384
2 0.6478365384615384 0.31009615384615385 0.036057692307692304 0.05048076923076923
2 0.6237980769230769 0.3401442307692308 0.038461538461538464 0.04807692307692308
2 0.6105769230769231 0.38461538461538464 0.03125 0.052884615384615384
2 0.5757211538461539 0.41225961538461536 0.03365384615384615 0.05048076923076923
2 0.5600961538461539 0.41947115384615385 0.002403846153846154 0.002403846153846154
2 0.5600961538461539 0.453125 0.03365384615384615 0.052884615384615384
2 0.5949519230769231 0.49278846153846156 0.03125 0.05048076923076923
2 0.6682692307692307 0.3894230769230769 0.03365384615384615 0.052884615384615384
2 0.6490384615384616 0.44711538461538464 0.03365384615384615 0.04326923076923077
2 0.6682692307692307 0.5324519230769231 0.03365384615384615 0.04567307692307692
2 0.6802884615384616 0.6117788461538461 0.03125 0.040865384615384616
2 0.5649038461538461 0.5432692307692307 0.03365384615384615 0.04807692307692308
2 0.5372596153846154 0.47596153846153844 0.028846153846153848 0.04326923076923077
2 0.5096153846153846 0.484375 0.026442307692307692 0.04807692307692308
2 0.2692307692307692 0.6225961538461539 0.028846153846153848 0.036057692307692304
2 0.6983173076923077 0.5 0.03365384615384615 0.04326923076923077
2 0.7403846153846154 0.3762019230769231 0.036057692307692304 0.04567307692307692
2 0.7463942307692307 0.4206730769230769 0.03365384615384615 0.05048076923076923
2 0.7355769230769231 0.49759615384615385 0.038461538461538464 0.04326923076923077
2 0.7103365384615384 0.4206730769230769 0.036057692307692304 0.04567307692307692
2 0.6201923076923077 0.4338942307692308 0.028846153846153848 0.04567307692307692
2 0.71875 0.5649038461538461 0.03125 0.038461538461538464
2 0.765625 0.47596153846153844 0.026442307692307692 0.040865384615384616
2 0.75 0.5745192307692307 0.03365384615384615 0.04567307692307692
2 0.7632211538461539 0.6069711538461539 0.036057692307692304 0.038461538461538464
2 0.9651442307692307 0.296875 0.036057692307692304 0.04567307692307692
2 0.953125 0.4519230769230769 0.03365384615384615 0.055288461538461536
2 0.5 0.8149038461538461 0.028846153846153848 0.036057692307692304
2 0.53125 0.765625 0.02403846153846154 0.03365384615384615
2 0.37259615384615385 0.5625 0.03125 0.038461538461538464
2 0.4675480769230769 0.42908653846153844 0.04567307692307692 0.0673076923076923
2 0.640625 0.5408653846153846 0.03365384615384615 0.055288461538461536
2 0.46634615384615385 0.3485576923076923 0.036057692307692304 0.04807692307692308
2 0.9867788461538461 0.4362980769230769 0.026442307692307692 0.04326923076923077
2 0.7127403846153846 0.010817307692307692 0.019230769230769232 0.021634615384615384
2 0.7259615384615384 0.03365384615384615 0.021634615384615384 0.036057692307692304
2 0.7512019230769231 0.05048076923076923 0.028846153846153848 0.03125
2 0.7259615384615384 0.06610576923076923 0.021634615384615384 0.038461538461538464
2 0.7403846153846154 0.11057692307692307 0.021634615384615384 0.03125
2 0.7572115384615384 0.15384615384615385 0.021634615384615384 0.03125
2 0.7716346153846154 0.10336538461538461 0.02403846153846154 0.03365384615384615
2 0.7728365384615384 0.046875 0.021634615384615384 0.03365384615384615
2 0.7620192307692307 0.013221153846153846 0.026442307692307692 0.026442307692307692
2 0.7848557692307693 0.019230769230769232 0.021634615384615384 0.038461538461538464
2 0.8088942307692307 0.07451923076923077 0.021634615384615384 0.038461538461538464
2 0.8269230769230769 0.04927884615384615 0.028846153846153848 0.038461538461538464
2 0.8076923076923077 0.02283653846153846 0.028846153846153848 0.038461538461538464
2 0.796875 0.125 0.019230769230769232 0.03125
2 0.7932692307692307 0.18629807692307693 0.021634615384615384 0.04326923076923077
2 0.7596153846153846 0.23076923076923078 0.021634615384615384 0.03365384615384615
2 0.7800480769230769 0.22596153846153846 0.02403846153846154 0.040865384615384616
2 0.8257211538461539 0.18629807692307693 0.02403846153846154 0.03365384615384615
2 0.84375 0.171875 0.019230769230769232 0.03365384615384615
2 0.8329326923076923 0.0985576923076923 0.026442307692307692 0.036057692307692304
2 0.7788461538461539 0.29086538461538464 0.026442307692307692 0.028846153846153848
2 0.7620192307692307 0.29086538461538464 0.02403846153846154 0.036057692307692304
2 0.7992788461538461 0.28725961538461536 0.021634615384615384 0.036057692307692304
2 0.8389423076923077 0.2536057692307692 0.028846153846153848 0.03365384615384615
2 0.8641826923076923 0.2860576923076923 0.028846153846153848 0.036057692307692304
2 0.8641826923076923 0.16947115384615385 0.019230769230769232 0.03365384615384615
2 0.7704326923076923 0.3401442307692308 0.02403846153846154 0.026442307692307692
2 0.7728365384615384 0.3737980769230769 0.021634615384615384 0.028846153846153848
2 0.8677884615384616 0.34615384615384615 0.021634615384615384 0.03125
2 0.8834134615384616 0.328125 0.026442307692307692 0.03125
2 0.8269230769230769 0.3449519230769231 0.026442307692307692 0.03365384615384615
2 0.8209134615384616 0.38461538461538464 0.021634615384615384 0.028846153846153848
2 0.8641826923076923 0.38822115384615385 0.026442307692307692 0.03125
2 0.8978365384615384 0.3629807692307692 0.02403846153846154 0.026442307692307692
2 0.8617788461538461 0.22596153846153846 0.019230769230769232 0.03125
2 0.8798076923076923 0.22235576923076922 0.019230769230769232 0.03365384615384615
2 0.8425480769230769 0.2956730769230769 0.02403846153846154 0.028846153846153848
2 0.8052884615384616 0.3329326923076923 0.021634615384615384 0.038461538461538464
2 0.8545673076923077 0.41586538461538464 0.02403846153846154 0.028846153846153848
2 0.8786057692307693 0.4014423076923077 0.026442307692307692 0.026442307692307692
2 0.7848557692307693 0.07451923076923077 0.02403846153846154 0.04326923076923077
2 0.8317307692307693 0.21754807692307693 0.02403846153846154 0.03365384615384615
2 0.8149038461538461 0.11538461538461539 0.02403846153846154 0.038461538461538464
2 0.7415865384615384 0.16466346153846154 0.026442307692307692 0.038461538461538464
2 0.8125 0.25721153846153844 0.021634615384615384 0.040865384615384616
2 0.8461538461538461 0.33052884615384615 0.021634615384615384 0.026442307692307692
2 0.40865384615384615 0.7764423076923077 0.038461538461538464 0.057692307692307696