2 0.21875 0.484375 0.004807692307692308 0.016826923076923076
2 0.23076923076923078 0.4675480769230769 0.007211538461538462 0.016826923076923076
2 0.23918269230769232 0.44711538461538464 0.009615384615384616 0.009615384615384616
2 0.25 0.44711538461538464 0.007211538461538462 0.016826923076923076
2 0.25600961538461536 0.4411057692307692 0.009615384615384616 0.019230769230769232
2 0.27163461538461536 0.42908653846153844 0.004807692307692308 0.016826923076923076
2 0.2668269230769231 0.44350961538461536 0.004807692307692308 0.014423076923076924
2 0.2692307692307692 0.4579326923076923 0.004807692307692308 0.016826923076923076
2 0.2776442307692308 0.4338942307692308 0.007211538461538462 0.016826923076923076
2 0.2848557692307692 0.43990384615384615 0.004807692307692308 0.019230769230769232
2 0.2956730769230769 0.4182692307692308 0.009615384615384616 0.016826923076923076
2 0.2956730769230769 0.4387019230769231 0.007211538461538462 0.019230769230769232
2 0.3137019230769231 0.42788461538461536 0.009615384615384616 0.014423076923076924
2 0.28846153846153844 0.4543269230769231 0.007211538461538462 0.019230769230769232
2 0.28125 0.45072115384615385 0.009615384615384616 0.014423076923076924
2 0.2776442307692308 0.46634615384615385 0.009615384615384616 0.014423076923076924
2 0.24519230769230768 0.47115384615384615 0.007211538461538462 0.019230769230769232
2 0.234375 0.4891826923076923 0.007211538461538462 0.019230769230769232
2 0.22596153846153846 0.5024038461538461 0.009615384615384616 0.019230769230769232
2 0.21995192307692307 0.5120192307692307 0.007211538461538462 0.019230769230769232
2 0.2127403846153846 0.5120192307692307 0.007211538461538462 0.019230769230769232
2 0.203125 0.546875 0.007211538461538462 0.016826923076923076
2 0.22115384615384615 0.5432692307692307 0.004807692307692308 0.01201923076923077
2 0.22115384615384615 0.5612980769230769 0.007211538461538462 0.021634615384615384
2 0.23076923076923078 0.5504807692307693 0.007211538461538462 0.019230769230769232
2 0.23197115384615385 0.5288461538461539 0.009615384615384616 0.021634615384615384
2 0.22115384615384615 0.5264423076923077 0.009615384615384616 0.019230769230769232
2 0.24879807692307693 0.5420673076923077 0.007211538461538462 0.019230769230769232
2 0.2548076923076923 0.5336538461538461 0.007211538461538462 0.019230769230769232
2 0.24519230769230768 0.4879807692307692 0.007211538461538462 0.01201923076923077
2 0.25 0.5 0.004807692307692308 0.014423076923076924
2 0.2536057692307692 0.4795673076923077 0.004807692307692308 0.019230769230769232
2 0.25961538461538464 0.47716346153846156 0.007211538461538462 0.016826923076923076
2 0.265625 0.5144230769230769 0.007211538461538462 0.016826923076923076
2 0.25841346153846156 0.4987980769230769 0.004807692307692308 0.014423076923076924
2 0.26802884615384615 0.5288461538461539 0.004807692307692308 0.016826923076923076
2 0.2824519230769231 0.5264423076923077 0.007211538461538462 0.014423076923076924
2 0.2704326923076923 0.49158653846153844 0.007211538461538462 0.014423076923076924
2 0.2860576923076923 0.47475961538461536 0.007211538461538462 0.014423076923076924
2 0.2848557692307692 0.4891826923076923 0.009615384615384616 0.014423076923076924
2 0.27884615384615385 0.5024038461538461 0.007211538461538462 0.016826923076923076
2 0.3125 0.45913461538461536 0.007211538461538462 0.016826923076923076
2 0.3076923076923077 0.46153846153846156 0.007211538461538462 0.01201923076923077
2 0.2980769230769231 0.4831730769230769 0.007211538461538462 0.019230769230769232
2 0.2920673076923077 0.4987980769230769 0.007211538461538462 0.019230769230769232
2 0.2956730769230769 0.5300480769230769 0.009615384615384616 0.016826923076923076
2 0.28725961538461536 0.5420673076923077 0.009615384615384616 0.016826923076923076
2 0.28966346153846156 0.5757211538461539 0.007211538461538462 0.016826923076923076
2 0.30288461538461536 0.5432692307692307 0.007211538461538462 0.014423076923076924
2 0.3088942307692308 0.5348557692307693 0.009615384615384616 0.016826923076923076
2 0.32091346153846156 0.46274038461538464 0.007211538461538462 0.016826923076923076
2 0.3112980769230769 0.4831730769230769 0.009615384615384616 0.016826923076923076
2 0.3016826923076923 0.4963942307692308 0.007211538461538462 0.014423076923076924
2 0.30288461538461536 0.5120192307692307 0.009615384615384616 0.019230769230769232
2 0.3125 0.5012019230769231 0.004807692307692308 0.019230769230769232
2 0.32091346153846156 0.4891826923076923 0.007211538461538462 0.019230769230769232
2 0.33413461538461536 0.4675480769230769 0.009615384615384616 0.019230769230769232
2 0.34375 0.46875 0.007211538461538462 0.016826923076923076
2 0.35697115384615385 0.47115384615384615 0.007211538461538462 0.014423076923076924
2 0.33653846153846156 0.4987980769230769 0.007211538461538462 0.014423076923076924
2 0.35216346153846156 0.4987980769230769 0.007211538461538462 0.016826923076923076
2 0.359375 0.4963942307692308 0.007211538461538462 0.016826923076923076
2 0.3401442307692308 0.5204326923076923 0.009615384615384616 0.019230769230769232
2 0.3293269230769231 0.5192307692307693 0.007211538461538462 0.019230769230769232
2 0.3485576923076923 0.5336538461538461 0.007211538461538462 0.021634615384615384
2 0.3605769230769231 0.5216346153846154 0.007211538461538462 0.014423076923076924
2 0.36177884615384615 0.5420673076923077 0.007211538461538462 0.01201923076923077
2 0.36177884615384615 0.5588942307692307 0.007211538461538462 0.019230769230769232
2 0.36899038461538464 0.5528846153846154 0.004807692307692308 0.016826923076923076
2 0.3858173076923077 0.5685096153846154 0.007211538461538462 0.016826923076923076
2 0.36899038461538464 0.5745192307692307 0.007211538461538462 0.016826923076923076
2 0.3762019230769231 0.5925480769230769 0.007211538461538462 0.014423076923076924
2 0.35336538461538464 0.5625 0.009615384615384616 0.016826923076923076
2 0.34615384615384615 0.5600961538461539 0.004807692307692308 0.019230769230769232
2 0.33533653846153844 0.5396634615384616 0.007211538461538462 0.014423076923076924
2 0.3293269230769231 0.5408653846153846 0.007211538461538462 0.014423076923076924
2 0.32091346153846156 0.5420673076923077 0.007211538461538462 0.021634615384615384
2 0.3125 0.5612980769230769 0.007211538461538462 0.019230769230769232
2 0.30528846153846156 0.5733173076923077 0.009615384615384616 0.019230769230769232
2 0.3004807692307692 0.5757211538461539 0.007211538461538462 0.014423076923076924
2 0.28725961538461536 0.5661057692307693 0.007211538461538462 0.01201923076923077
2 0.27403846153846156 0.5757211538461539 0.007211538461538462 0.016826923076923076
2 0.28365384615384615 0.59375 0.004807692307692308 0.016826923076923076
2 0.28966346153846156 0.5901442307692307 0.009615384615384616 0.016826923076923076
2 0.296875 0.5925480769230769 0.007211538461538462 0.019230769230769232
2 0.30408653846153844 0.5925480769230769 0.007211538461538462 0.01201923076923077
2 0.30288461538461536 0.609375 0.004807692307692308 0.019230769230769232
2 0.2824519230769231 0.6346153846153846 0.007211538461538462 0.016826923076923076
2 0.2764423076923077 0.6129807692307693 0.009615384615384616 0.016826923076923076
2 0.28125 0.6526442307692307 0.009615384615384616 0.016826923076923076
2 0.29927884615384615 0.6322115384615384 0.007211538461538462 0.016826923076923076
2 0.31009615384615385 0.6538461538461539 0.009615384615384616 0.019230769230769232
2 0.35096153846153844 0.6754807692307693 0.009615384615384616 0.016826923076923076
2 0.36658653846153844 0.6418269230769231 0.007211538461538462 0.016826923076923076
2 0.36778846153846156 0.6682692307692307 0.007211538461538462 0.019230769230769232
2 0.36538461538461536 0.6490384615384616 0.007211538461538462 0.016826923076923076
2 0.3557692307692308 0.6490384615384616 0.007211538461538462 0.016826923076923076
2 0.35216346153846156 0.6298076923076923 0.007211538461538462 0.021634615384615384
2 0.3581730769230769 0.6165865384615384 0.007211538461538462 0.019230769230769232
2 0.36778846153846156 0.6177884615384616 0.007211538461538462 0.014423076923076924
2 0.3605769230769231 0.5889423076923077 0.007211538461538462 0.021634615384615384
2 0.36538461538461536 0.5925480769230769 0.007211538461538462 0.016826923076923076
2 0.35096153846153844 0.5829326923076923 0.009615384615384616 0.016826923076923076
2 0.3401442307692308 0.5709134615384616 0.007211538461538462 0.016826923076923076
2 0.33653846153846156 0.5540865384615384 0.007211538461538462 0.009615384615384616
2 0.31971153846153844 0.5709134615384616 0.007211538461538462 0.01201923076923077
2 0.33413461538461536 0.5769230769230769 0.009615384615384616 0.016826923076923076
2 0.32211538461538464 0.6021634615384616 0.007211538461538462 0.019230769230769232
2 0.32211538461538464 0.5841346153846154 0.007211538461538462 0.016826923076923076
2 0.33533653846153844 0.6057692307692307 0.009615384615384616 0.02403846153846154
2 0.34615384615384615 0.609375 0.007211538461538462 0.019230769230769232
2 0.3161057692307692 0.6165865384615384 0.007211538461538462 0.016826923076923076
2 0.32211538461538464 0.6141826923076923 0.007211538461538462 0.019230769230769232
2 0.33052884615384615 0.6274038461538461 0.007211538461538462 0.014423076923076924
2 0.31850961538461536 0.6310096153846154 0.007211538461538462 0.019230769230769232
2 0.33533653846153844 0.6430288461538461 0.007211538461538462 0.014423076923076924
2 0.34375 0.6274038461538461 0.007211538461538462 0.016826923076923076
2 0.34375 0.6466346153846154 0.009615384615384616 0.019230769230769232
2 0.32091346153846156 0.6526442307692307 0.007211538461538462 0.016826923076923076
2 0.328125 0.671875 0.007211538461538462 0.019230769230769232
2 0.33533653846153844 0.6538461538461539 0.007211538461538462 0.01201923076923077
2 0.33413461538461536 0.6670673076923077 0.004807692307692308 0.016826923076923076
2 0.33774038461538464 0.6754807692307693 0.004807692307692308 0.016826923076923076
2 0.3425480769230769 0.6658653846153846 0.007211538461538462 0.014423076923076924
2 0.22355769230769232 0.6033653846153846 0.007211538461538462 0.019230769230769232
2 0.234375 0.5673076923076923 0.007211538461538462 0.01201923076923077
2 0.23557692307692307 0.5829326923076923 0.007211538461538462 0.019230769230769232
2 0.24278846153846154 0.5757211538461539 0.007211538461538462 0.019230769230769232
2 0.3954326923076923 0.7043269230769231 0.009615384615384616 0.014423076923076924
2 0.40384615384615385 0.6995192307692307 0.007211538461538462 0.016826923076923076
2 0.4026442307692308 0.7139423076923077 0.007211538461538462 0.009615384615384616
2 0.3954326923076923 0.7211538461538461 0.009615384615384616 0.014423076923076924
2 0.4110576923076923 0.7019230769230769 0.007211538461538462 0.016826923076923076
2 0.4230769230769231 0.6947115384615384 0.007211538461538462 0.01201923076923077
2 0.4098557692307692 0.7139423076923077 0.007211538461538462 0.01201923076923077
2 0.4170673076923077 0.7199519230769231 0.004807692307692308 0.014423076923076924
2 0.421875 0.7235576923076923 0.007211538461538462 0.014423076923076924
2 0.43028846153846156 0.7211538461538461 0.009615384615384616 0.014423076923076924
2 0.4423076923076923 0.7175480769230769 0.007211538461538462 0.016826923076923076
2 0.4362980769230769 0.7367788461538461 0.009615384615384616 0.009615384615384616
2 0.43028846153846156 0.7367788461538461 0.009615384615384616 0.014423076923076924
2 0.41466346153846156 0.7439903846153846 0.009615384615384616 0.016826923076923076
2 0.40625 0.7319711538461539 0.007211538461538462 0.016826923076923076
2 0.40384615384615385 0.7680288461538461 0.007211538461538462 0.016826923076923076
2 0.4110576923076923 0.7584134615384616 0.007211538461538462 0.016826923076923076
2 0.40384615384615385 0.7836538461538461 0.009615384615384616 0.016826923076923076
2 0.4254807692307692 0.7572115384615384 0.009615384615384616 0.019230769230769232
2 0.41466346153846156 0.7776442307692307 0.007211538461538462 0.016826923076923076
2 0.421875 0.7920673076923077 0.009615384615384616 0.016826923076923076
2 0.42788461538461536 0.7680288461538461 0.004807692307692308 0.014423076923076924
2 0.43149038461538464 0.7548076923076923 0.004807692307692308 0.014423076923076924
2 0.4375 0.7584134615384616 0.004807692307692308 0.01201923076923077
2 0.43509615384615385 0.7800480769230769 0.007211538461538462 0.019230769230769232
2 0.4495192307692308 0.7451923076923077 0.009615384615384616 0.016826923076923076
2 0.44711538461538464 0.7848557692307693 0.004807692307692308 0.019230769230769232
2 0.4543269230769231 0.7896634615384616 0.007211538461538462 0.019230769230769232
2 0.4675480769230769 0.7620192307692307 0.007211538461538462 0.019230769230769232
2 0.4807692307692308 0.7644230769230769 0.009615384615384616 0.01201923076923077
2 0.47475961538461536 0.7788461538461539 0.009615384615384616 0.016826923076923076
2 0.48197115384615385 0.78125 0.007211538461538462 0.019230769230769232
2 0.49399038461538464 0.7668269230769231 0.007211538461538462 0.019230769230769232
2 0.4951923076923077 0.7860576923076923 0.007211538461538462 0.01201923076923077
2 0.4963942307692308 0.8100961538461539 0.007211538461538462 0.016826923076923076
2 0.5012019230769231 0.8257211538461539 0.007211538461538462 0.016826923076923076
2 0.5144230769230769 0.8221153846153846 0.007211538461538462 0.014423076923076924
2 0.4699519230769231 0.8257211538461539 0.009615384615384616 0.019230769230769232
2 0.4723557692307692 0.7944711538461539 0.009615384615384616 0.016826923076923076
2 0.45913461538461536 0.8173076923076923 0.009615384615384616 0.016826923076923076
2 0.45072115384615385 0.8064903846153846 0.007211538461538462 0.021634615384615384
2 0.4338942307692308 0.8040865384615384 0.009615384615384616 0.014423076923076924
2 0.4254807692307692 0.8100961538461539 0.009615384615384616 0.016826923076923076
2 0.4182692307692308 0.8173076923076923 0.009615384615384616 0.016826923076923076
2 0.40384615384615385 0.8209134615384616 0.009615384615384616 0.016826923076923076
2 0.41466346153846156 0.8221153846153846 0.007211538461538462 0.007211538461538462
2 0.4170673076923077 0.8449519230769231 0.009615384615384616 0.01201923076923077
2 0.41586538461538464 0.8509615384615384 0.007211538461538462 0.016826923076923076
2 0.4266826923076923 0.8581730769230769 0.004807692307692308 0.021634615384615384
2 0.4266826923076923 0.8269230769230769 0.007211538461538462 0.014423076923076924
2 0.4326923076923077 0.8233173076923077 0.007211538461538462 0.019230769230769232
2 0.4423076923076923 0.8257211538461539 0.007211538461538462 0.01201923076923077
2 0.4362980769230769 0.8341346153846154 0.004807692307692308 0.01201923076923077
2 0.4519230769230769 0.8377403846153846 0.004807692307692308 0.019230769230769232
2 0.4483173076923077 0.8473557692307693 0.009615384615384616 0.01201923076923077
2 0.4326923076923077 0.8641826923076923 0.007211538461538462 0.016826923076923076
2 0.43990384615384615 0.8798076923076923 0.007211538461538462 0.016826923076923076
2 0.43028846153846156 0.875 0.007211538461538462 0.014423076923076924
2 0.43149038461538464 0.9002403846153846 0.004807692307692308 0.016826923076923076
2 0.4182692307692308 0.9110576923076923 0.007211538461538462 0.014423076923076924
2 0.4182692307692308 0.8894230769230769 0.009615384615384616 0.016826923076923076
2 0.4338942307692308 0.9146634615384616 0.004807692307692308 0.014423076923076924
2 0.43509615384615385 0.921875 0.007211538461538462 0.016826923076923076
2 0.4362980769230769 0.9423076923076923 0.007211538461538462 0.019230769230769232
2 0.43990384615384615 0.9038461538461539 0.009615384615384616 0.019230769230769232
2 0.44711538461538464 0.9182692307692307 0.007211538461538462 0.01201923076923077
2 0.4411057692307692 0.9206730769230769 0.007211538461538462 0.014423076923076924
2 0.4483173076923077 0.9086538461538461 0.007211538461538462 0.021634615384615384
2 0.45072115384615385 0.8882211538461539 0.007211538461538462 0.014423076923076924
2 0.44711538461538464 0.8713942307692307 0.007211538461538462 0.014423076923076924
2 0.46033653846153844 0.84375 0.007211538461538462 0.016826923076923076
2 0.46274038461538464 0.8653846153846154 0.004807692307692308 0.014423076923076924
2 0.47596153846153844 0.8521634615384616 0.007211538461538462 0.019230769230769232
2 0.47115384615384615 0.8353365384615384 0.004807692307692308 0.01201923076923077
2 0.4831730769230769 0.8401442307692307 0.004807692307692308 0.01201923076923077
2 0.484375 0.8125 0.004807692307692308 0.014423076923076924
2 0.49038461538461536 0.828125 0.004807692307692308 0.009615384615384616
2 0.49158653846153844 0.8137019230769231 0.004807692307692308 0.016826923076923076
2 0.49399038461538464 0.8413461538461539 0.007211538461538462 0.021634615384615384
2 0.4891826923076923 0.8545673076923077 0.007211538461538462 0.019230769230769232
2 0.48197115384615385 0.8725961538461539 0.007211538461538462 0.019230769230769232
2 0.4879807692307692 0.8810096153846154 0.007211538461538462 0.016826923076923076
2 0.5 0.8581730769230769 0.004807692307692308 0.016826923076923076
2 0.4951923076923077 0.8617788461538461 0.007211538461538462 0.016826923076923076
2 0.5108173076923077 0.8341346153846154 0.007211538461538462 0.01201923076923077
2 0.5084134615384616 0.8509615384615384 0.007211538461538462 0.01201923076923077
2 0.5072115384615384 0.8557692307692307 0.007211538461538462 0.014423076923076924
2 0.5072115384615384 0.875 0.007211538461538462 0.014423076923076924
2 0.5 0.8858173076923077 0.004807692307692308 0.016826923076923076
2 0.5168269230769231 0.8569711538461539 0.007211538461538462 0.016826923076923076
2 0.5192307692307693 0.8774038461538461 0.004807692307692308 0.016826923076923076
2 0.5120192307692307 0.8894230769230769 0.004807692307692308 0.021634615384615384
2 0.5180288461538461 0.8954326923076923 0.004807692307692308 0.016826923076923076
2 0.4699519230769231 0.890625 0.007211538461538462 0.014423076923076924
2 0.4699519230769231 0.8629807692307693 0.007211538461538462 0.016826923076923076
2 0.47836538461538464 0.8942307692307693 0.007211538461538462 0.021634615384615384
2 0.48677884615384615 0.8978365384615384 0.007211538461538462 0.016826923076923076
2 0.4831730769230769 0.9338942307692307 0.007211538461538462 0.016826923076923076
2 0.46634615384615385 0.90625 0.004807692307692308 0.016826923076923076
2 0.46274038461538464 0.9182692307692307 0.009615384615384616 0.016826923076923076
2 0.47475961538461536 0.90625 0.007211538461538462 0.01201923076923077
2 0.4735576923076923 0.921875 0.007211538461538462 0.019230769230769232
2 0.48197115384615385 0.9134615384615384 0.007211538461538462 0.01201923076923077
2 0.44350961538461536 0.9435096153846154 0.007211538461538462 0.026442307692307692
2 0.4567307692307692 0.953125 0.007211538461538462 0.014423076923076924
2 0.4495192307692308 0.9459134615384616 0.004807692307692308 0.016826923076923076
2 0.46274038461538464 0.9615384615384616 0.007211538461538462 0.016826923076923076
2 0.47115384615384615 0.9411057692307693 0.007211538461538462 0.016826923076923076
2 0.4699519230769231 0.9735576923076923 0.007211538461538462 0.016826923076923076
2 0.4651442307692308 0.9771634615384616 0.007211538461538462 0.016826923076923076
2 0.4795673076923077 0.9759615384615384 0.007211538461538462 0.021634615384615384
2 0.4891826923076923 0.9543269230769231 0.007211538461538462 0.019230769230769232
2 0.5012019230769231 0.9495192307692307 0.007211538461538462 0.01201923076923077
2 0.5060096153846154 0.9278846153846154 0.009615384615384616 0.019230769230769232
2 0.5084134615384616 0.9050480769230769 0.007211538461538462 0.01201923076923077
2 0.5132211538461539 0.9122596153846154 0.004807692307692308 0.016826923076923076
2 0.5276442307692307 0.9002403846153846 0.007211538461538462 0.016826923076923076
2 0.5288461538461539 0.9146634615384616 0.004807692307692308 0.016826923076923076
2 0.5420673076923077 0.9026442307692307 0.007211538461538462 0.01201923076923077
2 0.5396634615384616 0.9206730769230769 0.007211538461538462 0.014423076923076924
2 0.5420673076923077 0.9399038461538461 0.007211538461538462 0.01201923076923077
2 0.546875 0.9579326923076923 0.007211538461538462 0.016826923076923076
2 0.11899038461538461 0.8629807692307693 0.009615384615384616 0.01201923076923077
2 0.11778846153846154 0.8774038461538461 0.007211538461538462 0.016826923076923076
2 0.13701923076923078 0.8497596153846154 0.01201923076923077 0.014423076923076924
2 0.13822115384615385 0.8677884615384616 0.01201923076923077 0.019230769230769232
2 0.12740384615384615 0.8942307692307693 0.009615384615384616 0.019230769230769232
2 0.13581730769230768 0.8978365384615384 0.004807692307692308 0.019230769230769232
2 0.11778846153846154 0.9206730769230769 0.004807692307692308 0.019230769230769232
2 0.12620192307692307 0.9314903846153846 0.009615384615384616 0.016826923076923076
2 0.12259615384615384 0.9519230769230769 0.007211538461538462 0.016826923076923076
2 0.11298076923076923 0.9927884615384616 0.007211538461538462 0.014423076923076924
2 0.125 0.9915865384615384 0.009615384615384616 0.016826923076923076
2 0.14543269230769232 0.9651442307692307 0.009615384615384616 0.019230769230769232
2 0.13822115384615385 0.9483173076923077 0.01201923076923077 0.016826923076923076
2 0.15745192307692307 0.8605769230769231 0.007211538461538462 0.019230769230769232
2 0.16706730769230768 0.8737980769230769 0.009615384615384616 0.016826923076923076
2 0.17908653846153846 0.859375 0.004807692307692308 0.014423076923076924
2 0.18509615384615385 0.8377403846153846 0.007211538461538462 0.009615384615384616
2 0.18870192307692307 0.8653846153846154 0.007211538461538462 0.016826923076923076
2 0.19230769230769232 0.8798076923076923 0.004807692307692308 0.016826923076923076
2 0.1875 0.9002403846153846 0.007211538461538462 0.014423076923076924
2 0.17668269230769232 0.8822115384615384 0.009615384615384616 0.021634615384615384
2 0.15504807692307693 0.9038461538461539 0.009615384615384616 0.021634615384615384
2 0.1622596153846154 0.8930288461538461 0.007211538461538462 0.019230769230769232
2 0.1502403846153846 0.921875 0.01201923076923077 0.021634615384615384
2 0.15144230769230768 0.9399038461538461 0.009615384615384616 0.019230769230769232
2 0.16105769230769232 0.9302884615384616 0.009615384615384616 0.021634615384615384
2 0.17067307692307693 0.9206730769230769 0.009615384615384616 0.019230769230769232
2 0.16947115384615385 0.9014423076923077 0.004807692307692308 0.019230769230769232
2 0.17908653846153846 0.921875 0.007211538461538462 0.016826923076923076
2 0.1814903846153846 0.9375 0.004807692307692308 0.01201923076923077
2 0.16466346153846154 0.9627403846153846 0.007211538461538462 0.021634615384615384
2 0.19471153846153846 0.9146634615384616 0.007211538461538462 0.019230769230769232
2 0.19831730769230768 0.8942307692307693 0.007211538461538462 0.016826923076923076
2 0.20673076923076922 0.9026442307692307 0.004807692307692308 0.016826923076923076
2 0.22956730769230768 0.8882211538461539 0.009615384615384616 0.021634615384615384
2 0.20072115384615385 0.9302884615384616 0.009615384615384616 0.019230769230769232
2 0.19471153846153846 0.9627403846153846 0.007211538461538462 0.019230769230769232
2 0.19591346153846154 0.9447115384615384 0.009615384615384616 0.019230769230769232
2 0.21875 0.9411057692307693 0.007211538461538462 0.016826923076923076
2 0.21153846153846154 0.9338942307692307 0.009615384615384616 0.016826923076923076
2 0.23798076923076922 0.9362980769230769 0.007211538461538462 0.016826923076923076
2 0.2283653846153846 0.9567307692307693 0.01201923076923077 0.021634615384615384
2 0.2247596153846154 0.9783653846153846 0.009615384615384616 0.019230769230769232
2 0.2439903846153846 0.9555288461538461 0.009615384615384616 0.019230769230769232
2 0.23798076923076922 0.9711538461538461 0.007211538461538462 0.016826923076923076
2 0.25600961538461536 0.9615384615384616 0.01201923076923077 0.019230769230769232
2 0.25 0.9783653846153846 0.009615384615384616 0.019230769230769232
2 0.2403846153846154 0.9903846153846154 0.009615384615384616 0.019230769230769232
2 0.25721153846153844 0.9867788461538461 0.007211538461538462 0.02403846153846154
2 0.2644230769230769 0.9915865384615384 0.007211538461538462 0.016826923076923076
2 0.08413461538461539 0.8737980769230769 0.009615384615384616 0.016826923076923076
2 0.09254807692307693 0.8858173076923077 0.007211538461538462 0.014423076923076924
2 0.0889423076923077 0.9074519230769231 0.009615384615384616 0.014423076923076924
2 0.08533653846153846 0.9278846153846154 0.009615384615384616 0.014423076923076924
2 0.0829326923076923 0.9507211538461539 0.009615384615384616 0.021634615384615384
2 0.06850961538461539 0.8581730769230769 0.009615384615384616 0.021634615384615384
2 0.07451923076923077 0.8269230769230769 0.009615384615384616 0.019230769230769232
2 0.06610576923076923 0.8990384615384616 0.009615384615384616 0.019230769230769232
2 0.06129807692307692 0.9254807692307693 0.007211538461538462 0.016826923076923076
2 0.07692307692307693 0.9326923076923077 0.007211538461538462 0.016826923076923076
2 0.07692307692307693 0.8798076923076923 0.007211538461538462 0.019230769230769232
2 0.028846153846153848 0.8653846153846154 0.007211538461538462 0.019230769230769232
2 0.03365384615384615 0.8329326923076923 0.007211538461538462 0.016826923076923076
2 0.021634615384615384 0.8197115384615384 0.009615384615384616 0.016826923076923076
2 0.03125 0.8461538461538461 0.007211538461538462 0.014423076923076924
2 0.046875 0.8677884615384616 0.01201923076923077 0.016826923076923076
2 0.05889423076923077 0.8786057692307693 0.009615384615384616 0.019230769230769232
2 0.010817307692307692 0.8617788461538461 0.007211538461538462 0.021634615384615384
2 0.002403846153846154 0.7139423076923077 0.004807692307692308 0.014423076923076924
2 0.001201923076923077 0.7295673076923077 0.002403846153846154 0.01201923076923077
2 0.002403846153846154 0.7439903846153846 0.004807692307692308 0.019230769230769232
2 0.009615384615384616 0.7463942307692307 0.007211538461538462 0.016826923076923076
2 0.01201923076923077 0.7848557692307693 0.004807692307692308 0.019230769230769232
2 0.03485576923076923 0.7836538461538461 0.007211538461538462 0.019230769230769232
2 0.001201923076923077 0.8209134615384616 0.002403846153846154 0.021634615384615384
2 0.001201923076923077 0.7632211538461539 0.002403846153846154 0.019230769230769232
2 0.015625 0.8401442307692307 0.007211538461538462 0.016826923076923076
2 0.019230769230769232 0.8846153846153846 0.007211538461538462 0.019230769230769232