2 0.009615384615384616 0.7956730769230769 0.016826923076923076 0.016826923076923076
2 0.019230769230769232 0.828125 0.016826923076923076 0.019230769230769232
2 0.006009615384615385 0.8810096153846154 0.01201923076923077 0.014423076923076924
2 0.002403846153846154 0.9194711538461539 0.004807692307692308 0.019230769230769232
2 0.003605769230769231 0.9495192307692307 0.007211538461538462 0.02403846153846154
2 0.013221153846153846 0.9110576923076923 0.01201923076923077 0.014423076923076924
2 0.028846153846153848 0.9266826923076923 0.01201923076923077 0.019230769230769232
2 0.026442307692307692 0.8786057692307693 0.014423076923076924 0.019230769230769232
2 0.038461538461538464 0.9002403846153846 0.016826923076923076 0.009615384615384616
2 0.030048076923076924 0.8497596153846154 0.009615384615384616 0.016826923076923076
2 0.04807692307692308 0.7632211538461539 0.014423076923076924 0.014423076923076924
2 0.038461538461538464 0.7908653846153846 0.01201923076923077 0.016826923076923076
2 0.06009615384615385 0.7860576923076923 0.01201923076923077 0.01201923076923077
2 0.04927884615384615 0.8485576923076923 0.009615384615384616 0.016826923076923076
2 0.0625 0.8882211538461539 0.01201923076923077 0.019230769230769232
2 0.06129807692307692 0.9483173076923077 0.01201923076923077 0.019230769230769232
2 0.07932692307692307 0.9375 0.014423076923076924 0.016826923076923076
2 0.04447115384615385 0.9350961538461539 0.009615384615384616 0.02403846153846154
2 0.10216346153846154 0.9399038461538461 0.019230769230769232 0.02403846153846154
2 0.09495192307692307 0.9146634615384616 0.014423076923076924 0.016826923076923076
2 0.07932692307692307 0.8762019230769231 0.01201923076923077 0.019230769230769232
2 0.06850961538461539 0.8449519230769231 0.009615384615384616 0.016826923076923076
2 0.06009615384615385 0.8137019230769231 0.009615384615384616 0.019230769230769232
2 0.07572115384615384 0.8161057692307693 0.01201923076923077 0.014423076923076924
2 0.09975961538461539 0.8605769230769231 0.016826923076923076 0.014423076923076924
2 0.11778846153846154 0.8569711538461539 0.01201923076923077 0.016826923076923076
2 0.09975961538461539 0.8040865384615384 0.014423076923076924 0.019230769230769232
2 0.07932692307692307 0.7908653846153846 0.009615384615384616 0.019230769230769232
2 0.06370192307692307 0.6887019230769231 0.014423076923076924 0.01201923076923077
2 0.07451923076923077 0.7079326923076923 0.016826923076923076 0.014423076923076924
2 0.07091346153846154 0.7295673076923077 0.021634615384615384 0.021634615384615384
2 0.08533653846153846 0.7608173076923077 0.01201923076923077 0.016826923076923076
2 0.09735576923076923 0.7391826923076923 0.009615384615384616 0.019230769230769232
2 0.12259615384615384 0.7487980769230769 0.01201923076923077 0.026442307692307692
2 0.10336538461538461 0.6550480769230769 0.014423076923076924 0.021634615384615384
2 0.10817307692307693 0.7007211538461539 0.014423076923076924 0.021634615384615384
2 0.1201923076923077 0.6574519230769231 0.009615384615384616 0.021634615384615384
2 0.13942307692307693 0.6706730769230769 0.014423076923076924 0.021634615384615384
2 0.14302884615384615 0.6298076923076923 0.014423076923076924 0.02403846153846154
2 0.1658653846153846 0.625 0.01201923076923077 0.03125
2 0.18870192307692307 0.6586538461538461 0.014423076923076924 0.026442307692307692
2 0.17427884615384615 0.6706730769230769 0.01201923076923077 0.02403846153846154
2 0.18509615384615385 0.6923076923076923 0.014423076923076924 0.02403846153846154
2 0.17307692307692307 0.7115384615384616 0.016826923076923076 0.026442307692307692
2 0.1502403846153846 0.7572115384615384 0.014423076923076924 0.021634615384615384
2 0.13581730769230768 0.7668269230769231 0.01201923076923077 0.021634615384615384
2 0.1622596153846154 0.7836538461538461 0.01201923076923077 0.019230769230769232
2 0.20192307692307693 0.6310096153846154 0.016826923076923076 0.026442307692307692
2 0.21514423076923078 0.6730769230769231 0.01201923076923077 0.021634615384615384
2 0.23197115384615385 0.6610576923076923 0.014423076923076924 0.02403846153846154
2 0.18028846153846154 0.7512019230769231 0.014423076923076924 0.021634615384615384
2 0.1935096153846154 0.8112980769230769 0.01201923076923077 0.021634615384615384
2 0.13822115384615385 0.8461538461538461 0.01201923076923077 0.016826923076923076
2 0.14302884615384615 0.8173076923076923 0.009615384615384616 0.021634615384615384
2 0.16105769230769232 0.8149038461538461 0.01201923076923077 0.014423076923076924
2 0.15264423076923078 0.8569711538461539 0.009615384615384616 0.014423076923076924
2 0.1658653846153846 0.8701923076923077 0.009615384615384616 0.016826923076923076
2 0.1875 0.8966346153846154 0.014423076923076924 0.02403846153846154
2 0.15625 0.9002403846153846 0.014423076923076924 0.019230769230769232
2 0.1201923076923077 0.9050480769230769 0.014423076923076924 0.01201923076923077
2 0.17427884615384615 0.8197115384615384 0.009615384615384616 0.016826923076923076
2 0.1875 0.8449519230769231 0.009615384615384616 0.021634615384615384
2 0.19951923076923078 0.7692307692307693 0.009615384615384616 0.019230769230769232
2 0.21394230769230768 0.7728365384615384 0.009615384615384616 0.016826923076923076
2 0.23317307692307693 0.7896634615384616 0.01201923076923077 0.021634615384615384
2 0.22956730769230768 0.7548076923076923 0.009615384615384616 0.019230769230769232
2 0.22235576923076922 0.7127403846153846 0.009615384615384616 0.016826923076923076
2 0.22956730769230768 0.6838942307692307 0.007211538461538462 0.019230769230769232
2 0.22596153846153846 0.6225961538461539 0.009615384615384616 0.02403846153846154
2 0.24158653846153846 0.6201923076923077 0.009615384615384616 0.021634615384615384
2 0.2620192307692308 0.6298076923076923 0.009615384615384616 0.019230769230769232
2 0.24879807692307693 0.6454326923076923 0.009615384615384616 0.016826923076923076
2 0.24639423076923078 0.6694711538461539 0.009615384615384616 0.014423076923076924
2 0.27283653846153844 0.6634615384615384 0.009615384615384616 0.021634615384615384
2 0.2800480769230769 0.734375 0.01201923076923077 0.02403846153846154
2 0.2608173076923077 0.78125 0.01201923076923077 0.019230769230769232
2 0.25600961538461536 0.8112980769230769 0.01201923076923077 0.019230769230769232
2 0.24158653846153846 0.7259615384615384 0.01201923076923077 0.021634615384615384
2 0.25240384615384615 0.6959134615384616 0.009615384615384616 0.016826923076923076
2 0.25961538461538464 0.6790865384615384 0.007211538461538462 0.016826923076923076
2 0.2692307692307692 0.6983173076923077 0.004807692307692308 0.019230769230769232
2 0.296875 0.6742788461538461 0.009615384615384616 0.019230769230769232
2 0.3125 0.7079326923076923 0.009615384615384616 0.019230769230769232
2 0.2956730769230769 0.7139423076923077 0.01201923076923077 0.019230769230769232
2 0.30649038461538464 0.7463942307692307 0.009615384615384616 0.019230769230769232
2 0.3233173076923077 0.7415865384615384 0.009615384615384616 0.01201923076923077
2 0.3317307692307692 0.7608173076923077 0.009615384615384616 0.019230769230769232
2 0.31009615384615385 0.6478365384615384 0.01201923076923077 0.021634615384615384
2 0.3137019230769231 0.6730769230769231 0.009615384615384616 0.016826923076923076
2 0.3269230769230769 0.6959134615384616 0.009615384615384616 0.016826923076923076
2 0.20432692307692307 0.8677884615384616 0.01201923076923077 0.02403846153846154
2 0.03125 0.7536057692307693 0.009615384615384616 0.019230769230769232
2 0.40625 0.65625 0.01201923076923077 0.016826923076923076
2 0.4050480769230769 0.5865384615384616 0.01201923076923077 0.014423076923076924
2 0.41947115384615385 0.6466346153846154 0.014423076923076924 0.019230769230769232
2 0.42908653846153844 0.6057692307692307 0.009615384615384616 0.019230769230769232
2 0.4411057692307692 0.6009615384615384 0.009615384615384616 0.021634615384615384
2 0.4495192307692308 0.6298076923076923 0.009615384615384616 0.014423076923076924
2 0.44711538461538464 0.5685096153846154 0.009615384615384616 0.016826923076923076
2 0.46274038461538464 0.5817307692307693 0.009615384615384616 0.019230769230769232
2 0.47475961538461536 0.5661057692307693 0.009615384615384616 0.021634615384615384
2 0.47836538461538464 0.5913461538461539 0.007211538461538462 0.014423076923076924
2 0.4951923076923077 0.5985576923076923 0.009615384615384616 0.021634615384615384
2 0.4795673076923077 0.5324519230769231 0.009615384615384616 0.016826923076923076
2 0.4831730769230769 0.5012019230769231 0.009615384615384616 0.019230769230769232
2 0.4963942307692308 0.48677884615384615 0.009615384615384616 0.021634615384615384
2 0.4891826923076923 0.5324519230769231 0.009615384615384616 0.019230769230769232
2 0.5168269230769231 0.5408653846153846 0.009615384615384616 0.016826923076923076
2 0.49759615384615385 0.5600961538461539 0.009615384615384616 0.019230769230769232
2 0.5048076923076923 0.5817307692307693 0.007211538461538462 0.01201923076923077
2 0.5168269230769231 0.5673076923076923 0.01201923076923077 0.01201923076923077
2 0.5288461538461539 0.5865384615384616 0.007211538461538462 0.019230769230769232
2 0.5168269230769231 0.6009615384615384 0.009615384615384616 0.016826923076923076
2 0.4963942307692308 0.6466346153846154 0.01201923076923077 0.016826923076923076
2 0.4831730769230769 0.6598557692307693 0.009615384615384616 0.016826923076923076
2 0.5288461538461539 0.5300480769230769 0.009615384615384616 0.019230769230769232
2 0.5024038461538461 0.453125 0.004807692307692308 0.016826923076923076
2 0.5240384615384616 0.45913461538461536 0.01201923076923077 0.016826923076923076
2 0.5372596153846154 0.4807692307692308 0.007211538461538462 0.016826923076923076
2 0.5408653846153846 0.5060096153846154 0.007211538461538462 0.019230769230769232
2 0.5504807692307693 0.5192307692307693 0.007211538461538462 0.016826923076923076
2 0.5480769230769231 0.5480769230769231 0.007211538461538462 0.016826923076923076
2 0.53125 0.5576923076923077 0.007211538461538462 0.019230769230769232
2 0.5576923076923077 0.5576923076923077 0.007211538461538462 0.014423076923076924
2 0.5336538461538461 0.44471153846153844 0.007211538461538462 0.019230769230769232
2 0.5444711538461539 0.4567307692307692 0.007211538461538462 0.021634615384615384
2 0.5528846153846154 0.4338942307692308 0.007211538461538462 0.019230769230769232
2 0.5588942307692307 0.46274038461538464 0.009615384615384616 0.02403846153846154
2 0.5576923076923077 0.49399038461538464 0.007211538461538462 0.019230769230769232
2 0.5673076923076923 0.5180288461538461 0.007211538461538462 0.014423076923076924
2 0.5841346153846154 0.48197115384615385 0.01201923076923077 0.02403846153846154
2 0.578125 0.4326923076923077 0.01201923076923077 0.014423076923076924
2 0.5600961538461539 0.390625 0.007211538461538462 0.019230769230769232
2 0.5853365384615384 0.40024038461538464 0.004807692307692308 0.016826923076923076
2 0.6033653846153846 0.40024038461538464 0.007211538461538462 0.02403846153846154
2 0.6129807692307693 0.41346153846153844 0.007211538461538462 0.019230769230769232
2 0.6322115384615384 0.3942307692307692 0.009615384615384616 0.019230769230769232
2 0.5889423076923077 0.43028846153846156 0.007211538461538462 0.021634615384615384
2 0.6177884615384616 0.4326923076923077 0.007211538461538462 0.016826923076923076
2 0.6310096153846154 0.44591346153846156 0.01201923076923077 0.019230769230769232
2 0.6466346153846154 0.4519230769230769 0.007211538461538462 0.014423076923076924
2 0.6322115384615384 0.48677884615384615 0.009615384615384616 0.02403846153846154
2 0.6021634615384616 0.546875 0.007211538461538462 0.016826923076923076
2 0.6646634615384616 0.6358173076923077 0.009615384615384616 0.01201923076923077
2 0.6310096153846154 0.6286057692307693 0.004807692307692308 0.01201923076923077
2 0.6454326923076923 0.6225961538461539 0.007211538461538462 0.009615384615384616
2 0.6490384615384616 0.6057692307692307 0.007211538461538462 0.01201923076923077
2 0.6622596153846154 0.6057692307692307 0.004807692307692308 0.01201923076923077
2 0.6586538461538461 0.5901442307692307 0.004807692307692308 0.014423076923076924
2 0.6153846153846154 0.6454326923076923 0.007211538461538462 0.014423076923076924
2 0.6177884615384616 0.6225961538461539 0.007211538461538462 0.01201923076923077
2 0.6237980769230769 0.6069711538461539 0.007211538461538462 0.009615384615384616
2 0.6346153846153846 0.5985576923076923 0.004807692307692308 0.01201923076923077
2 0.6201923076923077 0.5829326923076923 0.009615384615384616 0.016826923076923076
2 0.6310096153846154 0.5685096153846154 0.004807692307692308 0.01201923076923077
2 0.6201923076923077 0.5588942307692307 0.004807692307692308 0.016826923076923076
2 0.6117788461538461 0.5516826923076923 0.007211538461538462 0.014423076923076924
2 0.6021634615384616 0.6237980769230769 0.007211538461538462 0.007211538461538462
2 0.5853365384615384 0.640625 0.009615384615384616 0.014423076923076924
2 0.5745192307692307 0.6286057692307693 0.004807692307692308 0.007211538461538462
2 0.5757211538461539 0.6117788461538461 0.009615384615384616 0.009615384615384616
2 0.5625 0.6177884615384616 0.009615384615384616 0.01201923076923077
2 0.5324519230769231 0.7319711538461539 0.007211538461538462 0.016826923076923076
2 0.5348557692307693 0.7115384615384616 0.007211538461538462 0.019230769230769232
2 0.53125 0.6923076923076923 0.007211538461538462 0.016826923076923076
2 0.546875 0.6730769230769231 0.007211538461538462 0.019230769230769232
2 0.5348557692307693 0.6634615384615384 0.007211538461538462 0.01201923076923077
2 0.6045673076923077 0.4567307692307692 0.007211538461538462 0.019230769230769232
2 0.6009615384615384 0.4230769230769231 0.007211538461538462 0.014423076923076924
2 0.5853365384615384 0.5048076923076923 0.007211538461538462 0.009615384615384616
2 0.5564903846153846 0.5348557692307693 0.007211538461538462 0.01201923076923077
2 0.5817307692307693 0.5300480769230769 0.007211538461538462 0.014423076923076924
2 0.5709134615384616 0.5516826923076923 0.007211538461538462 0.014423076923076924
2 0.5420673076923077 0.5745192307692307 0.01201923076923077 0.01201923076923077
2 0.5480769230769231 0.5925480769230769 0.007211538461538462 0.01201923076923077
2 0.53125 0.6189903846153846 0.009615384615384616 0.01201923076923077
2 0.5192307692307693 0.6189903846153846 0.01201923076923077 0.01201923076923077
2 0.4963942307692308 0.6189903846153846 0.009615384615384616 0.01201923076923077
2 0.6658653846153846 0.453125 0.007211538461538462 0.014423076923076924
2 0.6706730769230769 0.5108173076923077 0.009615384615384616 0.01201923076923077
2 0.6778846153846154 0.5492788461538461 0.009615384615384616 0.01201923076923077
2 0.6742788461538461 0.5673076923076923 0.004807692307692308 0.01201923076923077
2 0.6682692307692307 0.5841346153846154 0.004807692307692308 0.016826923076923076
2 0.6526442307692307 0.5516826923076923 0.007211538461538462 0.01201923076923077
2 0.6322115384615384 0.5216346153846154 0.007211538461538462 0.01201923076923077
2 0.640625 0.5348557692307693 0.004807692307692308 0.016826923076923076
2 0.6286057692307693 0.5060096153846154 0.007211538461538462 0.01201923076923077
2 0.625 0.5384615384615384 0.007211538461538462 0.01201923076923077
2 0.5997596153846154 0.47716346153846156 0.007211538461538462 0.009615384615384616
2 0.5901442307692307 0.5649038461538461 0.007211538461538462 0.014423076923076924
2 0.5721153846153846 0.5769230769230769 0.007211538461538462 0.01201923076923077
2 0.5805288461538461 0.5769230769230769 0.004807692307692308 0.01201923076923077
2 0.5540865384615384 0.6346153846153846 0.007211538461538462 0.01201923076923077
2 0.53125 0.6394230769230769 0.007211538461538462 0.01201923076923077
2 0.5036057692307693 0.6346153846153846 0.007211538461538462 0.01201923076923077
2 0.4543269230769231 0.671875 0.01201923076923077 0.014423076923076924
2 0.43509615384615385 0.6454326923076923 0.014423076923076924 0.019230769230769232
2 0.4543269230769231 0.6490384615384616 0.009615384615384616 0.014423076923076924
2 0.45552884615384615 0.5997596153846154 0.01201923076923077 0.014423076923076924
2 0.5360576923076923 0.6045673076923077 0.007211538461538462 0.01201923076923077
2 0.6057692307692307 0.49278846153846156 0.007211538461538462 0.01201923076923077
2 0.5901442307692307 0.5240384615384616 0.007211538461538462 0.01201923076923077
2 0.49759615384615385 0.5144230769230769 0.009615384615384616 0.01201923076923077
2 0.5288461538461539 0.47475961538461536 0.007211538461538462 0.016826923076923076
2 0.5192307692307693 0.6610576923076923 0.009615384615384616 0.01201923076923077
2 0.5144230769230769 0.6418269230769231 0.007211538461538462 0.014423076923076924
2 0.5072115384615384 0.5540865384615384 0.004807692307692308 0.016826923076923076
2 0.5564903846153846 0.6081730769230769 0.007211538461538462 0.019230769230769232
2 0.7632211538461539 0.7175480769230769 0.004807692307692308 0.009615384615384616
2 0.7860576923076923 0.7151442307692307 0.004807692307692308 0.007211538461538462
2 0.7800480769230769 0.6887019230769231 0.004807692307692308 0.007211538461538462
2 0.7403846153846154 0.7199519230769231 0.004807692307692308 0.007211538461538462
2 0.7211538461538461 0.6394230769230769 0.007211538461538462 0.002403846153846154
2 0.7391826923076923 0.5829326923076923 0.004807692307692308 0.009615384615384616
2 0.2848557692307692 0.6923076923076923 0.014423076923076924 0.01201923076923077