2 0.625 0.25600961538461536 0.04326923076923077 0.04567307692307692
2 0.6514423076923077 0.28966346153846156 0.036057692307692304 0.036057692307692304
2 0.640625 0.3137019230769231 0.04326923076923077 0.040865384615384616
2 0.6538461538461539 0.3545673076923077 0.0625 0.021634615384615384
2 0.5925480769230769 0.2848557692307692 0.04326923076923077 0.038461538461538464
2 0.5528846153846154 0.2608173076923077 0.05048076923076923 0.02403846153846154
2 0.49038461538461536 0.265625 0.040865384615384616 0.040865384615384616
2 0.5216346153846154 0.28365384615384615 0.038461538461538464 0.038461538461538464
2 0.4639423076923077 0.2800480769230769 0.04567307692307692 0.019230769230769232
2 0.39302884615384615 0.2848557692307692 0.038461538461538464 0.036057692307692304
2 0.32572115384615385 0.28725961538461536 0.038461538461538464 0.038461538461538464
2 0.20673076923076922 0.28725961538461536 0.040865384615384616 0.038461538461538464
2 0.4266826923076923 0.3125 0.038461538461538464 0.036057692307692304
2 0.5060096153846154 0.30528846153846156 0.07211538461538461 0.026442307692307692
2 0.4807692307692308 0.3293269230769231 0.04807692307692308 0.02403846153846154
2 0.5949519230769231 0.3112980769230769 0.038461538461538464 0.038461538461538464
2 0.5625 0.33774038461538464 0.052884615384615384 0.019230769230769232
2 0.5637019230769231 0.359375 0.052884615384615384 0.028846153846153848
2 0.5228365384615384 0.3629807692307692 0.036057692307692304 0.02403846153846154
2 0.5793269230769231 0.3894230769230769 0.057692307692307696 0.028846153846153848
2 0.5264423076923077 0.38461538461538464 0.057692307692307696 0.02403846153846154
2 0.5805288461538461 0.4266826923076923 0.038461538461538464 0.04326923076923077
2 0.5072115384615384 0.41346153846153844 0.036057692307692304 0.038461538461538464
2 0.44471153846153844 0.36658653846153844 0.057692307692307696 0.02403846153846154
2 0.4483173076923077 0.39783653846153844 0.04807692307692308 0.028846153846153848
2 0.4579326923076923 0.43028846153846156 0.04326923076923077 0.04326923076923077
2 0.5180288461538461 0.4651442307692308 0.052884615384615384 0.026442307692307692
2 0.49038461538461536 0.4807692307692308 0.038461538461538464 0.02403846153846154
2 0.4735576923076923 0.45913461538461536 0.026442307692307692 0.028846153846153848
2 0.36778846153846156 0.4735576923076923 0.04326923076923077 0.04326923076923077
2 0.3449519230769231 0.5060096153846154 0.055288461538461536 0.026442307692307692
2 0.46875 0.5348557692307693 0.05048076923076923 0.028846153846153848
2 0.39302884615384615 0.5540865384615384 0.04326923076923077 0.04567307692307692
2 0.3329326923076923 0.5420673076923077 0.04326923076923077 0.040865384615384616
2 0.46274038461538464 0.5793269230769231 0.052884615384615384 0.026442307692307692
2 0.39302884615384615 0.5877403846153846 0.038461538461538464 0.038461538461538464
2 0.44591346153846156 0.6225961538461539 0.055288461538461536 0.03125
2 0.3762019230769231 0.6286057692307693 0.040865384615384616 0.040865384615384616
2 0.33052884615384615 0.5961538461538461 0.057692307692307696 0.028846153846153848
2 0.30528846153846156 0.6478365384615384 0.04326923076923077 0.04326923076923077
2 0.28365384615384615 0.6081730769230769 0.052884615384615384 0.03125
2 0.23197115384615385 0.5901442307692307 0.04326923076923077 0.03125
2 0.19230769230769232 0.6141826923076923 0.04807692307692308 0.028846153846153848
2 0.21875 0.6454326923076923 0.052884615384615384 0.03125
2 0.2536057692307692 0.6706730769230769 0.057692307692307696 0.02403846153846154
2 0.27163461538461536 0.7055288461538461 0.040865384615384616 0.04326923076923077
2 0.21875 0.6826923076923077 0.040865384615384616 0.038461538461538464
2 0.16706730769230768 0.6610576923076923 0.04326923076923077 0.026442307692307692
2 0.12980769230769232 0.625 0.038461538461538464 0.038461538461538464
2 0.13341346153846154 0.6550480769230769 0.036057692307692304 0.02403846153846154
2 0.14423076923076922 0.6959134615384616 0.04567307692307692 0.028846153846153848
2 0.09495192307692307 0.6778846153846154 0.038461538461538464 0.03365384615384615
2 0.06850961538461539 0.7055288461538461 0.03365384615384615 0.036057692307692304
2 0.10697115384615384 0.7355769230769231 0.04326923076923077 0.02403846153846154
2 0.057692307692307696 0.7319711538461539 0.040865384615384616 0.026442307692307692
2 0.01201923076923077 0.7512019230769231 0.02403846153846154 0.026442307692307692
2 0.020432692307692308 0.6983173076923077 0.040865384615384616 0.03125
2 0.06490384615384616 0.6538461538461539 0.04807692307692308 0.028846153846153848
2 0.03485576923076923 0.6754807692307693 0.03365384615384615 0.03365384615384615
2 0.007211538461538462 0.6538461538461539 0.014423076923076924 0.019230769230769232
2 0.039663461538461536 0.6213942307692307 0.04567307692307692 0.028846153846153848
2 0.018028846153846152 0.6322115384615384 0.036057692307692304 0.021634615384615384
2 0.021634615384615384 0.6021634615384616 0.03365384615384615 0.038461538461538464
2 0.04807692307692308 0.5853365384615384 0.03125 0.03365384615384615
2 0.07451923076923077 0.5649038461538461 0.05048076923076923 0.02403846153846154
2 0.11538461538461539 0.5997596153846154 0.038461538461538464 0.026442307692307692
2 0.13822115384615385 0.5925480769230769 0.03365384615384615 0.03365384615384615
2 0.1935096153846154 0.31971153846153844 0.03365384615384615 0.03365384615384615
2 0.22355769230769232 0.33052884615384615 0.03365384615384615 0.036057692307692304
2 0.3737980769230769 0.3125 0.04326923076923077 0.02403846153846154
2 0.3473557692307692 0.3293269230769231 0.055288461538461536 0.02403846153846154
2 0.3137019230769231 0.35096153846153844 0.040865384615384616 0.040865384615384616
2 0.28125 0.3894230769230769 0.038461538461538464 0.036057692307692304
2 0.2548076923076923 0.36778846153846156 0.04326923076923077 0.02403846153846154
2 0.25 0.3557692307692308 0.038461538461538464 0.038461538461538464
2 0.2127403846153846 0.3942307692307692 0.036057692307692304 0.038461538461538464
2 0.1875 0.3629807692307692 0.038461538461538464 0.02403846153846154
2 0.13221153846153846 0.33413461538461536 0.03365384615384615 0.036057692307692304
2 0.10576923076923077 0.32091346153846156 0.04326923076923077 0.021634615384615384
2 0.009615384615384616 0.3269230769230769 0.014423076923076924 0.026442307692307692
2 0.09134615384615384 0.3557692307692308 0.038461538461538464 0.02403846153846154
2 0.07091346153846154 0.3894230769230769 0.03125 0.03365384615384615
2 0.02403846153846154 0.4074519230769231 0.036057692307692304 0.03365384615384615
2 0.027644230769230768 0.36899038461538464 0.03125 0.03365384615384615
2 0.09254807692307693 0.37740384615384615 0.03125 0.028846153846153848
2 0.02403846153846154 0.3557692307692308 0.03365384615384615 0.03125
2 0.010817307692307692 0.43990384615384615 0.019230769230769232 0.021634615384615384
2 0.051682692307692304 0.43990384615384615 0.04807692307692308 0.028846153846153848
2 0.1814903846153846 0.3858173076923077 0.040865384615384616 0.02403846153846154
2 0.20673076923076922 0.4170673076923077 0.052884615384615384 0.02403846153846154
2 0.2127403846153846 0.4411057692307692 0.038461538461538464 0.036057692307692304
2 0.17067307692307693 0.43028846153846156 0.028846153846153848 0.028846153846153848
2 0.1346153846153846 0.44591346153846156 0.040865384615384616 0.038461538461538464
2 0.16466346153846154 0.45913461538461536 0.04326923076923077 0.026442307692307692
2 0.15745192307692307 0.48677884615384615 0.036057692307692304 0.03365384615384615
2 0.12139423076923077 0.47716346153846156 0.03125 0.028846153846153848
2 0.09375 0.48677884615384615 0.02403846153846154 0.026442307692307692
2 0.05889423076923077 0.4831730769230769 0.040865384615384616 0.019230769230769232
2 0.0733173076923077 0.5 0.026442307692307692 0.02403846153846154
2 0.10697115384615384 0.5072115384615384 0.040865384615384616 0.019230769230769232
2 0.1346153846153846 0.5204326923076923 0.028846153846153848 0.03365384615384615
2 0.14783653846153846 0.5420673076923077 0.038461538461538464 0.02403846153846154
2 0.1778846153846154 0.5661057692307693 0.036057692307692304 0.03365384615384615
2 0.23677884615384615 0.5516826923076923 0.038461538461538464 0.040865384615384616
2 0.1971153846153846 0.5432692307692307 0.040865384615384616 0.038461538461538464
2 0.20192307692307693 0.5108173076923077 0.04807692307692308 0.04567307692307692
2 0.25841346153846156 0.5036057692307693 0.038461538461538464 0.038461538461538464
2 0.23798076923076922 0.4807692307692308 0.052884615384615384 0.028846153846153848
2 0.28125 0.47475961538461536 0.052884615384615384 0.028846153846153848
2 0.30528846153846156 0.44350961538461536 0.040865384615384616 0.038461538461538464
2 0.2764423076923077 0.43509615384615385 0.04326923076923077 0.026442307692307692
2 0.32572115384615385 0.421875 0.03365384615384615 0.028846153846153848
2 0.3581730769230769 0.4014423076923077 0.04326923076923077 0.028846153846153848
2 0.3954326923076923 0.3786057692307692 0.038461538461538464 0.02403846153846154
2 0.4230769230769231 0.35096153846153844 0.03365384615384615 0.03125
2 0.4110576923076923 0.40865384615384615 0.05048076923076923 0.028846153846153848
2 0.4026442307692308 0.44350961538461536 0.052884615384615384 0.02403846153846154
2 0.009615384615384616 0.5048076923076923 0.019230769230769232 0.021634615384615384
2 0.028846153846153848 0.5048076923076923 0.03365384615384615 0.016826923076923076
2 0.019230769230769232 0.5216346153846154 0.038461538461538464 0.03125
2 0.013221153846153846 0.5480769230769231 0.026442307692307692 0.02403846153846154
2 0.7584134615384616 0.14543269230769232 0.04326923076923077 0.04567307692307692
2 0.9350961538461539 0.15264423076923078 0.06971153846153846 0.03365384615384615
2 0.8389423076923077 0.13341346153846154 0.04567307692307692 0.04326923076923077
2 0.7331730769230769 0.09134615384615384 0.057692307692307696 0.03125
2 0.7043269230769231 0.08052884615384616 0.04807692307692308 0.03365384615384615
2 0.8257211538461539 0.0985576923076923 0.055288461538461536 0.03125
2 0.7956730769230769 0.08173076923076923 0.038461538461538464 0.038461538461538464
2 0.7512019230769231 0.052884615384615384 0.04326923076923077 0.04326923076923077
2 0.7091346153846154 0.036057692307692304 0.06490384615384616 0.02403846153846154
2 0.734375 0.019230769230769232 0.04326923076923077 0.03125
2 0.7139423076923077 0.015625 0.036057692307692304 0.02403846153846154
2 0.7944711538461539 0.020432692307692308 0.038461538461538464 0.03125
2 0.8425480769230769 0.02283653846153846 0.04326923076923077 0.03365384615384615
2 0.8245192307692307 0.054086538461538464 0.04567307692307692 0.04326923076923077
2 0.8870192307692307 0.06009615384615385 0.057692307692307696 0.028846153846153848
2 0.9338942307692307 0.08052884615384616 0.0673076923076923 0.03125
2 0.9891826923076923 0.10576923076923077 0.021634615384615384 0.038461538461538464
2 0.9795673076923077 0.052884615384615384 0.040865384615384616 0.04326923076923077
2 0.9134615384615384 0.028846153846153848 0.04326923076923077 0.04326923076923077
2 0.9867788461538461 0.02403846153846154 0.026442307692307692 0.03365384615384615
2 0.9783653846153846 0.019230769230769232 0.03125 0.021634615384615384
2 0.9435096153846154 0.013221153846153846 0.0673076923076923 0.01201923076923077
2 0.8858173076923077 0.016826923076923076 0.028846153846153848 0.019230769230769232
2 0.7908653846153846 0.01201923076923077 0.07211538461538461 0.016826923076923076
2 0.7644230769230769 0.010817307692307692 0.06971153846153846 0.014423076923076924
2 0.7692307692307693 0.010817307692307692 0.06009615384615385 0.01201923076923077
2 0.8461538461538461 0.016826923076923076 0.036057692307692304 0.021634615384615384
2 0.8473557692307693 0.015625 0.028846153846153848 0.019230769230769232
2 0.9146634615384616 0.013221153846153846 0.052884615384615384 0.01201923076923077
2 0.9254807692307693 0.014423076923076924 0.05048076923076923 0.014423076923076924
2 0.9603365384615384 0.015625 0.04326923076923077 0.014423076923076924
2 0.9879807692307693 0.016826923076923076 0.02403846153846154 0.019230769230769232
2 0.9927884615384616 0.015625 0.014423076923076924 0.016826923076923076
2 0.9471153846153846 0.020432692307692308 0.040865384615384616 0.026442307692307692
2 0.9170673076923077 0.018028846153846152 0.03365384615384615 0.021634615384615384
2 0.8449519230769231 0.013221153846153846 0.052884615384615384 0.014423076923076924
2 0.7487980769230769 0.01201923076923077 0.0673076923076923 0.014423076923076924
2 0.8353365384615384 0.01201923076923077 0.057692307692307696 0.01201923076923077
2 0.8317307692307693 0.016826923076923076 0.03125 0.021634615384615384
2 0.9158653846153846 0.016826923076923076 0.03125 0.019230769230769232
2 0.9603365384615384 0.015625 0.04807692307692308 0.014423076923076924
2 0.9831730769230769 0.014423076923076924 0.03365384615384615 0.014423076923076924
2 0.9951923076923077 0.014423076923076924 0.009615384615384616 0.014423076923076924
2 0.9903846153846154 0.016826923076923076 0.019230769230769232 0.019230769230769232
2 0.9675480769230769 0.020432692307692308 0.038461538461538464 0.02403846153846154
2 0.9903846153846154 0.013221153846153846 0.019230769230769232 0.01201923076923077
2 0.9110576923076923 0.016826923076923076 0.03125 0.019230769230769232
2 0.8557692307692307 0.014423076923076924 0.03125 0.016826923076923076
2 0.8653846153846154 0.016826923076923076 0.036057692307692304 0.021634615384615384
2 0.8737980769230769 0.15384615384615385 0.03365384615384615 0.036057692307692304
2 0.9302884615384616 0.18990384615384615 0.05048076923076923 0.019230769230769232