2 0.013221153846153846 0.8173076923076923 0.026442307692307692 0.057692307692307696
2 0.04326923076923077 0.9014423076923077 0.04326923076923077 0.055288461538461536
2 0.08173076923076923 0.8762019230769231 0.040865384615384616 0.07451923076923077
2 0.125 0.8858173076923077 0.036057692307692304 0.06009615384615385
2 0.16947115384615385 0.7992788461538461 0.04567307692307692 0.055288461538461536
2 0.18509615384615385 0.8497596153846154 0.040865384615384616 0.04326923076923077
2 0.21634615384615385 0.8305288461538461 0.021634615384615384 0.05048076923076923
2 0.23798076923076922 0.8798076923076923 0.036057692307692304 0.038461538461538464
2 0.18269230769230768 0.9399038461538461 0.04326923076923077 0.04326923076923077
2 0.15625 0.8954326923076923 0.03125 0.040865384615384616
2 0.13822115384615385 0.9591346153846154 0.038461538461538464 0.04567307692307692
2 0.07451923076923077 0.9206730769230769 0.04567307692307692 0.04326923076923077
2 0.06009615384615385 0.9555288461538461 0.036057692307692304 0.036057692307692304
2 0.4014423076923077 0.8004807692307693 0.028846153846153848 0.04326923076923077
2 0.43149038461538464 0.7728365384615384 0.028846153846153848 0.04326923076923077
2 0.4014423076923077 0.6310096153846154 0.028846153846153848 0.04326923076923077
2 0.44711538461538464 0.6935096153846154 0.038461538461538464 0.04567307692307692
2 0.4795673076923077 0.6742788461538461 0.036057692307692304 0.04807692307692308
2 0.5024038461538461 0.7391826923076923 0.038461538461538464 0.04326923076923077
2 0.4723557692307692 0.7451923076923077 0.03125 0.04326923076923077
2 0.5276442307692307 0.7884615384615384 0.028846153846153848 0.04807692307692308
2 0.4951923076923077 0.5985576923076923 0.028846153846153848 0.04807692307692308
2 0.5300480769230769 0.6286057692307693 0.036057692307692304 0.04326923076923077
2 0.5408653846153846 0.7091346153846154 0.028846153846153848 0.038461538461538464
2 0.5637019230769231 0.6959134615384616 0.026442307692307692 0.040865384615384616
2 0.5685096153846154 0.6370192307692307 0.03365384615384615 0.04807692307692308
2 0.5612980769230769 0.5901442307692307 0.03125 0.04807692307692308
2 0.5709134615384616 0.5024038461538461 0.03365384615384615 0.05048076923076923
2 0.5853365384615384 0.43028846153846156 0.03365384615384615 0.04807692307692308
2 0.6177884615384616 0.39663461538461536 0.038461538461538464 0.052884615384615384
2 0.6165865384615384 0.453125 0.03125 0.04567307692307692
2 0.5973557692307693 0.49038461538461536 0.03365384615384615 0.05048076923076923
2 0.6141826923076923 0.5649038461538461 0.036057692307692304 0.04807692307692308
2 0.6117788461538461 0.6538461538461539 0.036057692307692304 0.052884615384615384
2 0.6165865384615384 0.7331730769230769 0.03365384615384615 0.04326923076923077
2 0.5889423076923077 0.7716346153846154 0.03365384615384615 0.038461538461538464
2 0.6033653846153846 0.8221153846153846 0.028846153846153848 0.04567307692307692
2 0.6346153846153846 0.8028846153846154 0.028846153846153848 0.038461538461538464
2 0.6490384615384616 0.8377403846153846 0.028846153846153848 0.04326923076923077
2 0.6742788461538461 0.8509615384615384 0.026442307692307692 0.036057692307692304
2 0.7007211538461539 0.8521634615384616 0.026442307692307692 0.036057692307692304
2 0.6983173076923077 0.7980769230769231 0.028846153846153848 0.038461538461538464
2 0.6598557692307693 0.7836538461538461 0.02403846153846154 0.03365384615384615
2 0.6610576923076923 0.5228365384615384 0.03125 0.040865384615384616
2 0.6622596153846154 0.5673076923076923 0.03365384615384615 0.04807692307692308
2 0.6418269230769231 0.5432692307692307 0.026442307692307692 0.04326923076923077
2 0.6598557692307693 0.6418269230769231 0.028846153846153848 0.04326923076923077
2 0.6899038461538461 0.6069711538461539 0.036057692307692304 0.038461538461538464
2 0.7079326923076923 0.6322115384615384 0.028846153846153848 0.040865384615384616
2 0.6658653846153846 0.6646634615384616 0.03125 0.040865384615384616
2 0.6610576923076923 0.7055288461538461 0.03365384615384615 0.038461538461538464
2 0.6911057692307693 0.7043269230769231 0.03125 0.038461538461538464
2 0.7271634615384616 0.7427884615384616 0.026442307692307692 0.04326923076923077
2 0.7427884615384616 0.6899038461538461 0.028846153846153848 0.04567307692307692
2 0.6286057692307693 0.31490384615384615 0.03365384615384615 0.04807692307692308
2 0.6778846153846154 0.3245192307692308 0.038461538461538464 0.055288461538461536
2 0.6911057692307693 0.49399038461538464 0.036057692307692304 0.04807692307692308
2 0.7223557692307693 0.4375 0.03365384615384615 0.04807692307692308
2 0.7139423076923077 0.38100961538461536 0.03365384615384615 0.04807692307692308
2 0.7355769230769231 0.3858173076923077 0.026442307692307692 0.04807692307692308
2 0.7620192307692307 0.4098557692307692 0.03365384615384615 0.04567307692307692
2 0.7403846153846154 0.45913461538461536 0.028846153846153848 0.038461538461538464
2 0.7512019230769231 0.4831730769230769 0.028846153846153848 0.040865384615384616
2 0.7271634615384616 0.5168269230769231 0.028846153846153848 0.038461538461538464
2 0.7524038461538461 0.5348557692307693 0.03125 0.05048076923076923
2 0.7151442307692307 0.578125 0.028846153846153848 0.04807692307692308
2 0.6959134615384616 0.5540865384615384 0.038461538461538464 0.04807692307692308
2 0.7644230769230769 0.609375 0.026442307692307692 0.04326923076923077
2 0.7403846153846154 0.6430288461538461 0.028846153846153848 0.038461538461538464
2 0.7620192307692307 0.6526442307692307 0.028846153846153848 0.04326923076923077
2 0.7956730769230769 0.7295673076923077 0.03365384615384615 0.04326923076923077
2 0.7872596153846154 0.6129807692307693 0.03365384615384615 0.038461538461538464
2 0.7055288461538461 0.28846153846153844 0.03125 0.052884615384615384
2 0.7319711538461539 0.31850961538461536 0.028846153846153848 0.055288461538461536
2 0.7620192307692307 0.3329326923076923 0.03365384615384615 0.052884615384615384
2 0.75 0.25841346153846156 0.03125 0.05048076923076923
2 0.7908653846153846 0.3389423076923077 0.028846153846153848 0.05048076923076923
2 0.828125 0.36177884615384615 0.036057692307692304 0.05048076923076923
2 0.7932692307692307 0.3786057692307692 0.028846153846153848 0.038461538461538464
2 0.8293269230769231 0.41466346153846156 0.03365384615384615 0.04326923076923077
2 0.8305288461538461 0.44591346153846156 0.03125 0.04326923076923077
2 0.8100961538461539 0.45552884615384615 0.028846153846153848 0.040865384615384616
2 0.7788461538461539 0.44471153846153844 0.036057692307692304 0.040865384615384616
2 0.7836538461538461 0.5048076923076923 0.028846153846153848 0.04807692307692308
2 0.8533653846153846 0.49158653846153844 0.028846153846153848 0.04326923076923077
2 0.8221153846153846 0.5012019230769231 0.026442307692307692 0.026442307692307692
2 0.8016826923076923 0.5456730769230769 0.026442307692307692 0.03365384615384615
2 0.8257211538461539 0.6141826923076923 0.02403846153846154 0.03125
2 0.8713942307692307 0.6201923076923077 0.03365384615384615 0.036057692307692304
2 0.8665865384615384 0.6670673076923077 0.028846153846153848 0.03125
2 0.8016826923076923 0.6526442307692307 0.028846153846153848 0.038461538461538464
2 0.7692307692307693 0.14182692307692307 0.03125 0.052884615384615384
2 0.8365384615384616 0.16706730769230768 0.03365384615384615 0.05048076923076923
2 0.8846153846153846 0.16346153846153846 0.036057692307692304 0.055288461538461536
2 0.9375 0.13701923076923078 0.03365384615384615 0.057692307692307696
2 0.8137019230769231 0.24759615384615385 0.03365384615384615 0.04807692307692308
2 0.8497596153846154 0.24639423076923078 0.03365384615384615 0.057692307692307696
2 0.8737980769230769 0.2247596153846154 0.02403846153846154 0.04567307692307692
2 0.9002403846153846 0.19230769230769232 0.02403846153846154 0.06009615384615385
2 0.9026442307692307 0.24519230769230768 0.036057692307692304 0.04567307692307692
2 0.9447115384615384 0.2692307692307692 0.04326923076923077 0.040865384615384616
2 0.9819711538461539 0.28365384615384615 0.036057692307692304 0.04807692307692308
2 0.8786057692307693 0.30288461538461536 0.03125 0.04326923076923077
2 0.9411057692307693 0.3629807692307692 0.03365384615384615 0.05048076923076923
2 0.8641826923076923 0.3786057692307692 0.03365384615384615 0.04326923076923077
2 0.9134615384615384 0.4026442307692308 0.03365384615384615 0.03365384615384615
2 0.9170673076923077 0.43149038461538464 0.026442307692307692 0.036057692307692304
2 0.8846153846153846 0.4987980769230769 0.02403846153846154 0.040865384615384616
2 0.9074519230769231 0.5144230769230769 0.028846153846153848 0.036057692307692304
2 0.9387019230769231 0.49399038461538464 0.021634615384615384 0.03365384615384615
2 0.9651442307692307 0.5649038461538461 0.026442307692307692 0.03365384615384615
2 0.9387019230769231 0.5901442307692307 0.02403846153846154 0.036057692307692304
2 0.9074519230769231 0.5745192307692307 0.028846153846153848 0.036057692307692304
2 0.8834134615384616 0.5552884615384616 0.028846153846153848 0.036057692307692304
2 0.8870192307692307 0.5817307692307693 0.026442307692307692 0.038461538461538464
2 0.8978365384615384 0.6177884615384616 0.02403846153846154 0.038461538461538464
2 0.9242788461538461 0.6117788461538461 0.02403846153846154 0.036057692307692304
2 0.9639423076923077 0.6334134615384616 0.026442307692307692 0.03365384615384615
2 0.8461538461538461 0.5588942307692307 0.02403846153846154 0.036057692307692304
2 0.8245192307692307 0.5276442307692307 0.028846153846153848 0.04567307692307692
2 0.9663461538461539 0.4579326923076923 0.028846153846153848 0.040865384615384616
2 0.953125 0.4795673076923077 0.028846153846153848 0.038461538461538464
2 0.953125 0.3088942307692308 0.02403846153846154 0.04567307692307692
2 0.6694711538461539 0.3894230769230769 0.03125 0.04326923076923077
2 0.8846153846153846 0.43509615384615385 0.028846153846153848 0.036057692307692304
2 0.8942307692307693 0.453125 0.02403846153846154 0.036057692307692304
2 0.23317307692307693 0.30528846153846156 0.019230769230769232 0.036057692307692304
2 0.24879807692307693 0.28846153846153844 0.02403846153846154 0.036057692307692304
2 0.26802884615384615 0.2764423076923077 0.014423076923076924 0.040865384615384616
2 0.28725961538461536 0.2644230769230769 0.019230769230769232 0.040865384615384616
2 0.3112980769230769 0.23317307692307693 0.019230769230769232 0.036057692307692304
2 0.25600961538461536 0.3269230769230769 0.026442307692307692 0.036057692307692304
2 0.2608173076923077 0.36177884615384615 0.021634615384615384 0.038461538461538464
2 0.24158653846153846 0.38461538461538464 0.021634615384615384 0.028846153846153848
2 0.2824519230769231 0.33052884615384615 0.026442307692307692 0.036057692307692304
2 0.3088942307692308 0.32211538461538464 0.021634615384615384 0.040865384615384616
2 0.31490384615384615 0.38221153846153844 0.026442307692307692 0.036057692307692304
2 0.30528846153846156 0.42908653846153844 0.02403846153846154 0.036057692307692304
2 0.28365384615384615 0.3894230769230769 0.026442307692307692 0.038461538461538464
2 0.27403846153846156 0.42908653846153844 0.026442307692307692 0.040865384615384616
2 0.25721153846153844 0.4567307692307692 0.026442307692307692 0.026442307692307692
2 0.27403846153846156 0.47115384615384615 0.019230769230769232 0.038461538461538464
2 0.25721153846153844 0.5012019230769231 0.019230769230769232 0.03365384615384615
2 0.28846153846153844 0.5649038461538461 0.019230769230769232 0.03365384615384615
2 0.2956730769230769 0.5060096153846154 0.021634615384615384 0.040865384615384616
2 0.3125 0.53125 0.021634615384615384 0.04567307692307692
2 0.25961538461538464 0.6141826923076923 0.026442307692307692 0.03365384615384615
2 0.29086538461538464 0.6394230769230769 0.021634615384615384 0.03365384615384615
2 0.30649038461538464 0.609375 0.019230769230769232 0.03125
2 0.32211538461538464 0.5793269230769231 0.02403846153846154 0.038461538461538464
2 0.33653846153846156 0.5540865384615384 0.016826923076923076 0.03365384615384615
2 0.3425480769230769 0.49158653846153844 0.021634615384615384 0.04326923076923077
2 0.3449519230769231 0.4483173076923077 0.016826923076923076 0.04326923076923077
2 0.32572115384615385 0.49759615384615385 0.019230769230769232 0.03365384615384615
2 0.3545673076923077 0.546875 0.02403846153846154 0.028846153846153848
2 0.3545673076923077 0.5925480769230769 0.016826923076923076 0.03365384615384615
2 0.3629807692307692 0.6274038461538461 0.021634615384615384 0.036057692307692304
2 0.34134615384615385 0.6021634615384616 0.019230769230769232 0.028846153846153848
2 0.23677884615384615 0.5336538461538461 0.016826923076923076 0.038461538461538464
2 0.234375 0.44711538461538464 0.021634615384615384 0.038461538461538464
2 0.2439903846153846 0.4651442307692308 0.019230769230769232 0.03365384615384615
2 0.6322115384615384 0.6081730769230769 0.036057692307692304 0.04326923076923077
2 0.6634615384615384 0.5673076923076923 0.03125 0.04326923076923077
2 0.6418269230769231 0.6778846153846154 0.03125 0.0673076923076923
2 0.5612980769230769 0.7824519230769231 0.028846153846153848 0.040865384615384616