2 0.5492788461538461 0.5204326923076923 0.04326923076923077 0.014423076923076924
2 0.5432692307692307 0.49278846153846156 0.052884615384615384 0.016826923076923076
2 0.53125 0.47115384615384615 0.038461538461538464 0.016826923076923076
2 0.5180288461538461 0.44350961538461536 0.036057692307692304 0.03125
2 0.4326923076923077 0.4326923076923077 0.052884615384615384 0.014423076923076924
2 0.3894230769230769 0.39663461538461536 0.04326923076923077 0.014423076923076924
2 0.44350961538461536 0.3894230769230769 0.026442307692307692 0.02403846153846154
2 0.4326923076923077 0.36899038461538464 0.02403846153846154 0.021634615384615384
2 0.4963942307692308 0.4230769230769231 0.036057692307692304 0.014423076923076924
2 0.5 0.41225961538461536 0.02403846153846154 0.026442307692307692
2 0.47475961538461536 0.37259615384615385 0.03125 0.028846153846153848
2 0.5540865384615384 0.41947115384615385 0.036057692307692304 0.014423076923076924
2 0.5432692307692307 0.390625 0.04326923076923077 0.014423076923076924
2 0.5661057692307693 0.4411057692307692 0.040865384615384616 0.04326923076923077
2 0.6165865384615384 0.47596153846153844 0.026442307692307692 0.026442307692307692
2 0.6237980769230769 0.5228365384615384 0.028846153846153848 0.028846153846153848
2 0.6165865384615384 0.5060096153846154 0.021634615384615384 0.019230769230769232
2 0.6586538461538461 0.4795673076923077 0.02403846153846154 0.02403846153846154
2 0.6911057692307693 0.49399038461538464 0.026442307692307692 0.028846153846153848
2 0.6778846153846154 0.5204326923076923 0.021634615384615384 0.019230769230769232
2 0.6418269230769231 0.45552884615384615 0.038461538461538464 0.014423076923076924
2 0.5889423076923077 0.421875 0.028846153846153848 0.014423076923076924
2 0.5673076923076923 0.4014423076923077 0.03365384615384615 0.014423076923076924
2 0.5973557692307693 0.39903846153846156 0.021634615384615384 0.021634615384615384
2 0.5649038461538461 0.37740384615384615 0.052884615384615384 0.014423076923076924
2 0.5108173076923077 0.3641826923076923 0.03125 0.03125
2 0.4879807692307692 0.35096153846153844 0.04326923076923077 0.014423076923076924
2 0.421875 0.34975961538461536 0.026442307692307692 0.026442307692307692
2 0.3918269230769231 0.3389423076923077 0.028846153846153848 0.009615384615384616
2 0.421875 0.3317307692307692 0.021634615384615384 0.02403846153846154
2 0.4170673076923077 0.3004807692307692 0.03365384615384615 0.028846153846153848
2 0.4543269230769231 0.2800480769230769 0.028846153846153848 0.028846153846153848
2 0.43509615384615385 0.2536057692307692 0.028846153846153848 0.026442307692307692
2 0.46634615384615385 0.22716346153846154 0.036057692307692304 0.01201923076923077
2 0.484375 0.2644230769230769 0.04326923076923077 0.014423076923076924
2 0.5060096153846154 0.3076923076923077 0.03365384615384615 0.03365384615384615
2 0.5276442307692307 0.33774038461538464 0.036057692307692304 0.019230769230769232
2 0.5552884615384616 0.3545673076923077 0.038461538461538464 0.019230769230769232
2 0.6105769230769231 0.3545673076923077 0.028846153846153848 0.03365384615384615
2 0.6213942307692307 0.38221153846153844 0.04326923076923077 0.019230769230769232
2 0.6310096153846154 0.37259615384615385 0.036057692307692304 0.01201923076923077
2 0.6754807692307693 0.39663461538461536 0.03365384615384615 0.03125
2 0.6694711538461539 0.4375 0.038461538461538464 0.016826923076923076
2 0.6838942307692307 0.46153846153846156 0.03125 0.016826923076923076
2 0.7115384615384616 0.4699519230769231 0.028846153846153848 0.02403846153846154
2 0.7331730769230769 0.5204326923076923 0.028846153846153848 0.026442307692307692
2 0.7572115384615384 0.5372596153846154 0.026442307692307692 0.026442307692307692
2 0.8052884615384616 0.5300480769230769 0.026442307692307692 0.026442307692307692
2 0.7668269230769231 0.5204326923076923 0.02403846153846154 0.021634615384615384
2 0.7560096153846154 0.5036057692307693 0.03125 0.01201923076923077
2 0.7367788461538461 0.49278846153846156 0.026442307692307692 0.028846153846153848
2 0.7860576923076923 0.4987980769230769 0.028846153846153848 0.014423076923076924
2 0.7524038461538461 0.4735576923076923 0.02403846153846154 0.02403846153846154
2 0.7524038461538461 0.45913461538461536 0.028846153846153848 0.028846153846153848
2 0.7271634615384616 0.43990384615384615 0.038461538461538464 0.019230769230769232
2 0.7007211538461539 0.4182692307692308 0.026442307692307692 0.026442307692307692
2 0.7175480769230769 0.4014423076923077 0.026442307692307692 0.016826923076923076
2 0.7091346153846154 0.3701923076923077 0.02403846153846154 0.021634615384615384
2 0.7475961538461539 0.3894230769230769 0.02403846153846154 0.02403846153846154
2 0.7596153846153846 0.4050480769230769 0.02403846153846154 0.026442307692307692
2 0.7800480769230769 0.40024038461538464 0.03365384615384615 0.016826923076923076
2 0.8100961538461539 0.3545673076923077 0.02403846153846154 0.021634615384615384
2 0.8653846153846154 0.3473557692307692 0.028846153846153848 0.014423076923076924
2 0.6057692307692307 0.3317307692307692 0.03365384615384615 0.03365384615384615
2 0.5721153846153846 0.32091346153846156 0.03365384615384615 0.03365384615384615
2 0.6033653846153846 0.296875 0.026442307692307692 0.02403846153846154
2 0.6165865384615384 0.28966346153846156 0.028846153846153848 0.014423076923076924
2 0.65625 0.31490384615384615 0.038461538461538464 0.016826923076923076
2 0.5757211538461539 0.2548076923076923 0.04807692307692308 0.016826923076923076
2 0.5072115384615384 0.23918269230769232 0.040865384615384616 0.014423076923076924
2 0.5108173076923077 0.21995192307692307 0.02403846153846154 0.021634615384615384
2 0.5733173076923077 0.19471153846153846 0.04807692307692308 0.014423076923076924
2 0.6177884615384616 0.2512019230769231 0.026442307692307692 0.028846153846153848
2 0.6225961538461539 0.23317307692307693 0.036057692307692304 0.016826923076923076
2 0.7091346153846154 0.234375 0.03125 0.028846153846153848
2 0.7247596153846154 0.36177884615384615 0.016826923076923076 0.019230769230769232
2 0.7487980769230769 0.3485576923076923 0.021634615384615384 0.014423076923076924
2 0.6983173076923077 0.3473557692307692 0.021634615384615384 0.02403846153846154
2 0.703125 0.33774038461538464 0.03125 0.014423076923076924
2 0.7884615384615384 0.4423076923076923 0.03365384615384615 0.019230769230769232
2 0.8125 0.4675480769230769 0.02403846153846154 0.02403846153846154
2 0.8269230769230769 0.4831730769230769 0.03365384615384615 0.014423076923076924
2 0.8149038461538461 0.5144230769230769 0.02403846153846154 0.02403846153846154
2 0.8677884615384616 0.5048076923076923 0.04326923076923077 0.019230769230769232
2 0.8834134615384616 0.4891826923076923 0.03125 0.03125
2 0.8774038461538461 0.4579326923076923 0.028846153846153848 0.026442307692307692
2 0.84375 0.43149038461538464 0.038461538461538464 0.014423076923076924
2 0.8317307692307693 0.41346153846153844 0.03365384615384615 0.028846153846153848
2 0.8076923076923077 0.42427884615384615 0.019230769230769232 0.016826923076923076
2 0.8329326923076923 0.3918269230769231 0.03125 0.03365384615384615
2 0.8834134615384616 0.4098557692307692 0.026442307692307692 0.026442307692307692
2 0.8870192307692307 0.43509615384615385 0.02403846153846154 0.02403846153846154
2 0.9278846153846154 0.44471153846153844 0.02403846153846154 0.019230769230769232
2 0.9399038461538461 0.47596153846153844 0.02403846153846154 0.021634615384615384
2 0.9423076923076923 0.46033653846153844 0.028846153846153848 0.028846153846153848
2 0.9675480769230769 0.49278846153846156 0.03125 0.03125
2 0.9362980769230769 0.5180288461538461 0.026442307692307692 0.028846153846153848
2 0.9735576923076923 0.5240384615384616 0.02403846153846154 0.026442307692307692
2 0.9170673076923077 0.5024038461538461 0.026442307692307692 0.02403846153846154
2 0.7932692307692307 0.5685096153846154 0.038461538461538464 0.016826923076923076
2 0.8401442307692307 0.5456730769230769 0.038461538461538464 0.014423076923076924
2 0.8810096153846154 0.5432692307692307 0.02403846153846154 0.02403846153846154
2 0.8798076923076923 0.5252403846153846 0.02403846153846154 0.021634615384615384
2 0.6742788461538461 0.27403846153846156 0.028846153846153848 0.03125