2 0.016826923076923076 0.9495192307692307 0.03365384615384615 0.057692307692307696
2 0.01201923076923077 0.9555288461538461 0.02403846153846154 0.05048076923076923
2 0.008413461538461538 0.9483173076923077 0.016826923076923076 0.08413461538461539
2 0.009615384615384616 0.9483173076923077 0.019230769230769232 0.08413461538461539
2 0.014423076923076924 0.9555288461538461 0.028846153846153848 0.055288461538461536
2 0.010817307692307692 0.9567307692307693 0.021634615384615384 0.0673076923076923
2 0.009615384615384616 0.9543269230769231 0.019230769230769232 0.07211538461538461
2 0.013221153846153846 0.9555288461538461 0.026442307692307692 0.05048076923076923
2 0.006009615384615385 0.9603365384615384 0.01201923076923077 0.06009615384615385
2 0.013221153846153846 0.9555288461538461 0.026442307692307692 0.05048076923076923
2 0.009615384615384616 0.9543269230769231 0.019230769230769232 0.07211538461538461
2 0.025240384615384616 0.8052884615384616 0.05048076923076923 0.08653846153846154
2 0.010817307692307692 0.9591346153846154 0.021634615384615384 0.0625
2 0.010817307692307692 0.9423076923076923 0.021634615384615384 0.09615384615384616
2 0.010817307692307692 0.9591346153846154 0.021634615384615384 0.04807692307692308
2 0.01201923076923077 0.9543269230769231 0.02403846153846154 0.07211538461538461
2 0.008413461538461538 0.953125 0.016826923076923076 0.07451923076923077
2 0.013221153846153846 0.9543269230769231 0.026442307692307692 0.07211538461538461
2 0.009615384615384616 0.9675480769230769 0.019230769230769232 0.040865384615384616
2 0.016826923076923076 0.9507211538461539 0.03365384615384615 0.06009615384615385
2 0.014423076923076924 0.9543269230769231 0.028846153846153848 0.052884615384615384
2 0.013221153846153846 0.9555288461538461 0.026442307692307692 0.06971153846153846
2 0.009615384615384616 0.9579326923076923 0.019230769230769232 0.06490384615384616
2 0.009615384615384616 0.9495192307692307 0.019230769230769232 0.08173076923076923
2 0.014423076923076924 0.9591346153846154 0.028846153846153848 0.052884615384615384
2 0.016826923076923076 0.9507211538461539 0.03365384615384615 0.06009615384615385
2 0.06009615384615385 0.9555288461538461 0.07451923076923077 0.07211538461538461
2 0.10336538461538461 0.9651442307692307 0.0625 0.055288461538461536
2 0.046875 0.9663461538461539 0.05048076923076923 0.04807692307692308
2 0.09014423076923077 0.9543269230769231 0.0889423076923077 0.07932692307692307
2 0.17668269230769232 0.9567307692307693 0.07692307692307693 0.07692307692307693
2 0.25240384615384615 0.9639423076923077 0.07692307692307693 0.0673076923076923
2 0.31009615384615385 0.9579326923076923 0.0889423076923077 0.07932692307692307
2 0.2764423076923077 0.9579326923076923 0.07932692307692307 0.07932692307692307
2 0.3762019230769231 0.9603365384615384 0.07451923076923077 0.07451923076923077
2 0.40024038461538464 0.9639423076923077 0.0673076923076923 0.06971153846153846
2 0.49278846153846156 0.9615384615384616 0.07932692307692307 0.07692307692307693
2 0.5108173076923077 0.9615384615384616 0.07692307692307693 0.07692307692307693
2 0.4230769230769231 0.9615384615384616 0.07932692307692307 0.07692307692307693
2 0.5661057692307693 0.9627403846153846 0.08173076923076923 0.07451923076923077
2 0.45913461538461536 0.9627403846153846 0.08413461538461539 0.07451923076923077
2 0.41586538461538464 0.8942307692307693 0.08413461538461539 0.1201923076923077
2 0.4831730769230769 0.7884615384615384 0.07932692307692307 0.12740384615384615
2 0.5685096153846154 0.8641826923076923 0.08413461538461539 0.1466346153846154
2 0.6346153846153846 0.9423076923076923 0.09615384615384616 0.0985576923076923
2 0.7223557692307693 0.96875 0.08653846153846154 0.0625
2 0.6694711538461539 0.8677884615384616 0.0889423076923077 0.1346153846153846
2 0.6165865384615384 0.7235576923076923 0.07451923076923077 0.11778846153846154
2 0.5204326923076923 0.6225961538461539 0.10817307692307693 0.10336538461538461
2 0.6033653846153846 0.6322115384615384 0.07211538461538461 0.0985576923076923
2 0.7115384615384616 0.6658653846153846 0.10096153846153846 0.10096153846153846
2 0.6682692307692307 0.5336538461538461 0.06490384615384616 0.12980769230769232
2 0.7463942307692307 0.4639423076923077 0.07451923076923077 0.11298076923076923
2 0.8245192307692307 0.5697115384615384 0.0889423076923077 0.09134615384615384
2 0.8173076923076923 0.4362980769230769 0.07211538461538461 0.11057692307692307
2 0.8834134615384616 0.2860576923076923 0.08173076923076923 0.10817307692307693
2 0.7355769230769231 0.3293269230769231 0.08173076923076923 0.125
2 0.6081730769230769 0.4483173076923077 0.07692307692307693 0.1346153846153846
2 0.6694711538461539 0.36899038461538464 0.09615384615384616 0.09615384615384616
2 0.6213942307692307 0.23918269230769232 0.07451923076923077 0.1201923076923077
2 0.65625 0.16466346153846154 0.0985576923076923 0.09615384615384616
2 0.5733173076923077 0.039663461538461536 0.08413461538461539 0.07932692307692307
2 0.5216346153846154 0.3762019230769231 0.0985576923076923 0.10096153846153846
2 0.5552884615384616 0.31850961538461536 0.07692307692307693 0.07932692307692307
2 0.47115384615384615 0.3269230769230769 0.0673076923076923 0.125
2 0.4230769230769231 0.39663461538461536 0.09134615384615384 0.09134615384615384
2 0.3629807692307692 0.4651442307692308 0.06490384615384616 0.13701923076923078
2 0.4567307692307692 0.5805288461538461 0.07451923076923077 0.10336538461538461
2 0.4326923076923077 0.640625 0.09615384615384616 0.09375
2 0.8185096153846154 0.2283653846153846 0.0985576923076923 0.09615384615384616
2 0.7692307692307693 0.20192307692307693 0.0673076923076923 0.10576923076923077
2 0.9026442307692307 0.21634615384615385 0.0889423076923077 0.0889423076923077
2 0.9122596153846154 0.125 0.09134615384615384 0.0889423076923077
2 0.9254807692307693 0.026442307692307692 0.08413461538461539 0.040865384615384616
2 0.009615384615384616 0.7692307692307693 0.019230769230769232 0.1201923076923077
2 0.010817307692307692 0.8521634615384616 0.021634615384615384 0.12259615384615384
2 0.01201923076923077 0.9639423076923077 0.02403846153846154 0.04326923076923077
2 0.010817307692307692 0.953125 0.021634615384615384 0.07451923076923077
2 0.013221153846153846 0.9555288461538461 0.026442307692307692 0.06971153846153846
2 0.013221153846153846 0.9591346153846154 0.026442307692307692 0.04807692307692308
2 0.019230769230769232 0.9338942307692307 0.038461538461538464 0.07451923076923077
2 0.021634615384615384 0.9182692307692307 0.04326923076923077 0.08653846153846154
2 0.025240384615384616 0.8245192307692307 0.05048076923076923 0.08653846153846154
2 0.020432692307692308 0.7548076923076923 0.040865384615384616 0.0673076923076923
2 0.025240384615384616 0.6081730769230769 0.05048076923076923 0.08173076923076923
2 0.014423076923076924 0.5288461538461539 0.028846153846153848 0.11538461538461539
2 0.020432692307692308 0.22596153846153846 0.036057692307692304 0.13701923076923078
2 0.030048076923076924 0.03485576923076923 0.04326923076923077 0.057692307692307696
2 0.014423076923076924 0.49399038461538464 0.028846153846153848 0.10817307692307693
2 0.02403846153846154 0.4423076923076923 0.04807692307692308 0.07451923076923077
2 0.027644230769230768 0.31971153846153844 0.055288461538461536 0.07932692307692307
2 0.016826923076923076 0.3245192307692308 0.03365384615384615 0.10336538461538461
2 0.021634615384615384 0.4987980769230769 0.04326923076923077 0.07451923076923077
2 0.027644230769230768 0.3125 0.055288461538461536 0.07451923076923077
2 0.015625 0.1201923076923077 0.02403846153846154 0.12259615384615384
2 0.03125 0.1502403846153846 0.055288461538461536 0.07692307692307693
2 0.020432692307692308 0.13822115384615385 0.03365384615384615 0.09615384615384616
2 0.030048076923076924 0.03365384615384615 0.04326923076923077 0.055288461538461536
2 0.026442307692307692 0.036057692307692304 0.036057692307692304 0.055288461538461536
2 0.021634615384615384 0.042067307692307696 0.028846153846153848 0.08413461538461539
2 0.03365384615384615 0.12860576923076922 0.06009615384615385 0.07692307692307693
2 0.057692307692307696 0.039663461538461536 0.0625 0.07932692307692307
2 0.042067307692307696 0.24519230769230768 0.07932692307692307 0.09134615384615384
2 0.042067307692307696 0.3942307692307692 0.08413461538461539 0.10096153846153846
2 0.01201923076923077 0.7379807692307693 0.02403846153846154 0.11057692307692307
2 0.010817307692307692 0.8112980769230769 0.021634615384615384 0.14182692307692307
2 0.025240384615384616 0.828125 0.05048076923076923 0.12259615384615384
2 0.018028846153846152 0.7127403846153846 0.036057692307692304 0.06971153846153846
2 0.04326923076923077 0.6189903846153846 0.08653846153846154 0.10817307692307693
2 0.06850961538461539 0.7007211538461539 0.07211538461538461 0.1201923076923077
2 0.14543269230769232 0.6838942307692307 0.10096153846153846 0.0985576923076923
2 0.1201923076923077 0.5865384615384616 0.08413461538461539 0.08413461538461539
2 0.1502403846153846 0.5120192307692307 0.06009615384615385 0.08173076923076923
2 0.14423076923076922 0.4170673076923077 0.08173076923076923 0.08413461538461539
2 0.18870192307692307 0.4567307692307692 0.0673076923076923 0.0673076923076923
2 0.20432692307692307 0.5492788461538461 0.08413461538461539 0.08173076923076923
2 0.23798076923076922 0.6225961538461539 0.057692307692307696 0.11538461538461539
2 0.29447115384615385 0.6634615384615384 0.06490384615384616 0.10096153846153846
2 0.3557692307692308 0.7451923076923077 0.0985576923076923 0.0985576923076923
2 0.3137019230769231 0.9038461538461539 0.10817307692307693 0.10817307692307693
2 0.29086538461538464 0.796875 0.08413461538461539 0.13701923076923078
2 0.20552884615384615 0.8052884615384616 0.08173076923076923 0.17067307692307693
2 0.17908653846153846 0.9411057692307693 0.0889423076923077 0.0889423076923077
2 0.1201923076923077 0.9026442307692307 0.07451923076923077 0.13701923076923078
2 0.09615384615384616 0.9579326923076923 0.07451923076923077 0.07211538461538461
2 0.02403846153846154 0.9591346153846154 0.04807692307692308 0.0625
2 0.014423076923076924 0.9615384615384616 0.028846153846153848 0.04807692307692308
2 0.009615384615384616 0.9651442307692307 0.019230769230769232 0.040865384615384616
2 0.013221153846153846 0.9627403846153846 0.026442307692307692 0.04567307692307692
2 0.009615384615384616 0.9639423076923077 0.019230769230769232 0.052884615384615384
2 0.008413461538461538 0.9615384615384616 0.016826923076923076 0.057692307692307696
2 0.01201923076923077 0.9579326923076923 0.02403846153846154 0.06490384615384616
2 0.02283653846153846 0.9555288461538461 0.04567307692307692 0.06490384615384616
2 0.1310096153846154 0.06129807692307692 0.09615384615384616 0.09375
2 0.17067307692307693 0.15144230769230768 0.09375 0.09375
2 0.2127403846153846 0.25240384615384615 0.06490384615384616 0.09615384615384616
2 0.20552884615384615 0.33653846153846156 0.05048076923076923 0.09134615384615384
2 0.25841346153846156 0.3088942307692308 0.08173076923076923 0.10336538461538461
2 0.24158653846153846 0.0673076923076923 0.0673076923076923 0.125
2 0.2668269230769231 0.17307692307692307 0.055288461538461536 0.1201923076923077
2 0.3293269230769231 0.265625 0.10817307692307693 0.10576923076923077
2 0.33533653846153844 0.1141826923076923 0.06971153846153846 0.13942307692307693
2 0.016826923076923076 0.9507211538461539 0.03365384615384615 0.07932692307692307
2 0.02283653846153846 0.9435096153846154 0.04567307692307692 0.06971153846153846
2 0.016826923076923076 0.9495192307692307 0.03365384615384615 0.0625
2 0.018028846153846152 0.9543269230769231 0.036057692307692304 0.057692307692307696
2 0.016826923076923076 0.9591346153846154 0.03365384615384615 0.052884615384615384
2 0.014423076923076924 0.953125 0.028846153846153848 0.07451923076923077
2 0.013221153846153846 0.9591346153846154 0.026442307692307692 0.04807692307692308
2 0.014423076923076924 0.9519230769230769 0.028846153846153848 0.057692307692307696
2 0.015625 0.9471153846153846 0.03125 0.0625
2 0.014423076923076924 0.9483173076923077 0.028846153846153848 0.06009615384615385
2 0.013221153846153846 0.9507211538461539 0.026442307692307692 0.07932692307692307
2 0.01201923076923077 0.9543269230769231 0.02403846153846154 0.07211538461538461
2 0.015625 0.9495192307692307 0.03125 0.057692307692307696
2 0.018028846153846152 0.9519230769230769 0.036057692307692304 0.0625
2 0.015625 0.9519230769230769 0.03125 0.057692307692307696
2 0.019230769230769232 0.9459134615384616 0.038461538461538464 0.06490384615384616
2 0.020432692307692308 0.9567307692307693 0.040865384615384616 0.0625
2 0.014423076923076924 0.9471153846153846 0.028846153846153848 0.08653846153846154
2 0.013221153846153846 0.9519230769230769 0.026442307692307692 0.07692307692307693
2 0.019230769230769232 0.9555288461538461 0.038461538461538464 0.06009615384615385
2 0.013221153846153846 0.9591346153846154 0.026442307692307692 0.04807692307692308
2 0.01201923076923077 0.9435096153846154 0.02403846153846154 0.09375
2 0.007211538461538462 0.9555288461538461 0.014423076923076924 0.06971153846153846
2 0.01201923076923077 0.9423076923076923 0.02403846153846154 0.09615384615384616
2 0.018028846153846152 0.9435096153846154 0.036057692307692304 0.06490384615384616
2 0.015625 0.9507211538461539 0.03125 0.06009615384615385
2 0.015625 0.953125 0.03125 0.055288461538461536
2 0.010817307692307692 0.9579326923076923 0.021634615384615384 0.06490384615384616
2 0.014423076923076924 0.9555288461538461 0.028846153846153848 0.055288461538461536
2 0.014423076923076924 0.9591346153846154 0.028846153846153848 0.052884615384615384
2 0.014423076923076924 0.9603365384615384 0.028846153846153848 0.06009615384615385
2 0.020432692307692308 0.9543269230769231 0.040865384615384616 0.0625
2 0.016826923076923076 0.9627403846153846 0.03365384615384615 0.05048076923076923
2 0.019230769230769232 0.9495192307692307 0.038461538461538464 0.0625
2 0.013221153846153846 0.9555288461538461 0.026442307692307692 0.05048076923076923
2 0.016826923076923076 0.9543269230769231 0.03365384615384615 0.057692307692307696
2 0.013221153846153846 0.9471153846153846 0.026442307692307692 0.08653846153846154
2 0.014423076923076924 0.9519230769230769 0.028846153846153848 0.057692307692307696
2 0.01201923076923077 0.9567307692307693 0.02403846153846154 0.0673076923076923
2 0.007211538461538462 0.9543269230769231 0.014423076923076924 0.07211538461538461
2 0.013221153846153846 0.9567307692307693 0.026442307692307692 0.0673076923076923
2 0.018028846153846152 0.9519230769230769 0.036057692307692304 0.0625
2 0.01201923076923077 0.9639423076923077 0.02403846153846154 0.052884615384615384
2 0.018028846153846152 0.9555288461538461 0.036057692307692304 0.06009615384615385
2 0.016826923076923076 0.9495192307692307 0.03365384615384615 0.0625
2 0.009615384615384616 0.9603365384615384 0.019230769230769232 0.06009615384615385
2 0.014423076923076924 0.9591346153846154 0.028846153846153848 0.04807692307692308
2 0.009615384615384616 0.9555288461538461 0.019230769230769232 0.04567307692307692
2 0.009615384615384616 0.953125 0.019230769230769232 0.07451923076923077
2 0.015625 0.9651442307692307 0.03125 0.05048076923076923
2 0.007211538461538462 0.9567307692307693 0.014423076923076924 0.0673076923076923