2 0.19951923076923078 0.7776442307692307 0.052884615384615384 0.052884615384615384
2 0.5901442307692307 0.9903846153846154 0.038461538461538464 0.019230769230769232
2 0.4855769230769231 0.9795673076923077 0.036057692307692304 0.040865384615384616
2 0.4375 0.9807692307692307 0.03365384615384615 0.038461538461538464
2 0.4014423076923077 0.9819711538461539 0.03125 0.036057692307692304
2 0.40625 0.9891826923076923 0.026442307692307692 0.021634615384615384
2 0.35697115384615385 0.9819711538461539 0.038461538461538464 0.036057692307692304
2 0.3786057692307692 0.984375 0.02403846153846154 0.03125
2 0.421875 0.9807692307692307 0.038461538461538464 0.038461538461538464
2 0.4987980769230769 0.984375 0.03365384615384615 0.03125
2 0.5528846153846154 0.984375 0.03365384615384615 0.03125
2 0.6550480769230769 0.984375 0.03365384615384615 0.03125
2 0.6129807692307693 0.9831730769230769 0.03125 0.03365384615384615
2 0.5120192307692307 0.984375 0.036057692307692304 0.03125
2 0.47475961538461536 0.9867788461538461 0.028846153846153848 0.026442307692307692
2 0.47475961538461536 0.9711538461538461 0.028846153846153848 0.057692307692307696
2 0.44350961538461536 0.9615384615384616 0.057692307692307696 0.057692307692307696
2 0.40024038461538464 0.9555288461538461 0.019230769230769232 0.06009615384615385
2 0.38341346153846156 0.9615384615384616 0.057692307692307696 0.052884615384615384
2 0.4230769230769231 0.8798076923076923 0.028846153846153848 0.08173076923076923
2 0.3942307692307692 0.8701923076923077 0.0625 0.0625
2 0.34975961538461536 0.9639423076923077 0.028846153846153848 0.07211538461538461
2 0.28365384615384615 0.8822115384615384 0.03365384615384615 0.08413461538461539
2 0.31971153846153844 0.8737980769230769 0.03365384615384615 0.07692307692307693
2 0.34615384615384615 0.8629807692307693 0.03365384615384615 0.057692307692307696
2 0.35096153846153844 0.7764423076923077 0.028846153846153848 0.07692307692307693
2 0.31009615384615385 0.7788461538461539 0.0625 0.0625
2 0.2692307692307692 0.6850961538461539 0.036057692307692304 0.07692307692307693
2 0.19471153846153846 0.6550480769230769 0.03365384615384615 0.07211538461538461
2 0.22235576923076922 0.6009615384615384 0.03365384615384615 0.0889423076923077
2 0.4483173076923077 0.8822115384615384 0.02403846153846154 0.07211538461538461
2 0.4963942307692308 0.8954326923076923 0.055288461538461536 0.055288461538461536
2 0.5120192307692307 0.9675480769230769 0.03365384615384615 0.06490384615384616
2 0.5444711538461539 0.9699519230769231 0.057692307692307696 0.057692307692307696
2 0.6298076923076923 0.9675480769230769 0.03125 0.0625
2 0.7668269230769231 0.9555288461538461 0.04567307692307692 0.04567307692307692
2 0.7644230769230769 0.9110576923076923 0.038461538461538464 0.03365384615384615
2 0.6947115384615384 0.9615384615384616 0.04567307692307692 0.04567307692307692
2 0.6995192307692307 0.984375 0.03125 0.03125
2 0.7151442307692307 0.9879807692307693 0.03365384615384615 0.02403846153846154
2 0.6490384615384616 0.9951923076923077 0.021634615384615384 0.009615384615384616
2 0.6370192307692307 0.875 0.019230769230769232 0.08413461538461539
2 0.6225961538461539 0.8822115384615384 0.04326923076923077 0.04567307692307692
2 0.6033653846153846 0.9026442307692307 0.04807692307692308 0.04807692307692308
2 0.5757211538461539 0.9098557692307693 0.05048076923076923 0.052884615384615384
2 0.5829326923076923 0.8353365384615384 0.04567307692307692 0.04807692307692308
2 0.546875 0.7632211538461539 0.040865384615384616 0.07692307692307693
2 0.6009615384615384 0.8137019230769231 0.014423076923076924 0.057692307692307696
2 0.5889423076923077 0.7487980769230769 0.04807692307692308 0.04807692307692308
2 0.6298076923076923 0.7283653846153846 0.04807692307692308 0.04807692307692308
2 0.6177884615384616 0.8076923076923077 0.04326923076923077 0.04326923076923077
2 0.6514423076923077 0.8641826923076923 0.019230769230769232 0.052884615384615384
2 0.6658653846153846 0.8677884615384616 0.03365384615384615 0.036057692307692304
2 0.6935096153846154 0.7980769230769231 0.026442307692307692 0.0673076923076923
2 0.6694711538461539 0.7355769230769231 0.021634615384615384 0.06009615384615385
2 0.7199519230769231 0.828125 0.040865384615384616 0.040865384615384616
2 0.7007211538461539 0.7992788461538461 0.026442307692307692 0.0625
2 0.71875 0.7139423076923077 0.04567307692307692 0.04567307692307692
2 0.41346153846153844 0.9951923076923077 0.016826923076923076 0.009615384615384616
2 0.38461538461538464 0.9879807692307693 0.026442307692307692 0.02403846153846154
2 0.44591346153846156 0.9963942307692307 0.019230769230769232 0.007211538461538462
2 0.5036057692307693 0.9963942307692307 0.019230769230769232 0.007211538461538462
2 0.18269230769230768 0.5048076923076923 0.057692307692307696 0.057692307692307696
2 0.1466346153846154 0.4230769230769231 0.03365384615384615 0.07451923076923077
2 0.23918269230769232 0.4362980769230769 0.038461538461538464 0.09134615384615384
2 0.22235576923076922 0.3173076923076923 0.057692307692307696 0.057692307692307696
2 0.16826923076923078 0.3016826923076923 0.055288461538461536 0.057692307692307696
2 0.25240384615384615 0.3629807692307692 0.04807692307692308 0.04567307692307692
2 0.3125 0.4230769230769231 0.052884615384615384 0.052884615384615384
2 0.2920673076923077 0.3401442307692308 0.055288461538461536 0.052884615384615384
2 0.3269230769230769 0.24759615384615385 0.03125 0.07692307692307693
2 0.26322115384615385 0.27884615384615385 0.052884615384615384 0.055288461538461536
2 0.19951923076923078 0.16826923076923078 0.055288461538461536 0.055288461538461536
2 0.24879807692307693 0.17067307692307693 0.052884615384615384 0.055288461538461536
2 0.2860576923076923 0.17548076923076922 0.03125 0.08653846153846154
2 0.3449519230769231 0.1971153846153846 0.057692307692307696 0.057692307692307696
2 0.43990384615384615 0.5516826923076923 0.03125 0.06490384615384616
2 0.4963942307692308 0.6887019230769231 0.038461538461538464 0.07451923076923077
2 0.5252403846153846 0.6899038461538461 0.038461538461538464 0.06971153846153846
2 0.5564903846153846 0.7007211538461539 0.057692307692307696 0.057692307692307696
2 0.5913461538461539 0.7103365384615384 0.03365384615384615 0.03365384615384615
2 0.6081730769230769 0.6310096153846154 0.040865384615384616 0.038461538461538464
2 0.6514423076923077 0.6201923076923077 0.026442307692307692 0.06490384615384616
2 0.6730769230769231 0.6478365384615384 0.04567307692307692 0.04807692307692308
2 0.6971153846153846 0.6466346153846154 0.03365384615384615 0.0625
2 0.7199519230769231 0.6081730769230769 0.04807692307692308 0.04807692307692308
2 0.765625 0.6225961538461539 0.019230769230769232 0.028846153846153848
2 0.7620192307692307 0.5637019230769231 0.04326923076923077 0.04567307692307692
2 0.7728365384615384 0.484375 0.026442307692307692 0.0673076923076923
2 0.7331730769230769 0.4579326923076923 0.04326923076923077 0.040865384615384616
2 0.7079326923076923 0.390625 0.026442307692307692 0.07211538461538461
2 0.18269230769230768 0.09134615384615384 0.0673076923076923 0.06490384615384616
2 0.5661057692307693 0.609375 0.052884615384615384 0.04807692307692308
2 0.5132211538461539 0.5949519230769231 0.03365384615384615 0.0673076923076923
2 0.47596153846153844 0.5961538461538461 0.03125 0.08653846153846154
2 0.5288461538461539 0.5276442307692307 0.03125 0.07211538461538461
2 0.42908653846153844 0.4639423076923077 0.06490384615384616 0.0673076923076923
2 0.4831730769230769 0.41225961538461536 0.038461538461538464 0.0889423076923077
2 0.5168269230769231 0.4230769230769231 0.028846153846153848 0.07932692307692307
2 0.5673076923076923 0.5300480769230769 0.026442307692307692 0.04807692307692308
2 0.5973557692307693 0.5853365384615384 0.04326923076923077 0.04326923076923077
2 0.6370192307692307 0.5396634615384616 0.055288461538461536 0.057692307692307696
2 0.6730769230769231 0.5192307692307693 0.04807692307692308 0.05048076923076923
2 0.6862980769230769 0.5697115384615384 0.04326923076923077 0.04567307692307692
2 0.21514423076923078 0.25 0.052884615384615384 0.055288461538461536
2 0.21995192307692307 0.028846153846153848 0.036057692307692304 0.055288461538461536
2 0.2536057692307692 0.051682692307692304 0.038461538461538464 0.09134615384615384
2 0.28725961538461536 0.07451923076923077 0.06490384615384616 0.06490384615384616
2 0.33052884615384615 0.1045673076923077 0.05048076923076923 0.05048076923076923
2 0.46033653846153844 0.3605769230769231 0.036057692307692304 0.08653846153846154
2 0.47716346153846156 0.30528846153846156 0.028846153846153848 0.0625
2 0.43028846153846156 0.2956730769230769 0.05048076923076923 0.052884615384615384
2 0.38100961538461536 0.35216346153846156 0.028846153846153848 0.08173076923076923
2 0.5588942307692307 0.4723557692307692 0.040865384615384616 0.04326923076923077
2 0.5324519230769231 0.46875 0.03125 0.03125
2 0.5721153846153846 0.4735576923076923 0.052884615384615384 0.05048076923076923
2 0.6177884615384616 0.4987980769230769 0.03365384615384615 0.0625
2 0.7848557692307693 0.8197115384615384 0.040865384615384616 0.04326923076923077
2 0.7836538461538461 0.7632211538461539 0.03365384615384615 0.06009615384615385
2 0.8221153846153846 0.7139423076923077 0.040865384615384616 0.08173076923076923
2 0.8425480769230769 0.78125 0.028846153846153848 0.0673076923076923
2 0.8125 0.8209134615384616 0.04326923076923077 0.040865384615384616
2 0.8088942307692307 0.8918269230769231 0.026442307692307692 0.057692307692307696
2 0.6610576923076923 0.9891826923076923 0.03125 0.021634615384615384
2 0.7596153846153846 0.9879807692307693 0.026442307692307692 0.02403846153846154
2 0.7355769230769231 0.9879807692307693 0.026442307692307692 0.02403846153846154
2 0.7860576923076923 0.984375 0.021634615384615384 0.03125
2 0.7560096153846154 0.9855769230769231 0.028846153846153848 0.028846153846153848
2 0.8461538461538461 0.984375 0.03125 0.03125
2 0.8629807692307693 0.9867788461538461 0.026442307692307692 0.026442307692307692
2 0.8581730769230769 0.9903846153846154 0.028846153846153848 0.019230769230769232
2 0.8569711538461539 0.9867788461538461 0.02403846153846154 0.026442307692307692
2 0.7920673076923077 0.984375 0.03365384615384615 0.03125
2 0.8004807692307693 0.9651442307692307 0.03125 0.05048076923076923
2 0.8004807692307693 0.5649038461538461 0.026442307692307692 0.0673076923076923
2 0.8822115384615384 0.7403846153846154 0.04807692307692308 0.04807692307692308
2 0.8918269230769231 0.9855769230769231 0.036057692307692304 0.028846153846153848
2 0.8954326923076923 0.9879807692307693 0.028846153846153848 0.02403846153846154
2 0.9050480769230769 0.9399038461538461 0.04807692307692308 0.052884615384615384
2 0.8918269230769231 0.8569711538461539 0.028846153846153848 0.05048076923076923
2 0.9110576923076923 0.7680288461538461 0.057692307692307696 0.055288461538461536
2 0.9471153846153846 0.8677884615384616 0.019230769230769232 0.07932692307692307
2 0.640625 0.44350961538461536 0.021634615384615384 0.052884615384615384
2 0.6213942307692307 0.39302884615384615 0.04567307692307692 0.04807692307692308
2 0.6454326923076923 0.36899038461538464 0.05048076923076923 0.04807692307692308
2 0.5552884615384616 0.36778846153846156 0.028846153846153848 0.09134615384615384
2 0.5336538461538461 0.3449519230769231 0.052884615384615384 0.052884615384615384
2 0.5600961538461539 0.26802884615384615 0.036057692307692304 0.09134615384615384
2 0.5997596153846154 0.3137019230769231 0.055288461538461536 0.052884615384615384
2 0.6334134615384616 0.3016826923076923 0.04807692307692308 0.04807692307692308
2 0.6418269230769231 0.2932692307692308 0.019230769230769232 0.07451923076923077
2 0.6646634615384616 0.265625 0.03365384615384615 0.07211538461538461
2 0.6971153846153846 0.3076923076923077 0.040865384615384616 0.040865384615384616
2 0.8834134615384616 0.6334134615384616 0.04807692307692308 0.05048076923076923
2 0.8377403846153846 0.515625 0.026442307692307692 0.06490384615384616
2 0.8774038461538461 0.546875 0.05048076923076923 0.05048076923076923
2 0.9771634615384616 0.4495192307692308 0.040865384615384616 0.05048076923076923
2 0.6971153846153846 0.2548076923076923 0.021634615384615384 0.036057692307692304
2 0.44711538461538464 0.22115384615384615 0.055288461538461536 0.052884615384615384
2 0.38221153846153844 0.23076923076923078 0.028846153846153848 0.08173076923076923
2 0.4230769230769231 0.15264423076923078 0.036057692307692304 0.07451923076923077
2 0.421875 0.06009615384615385 0.06009615384615385 0.0625
2 0.37259615384615385 0.13221153846153846 0.03125 0.08653846153846154
2 0.3605769230769231 0.040865384615384616 0.038461538461538464 0.07692307692307693
2 0.3112980769230769 0.02283653846153846 0.036057692307692304 0.040865384615384616
2 0.4326923076923077 0.013221153846153846 0.038461538461538464 0.021634615384615384
2 0.5012019230769231 0.027644230769230768 0.040865384615384616 0.040865384615384616
2 0.4951923076923077 0.11899038461538461 0.03125 0.07451923076923077
2 0.5096153846153846 0.1622596153846154 0.026442307692307692 0.07211538461538461
2 0.5360576923076923 0.1310096153846154 0.06490384615384616 0.0673076923076923
2 0.5697115384615384 0.07932692307692307 0.04807692307692308 0.05048076923076923
2 0.5324519230769231 0.026442307692307692 0.040865384615384616 0.040865384615384616
2 0.5673076923076923 0.03125 0.04326923076923077 0.040865384615384616
2 0.5973557692307693 0.14423076923076922 0.04326923076923077 0.04567307692307692
2 0.5985576923076923 0.06850961538461539 0.019230769230769232 0.0625
2 0.6069711538461539 0.019230769230769232 0.03125 0.03125
2 0.640625 0.014423076923076924 0.021634615384615384 0.021634615384615384
2 0.6610576923076923 0.04807692307692308 0.03365384615384615 0.055288461538461536
2 0.6454326923076923 0.12860576923076922 0.03365384615384615 0.0673076923076923
2 0.6442307692307693 0.1971153846153846 0.05048076923076923 0.04567307692307692
2 0.6923076923076923 0.1935096153846154 0.026442307692307692 0.057692307692307696
2 0.6838942307692307 0.11899038461538461 0.04807692307692308 0.04807692307692308
2 0.8245192307692307 0.020432692307692308 0.02403846153846154 0.03125
2 0.8004807692307693 0.030048076923076924 0.028846153846153848 0.05048076923076923
2 0.7463942307692307 0.027644230769230768 0.036057692307692304 0.036057692307692304
2 0.7451923076923077 0.1201923076923077 0.04326923076923077 0.04326923076923077
2 0.7728365384615384 0.15865384615384615 0.038461538461538464 0.04326923076923077
2 0.7644230769230769 0.21634615384615385 0.05048076923076923 0.04807692307692308
2 0.7896634615384616 0.6454326923076923 0.04326923076923077 0.04326923076923077
2 0.8221153846153846 0.3161057692307692 0.02403846153846154 0.05048076923076923
2 0.78125 0.3858173076923077 0.038461538461538464 0.040865384615384616
2 0.8100961538461539 0.4050480769230769 0.02403846153846154 0.057692307692307696
2 0.8425480769230769 0.41947115384615385 0.02403846153846154 0.07451923076923077
2 0.8004807692307693 0.4951923076923077 0.04326923076923077 0.04326923076923077
2 0.46875 0.5036057692307693 0.04807692307692308 0.05048076923076923
2 0.9807692307692307 0.9891826923076923 0.026442307692307692 0.021634615384615384
2 0.8774038461538461 0.9891826923076923 0.026442307692307692 0.021634615384615384
2 0.9471153846153846 0.9915865384615384 0.021634615384615384 0.016826923076923076
2 0.9591346153846154 0.9807692307692307 0.021634615384615384 0.038461538461538464
2 0.9819711538461539 0.9855769230769231 0.02403846153846154 0.028846153846153848
2 0.9206730769230769 0.9867788461538461 0.03125 0.026442307692307692
2 0.9242788461538461 0.9915865384615384 0.02403846153846154 0.016826923076923076
2 0.9050480769230769 0.9939903846153846 0.02403846153846154 0.01201923076923077
2 0.8377403846153846 0.8653846153846154 0.028846153846153848 0.057692307692307696
2 0.9819711538461539 0.8617788461538461 0.026442307692307692 0.04326923076923077
2 0.9783653846153846 0.7872596153846154 0.02403846153846154 0.052884615384615384
2 0.9747596153846154 0.7463942307692307 0.026442307692307692 0.057692307692307696
2 0.9807692307692307 0.7295673076923077 0.02403846153846154 0.04807692307692308
2 0.9362980769230769 0.6947115384615384 0.019230769230769232 0.0625
2 0.9579326923076923 0.6911057692307693 0.019230769230769232 0.07211538461538461
2 0.9723557692307693 0.6141826923076923 0.04807692307692308 0.052884615384615384
2 0.9435096153846154 0.5841346153846154 0.02403846153846154 0.0625
2 0.9110576923076923 0.5949519230769231 0.016826923076923076 0.07451923076923077
2 0.953125 0.5372596153846154 0.04326923076923077 0.04326923076923077
2 0.9855769230769231 0.5841346153846154 0.021634615384615384 0.03125
2 0.9855769230769231 0.5108173076923077 0.02403846153846154 0.038461538461538464
2 0.984375 0.5216346153846154 0.026442307692307692 0.040865384615384616
2 0.9915865384615384 0.44711538461538464 0.01201923076923077 0.06490384615384616
2 0.9927884615384616 0.4651442307692308 0.009615384615384616 0.0625
2 0.9855769230769231 0.3870192307692308 0.02403846153846154 0.036057692307692304
2 0.9783653846153846 0.35697115384615385 0.038461538461538464 0.038461538461538464
2 0.9507211538461539 0.3425480769230769 0.04567307692307692 0.04807692307692308
2 0.9254807692307693 0.3137019230769231 0.040865384615384616 0.040865384615384616
2 0.9050480769230769 0.36658653846153844 0.036057692307692304 0.036057692307692304
2 0.9038461538461539 0.4338942307692308 0.014423076923076924 0.05048076923076923
2 0.8918269230769231 0.3918269230769231 0.038461538461538464 0.038461538461538464
2 0.8629807692307693 0.36899038461538464 0.038461538461538464 0.036057692307692304
2 0.8677884615384616 0.25600961538461536 0.02403846153846154 0.06490384615384616
2 0.8557692307692307 0.31490384615384615 0.02403846153846154 0.0625
2 0.9915865384615384 0.3125 0.014423076923076924 0.05048076923076923
2 0.9831730769230769 0.3485576923076923 0.028846153846153848 0.04567307692307692
2 0.9879807692307693 0.31490384615384615 0.021634615384615384 0.03125
2 0.9939903846153846 0.30408653846153844 0.009615384615384616 0.057692307692307696
2 0.7524038461538461 0.3088942307692308 0.05048076923076923 0.05048076923076923
2 0.7836538461538461 0.33653846153846156 0.038461538461538464 0.038461538461538464
2 0.7836538461538461 0.27283653846153844 0.026442307692307692 0.055288461538461536
2 0.828125 0.24879807692307693 0.02403846153846154 0.06490384615384616
2 0.8064903846153846 0.21875 0.03365384615384615 0.07211538461538461
2 0.7980769230769231 0.15504807692307693 0.04567307692307692 0.04567307692307692
2 0.8569711538461539 0.171875 0.04807692307692308 0.04807692307692308
2 0.8221153846153846 0.19230769230769232 0.016826923076923076 0.0673076923076923
2 0.8317307692307693 0.10336538461538461 0.04326923076923077 0.04326923076923077
2 0.7872596153846154 0.0985576923076923 0.05048076923076923 0.04807692307692308
2 0.8497596153846154 0.051682692307692304 0.040865384615384616 0.040865384615384616
2 0.9915865384615384 0.02403846153846154 0.016826923076923076 0.036057692307692304
2 0.9362980769230769 0.021634615384615384 0.02403846153846154 0.03125
2 0.9050480769230769 0.15985576923076922 0.038461538461538464 0.040865384615384616
2 0.8978365384615384 0.23197115384615385 0.038461538461538464 0.040865384615384616
2 0.9326923076923077 0.14423076923076922 0.036057692307692304 0.036057692307692304
2 0.9471153846153846 0.14543269230769232 0.019230769230769232 0.0625
2 0.9627403846153846 0.13221153846153846 0.02403846153846154 0.06009615384615385
2 0.9855769230769231 0.17908653846153846 0.026442307692307692 0.038461538461538464
2 0.9891826923076923 0.23677884615384615 0.019230769230769232 0.057692307692307696
2 0.9867788461538461 0.19591346153846154 0.02403846153846154 0.03365384615384615
2 0.9915865384615384 0.25600961538461536 0.014423076923076924 0.04807692307692308
2 0.9891826923076923 0.13822115384615385 0.019230769230769232 0.028846153846153848
2 0.9927884615384616 0.10817307692307693 0.014423076923076924 0.055288461538461536
2 0.9867788461538461 0.06971153846153846 0.026442307692307692 0.040865384615384616
2 0.9903846153846154 0.08052884615384616 0.019230769230769232 0.0625
2 0.9951923076923077 0.09615384615384616 0.009615384615384616 0.05048076923076923
2 0.9879807692307693 0.19230769230769232 0.021634615384615384 0.03125
2 0.9963942307692307 0.026442307692307692 0.007211538461538462 0.040865384615384616
2 0.9891826923076923 0.984375 0.009615384615384616 0.03125
2 0.9903846153846154 0.9891826923076923 0.007211538461538462 0.021634615384615384
2 0.9903846153846154 0.9903846153846154 0.007211538461538462 0.019230769230769232
2 0.9891826923076923 0.9867788461538461 0.009615384615384616 0.026442307692307692
2 0.9903846153846154 0.9867788461538461 0.007211538461538462 0.026442307692307692
2 0.9891826923076923 0.9855769230769231 0.009615384615384616 0.028846153846153848
2 0.9903846153846154 0.9879807692307693 0.007211538461538462 0.02403846153846154
2 0.9891826923076923 0.9915865384615384 0.009615384615384616 0.016826923076923076
2 0.9855769230769231 0.9891826923076923 0.016826923076923076 0.021634615384615384
2 0.9807692307692307 0.9627403846153846 0.026442307692307692 0.038461538461538464
2 0.9891826923076923 0.9795673076923077 0.009615384615384616 0.040865384615384616
2 0.9831730769230769 0.8689903846153846 0.02403846153846154 0.03365384615384615
2 0.984375 0.7956730769230769 0.021634615384615384 0.036057692307692304
2 0.9867788461538461 0.8665865384615384 0.016826923076923076 0.052884615384615384
2 0.9879807692307693 0.8894230769230769 0.014423076923076924 0.05048076923076923
2 0.984375 0.7512019230769231 0.021634615384615384 0.038461538461538464
2 0.9831730769230769 0.7199519230769231 0.026442307692307692 0.038461538461538464
2 0.9891826923076923 0.6911057692307693 0.014423076923076924 0.057692307692307696
2 0.9855769230769231 0.6766826923076923 0.021634615384615384 0.03365384615384615
2 0.9915865384615384 0.6334134615384616 0.009615384615384616 0.07211538461538461
2 0.984375 0.6213942307692307 0.02403846153846154 0.038461538461538464
2 0.9867788461538461 0.6141826923076923 0.019230769230769232 0.03365384615384615
2 0.9891826923076923 0.5853365384615384 0.014423076923076924 0.04807692307692308
2 0.9891826923076923 0.5444711538461539 0.014423076923076924 0.057692307692307696
2 0.984375 0.5721153846153846 0.02403846153846154 0.036057692307692304
2 0.9879807692307693 0.5336538461538461 0.016826923076923076 0.06009615384615385
2 0.9915865384615384 0.5360576923076923 0.009615384615384616 0.05048076923076923
2 0.9879807692307693 0.4579326923076923 0.019230769230769232 0.028846153846153848
2 0.9915865384615384 0.49278846153846156 0.01201923076923077 0.06009615384615385
2 0.9891826923076923 0.4579326923076923 0.016826923076923076 0.02403846153846154
2 0.9915865384615384 0.4074519230769231 0.01201923076923077 0.0673076923076923
2 0.9879807692307693 0.33533653846153844 0.019230769230769232 0.03365384615384615
2 0.9939903846153846 0.20673076923076922 0.009615384615384616 0.04567307692307692