2 0.004807692307692308 0.7884615384615384 0.007211538461538462 0.04326923076923077
2 0.015625 0.7836538461538461 0.019230769230769232 0.028846153846153848
2 0.036057692307692304 0.7391826923076923 0.016826923076923076 0.026442307692307692
2 0.054086538461538464 0.7548076923076923 0.019230769230769232 0.021634615384615384
2 0.078125 0.7223557692307693 0.02403846153846154 0.03125
2 0.0733173076923077 0.6778846153846154 0.02403846153846154 0.028846153846153848
2 0.08052884615384616 0.7007211538461539 0.016826923076923076 0.02403846153846154
2 0.11057692307692307 0.6454326923076923 0.021634615384615384 0.026442307692307692
2 0.12740384615384615 0.6454326923076923 0.014423076923076924 0.028846153846153848
2 0.14423076923076922 0.6622596153846154 0.019230769230769232 0.03125
2 0.1466346153846154 0.6201923076923077 0.019230769230769232 0.02403846153846154
2 0.17307692307692307 0.6141826923076923 0.019230769230769232 0.03125
2 0.1935096153846154 0.6466346153846154 0.019230769230769232 0.026442307692307692
2 0.2091346153846154 0.6237980769230769 0.021634615384615384 0.028846153846153848
2 0.23197115384615385 0.6105769230769231 0.016826923076923076 0.02403846153846154
2 0.24639423076923078 0.6105769230769231 0.014423076923076924 0.021634615384615384
2 0.265625 0.6201923076923077 0.016826923076923076 0.028846153846153848
2 0.2776442307692308 0.6526442307692307 0.016826923076923076 0.03125
2 0.29927884615384615 0.6634615384615384 0.014423076923076924 0.026442307692307692
2 0.3125 0.6382211538461539 0.016826923076923076 0.02403846153846154
2 0.3173076923076923 0.6622596153846154 0.014423076923076924 0.026442307692307692
2 0.33052884615384615 0.6826923076923077 0.014423076923076924 0.016826923076923076
2 0.3161057692307692 0.6971153846153846 0.016826923076923076 0.026442307692307692
2 0.328125 0.7295673076923077 0.016826923076923076 0.02403846153846154
2 0.296875 0.7067307692307693 0.014423076923076924 0.02403846153846154
2 0.3137019230769231 0.734375 0.016826923076923076 0.028846153846153848
2 0.2848557692307692 0.7211538461538461 0.019230769230769232 0.028846153846153848
2 0.2980769230769231 0.7692307692307693 0.021634615384615384 0.03125
2 0.23918269230769232 0.6526442307692307 0.019230769230769232 0.02403846153846154
2 0.22115384615384615 0.6622596153846154 0.021634615384615384 0.03125
2 0.23557692307692307 0.6778846153846154 0.019230769230769232 0.026442307692307692
2 0.25 0.6586538461538461 0.014423076923076924 0.026442307692307692
2 0.2668269230769231 0.6670673076923077 0.016826923076923076 0.02403846153846154
2 0.27283653846153844 0.6862980769230769 0.019230769230769232 0.026442307692307692
2 0.25600961538461536 0.6826923076923077 0.016826923076923076 0.02403846153846154
2 0.24519230769230768 0.7103365384615384 0.016826923076923076 0.028846153846153848
2 0.265625 0.7620192307692307 0.019230769230769232 0.026442307692307692
2 0.27524038461538464 0.7355769230769231 0.019230769230769232 0.026442307692307692
2 0.19110576923076922 0.6802884615384616 0.021634615384615384 0.028846153846153848
2 0.17908653846153846 0.7043269230769231 0.026442307692307692 0.028846153846153848
2 0.18629807692307693 0.7415865384615384 0.026442307692307692 0.03125
2 0.21634615384615385 0.7175480769230769 0.016826923076923076 0.02403846153846154
2 0.22956730769230768 0.6995192307692307 0.021634615384615384 0.026442307692307692
2 0.23557692307692307 0.7427884615384616 0.021634615384615384 0.028846153846153848
2 0.22235576923076922 0.7644230769230769 0.021634615384615384 0.03125
2 0.23918269230769232 0.7788461538461539 0.019230769230769232 0.03125
2 0.19831730769230768 0.796875 0.016826923076923076 0.028846153846153848
2 0.16826923076923078 0.7716346153846154 0.019230769230769232 0.021634615384615384
2 0.15865384615384615 0.7439903846153846 0.019230769230769232 0.028846153846153848
2 0.12860576923076922 0.7367788461538461 0.019230769230769232 0.028846153846153848
2 0.1045673076923077 0.7271634615384616 0.021634615384615384 0.028846153846153848
2 0.09254807692307693 0.75 0.021634615384615384 0.026442307692307692
2 0.08653846153846154 0.7788461538461539 0.021634615384615384 0.03365384615384615
2 0.1045673076923077 0.7872596153846154 0.02403846153846154 0.03365384615384615
2 0.06850961538461539 0.7992788461538461 0.019230769230769232 0.028846153846153848
2 0.06971153846153846 0.7776442307692307 0.021634615384615384 0.03365384615384615
2 0.046875 0.7800480769230769 0.021634615384615384 0.03365384615384615
2 0.027644230769230768 0.8161057692307693 0.026442307692307692 0.02403846153846154
2 0.057692307692307696 0.8365384615384616 0.019230769230769232 0.026442307692307692
2 0.07572115384615384 0.8341346153846154 0.019230769230769232 0.03125
2 0.0829326923076923 0.8665865384615384 0.019230769230769232 0.03125
2 0.10697115384615384 0.8473557692307693 0.02403846153846154 0.026442307692307692
2 0.03485576923076923 0.8677884615384616 0.019230769230769232 0.03365384615384615
2 0.07091346153846154 0.9375 0.019230769230769232 0.03365384615384615
2 0.08653846153846154 0.9230769230769231 0.019230769230769232 0.028846153846153848
2 0.10817307692307693 0.9314903846153846 0.021634615384615384 0.026442307692307692
2 0.1310096153846154 0.8930288461538461 0.021634615384615384 0.03125
2 0.14783653846153846 0.8329326923076923 0.019230769230769232 0.03125
2 0.15144230769230768 0.8064903846153846 0.016826923076923076 0.028846153846153848
2 0.171875 0.859375 0.019230769230769232 0.028846153846153848
2 0.19591346153846154 0.8834134615384616 0.021634615384615384 0.028846153846153848
2 0.18389423076923078 0.8100961538461539 0.01201923076923077 0.026442307692307692
2 0.16826923076923078 0.8028846153846154 0.021634615384615384 0.028846153846153848
2 0.1935096153846154 0.8341346153846154 0.019230769230769232 0.03125
2 0.25961538461538464 0.7992788461538461 0.019230769230769232 0.028846153846153848
2 0.15865384615384615 0.8858173076923077 0.019230769230769232 0.03125
2 0.015625 0.8689903846153846 0.021634615384615384 0.03365384615384615
2 0.004807692307692308 0.8629807692307693 0.007211538461538462 0.038461538461538464
2 0.20793269230769232 0.8581730769230769 0.019230769230769232 0.028846153846153848
2 0.28365384615384615 0.43990384615384615 0.014423076923076924 0.026442307692307692
2 0.2920673076923077 0.43028846153846156 0.016826923076923076 0.02403846153846154
2 0.3137019230769231 0.41947115384615385 0.019230769230769232 0.02403846153846154
2 0.3293269230769231 0.40384615384615385 0.016826923076923076 0.021634615384615384
2 0.2956730769230769 0.453125 0.016826923076923076 0.019230769230769232
2 0.3112980769230769 0.45552884615384615 0.014423076923076924 0.016826923076923076
2 0.32572115384615385 0.48677884615384615 0.014423076923076924 0.021634615384615384
2 0.31971153846153844 0.5144230769230769 0.01201923076923077 0.02403846153846154
2 0.34134615384615385 0.5276442307692307 0.016826923076923076 0.016826923076923076
2 0.3317307692307692 0.42427884615384615 0.016826923076923076 0.021634615384615384
2 0.32091346153846156 0.5805288461538461 0.014423076923076924 0.021634615384615384
2 0.3449519230769231 0.6370192307692307 0.014423076923076924 0.021634615384615384
2 0.296875 0.4723557692307692 0.014423076923076924 0.028846153846153848
2 0.30649038461538464 0.49158653846153844 0.014423076923076924 0.028846153846153848
2 0.4074519230769231 0.5769230769230769 0.016826923076923076 0.028846153846153848
2 0.4110576923076923 0.6490384615384616 0.016826923076923076 0.03125
2 0.4254807692307692 0.6358173076923077 0.019230769230769232 0.028846153846153848
2 0.43149038461538464 0.5925480769230769 0.016826923076923076 0.03125
2 0.44471153846153844 0.5877403846153846 0.016826923076923076 0.028846153846153848
2 0.453125 0.6177884615384616 0.019230769230769232 0.02403846153846154
2 0.45072115384615385 0.5588942307692307 0.016826923076923076 0.028846153846153848
2 0.4651442307692308 0.5721153846153846 0.019230769230769232 0.028846153846153848
2 0.4795673076923077 0.5564903846153846 0.014423076923076924 0.028846153846153848
2 0.48197115384615385 0.5204326923076923 0.014423076923076924 0.02403846153846154
2 0.4879807692307692 0.49158653846153844 0.014423076923076924 0.02403846153846154
2 0.5024038461538461 0.47836538461538464 0.016826923076923076 0.028846153846153848
2 0.5072115384615384 0.44591346153846156 0.016826923076923076 0.021634615384615384
2 0.5252403846153846 0.44471153846153844 0.016826923076923076 0.026442307692307692
2 0.5372596153846154 0.4326923076923077 0.01201923076923077 0.026442307692307692
2 0.5480769230769231 0.44711538461538464 0.01201923076923077 0.026442307692307692
2 0.5600961538461539 0.45072115384615385 0.01201923076923077 0.026442307692307692
2 0.5540865384615384 0.4206730769230769 0.01201923076923077 0.026442307692307692
2 0.5637019230769231 0.3798076923076923 0.016826923076923076 0.026442307692307692
2 0.5793269230769231 0.4206730769230769 0.019230769230769232 0.026442307692307692
2 0.5889423076923077 0.390625 0.016826923076923076 0.026442307692307692
2 0.6069711538461539 0.3894230769230769 0.014423076923076924 0.028846153846153848
2 0.6322115384615384 0.38100961538461536 0.016826923076923076 0.021634615384615384
2 0.6177884615384616 0.4230769230769231 0.01201923076923077 0.02403846153846154
2 0.6334134615384616 0.43509615384615385 0.01201923076923077 0.028846153846153848
2 0.6502403846153846 0.43990384615384615 0.01201923076923077 0.028846153846153848
2 0.6081730769230769 0.44350961538461536 0.01201923076923077 0.02403846153846154
2 0.53125 0.5180288461538461 0.01201923076923077 0.02403846153846154
2 0.5180288461538461 0.5300480769230769 0.016826923076923076 0.02403846153846154
2 0.4987980769230769 0.5865384615384616 0.019230769230769232 0.02403846153846154
2 0.5012019230769231 0.546875 0.014423076923076924 0.028846153846153848
2 0.45913461538461536 0.6610576923076923 0.016826923076923076 0.02403846153846154
2 0.4855769230769231 0.6550480769230769 0.019230769230769232 0.026442307692307692
2 0.4987980769230769 0.6310096153846154 0.016826923076923076 0.03365384615384615
2 0.48197115384615385 0.5793269230769231 0.016826923076923076 0.026442307692307692
2 0.5348557692307693 0.6826923076923077 0.019230769230769232 0.02403846153846154
2 0.5348557692307693 0.6298076923076923 0.016826923076923076 0.02403846153846154
2 0.53125 0.5793269230769231 0.014423076923076924 0.026442307692307692
2 0.5204326923076923 0.5576923076923077 0.016826923076923076 0.028846153846153848
2 0.5444711538461539 0.5625 0.016826923076923076 0.02403846153846154
2 0.5492788461538461 0.5384615384615384 0.014423076923076924 0.02403846153846154
2 0.5444711538461539 0.4963942307692308 0.014423076923076924 0.026442307692307692
2 0.5540865384615384 0.5072115384615384 0.016826923076923076 0.02403846153846154
2 0.5588942307692307 0.5216346153846154 0.01201923076923077 0.028846153846153848
2 0.5697115384615384 0.5084134615384616 0.014423076923076924 0.02403846153846154
2 0.5588942307692307 0.4855769230769231 0.016826923076923076 0.026442307692307692
2 0.5865384615384616 0.47115384615384615 0.019230769230769232 0.026442307692307692
2 0.5649038461538461 0.609375 0.016826923076923076 0.02403846153846154
2 0.5793269230769231 0.5997596153846154 0.01201923076923077 0.02403846153846154
2 0.6009615384615384 0.6009615384615384 0.016826923076923076 0.02403846153846154
2 0.6201923076923077 0.6105769230769231 0.01201923076923077 0.02403846153846154
2 0.6346153846153846 0.6165865384615384 0.01201923076923077 0.02403846153846154
2 0.6646634615384616 0.6262019230769231 0.01201923076923077 0.02403846153846154
2 0.6622596153846154 0.5817307692307693 0.01201923076923077 0.02403846153846154
2 0.6754807692307693 0.5528846153846154 0.01201923076923077 0.026442307692307692
2 0.6730769230769231 0.5 0.01201923076923077 0.02403846153846154
2 0.6694711538461539 0.4411057692307692 0.014423076923076924 0.028846153846153848
2 0.6141826923076923 0.5420673076923077 0.01201923076923077 0.019230769230769232
2 0.6057692307692307 0.5372596153846154 0.014423076923076924 0.019230769230769232
2 0.59375 0.5144230769230769 0.01201923076923077 0.019230769230769232
2 0.5817307692307693 0.5180288461538461 0.01201923076923077 0.021634615384615384
2 0.6286057692307693 0.5240384615384616 0.01201923076923077 0.01201923076923077
2 0.6225961538461539 0.5480769230769231 0.009615384615384616 0.021634615384615384
2 0.6346153846153846 0.5588942307692307 0.009615384615384616 0.021634615384615384
2 0.6382211538461539 0.5865384615384616 0.01201923076923077 0.021634615384615384
2 0.6286057692307693 0.5949519230769231 0.009615384615384616 0.016826923076923076
2 0.6490384615384616 0.5504807692307693 0.01201923076923077 0.016826923076923076
2 0.6574519230769231 0.5384615384615384 0.009615384615384616 0.016826923076923076
2 0.5372596153846154 0.6502403846153846 0.016826923076923076 0.026442307692307692
2 0.5240384615384616 0.7151442307692307 0.016826923076923076 0.03365384615384615
2 0.5372596153846154 0.7199519230769231 0.019230769230769232 0.038461538461538464
2 0.7259615384615384 0.7139423076923077 0.01201923076923077 0.02403846153846154
2 0.7403846153846154 0.7091346153846154 0.016826923076923076 0.028846153846153848
2 0.7536057692307693 0.7055288461538461 0.01201923076923077 0.03125
2 0.765625 0.7079326923076923 0.01201923076923077 0.026442307692307692
2 0.7896634615384616 0.7043269230769231 0.014423076923076924 0.026442307692307692
2 0.6959134615384616 0.6526442307692307 0.009615384615384616 0.021634615384615384
2 0.75 0.6262019230769231 0.01201923076923077 0.019230769230769232
2 0.8064903846153846 0.6598557692307693 0.014423076923076924 0.02403846153846154