2 0.33653846153846156 0.328125 0.0625 0.03125
2 0.5048076923076923 0.30288461538461536 0.0673076923076923 0.02403846153846154
2 0.6778846153846154 0.3894230769230769 0.0625 0.03365384615384615
2 0.6418269230769231 0.27884615384615385 0.057692307692307696 0.026442307692307692
2 0.7403846153846154 0.27163461538461536 0.06490384615384616 0.026442307692307692
2 0.2764423076923077 0.4170673076923077 0.04807692307692308 0.028846153846153848
2 0.5745192307692307 0.25600961538461536 0.04807692307692308 0.028846153846153848
2 0.1814903846153846 0.5108173076923077 0.0673076923076923 0.03125
2 0.23557692307692307 0.3762019230769231 0.04326923076923077 0.019230769230769232
2 0.3894230769230769 0.5841346153846154 0.06490384615384616 0.019230769230769232
2 0.20192307692307693 0.6454326923076923 0.06009615384615385 0.028846153846153848
2 0.13581730769230768 0.6574519230769231 0.040865384615384616 0.026442307692307692
2 0.234375 0.7355769230769231 0.05048076923076923 0.021634615384615384
2 0.41225961538461536 0.7235576923076923 0.055288461538461536 0.014423076923076924
2 0.1935096153846154 0.5649038461538461 0.038461538461538464 0.02403846153846154
2 0.1201923076923077 0.5685096153846154 0.038461538461538464 0.02403846153846154
2 0.1971153846153846 0.4579326923076923 0.08173076923076923 0.02403846153846154
2 0.3317307692307692 0.36899038461538464 0.057692307692307696 0.028846153846153848
2 0.3112980769230769 0.5096153846153846 0.05048076923076923 0.026442307692307692
2 0.47115384615384615 0.5072115384615384 0.057692307692307696 0.02403846153846154
2 0.8870192307692307 0.41346153846153844 0.04326923076923077 0.028846153846153848
2 0.9050480769230769 0.2860576923076923 0.0625 0.03365384615384615
2 0.6947115384615384 0.484375 0.040865384615384616 0.02403846153846154
2 0.7439903846153846 0.5492788461538461 0.052884615384615384 0.021634615384615384
2 0.9483173076923077 0.45072115384615385 0.03365384615384615 0.026442307692307692
2 0.5889423076923077 0.43028846153846156 0.038461538461538464 0.019230769230769232
2 0.47716346153846156 0.3737980769230769 0.06009615384615385 0.03365384615384615
2 0.5372596153846154 0.34375 0.06009615384615385 0.026442307692307692
2 0.3605769230769231 0.5420673076923077 0.04567307692307692 0.016826923076923076
2 0.3125 0.6382211538461539 0.052884615384615384 0.026442307692307692
2 0.4543269230769231 0.44711538461538464 0.0625 0.019230769230769232
2 0.49158653846153844 0.47475961538461536 0.04326923076923077 0.021634615384615384
2 0.609375 0.4074519230769231 0.04807692307692308 0.03125
2 0.5829326923076923 0.49759615384615385 0.0625 0.019230769230769232
2 0.7463942307692307 0.44471153846153844 0.057692307692307696 0.021634615384615384
2 0.7764423076923077 0.34134615384615385 0.0625 0.02403846153846154
2 0.9002403846153846 0.375 0.07932692307692307 0.021634615384615384
2 0.8233173076923077 0.2704326923076923 0.05048076923076923 0.02403846153846154
2 0.38341346153846156 0.4579326923076923 0.04326923076923077 0.026442307692307692
2 0.6237980769230769 0.5240384615384616 0.057692307692307696 0.028846153846153848
2 0.3329326923076923 0.6694711538461539 0.038461538461538464 0.02403846153846154
2 0.7920673076923077 0.4891826923076923 0.0625 0.02403846153846154
2 0.6490384615384616 0.3389423076923077 0.052884615384615384 0.028846153846153848
2 0.43509615384615385 0.3485576923076923 0.07932692307692307 0.02403846153846154
2 0.6935096153846154 0.31490384615384615 0.057692307692307696 0.026442307692307692
2 0.5420673076923077 0.5408653846153846 0.057692307692307696 0.028846153846153848
2 0.44471153846153844 0.40865384615384615 0.052884615384615384 0.021634615384615384
2 0.1201923076923077 0.6045673076923077 0.057692307692307696 0.026442307692307692
2 0.16706730769230768 0.6995192307692307 0.057692307692307696 0.02403846153846154
2 0.4074519230769231 0.65625 0.052884615384615384 0.02403846153846154
2 0.7692307692307693 0.38461538461538464 0.057692307692307696 0.02403846153846154
2 0.8689903846153846 0.4723557692307692 0.04807692307692308 0.028846153846153848