2 0.30288461538461536 0.6826923076923077 0.036057692307692304 0.04567307692307692
2 0.2668269230769231 0.75 0.03365384615384615 0.036057692307692304
2 0.28725961538461536 0.7668269230769231 0.03125 0.03125
2 0.31971153846153844 0.7271634615384616 0.028846153846153848 0.038461538461538464
2 0.3449519230769231 0.7175480769230769 0.021634615384615384 0.036057692307692304
2 0.359375 0.7596153846153846 0.028846153846153848 0.03365384615384615
2 0.3137019230769231 0.8112980769230769 0.03365384615384615 0.038461538461538464
2 0.33653846153846156 0.8846153846153846 0.03125 0.03125
2 0.3605769230769231 0.9050480769230769 0.036057692307692304 0.028846153846153848
2 0.31009615384615385 0.8762019230769231 0.021634615384615384 0.03365384615384615
2 0.28725961538461536 0.9350961538461539 0.03125 0.04326923076923077
2 0.27283653846153844 0.8257211538461539 0.03125 0.03365384615384615
2 0.23677884615384615 0.8737980769230769 0.03365384615384615 0.038461538461538464
2 0.27884615384615385 0.8533653846153846 0.036057692307692304 0.028846153846153848
2 0.2548076923076923 0.7692307692307693 0.028846153846153848 0.036057692307692304
2 0.23317307692307693 0.7223557692307693 0.036057692307692304 0.038461538461538464
2 0.23076923076923078 0.7572115384615384 0.03125 0.028846153846153848
2 0.21634615384615385 0.7860576923076923 0.03125 0.038461538461538464
2 0.19831730769230768 0.7512019230769231 0.036057692307692304 0.038461538461538464
2 0.18269230769230768 0.7800480769230769 0.028846153846153848 0.03365384615384615
2 0.19831730769230768 0.8100961538461539 0.03125 0.03125
2 0.1875 0.8557692307692307 0.026442307692307692 0.03365384615384615
2 0.203125 0.9579326923076923 0.038461538461538464 0.028846153846153848
2 0.2439903846153846 0.9194711538461539 0.026442307692307692 0.028846153846153848
2 0.21514423076923078 0.8942307692307693 0.026442307692307692 0.03365384615384615
2 0.1466346153846154 0.9831730769230769 0.03125 0.03365384615384615
2 0.171875 0.9759615384615384 0.019230769230769232 0.036057692307692304
2 0.1502403846153846 0.9314903846153846 0.026442307692307692 0.038461538461538464
2 0.12139423076923077 0.9242788461538461 0.040865384615384616 0.038461538461538464
2 0.10697115384615384 0.9639423076923077 0.036057692307692304 0.04326923076923077
2 0.07692307692307693 0.9278846153846154 0.021634615384615384 0.028846153846153848
2 0.15745192307692307 0.8509615384615384 0.03365384615384615 0.04326923076923077
2 0.14783653846153846 0.7728365384615384 0.028846153846153848 0.036057692307692304
2 0.15745192307692307 0.7379807692307693 0.03365384615384615 0.038461538461538464
2 0.17548076923076922 0.7211538461538461 0.009615384615384616 0.03365384615384615
2 0.15384615384615385 0.703125 0.04326923076923077 0.03125
2 0.16947115384615385 0.6730769230769231 0.040865384615384616 0.038461538461538464
2 0.12860576923076922 0.6418269230769231 0.040865384615384616 0.04567307692307692
2 0.0889423076923077 0.6514423076923077 0.040865384615384616 0.04326923076923077
2 0.09615384615384616 0.7463942307692307 0.040865384615384616 0.04326923076923077
2 0.11538461538461539 0.7896634615384616 0.038461538461538464 0.04326923076923077
2 0.10697115384615384 0.8305288461538461 0.038461538461538464 0.036057692307692304
2 0.08533653846153846 0.8521634615384616 0.028846153846153848 0.03365384615384615
2 0.06850961538461539 0.8641826923076923 0.026442307692307692 0.036057692307692304
2 0.04807692307692308 0.9266826923076923 0.026442307692307692 0.040865384615384616
2 0.04927884615384615 0.8774038461538461 0.026442307692307692 0.040865384615384616
2 0.019230769230769232 0.9182692307692307 0.038461538461538464 0.038461538461538464
2 0.0625 0.8125 0.036057692307692304 0.03365384615384615
2 0.06370192307692307 0.7680288461538461 0.038461538461538464 0.040865384615384616
2 0.04567307692307692 0.6875 0.028846153846153848 0.038461538461538464
2 0.016826923076923076 0.6838942307692307 0.03365384615384615 0.036057692307692304
2 0.003605769230769231 0.7379807692307693 0.007211538461538462 0.055288461538461536
2 0.016826923076923076 0.7632211538461539 0.03365384615384615 0.040865384615384616
2 0.008413461538461538 0.8100961538461539 0.014423076923076924 0.05048076923076923
2 0.02283653846153846 0.8425480769230769 0.038461538461538464 0.03365384615384615
2 0.054086538461538464 0.8365384615384616 0.021634615384615384 0.026442307692307692
2 0.006009615384615385 0.9675480769230769 0.01201923076923077 0.03365384615384615
2 0.002403846153846154 0.8485576923076923 0.004807692307692308 0.03365384615384615
2 0.5276442307692307 0.6983173076923077 0.026442307692307692 0.05048076923076923
2 0.5276442307692307 0.5372596153846154 0.028846153846153848 0.038461538461538464
2 0.5564903846153846 0.6778846153846154 0.028846153846153848 0.038461538461538464
2 0.5793269230769231 0.5973557692307693 0.028846153846153848 0.038461538461538464
2 0.6057692307692307 0.5817307692307693 0.03125 0.038461538461538464
2 0.59375 0.6574519230769231 0.03365384615384615 0.04567307692307692
2 0.6274038461538461 0.6478365384615384 0.036057692307692304 0.036057692307692304
2 0.6418269230769231 0.5745192307692307 0.03125 0.038461538461538464
2 0.625 0.5132211538461539 0.026442307692307692 0.04567307692307692
2 0.6598557692307693 0.5408653846153846 0.028846153846153848 0.04326923076923077
2 0.6947115384615384 0.5060096153846154 0.028846153846153848 0.040865384615384616
2 0.6935096153846154 0.5540865384615384 0.03125 0.04326923076923077
2 0.6790865384615384 0.6177884615384616 0.026442307692307692 0.03365384615384615
2 0.6550480769230769 0.6262019230769231 0.02403846153846154 0.040865384615384616
2 0.6430288461538461 0.7043269230769231 0.026442307692307692 0.036057692307692304
2 0.6778846153846154 0.7055288461538461 0.019230769230769232 0.028846153846153848
2 0.7019230769230769 0.6947115384615384 0.026442307692307692 0.038461538461538464
2 0.7295673076923077 0.6634615384615384 0.026442307692307692 0.036057692307692304
2 0.6995192307692307 0.5889423076923077 0.026442307692307692 0.028846153846153848
2 0.7355769230769231 0.5757211538461539 0.03125 0.03365384615384615
2 0.7091346153846154 0.6021634615384616 0.02403846153846154 0.02403846153846154
2 0.7151442307692307 0.7584134615384616 0.026442307692307692 0.038461538461538464
2 0.7439903846153846 0.7355769230769231 0.026442307692307692 0.036057692307692304
2 0.7283653846153846 0.6923076923076923 0.02403846153846154 0.03125
2 0.7019230769230769 0.4254807692307692 0.028846153846153848 0.04807692307692308
2 0.7295673076923077 0.4170673076923077 0.028846153846153848 0.040865384615384616
2 0.71875 0.35096153846153844 0.03365384615384615 0.04567307692307692
2 0.7487980769230769 0.3737980769230769 0.028846153846153848 0.04567307692307692
2 0.75 0.3173076923076923 0.028846153846153848 0.040865384615384616
2 0.7716346153846154 0.2403846153846154 0.028846153846153848 0.052884615384615384
2 0.8221153846153846 0.24879807692307693 0.036057692307692304 0.040865384615384616
2 0.8497596153846154 0.21153846153846154 0.02403846153846154 0.0625
2 0.8737980769230769 0.24519230769230768 0.026442307692307692 0.055288461538461536
2 0.8954326923076923 0.1814903846153846 0.028846153846153848 0.052884615384615384
2 0.9206730769230769 0.0733173076923077 0.028846153846153848 0.05048076923076923
2 0.9663461538461539 0.17908653846153846 0.036057692307692304 0.04326923076923077
2 0.9867788461538461 0.10336538461538461 0.026442307692307692 0.04807692307692308
2 0.9927884615384616 0.18269230769230768 0.014423076923076924 0.057692307692307696
2 0.9543269230769231 0.22355769230769232 0.038461538461538464 0.04807692307692308
2 0.9314903846153846 0.27524038461538464 0.026442307692307692 0.040865384615384616
2 0.9014423076923077 0.26322115384615385 0.026442307692307692 0.06009615384615385
2 0.8353365384615384 0.28966346153846156 0.03125 0.04807692307692308
2 0.8100961538461539 0.31850961538461536 0.021634615384615384 0.038461538461538464
2 0.8533653846153846 0.30649038461538464 0.03365384615384615 0.052884615384615384
2 0.875 0.3173076923076923 0.02403846153846154 0.04326923076923077
2 0.8557692307692307 0.3641826923076923 0.028846153846153848 0.040865384615384616
2 0.8209134615384616 0.41947115384615385 0.03125 0.040865384615384616
2 0.7932692307692307 0.453125 0.026442307692307692 0.038461538461538464
2 0.7668269230769231 0.47115384615384615 0.019230769230769232 0.038461538461538464
2 0.7439903846153846 0.49038461538461536 0.028846153846153848 0.040865384615384616
2 0.7560096153846154 0.5348557692307693 0.026442307692307692 0.040865384615384616
2 0.7860576923076923 0.5 0.03125 0.03365384615384615
2 0.8209134615384616 0.4891826923076923 0.026442307692307692 0.036057692307692304
2 0.8425480769230769 0.515625 0.026442307692307692 0.038461538461538464
2 0.8112980769230769 0.5396634615384616 0.026442307692307692 0.03365384615384615
2 0.7776442307692307 0.5697115384615384 0.026442307692307692 0.038461538461538464
2 0.7596153846153846 0.6021634615384616 0.02403846153846154 0.03365384615384615
2 0.7524038461538461 0.6274038461538461 0.021634615384615384 0.028846153846153848
2 0.7716346153846154 0.640625 0.021634615384615384 0.03365384615384615
2 0.7836538461538461 0.6021634615384616 0.02403846153846154 0.038461538461538464
2 0.7668269230769231 0.7199519230769231 0.016826923076923076 0.03365384615384615
2 0.7800480769230769 0.6730769230769231 0.021634615384615384 0.028846153846153848
2 0.7584134615384616 0.7752403846153846 0.021634615384615384 0.028846153846153848
2 0.7752403846153846 0.7908653846153846 0.02403846153846154 0.03125
2 0.7992788461538461 0.796875 0.02403846153846154 0.03125
2 0.8016826923076923 0.765625 0.021634615384615384 0.026442307692307692
2 0.8040865384615384 0.734375 0.026442307692307692 0.038461538461538464
2 0.8052884615384616 0.671875 0.02403846153846154 0.028846153846153848
2 0.8341346153846154 0.6875 0.021634615384615384 0.040865384615384616
2 0.8509615384615384 0.6838942307692307 0.014423076923076924 0.03365384615384615
2 0.8377403846153846 0.7127403846153846 0.026442307692307692 0.02403846153846154
2 0.8485576923076923 0.6550480769230769 0.016826923076923076 0.02403846153846154
2 0.8581730769230769 0.6298076923076923 0.021634615384615384 0.036057692307692304
2 0.8112980769230769 0.5973557692307693 0.026442307692307692 0.02403846153846154
2 0.828125 0.5697115384615384 0.021634615384615384 0.028846153846153848
2 0.8004807692307693 0.5637019230769231 0.016826923076923076 0.028846153846153848
2 0.8052884615384616 0.6358173076923077 0.026442307692307692 0.036057692307692304
2 0.8269230769230769 0.6237980769230769 0.019230769230769232 0.03365384615384615
2 0.9038461538461539 0.6875 0.02403846153846154 0.03125
2 0.8629807692307693 0.5805288461538461 0.026442307692307692 0.026442307692307692
2 0.8545673076923077 0.5504807692307693 0.019230769230769232 0.028846153846153848
2 0.8822115384615384 0.5516826923076923 0.019230769230769232 0.038461538461538464
2 0.9074519230769231 0.6141826923076923 0.019230769230769232 0.03125
2 0.8930288461538461 0.5877403846153846 0.016826923076923076 0.028846153846153848
2 0.9014423076923077 0.5649038461538461 0.02403846153846154 0.02403846153846154
2 0.9495192307692307 0.5733173076923077 0.021634615384615384 0.040865384615384616
2 0.8533653846153846 0.4495192307692308 0.02403846153846154 0.038461538461538464
2 0.8774038461538461 0.47115384615384615 0.02403846153846154 0.04326923076923077
2 0.8762019230769231 0.390625 0.03125 0.036057692307692304
2 0.9086538461538461 0.453125 0.02403846153846154 0.04326923076923077
2 0.9146634615384616 0.5252403846153846 0.019230769230769232 0.02403846153846154
2 0.9182692307692307 0.49399038461538464 0.016826923076923076 0.028846153846153848
2 0.9447115384615384 0.4483173076923077 0.026442307692307692 0.026442307692307692
2 0.9435096153846154 0.47716346153846156 0.021634615384615384 0.028846153846153848
2 0.9110576923076923 0.3894230769230769 0.028846153846153848 0.03365384615384615
2 0.8990384615384616 0.34375 0.03125 0.038461538461538464
2 0.8822115384615384 0.41947115384615385 0.03125 0.04326923076923077
2 0.9711538461538461 0.625 0.021634615384615384 0.028846153846153848
2 0.921875 0.5961538461538461 0.021634615384615384 0.02403846153846154
2 0.984375 0.5817307692307693 0.02403846153846154 0.028846153846153848
2 0.9362980769230769 0.4963942307692308 0.021634615384615384 0.028846153846153848
2 0.9567307692307693 0.39302884615384615 0.026442307692307692 0.036057692307692304
2 0.9807692307692307 0.44471153846153844 0.02403846153846154 0.04326923076923077
2 0.9579326923076923 0.3557692307692308 0.02403846153846154 0.040865384615384616
2 0.9663461538461539 0.3112980769230769 0.026442307692307692 0.052884615384615384
2 0.9795673076923077 0.35096153846153844 0.021634615384615384 0.03365384615384615
2 0.9891826923076923 0.27884615384615385 0.021634615384615384 0.04567307692307692
2 0.9939903846153846 0.3269230769230769 0.01201923076923077 0.040865384615384616
2 0.9939903846153846 0.5444711538461539 0.01201923076923077 0.03365384615384615
2 0.9927884615384616 0.4951923076923077 0.01201923076923077 0.036057692307692304
2 0.9567307692307693 0.5132211538461539 0.02403846153846154 0.03365384615384615
2 0.3425480769230769 0.22596153846153846 0.019230769230769232 0.026442307692307692
2 0.3605769230769231 0.20793269230769232 0.016826923076923076 0.026442307692307692
2 0.37740384615384615 0.19951923076923078 0.014423076923076924 0.03125
2 0.3954326923076923 0.18629807692307693 0.019230769230769232 0.03125
2 0.4206730769230769 0.15625 0.014423076923076924 0.03365384615384615
2 0.3485576923076923 0.3004807692307692 0.019230769230769232 0.028846153846153848
2 0.36177884615384615 0.25 0.019230769230769232 0.026442307692307692
2 0.36658653846153844 0.2824519230769231 0.016826923076923076 0.026442307692307692
2 0.390625 0.2536057692307692 0.019230769230769232 0.026442307692307692
2 0.39783653846153844 0.21754807692307693 0.019230769230769232 0.028846153846153848
2 0.40865384615384615 0.24759615384615385 0.019230769230769232 0.03365384615384615
2 0.4206730769230769 0.22235576923076922 0.016826923076923076 0.028846153846153848
2 0.42908653846153844 0.1971153846153846 0.016826923076923076 0.03365384615384615
2 0.4375 0.22115384615384615 0.016826923076923076 0.03125
2 0.3870192307692308 0.3161057692307692 0.019230769230769232 0.026442307692307692
2 0.41947115384615385 0.3088942307692308 0.019230769230769232 0.028846153846153848
2 0.4254807692307692 0.2692307692307692 0.019230769230769232 0.026442307692307692
2 0.44350961538461536 0.3161057692307692 0.016826923076923076 0.028846153846153848
2 0.4483173076923077 0.2668269230769231 0.009615384615384616 0.021634615384615384
2 0.3737980769230769 0.35336538461538464 0.016826923076923076 0.026442307692307692
2 0.3581730769230769 0.3713942307692308 0.014423076923076924 0.028846153846153848
2 0.3713942307692308 0.3918269230769231 0.016826923076923076 0.028846153846153848
2 0.38100961538461536 0.4795673076923077 0.016826923076923076 0.026442307692307692
2 0.3942307692307692 0.42788461538461536 0.014423076923076924 0.03365384615384615
2 0.40625 0.3557692307692308 0.016826923076923076 0.026442307692307692
2 0.44591346153846156 0.3798076923076923 0.021634615384615384 0.036057692307692304
2 0.4579326923076923 0.3605769230769231 0.014423076923076924 0.028846153846153848
2 0.41586538461538464 0.36778846153846156 0.019230769230769232 0.02403846153846154
2 0.41225961538461536 0.4639423076923077 0.019230769230769232 0.028846153846153848
2 0.421875 0.4254807692307692 0.016826923076923076 0.026442307692307692
2 0.43990384615384615 0.4230769230769231 0.019230769230769232 0.028846153846153848
2 0.39663461538461536 0.36778846153846156 0.014423076923076924 0.026442307692307692
2 0.3581730769230769 0.4182692307692308 0.016826923076923076 0.028846153846153848
2 0.3557692307692308 0.4543269230769231 0.016826923076923076 0.03365384615384615
2 0.39663461538461536 0.4807692307692308 0.014423076923076924 0.03365384615384615
2 0.3641826923076923 0.5372596153846154 0.016826923076923076 0.028846153846153848
2 0.38461538461538464 0.5600961538461539 0.019230769230769232 0.03125
2 0.39903846153846156 0.5384615384615384 0.016826923076923076 0.021634615384615384
2 0.41586538461538464 0.5060096153846154 0.021634615384615384 0.028846153846153848
2 0.43028846153846156 0.4795673076923077 0.016826923076923076 0.028846153846153848
2 0.45072115384615385 0.47716346153846156 0.016826923076923076 0.026442307692307692
2 0.43149038461538464 0.5324519230769231 0.014423076923076924 0.02403846153846154
2 0.44711538461538464 0.5252403846153846 0.014423076923076924 0.026442307692307692
2 0.4543269230769231 0.5600961538461539 0.021634615384615384 0.021634615384615384
2 0.46274038461538464 0.5240384615384616 0.014423076923076924 0.028846153846153848
2 0.45552884615384615 0.4987980769230769 0.019230769230769232 0.019230769230769232
2 0.47115384615384615 0.4675480769230769 0.016826923076923076 0.02403846153846154
2 0.47836538461538464 0.5096153846153846 0.014423076923076924 0.02403846153846154
2 0.47596153846153844 0.5300480769230769 0.016826923076923076 0.021634615384615384
2 0.4735576923076923 0.4855769230769231 0.019230769230769232 0.019230769230769232
2 0.47475961538461536 0.4375 0.009615384615384616 0.026442307692307692
2 0.44591346153846156 0.4387019230769231 0.016826923076923076 0.026442307692307692
2 0.45913461538461536 0.43028846153846156 0.016826923076923076 0.02403846153846154
2 0.3737980769230769 0.5024038461538461 0.014423076923076924 0.026442307692307692