2 0.3137019230769231 0.055288461538461536 0.02403846153846154 0.055288461538461536
2 0.3269230769230769 0.11057692307692307 0.02403846153846154 0.055288461538461536
2 0.35216346153846156 0.12980769230769232 0.026442307692307692 0.055288461538461536
2 0.3954326923076923 0.19591346153846154 0.021634615384615384 0.07451923076923077
2 0.5108173076923077 0.22716346153846154 0.02403846153846154 0.06490384615384616
2 0.4254807692307692 0.28125 0.021634615384615384 0.05048076923076923
2 0.4543269230769231 0.3798076923076923 0.03125 0.057692307692307696
2 0.5276442307692307 0.390625 0.021634615384615384 0.052884615384615384
2 0.5456730769230769 0.4519230769230769 0.026442307692307692 0.04326923076923077
2 0.4951923076923077 0.47475961538461536 0.02403846153846154 0.04807692307692308
2 0.5649038461538461 0.49158653846153844 0.021634615384615384 0.052884615384615384
2 0.5985576923076923 0.4855769230769231 0.021634615384615384 0.04567307692307692
2 0.5384615384615384 0.5456730769230769 0.028846153846153848 0.055288461538461536
2 0.5853365384615384 0.5396634615384616 0.028846153846153848 0.04326923076923077
2 0.5084134615384616 0.5444711538461539 0.02403846153846154 0.05048076923076923
2 0.5877403846153846 0.59375 0.021634615384615384 0.038461538461538464
2 0.31850961538461536 0.4963942307692308 0.02403846153846154 0.038461538461538464
2 0.19471153846153846 0.3449519230769231 0.02403846153846154 0.040865384615384616
2 0.14423076923076922 0.34375 0.021634615384615384 0.04567307692307692
2 0.11778846153846154 0.3016826923076923 0.016826923076923076 0.04326923076923077
2 0.06971153846153846 0.33533653846153844 0.02403846153846154 0.040865384615384616
2 0.06610576923076923 0.41466346153846156 0.021634615384615384 0.057692307692307696
2 0.09134615384615384 0.35697115384615385 0.02403846153846154 0.038461538461538464
2 0.09375 0.421875 0.021634615384615384 0.04567307692307692
2 0.15985576923076922 0.43028846153846156 0.016826923076923076 0.038461538461538464
2 0.14302884615384615 0.3954326923076923 0.016826923076923076 0.05048076923076923
2 0.125 0.4639423076923077 0.019230769230769232 0.040865384615384616
2 0.41586538461538464 0.4375 0.021634615384615384 0.04807692307692308
2 0.23317307692307693 0.234375 0.021634615384615384 0.05048076923076923
2 0.1935096153846154 0.13942307692307693 0.019230769230769232 0.036057692307692304
2 0.16947115384615385 0.2764423076923077 0.021634615384615384 0.04326923076923077
2 0.21514423076923078 0.20192307692307693 0.019230769230769232 0.06490384615384616
2 0.2247596153846154 0.3473557692307692 0.021634615384615384 0.05048076923076923
2 0.2692307692307692 0.22355769230769232 0.016826923076923076 0.04326923076923077
2 0.2980769230769231 0.2620192307692308 0.019230769230769232 0.04807692307692308
2 0.31850961538461536 0.18509615384615385 0.019230769230769232 0.06490384615384616
2 0.43028846153846156 0.5108173076923077 0.019230769230769232 0.03365384615384615
2 0.3605769230769231 0.36658653846153844 0.019230769230769232 0.055288461538461536
2 0.2776442307692308 0.31971153846153844 0.019230769230769232 0.04567307692307692
2 0.30408653846153844 0.3629807692307692 0.021634615384615384 0.04326923076923077
2 0.3425480769230769 0.23798076923076922 0.019230769230769232 0.04807692307692308
2 0.3798076923076923 0.3125 0.02403846153846154 0.06490384615384616
2 0.3173076923076923 0.609375 0.016826923076923076 0.04326923076923077
2 0.2127403846153846 0.4423076923076923 0.014423076923076924 0.04567307692307692
2 0.16947115384615385 0.47596153846153844 0.014423076923076924 0.038461538461538464
2 0.23677884615384615 0.5288461538461539 0.014423076923076924 0.038461538461538464
2 0.17067307692307693 0.5552884615384616 0.014423076923076924 0.038461538461538464
2 0.25 0.18870192307692307 0.016826923076923076 0.0673076923076923
2 0.22716346153846154 0.1310096153846154 0.02403846153846154 0.052884615384615384
2 0.45913461538461536 0.49038461538461536 0.021634615384615384 0.052884615384615384
2 0.25600961538461536 0.30649038461538464 0.016826923076923076 0.057692307692307696
2 0.4375 0.3269230769230769 0.02403846153846154 0.04567307692307692
2 0.29927884615384615 0.5588942307692307 0.02403846153846154 0.04326923076923077
2 0.3473557692307692 0.6153846153846154 0.019230769230769232 0.04326923076923077
2 0.3581730769230769 0.6778846153846154 0.021634615384615384 0.04807692307692308
2 0.23197115384615385 0.5925480769230769 0.026442307692307692 0.038461538461538464
2 0.6141826923076923 0.6778846153846154 0.021634615384615384 0.04326923076923077
2 0.625 0.7199519230769231 0.021634615384615384 0.03365384615384615
2 0.6237980769230769 0.8425480769230769 0.021634615384615384 0.052884615384615384
2 0.5901442307692307 0.7247596153846154 0.014423076923076924 0.04326923076923077
2 0.5216346153846154 0.7548076923076923 0.019230769230769232 0.028846153846153848
2 0.5228365384615384 0.5949519230769231 0.02403846153846154 0.038461538461538464
2 0.5480769230769231 0.6442307692307693 0.021634615384615384 0.04326923076923077
2 0.6538461538461539 0.8185096153846154 0.021634615384615384 0.04326923076923077
2 0.640625 0.9278846153846154 0.016826923076923076 0.052884615384615384
2 0.6682692307692307 0.890625 0.02403846153846154 0.040865384615384616
2 0.5396634615384616 0.9002403846153846 0.02403846153846154 0.026442307692307692
2 0.2644230769230769 0.4807692307692308 0.019230769230769232 0.06009615384615385
2 0.1935096153846154 0.2932692307692308 0.016826923076923076 0.02403846153846154
2 0.14302884615384615 0.4735576923076923 0.016826923076923076 0.03125
2 0.18990384615384615 0.4639423076923077 0.016826923076923076 0.04567307692307692
2 0.23677884615384615 0.46274038461538464 0.021634615384615384 0.05048076923076923
2 0.3245192307692308 0.41586538461538464 0.019230769230769232 0.04326923076923077
2 0.27884615384615385 0.3713942307692308 0.019230769230769232 0.05048076923076923
2 0.4182692307692308 0.36658653846153844 0.019230769230769232 0.028846153846153848
2 0.38461538461538464 0.49038461538461536 0.016826923076923076 0.03365384615384615
2 0.3605769230769231 0.4182692307692308 0.026442307692307692 0.052884615384615384
2 0.40625 0.4987980769230769 0.02403846153846154 0.04567307692307692
2 0.3894230769230769 0.6310096153846154 0.019230769230769232 0.04326923076923077
2 0.4362980769230769 0.7079326923076923 0.021634615384615384 0.038461538461538464
2 0.4879807692307692 0.6153846153846154 0.016826923076923076 0.04326923076923077
2 0.4338942307692308 0.5877403846153846 0.021634615384615384 0.055288461538461536
2 0.35216346153846156 0.7620192307692307 0.019230769230769232 0.052884615384615384
2 0.2704326923076923 0.5757211538461539 0.016826923076923076 0.038461538461538464
2 0.24879807692307693 0.6923076923076923 0.014423076923076924 0.036057692307692304
2 0.20072115384615385 0.6021634615384616 0.021634615384615384 0.04807692307692308
2 0.34615384615384615 0.4495192307692308 0.014423076923076924 0.04326923076923077
2 0.4014423076923077 0.4387019230769231 0.021634615384615384 0.04807692307692308
2 0.5324519230769231 0.8449519230769231 0.02403846153846154 0.038461538461538464
2 0.5637019230769231 0.7451923076923077 0.021634615384615384 0.04807692307692308
2 0.5685096153846154 0.8353365384615384 0.019230769230769232 0.04807692307692308
2 0.5961538461538461 0.8774038461538461 0.028846153846153848 0.04807692307692308
2 0.4723557692307692 0.7584134615384616 0.019230769230769232 0.040865384615384616
2 0.4963942307692308 0.7740384615384616 0.016826923076923076 0.028846153846153848
2 0.5060096153846154 0.8076923076923077 0.019230769230769232 0.05048076923076923
2 0.4831730769230769 0.8076923076923077 0.019230769230769232 0.04567307692307692
2 0.3737980769230769 0.7800480769230769 0.019230769230769232 0.038461538461538464
2 0.3076923076923077 0.7632211538461539 0.016826923076923076 0.040865384615384616
2 0.2644230769230769 0.7596153846153846 0.016826923076923076 0.038461538461538464
2 0.27283653846153844 0.6213942307692307 0.02403846153846154 0.038461538461538464
2 0.29927884615384615 0.6478365384615384 0.016826923076923076 0.040865384615384616
2 0.24639423076923078 0.6298076923076923 0.019230769230769232 0.040865384615384616
2 0.36778846153846156 0.4891826923076923 0.016826923076923076 0.057692307692307696
2 0.4579326923076923 0.6850961538461539 0.021634615384615384 0.04326923076923077
2 0.7920673076923077 0.46274038461538464 0.016826923076923076 0.02403846153846154
2 0.8257211538461539 0.48677884615384615 0.021634615384615384 0.03365384615384615
2 0.7980769230769231 0.5360576923076923 0.01201923076923077 0.028846153846153848
2 0.8665865384615384 0.5985576923076923 0.01201923076923077 0.028846153846153848
2 0.8137019230769231 0.6478365384615384 0.01201923076923077 0.03365384615384615
2 0.7752403846153846 0.45552884615384615 0.016826923076923076 0.038461538461538464
2 0.7848557692307693 0.5012019230769231 0.01201923076923077 0.02403846153846154
2 0.7560096153846154 0.6189903846153846 0.01201923076923077 0.03365384615384615
2 0.8100961538461539 0.5697115384615384 0.019230769230769232 0.028846153846153848
2 0.8870192307692307 0.6454326923076923 0.009615384615384616 0.028846153846153848
2 0.8401442307692307 0.5456730769230769 0.014423076923076924 0.028846153846153848
2 0.7848557692307693 0.7223557692307693 0.01201923076923077 0.026442307692307692
2 0.734375 0.6971153846153846 0.016826923076923076 0.026442307692307692
2 0.8185096153846154 0.7271634615384616 0.014423076923076924 0.026442307692307692
2 0.7920673076923077 0.5865384615384616 0.016826923076923076 0.04807692307692308
2 0.7716346153846154 0.5637019230769231 0.016826923076923076 0.03365384615384615
2 0.8569711538461539 0.6646634615384616 0.016826923076923076 0.038461538461538464
2 0.9026442307692307 0.7391826923076923 0.016826923076923076 0.026442307692307692
2 0.8497596153846154 0.7367788461538461 0.014423076923076924 0.03125
2 0.7475961538461539 0.7331730769230769 0.014423076923076924 0.026442307692307692
2 0.8004807692307693 0.6899038461538461 0.01201923076923077 0.036057692307692304
2 0.7439903846153846 0.640625 0.016826923076923076 0.028846153846153848
2 0.7463942307692307 0.8161057692307693 0.014423076923076924 0.038461538461538464
2 0.7055288461538461 0.828125 0.01201923076923077 0.028846153846153848
2 0.8521634615384616 0.8076923076923077 0.01201923076923077 0.03125
2 0.8197115384615384 0.7992788461538461 0.019230769230769232 0.03125
2 0.7824519230769231 0.7596153846153846 0.01201923076923077 0.028846153846153848
2 0.84375 0.5841346153846154 0.014423076923076924 0.028846153846153848
2 0.7980769230769231 0.8100961538461539 0.01201923076923077 0.026442307692307692
2 0.7788461538461539 0.8653846153846154 0.021634615384615384 0.036057692307692304
2 0.8088942307692307 0.8413461538461539 0.019230769230769232 0.04567307692307692
2 0.8341346153846154 0.8353365384615384 0.019230769230769232 0.04807692307692308
2 0.7295673076923077 0.734375 0.014423076923076924 0.03365384615384615
2 0.8425480769230769 0.6778846153846154 0.007211538461538462 0.03125
2 0.6081730769230769 0.9350961538461539 0.026442307692307692 0.038461538461538464
2 0.7992788461538461 0.6526442307692307 0.02403846153846154 0.028846153846153848
2 0.8317307692307693 0.6778846153846154 0.01201923076923077 0.03125