2 0.36658653846153844 0.009615384615384616 0.05048076923076923 0.019230769230769232
2 0.36778846153846156 0.016826923076923076 0.04326923076923077 0.03365384615384615
2 0.29447115384615385 0.009615384615384616 0.03125 0.019230769230769232
2 0.2824519230769231 0.009615384615384616 0.03125 0.019230769230769232
2 0.19831730769230768 0.007211538461538462 0.040865384615384616 0.014423076923076924
2 0.17548076923076922 0.008413461538461538 0.028846153846153848 0.016826923076923076
2 0.10336538461538461 0.007211538461538462 0.02403846153846154 0.014423076923076924
2 0.28966346153846156 0.028846153846153848 0.038461538461538464 0.038461538461538464
2 0.24278846153846154 0.020432692307692308 0.03365384615384615 0.021634615384615384
2 0.21514423076923078 0.04807692307692308 0.02403846153846154 0.02403846153846154
2 0.15144230769230768 0.03365384615384615 0.02403846153846154 0.03365384615384615
2 0.1141826923076923 0.026442307692307692 0.026442307692307692 0.02403846153846154
2 0.0829326923076923 0.008413461538461538 0.021634615384615384 0.016826923076923076
2 0.06850961538461539 0.037259615384615384 0.03125 0.03125
2 0.06370192307692307 0.06971153846153846 0.026442307692307692 0.02403846153846154
2 0.11057692307692307 0.0673076923076923 0.02403846153846154 0.02403846153846154
2 0.1622596153846154 0.07091346153846154 0.026442307692307692 0.026442307692307692
2 0.19951923076923078 0.078125 0.028846153846153848 0.03125
2 0.25961538461538464 0.078125 0.04326923076923077 0.03125
2 0.36658653846153844 0.08533653846153846 0.040865384615384616 0.040865384615384616
2 0.4182692307692308 0.09735576923076923 0.038461538461538464 0.036057692307692304
2 0.46634615384615385 0.07091346153846154 0.028846153846153848 0.016826923076923076
2 0.5721153846153846 0.11778846153846154 0.057692307692307696 0.028846153846153848
2 0.5300480769230769 0.1466346153846154 0.038461538461538464 0.04326923076923077
2 0.47596153846153844 0.14903846153846154 0.036057692307692304 0.038461538461538464
2 0.36899038461538464 0.12620192307692307 0.028846153846153848 0.03125
2 0.31850961538461536 0.1310096153846154 0.03365384615384615 0.036057692307692304
2 0.25841346153846156 0.12379807692307693 0.03365384615384615 0.03125
2 0.21875 0.13221153846153846 0.026442307692307692 0.028846153846153848
2 0.16466346153846154 0.1045673076923077 0.02403846153846154 0.02403846153846154
2 0.12139423076923077 0.10096153846153846 0.03125 0.028846153846153848
2 0.054086538461538464 0.09615384615384616 0.03125 0.028846153846153848
2 0.109375 0.13341346153846154 0.028846153846153848 0.03125
2 0.17908653846153846 0.16346153846153846 0.028846153846153848 0.019230769230769232
2 0.21875 0.16706730769230768 0.02403846153846154 0.016826923076923076
2 0.25841346153846156 0.17067307692307693 0.03365384615384615 0.019230769230769232
2 0.3425480769230769 0.16105769230769232 0.028846153846153848 0.03365384615384615
2 0.41225961538461536 0.17427884615384615 0.04326923076923077 0.03125
2 0.44350961538461536 0.19591346153846154 0.038461538461538464 0.036057692307692304
2 0.30649038461538464 0.19951923076923078 0.038461538461538464 0.02403846153846154
2 0.0625 0.16826923076923078 0.036057692307692304 0.02403846153846154
2 0.08052884615384616 0.19591346153846154 0.028846153846153848 0.028846153846153848
2 0.1814903846153846 0.19110576923076922 0.028846153846153848 0.028846153846153848
2 0.20072115384615385 0.22716346153846154 0.03365384615384615 0.026442307692307692
2 0.11177884615384616 0.22355769230769232 0.03365384615384615 0.03365384615384615
2 0.052884615384615384 0.23918269230769232 0.04807692307692308 0.02403846153846154
2 0.33052884615384615 0.23557692307692307 0.04326923076923077 0.019230769230769232
2 0.4110576923076923 0.2439903846153846 0.04326923076923077 0.04567307692307692
2 0.5264423076923077 0.22115384615384615 0.036057692307692304 0.038461538461538464
2 0.640625 0.203125 0.038461538461538464 0.040865384615384616
2 0.5961538461538461 0.22235576923076922 0.036057692307692304 0.03125
2 0.5721153846153846 0.265625 0.06009615384615385 0.03125
2 0.6742788461538461 0.27283653846153844 0.057692307692307696 0.03125
2 0.6923076923076923 0.3245192307692308 0.04326923076923077 0.04326923076923077
2 0.6298076923076923 0.3161057692307692 0.052884615384615384 0.02403846153846154
2 0.20192307692307693 0.26322115384615385 0.040865384615384616 0.021634615384615384
2 0.109375 0.28125 0.03365384615384615 0.02403846153846154
2 0.1778846153846154 0.28846153846153844 0.036057692307692304 0.02403846153846154
2 0.2091346153846154 0.30649038461538464 0.026442307692307692 0.026442307692307692
2 0.26322115384615385 0.3137019230769231 0.03365384615384615 0.02403846153846154
2 0.29927884615384615 0.32091346153846156 0.036057692307692304 0.026442307692307692
2 0.3245192307692308 0.34134615384615385 0.04326923076923077 0.019230769230769232
2 0.375 0.3112980769230769 0.038461538461538464 0.02403846153846154
2 0.5288461538461539 0.3076923076923077 0.04567307692307692 0.019230769230769232
2 0.546875 0.3269230769230769 0.026442307692307692 0.02403846153846154
2 0.5564903846153846 0.35216346153846156 0.028846153846153848 0.03125
2 0.5805288461538461 0.38341346153846156 0.06490384615384616 0.026442307692307692
2 0.4963942307692308 0.38100961538461536 0.036057692307692304 0.036057692307692304
2 0.46033653846153844 0.35216346153846156 0.04807692307692308 0.016826923076923076
2 0.4519230769230769 0.39783653846153844 0.038461538461538464 0.021634615384615384
2 0.3641826923076923 0.37740384615384615 0.036057692307692304 0.03365384615384615
2 0.31490384615384615 0.3870192307692308 0.028846153846153848 0.019230769230769232
2 0.25240384615384615 0.3449519230769231 0.028846153846153848 0.03125
2 0.18509615384615385 0.33653846153846156 0.038461538461538464 0.014423076923076924
2 0.09495192307692307 0.3125 0.021634615384615384 0.02403846153846154
2 0.10576923076923077 0.3389423076923077 0.03365384615384615 0.028846153846153848
2 0.15985576923076922 0.35697115384615385 0.03125 0.03365384615384615
2 0.09615384615384616 0.40384615384615385 0.04326923076923077 0.019230769230769232
2 0.18269230769230768 0.4074519230769231 0.03365384615384615 0.03125
2 0.21754807692307693 0.3701923076923077 0.036057692307692304 0.009615384615384616
2 0.24639423076923078 0.38341346153846156 0.03125 0.03125
2 0.23798076923076922 0.4098557692307692 0.04326923076923077 0.021634615384615384
2 0.1346153846153846 0.4362980769230769 0.028846153846153848 0.03125
2 0.22956730769230768 0.44711538461538464 0.026442307692307692 0.02403846153846154
2 0.33533653846153844 0.42908653846153844 0.040865384615384616 0.019230769230769232
2 0.4050480769230769 0.42427884615384615 0.026442307692307692 0.026442307692307692
2 0.41225961538461536 0.4483173076923077 0.03125 0.03125
2 0.47115384615384615 0.4375 0.038461538461538464 0.02403846153846154
2 0.5408653846153846 0.40625 0.028846153846153848 0.028846153846153848
2 0.6358173076923077 0.43149038461538464 0.07211538461538461 0.038461538461538464
2 0.30288461538461536 0.26322115384615385 0.028846153846153848 0.026442307692307692
2 0.53125 0.453125 0.04326923076923077 0.04567307692307692
2 0.5552884615384616 0.49399038461538464 0.04807692307692308 0.04567307692307692
2 0.49278846153846156 0.4963942307692308 0.052884615384615384 0.026442307692307692
2 0.44471153846153844 0.4795673076923077 0.038461538461538464 0.028846153846153848
2 0.3401442307692308 0.4855769230769231 0.052884615384615384 0.03365384615384615
2 0.28966346153846156 0.46274038461538464 0.036057692307692304 0.036057692307692304
2 0.25721153846153844 0.5012019230769231 0.03365384615384615 0.03365384615384615
2 0.22956730769230768 0.47716346153846156 0.03125 0.03125
2 0.19471153846153846 0.5144230769230769 0.03365384615384615 0.02403846153846154
2 0.07211538461538461 0.46875 0.03365384615384615 0.02403846153846154
2 0.039663461538461536 0.4338942307692308 0.038461538461538464 0.021634615384615384
2 0.2091346153846154 0.5444711538461539 0.040865384615384616 0.040865384615384616
2 0.27163461538461536 0.5612980769230769 0.036057692307692304 0.036057692307692304
2 0.39903846153846156 0.5204326923076923 0.04567307692307692 0.026442307692307692
2 0.6478365384615384 0.49158653846153844 0.06009615384615385 0.02403846153846154
2 0.6550480769230769 0.5252403846153846 0.057692307692307696 0.026442307692307692
2 0.5817307692307693 0.5456730769230769 0.036057692307692304 0.03365384615384615
2 0.6262019230769231 0.5697115384615384 0.052884615384615384 0.03365384615384615
2 0.5300480769230769 0.5372596153846154 0.04326923076923077 0.021634615384615384
2 0.47115384615384615 0.5480769230769231 0.036057692307692304 0.03365384615384615
2 0.4543269230769231 0.5865384615384616 0.03125 0.028846153846153848
2 0.4987980769230769 0.5709134615384616 0.03365384615384615 0.021634615384615384
2 0.5456730769230769 0.5649038461538461 0.028846153846153848 0.014423076923076924
2 0.5216346153846154 0.5985576923076923 0.036057692307692304 0.038461538461538464
2 0.5360576923076923 0.6286057692307693 0.04326923076923077 0.021634615384615384
2 0.48197115384615385 0.6153846153846154 0.02403846153846154 0.019230769230769232
2 0.46274038461538464 0.6358173076923077 0.038461538461538464 0.01201923076923077
2 0.35336538461538464 0.6105769230769231 0.05048076923076923 0.028846153846153848
2 0.33052884615384615 0.5817307692307693 0.028846153846153848 0.028846153846153848
2 0.38221153846153844 0.5564903846153846 0.036057692307692304 0.036057692307692304
2 0.26802884615384615 0.6394230769230769 0.04807692307692308 0.028846153846153848
2 0.4879807692307692 0.6574519230769231 0.03125 0.036057692307692304
2 0.5552884615384616 0.6959134615384616 0.05048076923076923 0.036057692307692304
2 0.5024038461538461 0.7019230769230769 0.040865384615384616 0.019230769230769232
2 0.4026442307692308 0.6502403846153846 0.038461538461538464 0.03125
2 0.328125 0.6754807692307693 0.04807692307692308 0.019230769230769232
2 0.31490384615384615 0.7139423076923077 0.03125 0.028846153846153848
2 0.28125 0.7367788461538461 0.04326923076923077 0.02403846153846154
2 0.40384615384615385 0.6923076923076923 0.04567307692307692 0.03365384615384615
2 0.4387019230769231 0.7307692307692307 0.040865384615384616 0.019230769230769232
2 0.9963942307692307 0.6778846153846154 0.007211538461538462 0.014423076923076924
2 0.9879807692307693 0.6959134615384616 0.021634615384615384 0.021634615384615384
2 0.9951923076923077 0.6995192307692307 0.009615384615384616 0.014423076923076924
2 0.9963942307692307 0.7163461538461539 0.007211538461538462 0.014423076923076924
2 0.9975961538461539 0.7463942307692307 0.004807692307692308 0.01201923076923077
2 0.9951923076923077 0.7403846153846154 0.009615384615384616 0.014423076923076924
2 0.9735576923076923 0.7307692307692307 0.028846153846153848 0.028846153846153848
2 0.9483173076923077 0.703125 0.03365384615384615 0.01201923076923077
2 0.8954326923076923 0.7127403846153846 0.028846153846153848 0.019230769230769232
2 0.8461538461538461 0.7403846153846154 0.03365384615384615 0.014423076923076924
2 0.9014423076923077 0.7548076923076923 0.03365384615384615 0.019230769230769232
2 0.9411057692307693 0.7716346153846154 0.026442307692307692 0.02403846153846154
2 0.9735576923076923 0.7536057692307693 0.02403846153846154 0.026442307692307692
2 0.9951923076923077 0.765625 0.009615384615384616 0.01201923076923077
2 0.9951923076923077 0.7836538461538461 0.009615384615384616 0.014423076923076924
2 0.8076923076923077 0.7824519230769231 0.04326923076923077 0.01201923076923077
2 0.8870192307692307 0.7860576923076923 0.038461538461538464 0.014423076923076924
2 0.9387019230769231 0.7956730769230769 0.021634615384615384 0.019230769230769232
2 0.9711538461538461 0.8149038461538461 0.02403846153846154 0.02403846153846154
2 0.9939903846153846 0.7944711538461539 0.01201923076923077 0.016826923076923076
2 0.71875 0.7295673076923077 0.014423076923076924 0.016826923076923076
2 0.6646634615384616 0.7295673076923077 0.026442307692307692 0.01201923076923077
2 0.6189903846153846 0.7403846153846154 0.019230769230769232 0.009615384615384616
2 0.5853365384615384 0.7644230769230769 0.02403846153846154 0.02403846153846154
2 0.6298076923076923 0.7560096153846154 0.019230769230769232 0.021634615384615384
2 0.6887019230769231 0.7463942307692307 0.026442307692307692 0.014423076923076924
2 0.7608173076923077 0.7704326923076923 0.026442307692307692 0.026442307692307692
2 0.6887019230769231 0.7704326923076923 0.019230769230769232 0.021634615384615384
2 0.7548076923076923 0.7451923076923077 0.03365384615384615 0.014423076923076924
2 0.5444711538461539 0.8605769230769231 0.026442307692307692 0.028846153846153848
2 0.5805288461538461 0.8269230769230769 0.02403846153846154 0.02403846153846154
2 0.6225961538461539 0.78125 0.02403846153846154 0.014423076923076924
2 0.6358173076923077 0.8004807692307693 0.016826923076923076 0.014423076923076924
2 0.6586538461538461 0.7752403846153846 0.019230769230769232 0.016826923076923076
2 0.6959134615384616 0.796875 0.021634615384615384 0.019230769230769232
2 0.7283653846153846 0.8088942307692307 0.02403846153846154 0.01201923076923077
2 0.7331730769230769 0.8389423076923077 0.019230769230769232 0.019230769230769232
2 0.6887019230769231 0.8701923076923077 0.026442307692307692 0.028846153846153848
2 0.6826923076923077 0.84375 0.019230769230769232 0.02403846153846154
2 0.6298076923076923 0.8293269230769231 0.028846153846153848 0.009615384615384616
2 0.6286057692307693 0.875 0.028846153846153848 0.014423076923076924
2 0.5757211538461539 0.875 0.03365384615384615 0.009615384615384616
2 0.5649038461538461 0.8954326923076923 0.02403846153846154 0.01201923076923077
2 0.6442307692307693 0.8509615384615384 0.02403846153846154 0.009615384615384616
2 0.8185096153846154 0.8185096153846154 0.026442307692307692 0.02403846153846154
2 0.8353365384615384 0.8377403846153846 0.03125 0.016826923076923076
2 0.8786057692307693 0.8317307692307693 0.026442307692307692 0.014423076923076924
2 0.9158653846153846 0.8257211538461539 0.028846153846153848 0.014423076923076924
2 0.7620192307692307 0.7163461538461539 0.040865384615384616 0.014423076923076924
2 0.8293269230769231 0.71875 0.036057692307692304 0.019230769230769232
2 0.7764423076923077 0.8293269230769231 0.03365384615384615 0.014423076923076924
2 0.6742788461538461 0.8161057692307693 0.021634615384615384 0.021634615384615384
2 0.7920673076923077 0.7992788461538461 0.026442307692307692 0.01201923076923077
2 0.8353365384615384 0.7980769230769231 0.016826923076923076 0.019230769230769232
2 0.4795673076923077 0.9459134615384616 0.052884615384615384 0.026442307692307692
2 0.49399038461538464 0.9831730769230769 0.0625 0.03365384615384615
2 0.6622596153846154 0.9567307692307693 0.04326923076923077 0.038461538461538464
2 0.6081730769230769 0.8064903846153846 0.019230769230769232 0.021634615384615384
2 0.7632211538461539 0.8653846153846154 0.026442307692307692 0.02403846153846154
2 0.8930288461538461 0.8052884615384616 0.036057692307692304 0.014423076923076924