2 0.28125 0.16346153846153846 0.057692307692307696 0.0625
2 0.27163461538461536 0.23557692307692307 0.04807692307692308 0.05048076923076923
2 0.24158653846153846 0.23918269230769232 0.02403846153846154 0.06009615384615385
2 0.23918269230769232 0.32091346153846156 0.04326923076923077 0.05048076923076923
2 0.2848557692307692 0.3557692307692308 0.055288461538461536 0.055288461538461536
2 0.25600961538461536 0.4675480769230769 0.04567307692307692 0.04807692307692308
2 0.23798076923076922 0.5024038461538461 0.04807692307692308 0.04807692307692308
2 0.2764423076923077 0.515625 0.03365384615384615 0.052884615384615384
2 0.3088942307692308 0.453125 0.04326923076923077 0.04326923076923077
2 0.34375 0.359375 0.04326923076923077 0.04567307692307692
2 0.3317307692307692 0.39302884615384615 0.04326923076923077 0.04567307692307692
2 0.3233173076923077 0.23317307692307693 0.052884615384615384 0.05048076923076923
2 0.3112980769230769 0.27884615384615385 0.05048076923076923 0.05048076923076923
2 0.36177884615384615 0.2776442307692308 0.04567307692307692 0.04567307692307692
2 0.3894230769230769 0.1875 0.057692307692307696 0.057692307692307696
2 0.35216346153846156 0.17067307692307693 0.04567307692307692 0.04326923076923077
2 0.38221153846153844 0.234375 0.040865384615384616 0.040865384615384616
2 0.3870192307692308 0.4074519230769231 0.05048076923076923 0.052884615384615384
2 0.36899038461538464 0.53125 0.04807692307692308 0.04807692307692308
2 0.35697115384615385 0.41947115384615385 0.02403846153846154 0.040865384615384616
2 0.4266826923076923 0.44350961538461536 0.04326923076923077 0.04326923076923077
2 0.4543269230769231 0.5168269230769231 0.04567307692307692 0.05048076923076923
2 0.4795673076923077 0.5997596153846154 0.04567307692307692 0.04567307692307692
2 0.5180288461538461 0.6105769230769231 0.038461538461538464 0.04326923076923077
2 0.5336538461538461 0.5360576923076923 0.04326923076923077 0.038461538461538464
2 0.515625 0.5456730769230769 0.036057692307692304 0.03365384615384615
2 0.5697115384615384 0.5757211538461539 0.04807692307692308 0.04326923076923077
2 0.5733173076923077 0.4807692307692308 0.052884615384615384 0.052884615384615384
2 0.5456730769230769 0.43028846153846156 0.040865384615384616 0.06009615384615385
2 0.5192307692307693 0.46153846153846156 0.04807692307692308 0.04807692307692308
2 0.5 0.35336538461538464 0.04807692307692308 0.04807692307692308
2 0.47716346153846156 0.37259615384615385 0.06009615384615385 0.0625
2 0.453125 0.3125 0.038461538461538464 0.04567307692307692
2 0.41466346153846156 0.2776442307692308 0.04567307692307692 0.052884615384615384
2 0.4230769230769231 0.06610576923076923 0.055288461538461536 0.07211538461538461
2 0.45913461538461536 0.11298076923076923 0.05048076923076923 0.055288461538461536
2 0.43509615384615385 0.16346153846153846 0.04807692307692308 0.0625
2 0.43149038461538464 0.21514423076923078 0.038461538461538464 0.0625
2 0.46274038461538464 0.26322115384615385 0.036057692307692304 0.0625
2 0.47596153846153844 0.18269230769230768 0.057692307692307696 0.052884615384615384
2 0.4807692307692308 0.028846153846153848 0.04807692307692308 0.04807692307692308
2 0.5252403846153846 0.025240384615384616 0.04807692307692308 0.05048076923076923
2 0.5240384615384616 0.14302884615384615 0.057692307692307696 0.055288461538461536
2 0.5300480769230769 0.22596153846153846 0.04807692307692308 0.057692307692307696
2 0.5528846153846154 0.2932692307692308 0.052884615384615384 0.055288461538461536
2 0.5925480769230769 0.328125 0.038461538461538464 0.052884615384615384
2 0.6237980769230769 0.34134615384615385 0.04807692307692308 0.04807692307692308
2 0.6766826923076923 0.3798076923076923 0.057692307692307696 0.057692307692307696
2 0.6802884615384616 0.4362980769230769 0.040865384615384616 0.04326923076923077
2 0.6225961538461539 0.4387019230769231 0.040865384615384616 0.05048076923076923
2 0.6129807692307693 0.5757211538461539 0.038461538461538464 0.040865384615384616
2 0.6454326923076923 0.5456730769230769 0.038461538461538464 0.04807692307692308
2 0.6850961538461539 0.5444711538461539 0.028846153846153848 0.057692307692307696
2 0.7007211538461539 0.5793269230769231 0.04567307692307692 0.04567307692307692
2 0.6514423076923077 0.6322115384615384 0.04567307692307692 0.04807692307692308
2 0.6225961538461539 0.6875 0.04326923076923077 0.04326923076923077
2 0.5901442307692307 0.7740384615384616 0.036057692307692304 0.036057692307692304
2 0.6310096153846154 0.8521634615384616 0.04807692307692308 0.05048076923076923
2 0.6670673076923077 0.7283653846153846 0.038461538461538464 0.038461538461538464
2 0.6730769230769231 0.7608173076923077 0.04326923076923077 0.040865384615384616
2 0.7175480769230769 0.6634615384615384 0.03365384615384615 0.05048076923076923
2 0.7475961538461539 0.6189903846153846 0.040865384615384616 0.040865384615384616
2 0.75 0.7283653846153846 0.04567307692307692 0.04326923076923077
2 0.78125 0.7331730769230769 0.026442307692307692 0.038461538461538464
2 0.7391826923076923 0.7752403846153846 0.04567307692307692 0.04326923076923077
2 0.7824519230769231 0.7884615384615384 0.038461538461538464 0.0625
2 0.8293269230769231 0.7716346153846154 0.04326923076923077 0.040865384615384616
2 0.8713942307692307 0.7716346153846154 0.05048076923076923 0.05048076923076923
2 0.8401442307692307 0.7271634615384616 0.038461538461538464 0.038461538461538464
2 0.8161057692307693 0.7067307692307693 0.05048076923076923 0.05048076923076923
2 0.8040865384615384 0.6213942307692307 0.03365384615384615 0.05048076923076923
2 0.7800480769230769 0.5805288461538461 0.04326923076923077 0.04326923076923077
2 0.7692307692307693 0.5132211538461539 0.04326923076923077 0.04567307692307692
2 0.7596153846153846 0.48197115384615385 0.04326923076923077 0.040865384615384616
2 0.7283653846153846 0.5216346153846154 0.040865384615384616 0.04567307692307692
2 0.7295673076923077 0.4483173076923077 0.04326923076923077 0.052884615384615384
2 0.7632211538461539 0.375 0.04326923076923077 0.052884615384615384
2 0.7908653846153846 0.3605769230769231 0.038461538461538464 0.038461538461538464
2 0.7019230769230769 0.26322115384615385 0.0625 0.057692307692307696
2 0.671875 0.21153846153846154 0.052884615384615384 0.0673076923076923
2 0.6454326923076923 0.27524038461538464 0.055288461538461536 0.06009615384615385
2 0.6033653846153846 0.2536057692307692 0.04567307692307692 0.04807692307692308
2 0.5769230769230769 0.17307692307692307 0.052884615384615384 0.06009615384615385
2 0.6081730769230769 0.02403846153846154 0.052884615384615384 0.04326923076923077
2 0.5949519230769231 0.056490384615384616 0.052884615384615384 0.052884615384615384
2 0.6598557692307693 0.10096153846153846 0.06009615384615385 0.057692307692307696
2 0.6394230769230769 0.14423076923076922 0.052884615384615384 0.052884615384615384
2 0.6995192307692307 0.13822115384615385 0.052884615384615384 0.052884615384615384
2 0.7259615384615384 0.15985576923076922 0.04807692307692308 0.04807692307692308
2 0.7620192307692307 0.17307692307692307 0.04807692307692308 0.04807692307692308
2 0.7247596153846154 0.02283653846153846 0.04326923076923077 0.038461538461538464
2 0.7451923076923077 0.039663461538461536 0.04567307692307692 0.0673076923076923
2 0.796875 0.02283653846153846 0.057692307692307696 0.036057692307692304
2 0.8052884615384616 0.10336538461538461 0.055288461538461536 0.07692307692307693
2 0.84375 0.038461538461538464 0.04567307692307692 0.04567307692307692
2 0.8918269230769231 0.03125 0.05048076923076923 0.04807692307692308
2 0.8677884615384616 0.07211538461538461 0.04807692307692308 0.05048076923076923
2 0.8713942307692307 0.171875 0.04326923076923077 0.0673076923076923
2 0.8461538461538461 0.3233173076923077 0.05048076923076923 0.0625
2 0.984375 0.11298076923076923 0.03125 0.0625
2 0.9651442307692307 0.171875 0.05048076923076923 0.04807692307692308
2 0.9639423076923077 0.22596153846153846 0.04807692307692308 0.06009615384615385
2 0.9050480769230769 0.2776442307692308 0.055288461538461536 0.052884615384615384
2 0.9314903846153846 0.31971153846153844 0.04807692307692308 0.057692307692307696
2 0.90625 0.453125 0.05048076923076923 0.055288461538461536
2 0.8581730769230769 0.4206730769230769 0.055288461538461536 0.055288461538461536
2 0.8413461538461539 0.4639423076923077 0.04567307692307692 0.04567307692307692
2 0.8377403846153846 0.5889423076923077 0.036057692307692304 0.055288461538461536
2 0.8786057692307693 0.5853365384615384 0.04567307692307692 0.04326923076923077
2 0.8870192307692307 0.703125 0.038461538461538464 0.05048076923076923
2 0.9206730769230769 0.7367788461538461 0.040865384615384616 0.040865384615384616
2 0.9615384615384616 0.7475961538461539 0.03365384615384615 0.04567307692307692
2 0.9266826923076923 0.6117788461538461 0.03365384615384615 0.05048076923076923
2 0.9627403846153846 0.6117788461538461 0.038461538461538464 0.052884615384615384
2 0.9855769230769231 0.5612980769230769 0.028846153846153848 0.038461538461538464
2 0.9567307692307693 0.5637019230769231 0.03365384615384615 0.028846153846153848
2 0.9495192307692307 0.5144230769230769 0.038461538461538464 0.057692307692307696
2 0.9915865384615384 0.5120192307692307 0.016826923076923076 0.05048076923076923
2 0.9362980769230769 0.4495192307692308 0.038461538461538464 0.038461538461538464
2 0.9807692307692307 0.43149038461538464 0.038461538461538464 0.05048076923076923
2 0.9483173076923077 0.39302884615384615 0.055288461538461536 0.055288461538461536
2 0.9855769230769231 0.36778846153846156 0.028846153846153848 0.04807692307692308
2 0.9915865384615384 0.3605769230769231 0.016826923076923076 0.052884615384615384
2 0.9867788461538461 0.29447115384615385 0.026442307692307692 0.036057692307692304
2 0.9963942307692307 0.24278846153846154 0.007211538461538462 0.04807692307692308
2 0.9891826923076923 0.7283653846153846 0.021634615384615384 0.026442307692307692
2 0.9903846153846154 0.7632211538461539 0.019230769230769232 0.04807692307692308
2 0.9927884615384616 0.7487980769230769 0.014423076923076924 0.03365384615384615
2 0.9915865384615384 0.7331730769230769 0.016826923076923076 0.038461538461538464
2 0.9891826923076923 0.6838942307692307 0.021634615384615384 0.052884615384615384
2 0.9891826923076923 0.6334134615384616 0.021634615384615384 0.04807692307692308
2 0.9867788461538461 0.6237980769230769 0.026442307692307692 0.03365384615384615
2 0.9903846153846154 0.6935096153846154 0.019230769230769232 0.04807692307692308
2 0.9903846153846154 0.6742788461538461 0.019230769230769232 0.028846153846153848
2 0.9891826923076923 0.6935096153846154 0.021634615384615384 0.038461538461538464
2 0.9903846153846154 0.7199519230769231 0.019230769230769232 0.038461538461538464
2 0.9903846153846154 0.6862980769230769 0.019230769230769232 0.038461538461538464
2 0.9903846153846154 0.6129807692307693 0.019230769230769232 0.055288461538461536
2 0.9891826923076923 0.6117788461538461 0.021634615384615384 0.028846153846153848
2 0.9927884615384616 0.5829326923076923 0.014423076923076924 0.04326923076923077
2 0.9915865384615384 0.5685096153846154 0.016826923076923076 0.038461538461538464
2 0.9927884615384616 0.49399038461538464 0.014423076923076924 0.052884615384615384
2 0.9867788461538461 0.43149038461538464 0.026442307692307692 0.036057692307692304
2 0.9879807692307693 0.4483173076923077 0.02403846153846154 0.036057692307692304
2 0.9963942307692307 0.32091346153846156 0.007211538461538462 0.04567307692307692
2 0.9915865384615384 0.3545673076923077 0.016826923076923076 0.06971153846153846
2 0.9903846153846154 0.35336538461538464 0.019230769230769232 0.0625
2 0.9903846153846154 0.39302884615384615 0.019230769230769232 0.036057692307692304
2 0.9927884615384616 0.4639423076923077 0.014423076923076924 0.0673076923076923
2 0.9879807692307693 0.5084134615384616 0.02403846153846154 0.03365384615384615
2 0.9903846153846154 0.4519230769230769 0.019230769230769232 0.052884615384615384
2 0.9879807692307693 0.5528846153846154 0.02403846153846154 0.03125
2 0.9903846153846154 0.5036057692307693 0.019230769230769232 0.038461538461538464
2 0.9879807692307693 0.5757211538461539 0.02403846153846154 0.038461538461538464
2 0.9867788461538461 0.6117788461538461 0.026442307692307692 0.038461538461538464
2 0.9867788461538461 0.6334134615384616 0.026442307692307692 0.03365384615384615
2 0.328125 0.006009615384615385 0.021634615384615384 0.01201923076923077
2 0.30408653846153844 0.008413461538461538 0.026442307692307692 0.016826923076923076
2 0.30408653846153844 0.008413461538461538 0.021634615384615384 0.016826923076923076
2 0.28125 0.008413461538461538 0.028846153846153848 0.016826923076923076
2 0.2608173076923077 0.008413461538461538 0.03125 0.016826923076923076
2 0.24519230769230768 0.008413461538461538 0.02403846153846154 0.016826923076923076
2 0.23076923076923078 0.009615384615384616 0.02403846153846154 0.019230769230769232
2 0.2091346153846154 0.010817307692307692 0.028846153846153848 0.021634615384615384
2 0.21514423076923078 0.008413461538461538 0.026442307692307692 0.016826923076923076
2 0.23197115384615385 0.010817307692307692 0.026442307692307692 0.021634615384615384
2 0.25240384615384615 0.007211538461538462 0.028846153846153848 0.014423076923076924
2 0.28125 0.007211538461538462 0.019230769230769232 0.014423076923076924
2 0.25 0.008413461538461538 0.02403846153846154 0.016826923076923076
2 0.19951923076923078 0.010817307692307692 0.028846153846153848 0.021634615384615384
2 0.19471153846153846 0.008413461538461538 0.02403846153846154 0.016826923076923076
2 0.1778846153846154 0.007211538461538462 0.02403846153846154 0.014423076923076924
2 0.15144230769230768 0.008413461538461538 0.02403846153846154 0.016826923076923076
2 0.18269230769230768 0.003605769230769231 0.019230769230769232 0.007211538461538462
2 0.1778846153846154 0.004807692307692308 0.028846153846153848 0.009615384615384616
2 0.1466346153846154 0.004807692307692308 0.019230769230769232 0.009615384615384616
2 0.12139423076923077 0.008413461538461538 0.021634615384615384 0.016826923076923076
2 0.14182692307692307 0.006009615384615385 0.02403846153846154 0.01201923076923077
2 0.16706730769230768 0.009615384615384616 0.026442307692307692 0.019230769230769232
2 0.13942307692307693 0.008413461538461538 0.02403846153846154 0.016826923076923076
2 0.17668269230769232 0.007211538461538462 0.021634615384615384 0.014423076923076924
2 0.1466346153846154 0.004807692307692308 0.02403846153846154 0.009615384615384616
2 0.12259615384615384 0.004807692307692308 0.019230769230769232 0.009615384615384616
2 0.09134615384615384 0.006009615384615385 0.02403846153846154 0.01201923076923077
2 0.21514423076923078 0.007211538461538462 0.026442307692307692 0.014423076923076924
2 0.24759615384615385 0.004807692307692308 0.028846153846153848 0.009615384615384616
2 0.2620192307692308 0.007211538461538462 0.019230769230769232 0.014423076923076924
2 0.24519230769230768 0.003605769230769231 0.019230769230769232 0.007211538461538462
2 0.21754807692307693 0.004807692307692308 0.016826923076923076 0.009615384615384616
2 0.1971153846153846 0.004807692307692308 0.019230769230769232 0.009615384615384616
2 0.17307692307692307 0.006009615384615385 0.019230769230769232 0.01201923076923077
2 0.13942307692307693 0.008413461538461538 0.02403846153846154 0.016826923076923076
2 0.11778846153846154 0.007211538461538462 0.019230769230769232 0.014423076923076924
2 0.09735576923076923 0.008413461538461538 0.026442307692307692 0.016826923076923076
2 0.07211538461538461 0.006009615384615385 0.02403846153846154 0.01201923076923077
2 0.12980769230769232 0.008413461538461538 0.03365384615384615 0.016826923076923076
2 0.1658653846153846 0.008413461538461538 0.028846153846153848 0.016826923076923076
2 0.21875 0.037259615384615384 0.028846153846153848 0.036057692307692304
2 0.25 0.03365384615384615 0.02403846153846154 0.04807692307692308
2 0.23677884615384615 0.11057692307692307 0.03365384615384615 0.03365384615384615
2 0.22716346153846154 0.1622596153846154 0.026442307692307692 0.04567307692307692
2 0.21754807692307693 0.07091346153846154 0.03125 0.03125
2 0.1875 0.025240384615384616 0.03125 0.038461538461538464
2 0.18389423076923078 0.10096153846153846 0.03125 0.026442307692307692
2 0.12860576923076922 0.038461538461538464 0.03365384615384615 0.03125
2 0.09375 0.026442307692307692 0.036057692307692304 0.038461538461538464
2 0.07451923076923077 0.006009615384615385 0.019230769230769232 0.01201923076923077
2 0.15504807692307693 0.17307692307692307 0.026442307692307692 0.040865384615384616
2 0.20552884615384615 0.1201923076923077 0.026442307692307692 0.04807692307692308
2 0.17668269230769232 0.13581730769230768 0.021634615384615384 0.028846153846153848
2 0.15144230769230768 0.11899038461538461 0.028846153846153848 0.03365384615384615
2 0.16105769230769232 0.0625 0.03365384615384615 0.03365384615384615
2 0.13942307692307693 0.07211538461538461 0.03365384615384615 0.03125
2 0.11778846153846154 0.09735576923076923 0.02403846153846154 0.036057692307692304
2 0.08533653846153846 0.11658653846153846 0.03365384615384615 0.036057692307692304
2 0.06129807692307692 0.08774038461538461 0.028846153846153848 0.038461538461538464
2 0.10336538461538461 0.2247596153846154 0.03125 0.036057692307692304
2 0.08774038461538461 0.17908653846153846 0.03365384615384615 0.036057692307692304
2 0.042067307692307696 0.14182692307692307 0.026442307692307692 0.040865384615384616
2 0.06129807692307692 0.1971153846153846 0.02403846153846154 0.03365384615384615
2 0.019230769230769232 0.15504807692307693 0.02403846153846154 0.028846153846153848
2 0.06009615384615385 0.010817307692307692 0.02403846153846154 0.021634615384615384