2 0.21514423076923078 0.001201923076923077 0.040865384615384616 0.002403846153846154
2 0.22235576923076922 0.006009615384615385 0.021634615384615384 0.01201923076923077
2 0.265625 0.02403846153846154 0.02403846153846154 0.019230769230769232
2 0.25 0.040865384615384616 0.021634615384615384 0.019230769230769232
2 0.28125 0.06610576923076923 0.028846153846153848 0.021634615384615384
2 0.32572115384615385 0.06009615384615385 0.026442307692307692 0.026442307692307692
2 0.30408653846153844 0.06850961538461539 0.021634615384615384 0.021634615384615384
2 0.359375 0.09975961538461539 0.026442307692307692 0.021634615384615384
2 0.359375 0.11538461538461539 0.028846153846153848 0.014423076923076924
2 0.3425480769230769 0.13221153846153846 0.03125 0.019230769230769232
2 0.38461538461538464 0.13581730769230768 0.02403846153846154 0.021634615384615384
2 0.390625 0.1622596153846154 0.02403846153846154 0.026442307692307692
2 0.3581730769230769 0.18269230769230768 0.028846153846153848 0.019230769230769232
2 0.3798076923076923 0.19831730769230768 0.026442307692307692 0.026442307692307692
2 0.39302884615384615 0.22115384615384615 0.019230769230769232 0.019230769230769232
2 0.39302884615384615 0.23677884615384615 0.019230769230769232 0.016826923076923076
2 0.38221153846153844 0.25600961538461536 0.02403846153846154 0.021634615384615384
2 0.34975961538461536 0.26802884615384615 0.021634615384615384 0.021634615384615384
2 0.33774038461538464 0.29086538461538464 0.021634615384615384 0.019230769230769232
2 0.3641826923076923 0.30288461538461536 0.021634615384615384 0.014423076923076924
2 0.34134615384615385 0.3088942307692308 0.026442307692307692 0.01201923076923077
2 0.31971153846153844 0.32091346153846156 0.016826923076923076 0.014423076923076924
2 0.30528846153846156 0.3076923076923077 0.02403846153846154 0.019230769230769232
2 0.27283653846153844 0.31971153846153844 0.02403846153846154 0.014423076923076924
2 0.2956730769230769 0.28725961538461536 0.02403846153846154 0.014423076923076924
2 0.265625 0.30528846153846156 0.021634615384615384 0.02403846153846154
2 0.2800480769230769 0.27524038461538464 0.021634615384615384 0.021634615384615384
2 0.23197115384615385 0.28725961538461536 0.03125 0.019230769230769232
2 0.35096153846153844 0.22956730769230768 0.02403846153846154 0.021634615384615384
2 0.3401442307692308 0.21153846153846154 0.02403846153846154 0.028846153846153848
2 0.32572115384615385 0.2247596153846154 0.02403846153846154 0.019230769230769232
2 0.3449519230769231 0.2403846153846154 0.019230769230769232 0.019230769230769232
2 0.33533653846153844 0.25721153846153844 0.021634615384615384 0.019230769230769232
2 0.3161057692307692 0.2620192307692308 0.021634615384615384 0.021634615384615384
2 0.31971153846153844 0.24519230769230768 0.02403846153846154 0.016826923076923076
2 0.2920673076923077 0.23557692307692307 0.02403846153846154 0.02403846153846154
2 0.2403846153846154 0.2548076923076923 0.026442307692307692 0.016826923076923076
2 0.265625 0.265625 0.026442307692307692 0.021634615384615384
2 0.3245192307692308 0.17908653846153846 0.028846153846153848 0.02403846153846154
2 0.29927884615384615 0.16826923076923078 0.03125 0.028846153846153848
2 0.2620192307692308 0.17427884615384615 0.028846153846153848 0.028846153846153848
2 0.2848557692307692 0.20552884615384615 0.02403846153846154 0.016826923076923076
2 0.30288461538461536 0.21875 0.026442307692307692 0.02403846153846154
2 0.25961538461538464 0.2247596153846154 0.03125 0.019230769230769232
2 0.23677884615384615 0.21153846153846154 0.02403846153846154 0.026442307692307692
2 0.22355769230769232 0.2283653846153846 0.03125 0.021634615384615384
2 0.20552884615384615 0.1875 0.02403846153846154 0.021634615384615384
2 0.23197115384615385 0.15625 0.021634615384615384 0.021634615384615384
2 0.25961538461538464 0.1466346153846154 0.02403846153846154 0.02403846153846154
2 0.26802884615384615 0.11658653846153846 0.028846153846153848 0.021634615384615384
2 0.2764423076923077 0.09254807692307693 0.02403846153846154 0.026442307692307692
2 0.2536057692307692 0.07932692307692307 0.02403846153846154 0.021634615384615384
2 0.2247596153846154 0.0733173076923077 0.028846153846153848 0.028846153846153848
2 0.21514423076923078 0.09134615384615384 0.03125 0.021634615384615384
2 0.203125 0.055288461538461536 0.026442307692307692 0.021634615384615384
2 0.22596153846153846 0.056490384615384616 0.03365384615384615 0.019230769230769232
2 0.22355769230769232 0.03365384615384615 0.026442307692307692 0.026442307692307692
2 0.1875 0.013221153846153846 0.02403846153846154 0.026442307692307692
2 0.16706730769230768 0.04326923076923077 0.02403846153846154 0.02403846153846154
2 0.16826923076923078 0.06129807692307692 0.028846153846153848 0.019230769230769232
2 0.13581730769230768 0.06850961538461539 0.026442307692307692 0.026442307692307692
2 0.15384615384615385 0.09375 0.02403846153846154 0.02403846153846154
2 0.13581730769230768 0.019230769230769232 0.03365384615384615 0.019230769230769232
2 0.06370192307692307 0.056490384615384616 0.036057692307692304 0.019230769230769232
2 0.078125 0.07211538461538461 0.026442307692307692 0.02403846153846154
2 0.06971153846153846 0.09375 0.028846153846153848 0.019230769230769232
2 0.10817307692307693 0.11658653846153846 0.02403846153846154 0.02403846153846154
2 0.16947115384615385 0.13341346153846154 0.02403846153846154 0.026442307692307692
2 0.19591346153846154 0.13942307692307693 0.028846153846153848 0.016826923076923076
2 0.14302884615384615 0.15865384615384615 0.028846153846153848 0.019230769230769232
2 0.11778846153846154 0.1814903846153846 0.028846153846153848 0.02403846153846154
2 0.19230769230769232 0.17067307692307693 0.019230769230769232 0.019230769230769232
2 0.19951923076923078 0.15625 0.028846153846153848 0.021634615384615384
2 0.16826923076923078 0.18028846153846154 0.02403846153846154 0.028846153846153848
2 0.20192307692307693 0.24879807692307693 0.02403846153846154 0.02403846153846154
2 0.11538461538461539 0.14423076923076922 0.03365384615384615 0.016826923076923076
2 0.13341346153846154 0.007211538461538462 0.026442307692307692 0.014423076923076924
2 0.13942307692307693 0.001201923076923077 0.038461538461538464 0.002403846153846154
2 0.14302884615384615 0.19591346153846154 0.028846153846153848 0.019230769230769232
2 0.5649038461538461 0.2764423076923077 0.02403846153846154 0.014423076923076924
2 0.5745192307692307 0.2848557692307692 0.02403846153846154 0.016826923076923076
2 0.5865384615384616 0.30649038461538464 0.021634615384615384 0.021634615384615384
2 0.6021634615384616 0.3233173076923077 0.019230769230769232 0.016826923076923076
2 0.5516826923076923 0.28846153846153844 0.019230769230769232 0.014423076923076924
2 0.5492788461538461 0.30528846153846156 0.016826923076923076 0.014423076923076924
2 0.5180288461538461 0.31850961538461536 0.019230769230769232 0.01201923076923077
2 0.49158653846153844 0.3137019230769231 0.019230769230769232 0.016826923076923076
2 0.47596153846153844 0.33533653846153844 0.019230769230769232 0.016826923076923076
2 0.5805288461538461 0.32572115384615385 0.016826923076923076 0.016826923076923076
2 0.42427884615384615 0.3125 0.019230769230769232 0.016826923076923076
2 0.36538461538461536 0.33533653846153844 0.019230769230769232 0.014423076923076924
2 0.5324519230769231 0.28846153846153844 0.021634615384615384 0.021634615384615384
2 0.5132211538461539 0.29927884615384615 0.026442307692307692 0.016826923076923076
2 0.42427884615384615 0.40024038461538464 0.028846153846153848 0.014423076923076924
2 0.35216346153846156 0.4026442307692308 0.02403846153846154 0.026442307692307692
2 0.36538461538461536 0.4182692307692308 0.028846153846153848 0.019230769230769232
2 0.4098557692307692 0.42427884615384615 0.02403846153846154 0.02403846153846154
2 0.41346153846153844 0.4375 0.03125 0.016826923076923076
2 0.38341346153846156 0.44591346153846156 0.02403846153846154 0.02403846153846154
2 0.44350961538461536 0.44350961538461536 0.019230769230769232 0.02403846153846154
2 0.43028846153846156 0.45913461538461536 0.028846153846153848 0.016826923076923076
2 0.44350961538461536 0.4723557692307692 0.03125 0.014423076923076924
2 0.4807692307692308 0.47716346153846156 0.019230769230769232 0.019230769230769232
2 0.5096153846153846 0.4831730769230769 0.02403846153846154 0.014423076923076924
2 0.5240384615384616 0.4963942307692308 0.02403846153846154 0.02403846153846154
2 0.5564903846153846 0.5024038461538461 0.02403846153846154 0.014423076923076924
2 0.5588942307692307 0.5216346153846154 0.02403846153846154 0.02403846153846154
2 0.5697115384615384 0.5324519230769231 0.019230769230769232 0.021634615384615384
2 0.5552884615384616 0.5432692307692307 0.019230769230769232 0.019230769230769232
2 0.5516826923076923 0.5564903846153846 0.026442307692307692 0.01201923076923077
2 0.5817307692307693 0.5492788461538461 0.02403846153846154 0.01201923076923077
2 0.6237980769230769 0.5612980769230769 0.026442307692307692 0.014423076923076924
2 0.5817307692307693 0.5757211538461539 0.019230769230769232 0.021634615384615384
2 0.6117788461538461 0.5865384615384616 0.021634615384615384 0.021634615384615384
2 0.6129807692307693 0.6045673076923077 0.026442307692307692 0.014423076923076924
2 0.6201923076923077 0.6310096153846154 0.016826923076923076 0.019230769230769232
2 0.578125 0.6141826923076923 0.02403846153846154 0.01201923076923077
2 0.5661057692307693 0.6310096153846154 0.019230769230769232 0.021634615384615384
2 0.5612980769230769 0.6466346153846154 0.019230769230769232 0.019230769230769232
2 0.5576923076923077 0.6045673076923077 0.016826923076923076 0.016826923076923076
2 0.484375 0.5264423076923077 0.019230769230769232 0.019230769230769232
2 0.4723557692307692 0.5144230769230769 0.019230769230769232 0.019230769230769232
2 0.41346153846153844 0.49278846153846156 0.02403846153846154 0.016826923076923076
2 0.4543269230769231 0.4951923076923077 0.019230769230769232 0.021634615384615384
2 0.3401442307692308 0.45072115384615385 0.02403846153846154 0.016826923076923076
2 0.34375 0.47836538461538464 0.02403846153846154 0.02403846153846154
2 0.36899038461538464 0.49158653846153844 0.026442307692307692 0.02403846153846154
2 0.421875 0.47596153846153844 0.021634615384615384 0.021634615384615384
2 0.31850961538461536 0.5264423076923077 0.02403846153846154 0.021634615384615384
2 0.3713942307692308 0.5276442307692307 0.019230769230769232 0.021634615384615384
2 0.4230769230769231 0.5264423076923077 0.026442307692307692 0.014423076923076924
2 0.44471153846153844 0.5144230769230769 0.028846153846153848 0.016826923076923076
2 0.4387019230769231 0.5396634615384616 0.016826923076923076 0.019230769230769232
2 0.46274038461538464 0.5432692307692307 0.026442307692307692 0.014423076923076924
2 0.5048076923076923 0.5396634615384616 0.02403846153846154 0.014423076923076924
2 0.49399038461538464 0.5504807692307693 0.02403846153846154 0.014423076923076924
2 0.4795673076923077 0.5540865384615384 0.03125 0.01201923076923077
2 0.49278846153846156 0.5661057692307693 0.019230769230769232 0.019230769230769232
2 0.515625 0.5552884615384616 0.021634615384615384 0.02403846153846154
2 0.53125 0.5805288461538461 0.02403846153846154 0.02403846153846154
2 0.390625 0.5576923076923077 0.02403846153846154 0.014423076923076924
2 0.40024038461538464 0.5733173076923077 0.026442307692307692 0.014423076923076924
2 0.39903846153846156 0.59375 0.019230769230769232 0.019230769230769232
2 0.38822115384615385 0.6153846153846154 0.02403846153846154 0.014423076923076924
2 0.38341346153846156 0.6286057692307693 0.019230769230769232 0.016826923076923076
2 0.37259615384615385 0.6598557692307693 0.016826923076923076 0.021634615384615384
2 0.4182692307692308 0.6586538461538461 0.016826923076923076 0.016826923076923076
2 0.44471153846153844 0.6706730769230769 0.02403846153846154 0.01201923076923077
2 0.5012019230769231 0.6694711538461539 0.02403846153846154 0.01201923076923077
2 0.5600961538461539 0.6670673076923077 0.021634615384615384 0.021634615384615384
2 0.4567307692307692 0.609375 0.01201923076923077 0.014423076923076924
2 0.46274038461538464 0.6009615384615384 0.019230769230769232 0.014423076923076924
2 0.48677884615384615 0.5901442307692307 0.016826923076923076 0.014423076923076924
2 0.4831730769230769 0.578125 0.019230769230769232 0.01201923076923077
2 0.47596153846153844 0.625 0.014423076923076924 0.014423076923076924
2 0.4519230769230769 0.6177884615384616 0.016826923076923076 0.016826923076923076
2 0.4411057692307692 0.6298076923076923 0.02403846153846154 0.009615384615384616
2 0.41225961538461536 0.6334134615384616 0.019230769230769232 0.014423076923076924
2 0.40384615384615385 0.6237980769230769 0.016826923076923076 0.009615384615384616
2 0.4495192307692308 0.6454326923076923 0.01201923076923077 0.014423076923076924
2 0.46153846153846156 0.6526442307692307 0.01201923076923077 0.014423076923076924
2 0.35096153846153844 0.5300480769230769 0.021634615384615384 0.021634615384615384
2 0.2848557692307692 0.5168269230769231 0.03365384615384615 0.014423076923076924
2 0.2800480769230769 0.5300480769230769 0.038461538461538464 0.016826923076923076
2 0.2824519230769231 0.7211538461538461 0.021634615384615384 0.009615384615384616
2 0.28846153846153844 0.7355769230769231 0.028846153846153848 0.014423076923076924
2 0.2920673076923077 0.75 0.021634615384615384 0.019230769230769232
2 0.28966346153846156 0.7620192307692307 0.021634615384615384 0.019230769230769232
2 0.2920673076923077 0.7860576923076923 0.026442307692307692 0.014423076923076924
2 0.3449519230769231 0.6911057692307693 0.021634615384615384 0.01201923076923077
2 0.3713942307692308 0.7451923076923077 0.019230769230769232 0.014423076923076924
2 0.33653846153846156 0.8016826923076923 0.019230769230769232 0.021634615384615384