2 0.35336538461538464 0.5480769230769231 0.038461538461538464 0.07692307692307693
2 0.2548076923076923 0.9362980769230769 0.040865384615384616 0.09134615384615384
2 0.41947115384615385 0.39783653846153844 0.036057692307692304 0.07211538461538461
2 0.48197115384615385 0.4375 0.0625 0.0673076923076923
2 0.7475961538461539 0.5913461538461539 0.06490384615384616 0.0673076923076923
2 0.47716346153846156 0.6959134615384616 0.0625 0.06009615384615385
2 0.38822115384615385 0.8641826923076923 0.0625 0.06490384615384616
2 0.41346153846153844 0.5276442307692307 0.040865384615384616 0.09134615384615384
2 0.38221153846153844 0.6802884615384616 0.06490384615384616 0.0673076923076923
2 0.625 0.7115384615384616 0.03125 0.06490384615384616
2 0.6274038461538461 0.4567307692307692 0.06490384615384616 0.06490384615384616
2 0.5300480769230769 0.28725961538461536 0.03125 0.08653846153846154
2 0.5360576923076923 0.703125 0.0625 0.0625
2 0.5276442307692307 0.9050480769230769 0.04326923076923077 0.07211538461538461
2 0.8365384615384616 0.1778846153846154 0.040865384615384616 0.07932692307692307
2 0.7055288461538461 0.28125 0.04567307692307692 0.08173076923076923
2 0.6081730769230769 0.2692307692307692 0.055288461538461536 0.055288461538461536
2 0.4735576923076923 0.5564903846153846 0.055288461538461536 0.055288461538461536
2 0.8305288461538461 0.453125 0.06971153846153846 0.07211538461538461
2 0.9543269230769231 0.5793269230769231 0.052884615384615384 0.052884615384615384
2 0.9254807692307693 0.4338942307692308 0.036057692307692304 0.10817307692307693
2 0.6538461538461539 0.23076923076923078 0.021634615384615384 0.0889423076923077
2 0.5877403846153846 0.9447115384615384 0.052884615384615384 0.052884615384615384
2 0.42908653846153844 0.7776442307692307 0.06490384615384616 0.0625
2 0.5889423076923077 0.7848557692307693 0.07932692307692307 0.07692307692307693
2 0.7007211538461539 0.890625 0.055288461538461536 0.055288461538461536
2 0.6310096153846154 0.8978365384615384 0.04567307692307692 0.04807692307692308
2 0.7908653846153846 0.5588942307692307 0.040865384615384616 0.09375
2 0.6802884615384616 0.5528846153846154 0.04567307692307692 0.04807692307692308
2 0.5552884615384616 0.5925480769230769 0.04326923076923077 0.09375
2 0.5697115384615384 0.41346153846153844 0.06009615384615385 0.057692307692307696
2 0.29447115384615385 0.8858173076923077 0.03125 0.06490384615384616
2 0.3449519230769231 0.7740384615384616 0.03365384615384615 0.07692307692307693
2 0.7644230769230769 0.16826923076923078 0.03365384615384615 0.08173076923076923
2 0.6959134615384616 0.15745192307692307 0.04807692307692308 0.06009615384615385
2 0.6850961538461539 0.36538461538461536 0.052884615384615384 0.052884615384615384
2 0.4423076923076923 0.9182692307692307 0.03125 0.10817307692307693
2 0.6947115384615384 0.9675480769230769 0.028846153846153848 0.05048076923076923
2 0.875 0.47475961538461536 0.05048076923076923 0.11538461538461539