2 0.25961538461538464 0.44711538461538464 0.01201923076923077 0.04567307692307692
2 0.29447115384615385 0.37740384615384615 0.014423076923076924 0.036057692307692304
2 0.27884615384615385 0.5841346153846154 0.016826923076923076 0.04567307692307692
2 0.2920673076923077 0.5012019230769231 0.01201923076923077 0.04326923076923077
2 0.30528846153846156 0.4411057692307692 0.016826923076923076 0.03125
2 0.31850961538461536 0.36658653846153844 0.014423076923076924 0.04326923076923077
2 0.3076923076923077 0.39302884615384615 0.01201923076923077 0.04326923076923077
2 0.33052884615384615 0.4170673076923077 0.019230769230769232 0.05048076923076923
2 0.3125 0.53125 0.019230769230769232 0.04807692307692308
2 0.3317307692307692 0.5192307692307693 0.014423076923076924 0.04326923076923077
2 0.3245192307692308 0.49278846153846156 0.01201923076923077 0.03365384615384615
2 0.3557692307692308 0.3605769230769231 0.019230769230769232 0.040865384615384616
2 0.35336538461538464 0.41346153846153844 0.016826923076923076 0.04326923076923077
2 0.3894230769230769 0.35096153846153844 0.02403846153846154 0.038461538461538464
2 0.3870192307692308 0.4170673076923077 0.026442307692307692 0.04567307692307692
2 0.41586538461538464 0.37740384615384615 0.019230769230769232 0.05048076923076923
2 0.43990384615384615 0.36778846153846156 0.016826923076923076 0.03365384615384615
2 0.4074519230769231 0.45913461538461536 0.016826923076923076 0.04326923076923077
2 0.38461538461538464 0.46875 0.019230769230769232 0.026442307692307692
2 0.3112980769230769 0.5709134615384616 0.016826923076923076 0.03365384615384615
2 0.3269230769230769 0.5841346153846154 0.01201923076923077 0.03365384615384615
2 0.3233173076923077 0.6153846153846154 0.016826923076923076 0.040865384615384616
2 0.34615384615384615 0.6069711538461539 0.014423076923076924 0.038461538461538464
2 0.3581730769230769 0.5625 0.016826923076923076 0.04807692307692308
2 0.3798076923076923 0.5877403846153846 0.014423076923076924 0.04326923076923077
2 0.36538461538461536 0.5228365384615384 0.014423076923076924 0.02403846153846154
2 0.4338942307692308 0.41466346153846156 0.02403846153846154 0.038461538461538464
2 0.4338942307692308 0.453125 0.02403846153846154 0.040865384615384616
2 0.46033653846153844 0.4423076923076923 0.019230769230769232 0.04326923076923077
2 0.4807692307692308 0.4170673076923077 0.016826923076923076 0.040865384615384616
2 0.4567307692307692 0.4891826923076923 0.021634615384615384 0.04807692307692308
2 0.41466346153846156 0.5649038461538461 0.021634615384615384 0.04807692307692308
2 0.4411057692307692 0.5600961538461539 0.019230769230769232 0.038461538461538464
2 0.42427884615384615 0.5216346153846154 0.02403846153846154 0.036057692307692304
2 0.4951923076923077 0.46274038461538464 0.019230769230769232 0.04567307692307692
2 0.4723557692307692 0.5300480769230769 0.019230769230769232 0.03365384615384615
2 0.4951923076923077 0.5240384615384616 0.019230769230769232 0.04807692307692308
2 0.5120192307692307 0.5048076923076923 0.016826923076923076 0.052884615384615384
2 0.5456730769230769 0.46875 0.028846153846153848 0.052884615384615384
2 0.5456730769230769 0.5444711538461539 0.028846153846153848 0.05048076923076923
2 0.5889423076923077 0.5504807692307693 0.021634615384615384 0.04807692307692308
2 0.5108173076923077 0.5673076923076923 0.021634615384615384 0.040865384615384616
2 0.4951923076923077 0.59375 0.01201923076923077 0.05048076923076923
2 0.47836538461538464 0.5793269230769231 0.014423076923076924 0.04326923076923077
2 0.45552884615384615 0.5889423076923077 0.02403846153846154 0.03365384615384615
2 0.41346153846153844 0.6105769230769231 0.016826923076923076 0.036057692307692304
2 0.3870192307692308 0.6418269230769231 0.016826923076923076 0.038461538461538464
2 0.43149038461538464 0.625 0.016826923076923076 0.04326923076923077
2 0.4206730769230769 0.6538461538461539 0.016826923076923076 0.036057692307692304
2 0.4026442307692308 0.6838942307692307 0.01201923076923077 0.038461538461538464
2 0.44471153846153844 0.6598557692307693 0.019230769230769232 0.04326923076923077
2 0.48677884615384615 0.6514423076923077 0.019230769230769232 0.04326923076923077
2 0.5216346153846154 0.6490384615384616 0.019230769230769232 0.055288461538461536
2 0.5516826923076923 0.6189903846153846 0.016826923076923076 0.040865384615384616
2 0.5480769230769231 0.6826923076923077 0.021634615384615384 0.04326923076923077
2 0.5709134615384616 0.6237980769230769 0.021634615384615384 0.04807692307692308
2 0.6189903846153846 0.7067307692307693 0.014423076923076924 0.04807692307692308
2 0.6394230769230769 0.7367788461538461 0.021634615384615384 0.04326923076923077
2 0.6646634615384616 0.7680288461538461 0.021634615384615384 0.04326923076923077
2 0.6646634615384616 0.8581730769230769 0.019230769230769232 0.04807692307692308
2 0.6418269230769231 0.8317307692307693 0.021634615384615384 0.04326923076923077
2 0.6105769230769231 0.8233173076923077 0.02403846153846154 0.04807692307692308
2 0.5817307692307693 0.8425480769230769 0.019230769230769232 0.04567307692307692
2 0.6033653846153846 0.875 0.021634615384615384 0.04807692307692308
2 0.6129807692307693 0.9170673076923077 0.014423076923076924 0.036057692307692304
2 0.6466346153846154 0.9266826923076923 0.02403846153846154 0.04326923076923077
2 0.5072115384615384 0.6959134615384616 0.016826923076923076 0.04326923076923077
2 0.4735576923076923 0.6911057692307693 0.02403846153846154 0.04326923076923077
2 0.5204326923076923 0.7572115384615384 0.016826923076923076 0.036057692307692304
2 0.4266826923076923 0.7103365384615384 0.016826923076923076 0.026442307692307692
2 0.36899038461538464 0.8209134615384616 0.016826923076923076 0.040865384615384616
2 0.4519230769230769 0.7247596153846154 0.014423076923076924 0.03125
2 0.4675480769230769 0.7524038461538461 0.016826923076923076 0.036057692307692304
2 0.4338942307692308 0.7427884615384616 0.019230769230769232 0.03365384615384615
2 0.45072115384615385 0.7692307692307693 0.019230769230769232 0.03365384615384615
2 0.4375 0.7896634615384616 0.014423076923076924 0.03365384615384615
2 0.5637019230769231 0.9278846153846154 0.016826923076923076 0.036057692307692304
2 0.5216346153846154 0.8798076923076923 0.021634615384615384 0.052884615384615384
2 0.5673076923076923 0.8569711538461539 0.019230769230769232 0.03365384615384615
2 0.5492788461538461 0.875 0.016826923076923076 0.03365384615384615
2 0.5697115384615384 0.8822115384615384 0.016826923076923076 0.028846153846153848
2 0.5973557692307693 0.9435096153846154 0.019230769230769232 0.03125
2 0.5817307692307693 0.96875 0.019230769230769232 0.038461538461538464
2 0.5360576923076923 0.9362980769230769 0.016826923076923076 0.028846153846153848
2 0.5180288461538461 0.9471153846153846 0.016826923076923076 0.03365384615384615
2 0.5408653846153846 0.9675480769230769 0.016826923076923076 0.03365384615384615
2 0.4951923076923077 0.9362980769230769 0.014423076923076924 0.038461538461538464
2 0.4831730769230769 0.9387019230769231 0.014423076923076924 0.03365384615384615
2 0.4567307692307692 0.9254807692307693 0.014423076923076924 0.040865384615384616
2 0.4723557692307692 0.9615384615384616 0.01201923076923077 0.040865384615384616
2 0.44350961538461536 0.9146634615384616 0.01201923076923077 0.038461538461538464
2 0.43149038461538464 0.8858173076923077 0.014423076923076924 0.038461538461538464
2 0.5456730769230769 0.7764423076923077 0.016826923076923076 0.04567307692307692
2 0.4855769230769231 0.7536057692307693 0.014423076923076924 0.028846153846153848
2 0.5 0.8052884615384616 0.01201923076923077 0.028846153846153848
2 0.49038461538461536 0.7836538461538461 0.016826923076923076 0.02403846153846154