2 0.2439903846153846 0.5973557692307693 0.007211538461538462 0.019230769230769232
2 0.24519230769230768 0.6201923076923077 0.007211538461538462 0.016826923076923076
2 0.25240384615384615 0.6346153846153846 0.01201923076923077 0.026442307692307692
2 0.3016826923076923 0.6850961538461539 0.009615384615384616 0.021634615384615384
2 0.2800480769230769 0.7331730769230769 0.014423076923076924 0.02403846153846154
2 0.2548076923076923 0.6935096153846154 0.016826923076923076 0.026442307692307692
2 0.2644230769230769 0.6598557692307693 0.009615384615384616 0.028846153846153848
2 0.12620192307692307 0.6334134615384616 0.009615384615384616 0.02403846153846154
2 0.3233173076923077 0.7980769230769231 0.014423076923076924 0.019230769230769232
2 0.28966346153846156 0.7668269230769231 0.01201923076923077 0.028846153846153848
2 0.32091346153846156 0.8629807692307693 0.01201923076923077 0.026442307692307692
2 0.22355769230769232 0.8016826923076923 0.01201923076923077 0.021634615384615384
2 0.1622596153846154 0.6586538461538461 0.007211538461538462 0.021634615384615384
2 0.19831730769230768 0.6033653846153846 0.01201923076923077 0.016826923076923076
2 0.037259615384615384 0.5324519230769231 0.01201923076923077 0.019230769230769232
2 0.055288461538461536 0.6466346153846154 0.016826923076923076 0.021634615384615384
2 0.0625 0.6682692307692307 0.009615384615384616 0.016826923076923076
2 0.07572115384615384 0.5769230769230769 0.007211538461538462 0.03365384615384615
2 0.056490384615384616 0.5709134615384616 0.01201923076923077 0.026442307692307692
2 0.016826923076923076 0.5817307692307693 0.014423076923076924 0.02403846153846154
2 0.015625 0.4987980769230769 0.009615384615384616 0.028846153846153848
2 0.02403846153846154 0.5048076923076923 0.014423076923076924 0.02403846153846154
2 0.016826923076923076 0.4567307692307692 0.01201923076923077 0.016826923076923076
2 0.038461538461538464 0.5012019230769231 0.007211538461538462 0.021634615384615384
2 0.039663461538461536 0.6045673076923077 0.01201923076923077 0.021634615384615384
2 0.02283653846153846 0.6478365384615384 0.014423076923076924 0.03365384615384615
2 0.002403846153846154 0.4266826923076923 0.004807692307692308 0.026442307692307692
2 0.20552884615384615 0.6454326923076923 0.009615384615384616 0.03125
2 0.15985576923076922 0.6923076923076923 0.01201923076923077 0.028846153846153848
2 0.1346153846153846 0.6766826923076923 0.01201923076923077 0.019230769230769232
2 0.11177884615384616 0.6622596153846154 0.007211538461538462 0.02403846153846154
2 0.20432692307692307 0.8894230769230769 0.014423076923076924 0.021634615384615384
2 0.2644230769230769 0.8052884615384616 0.014423076923076924 0.016826923076923076
2 0.26322115384615385 0.7439903846153846 0.009615384615384616 0.021634615384615384
2 0.1971153846153846 0.6838942307692307 0.009615384615384616 0.019230769230769232
2 0.22956730769230768 0.71875 0.014423076923076924 0.026442307692307692
2 0.2247596153846154 0.6225961538461539 0.009615384615384616 0.019230769230769232
2 0.27403846153846156 0.7139423076923077 0.014423076923076924 0.026442307692307692
2 0.2283653846153846 0.6670673076923077 0.009615384615384616 0.019230769230769232
2 0.1971153846153846 0.7139423076923077 0.014423076923076924 0.02403846153846154
2 0.2247596153846154 0.7548076923076923 0.01201923076923077 0.019230769230769232
2 0.057692307692307696 0.6153846153846154 0.01201923076923077 0.019230769230769232
2 0.004807692307692308 0.46274038461538464 0.009615384615384616 0.019230769230769232
2 0.08052884615384616 0.6322115384615384 0.009615384615384616 0.021634615384615384
2 0.003605769230769231 0.5372596153846154 0.007211538461538462 0.026442307692307692
2 0.3329326923076923 0.9278846153846154 0.01201923076923077 0.016826923076923076
2 0.2932692307692308 0.8701923076923077 0.01201923076923077 0.026442307692307692
2 0.2536057692307692 0.9411057692307693 0.014423076923076924 0.016826923076923076
2 0.16826923076923078 0.8185096153846154 0.004807692307692308 0.016826923076923076
2 0.17427884615384615 0.6418269230769231 0.009615384615384616 0.028846153846153848
2 0.14783653846153846 0.640625 0.009615384615384616 0.014423076923076924
2 0.17548076923076922 0.7752403846153846 0.009615384615384616 0.021634615384615384
2 0.18028846153846154 0.7115384615384616 0.014423076923076924 0.02403846153846154
2 0.19110576923076922 0.75 0.01201923076923077 0.028846153846153848
2 0.3016826923076923 0.8100961538461539 0.009615384615384616 0.036057692307692304
2 0.3016826923076923 0.9302884615384616 0.007211538461538462 0.019230769230769232
2 0.2692307692307692 0.8882211538461539 0.01201923076923077 0.026442307692307692
2 0.20192307692307693 0.7992788461538461 0.01201923076923077 0.02403846153846154
2 0.22355769230769232 0.8786057692307693 0.01201923076923077 0.028846153846153848
2 0.14543269230769232 0.7079326923076923 0.016826923076923076 0.019230769230769232
2 0.2668269230769231 0.8365384615384616 0.009615384615384616 0.026442307692307692
2 0.26322115384615385 0.7728365384615384 0.01201923076923077 0.028846153846153848
2 0.31850961538461536 0.9338942307692307 0.014423076923076924 0.026442307692307692
2 0.25600961538461536 0.8581730769230769 0.01201923076923077 0.016826923076923076
2 0.28966346153846156 0.9314903846153846 0.014423076923076924 0.03125
2 0.43149038461538464 0.859375 0.009615384615384616 0.028846153846153848
2 0.4014423076923077 0.9050480769230769 0.009615384615384616 0.026442307692307692
2 0.4579326923076923 0.921875 0.009615384615384616 0.021634615384615384
2 0.33774038461538464 0.9651442307692307 0.01201923076923077 0.021634615384615384
2 0.46634615384615385 0.9519230769230769 0.009615384615384616 0.03365384615384615
2 0.44711538461538464 0.8665865384615384 0.007211538461538462 0.019230769230769232
2 0.453125 0.890625 0.014423076923076924 0.02403846153846154
2 0.43990384615384615 0.8942307692307693 0.016826923076923076 0.021634615384615384
2 0.38461538461538464 0.9423076923076923 0.01201923076923077 0.02403846153846154
2 0.4338942307692308 0.9627403846153846 0.01201923076923077 0.026442307692307692
2 0.453125 0.9579326923076923 0.007211538461538462 0.016826923076923076
2 0.41586538461538464 0.9759615384615384 0.004807692307692308 0.009615384615384616
2 0.38461538461538464 0.9771634615384616 0.004807692307692308 0.019230769230769232
2 0.14903846153846154 0.7475961538461539 0.007211538461538462 0.02403846153846154