2 0.34615384615384615 0.31850961538461536 0.04567307692307692 0.0625
2 0.3317307692307692 0.3858173076923077 0.038461538461538464 0.057692307692307696
2 0.3076923076923077 0.3894230769230769 0.038461538461538464 0.036057692307692304
2 0.2980769230769231 0.453125 0.036057692307692304 0.04326923076923077
2 0.3016826923076923 0.6274038461538461 0.04326923076923077 0.036057692307692304
2 0.32211538461538464 0.5913461538461539 0.040865384615384616 0.04326923076923077
2 0.33533653846153844 0.6286057692307693 0.036057692307692304 0.036057692307692304
2 0.3629807692307692 0.5793269230769231 0.036057692307692304 0.04326923076923077
2 0.3449519230769231 0.4855769230769231 0.04326923076923077 0.052884615384615384
2 0.39663461538461536 0.5 0.04326923076923077 0.04326923076923077
2 0.375 0.42788461538461536 0.040865384615384616 0.04326923076923077
2 0.3870192307692308 0.390625 0.04326923076923077 0.04567307692307692
2 0.4170673076923077 0.4230769230769231 0.038461538461538464 0.04567307692307692
2 0.421875 0.3401442307692308 0.03125 0.057692307692307696
2 0.4567307692307692 0.36177884615384615 0.04807692307692308 0.04807692307692308
2 0.4375 0.3870192307692308 0.04326923076923077 0.04326923076923077
2 0.46634615384615385 0.42788461538461536 0.038461538461538464 0.04326923076923077
2 0.4050480769230769 0.5432692307692307 0.03365384615384615 0.036057692307692304
2 0.40865384615384615 0.6430288461538461 0.04326923076923077 0.04326923076923077
2 0.4423076923076923 0.5456730769230769 0.040865384615384616 0.055288461538461536
2 0.4723557692307692 0.5721153846153846 0.038461538461538464 0.038461538461538464
2 0.4651442307692308 0.6370192307692307 0.02403846153846154 0.038461538461538464
2 0.4951923076923077 0.6430288461538461 0.04326923076923077 0.040865384615384616
2 0.5120192307692307 0.7151442307692307 0.036057692307692304 0.04567307692307692
2 0.5444711538461539 0.7295673076923077 0.03365384615384615 0.038461538461538464
2 0.5649038461538461 0.6646634615384616 0.04807692307692308 0.04326923076923077
2 0.49278846153846156 0.45913461538461536 0.040865384615384616 0.038461538461538464
2 0.5048076923076923 0.4110576923076923 0.036057692307692304 0.038461538461538464
2 0.4831730769230769 0.38341346153846156 0.038461538461538464 0.036057692307692304
2 0.49158653846153844 0.33413461538461536 0.036057692307692304 0.038461538461538464
2 0.4879807692307692 0.2536057692307692 0.04807692307692308 0.05048076923076923
2 0.5120192307692307 0.2956730769230769 0.05048076923076923 0.04807692307692308
2 0.5240384615384616 0.35096153846153844 0.04326923076923077 0.04326923076923077
2 0.5372596153846154 0.21394230769230768 0.040865384615384616 0.057692307692307696
2 0.5456730769230769 0.296875 0.036057692307692304 0.03365384615384615
2 0.578125 0.21875 0.04567307692307692 0.06490384615384616
2 0.5793269230769231 0.3293269230769231 0.052884615384615384 0.055288461538461536
2 0.5420673076923077 0.3954326923076923 0.040865384615384616 0.04326923076923077
2 0.5757211538461539 0.39783653846153844 0.04807692307692308 0.057692307692307696
2 0.6225961538461539 0.35336538461538464 0.04326923076923077 0.057692307692307696
2 0.5853365384615384 0.6935096153846154 0.038461538461538464 0.038461538461538464
2 0.6081730769230769 0.6189903846153846 0.038461538461538464 0.0625
2 0.5853365384615384 0.5757211538461539 0.04326923076923077 0.057692307692307696
2 0.5588942307692307 0.5973557692307693 0.038461538461538464 0.04807692307692308
2 0.5132211538461539 0.5084134615384616 0.05048076923076923 0.05048076923076923
2 0.5420673076923077 0.4987980769230769 0.04567307692307692 0.04807692307692308
2 0.5913461538461539 0.453125 0.04567307692307692 0.04807692307692308
2 0.6262019230769231 0.4807692307692308 0.04807692307692308 0.04807692307692308
2 0.6538461538461539 0.4951923076923077 0.03365384615384615 0.052884615384615384
2 0.640625 0.4182692307692308 0.038461538461538464 0.04807692307692308
2 0.6875 0.4387019230769231 0.040865384615384616 0.04326923076923077
2 0.6466346153846154 0.5817307692307693 0.03125 0.04326923076923077
2 0.6237980769230769 0.6875 0.038461538461538464 0.04326923076923077
2 0.5961538461538461 0.8629807692307693 0.03125 0.040865384615384616
2 0.6310096153846154 0.9326923076923077 0.036057692307692304 0.038461538461538464
2 0.6298076923076923 0.7956730769230769 0.038461538461538464 0.04326923076923077
2 0.671875 0.8449519230769231 0.038461538461538464 0.036057692307692304
2 0.6646634615384616 0.7475961538461539 0.04326923076923077 0.04326923076923077
2 0.6658653846153846 0.6766826923076923 0.04567307692307692 0.04567307692307692
2 0.5997596153846154 0.7716346153846154 0.021634615384615384 0.040865384615384616
2 0.7259615384615384 0.8737980769230769 0.03365384615384615 0.038461538461538464
2 0.7475961538461539 0.8425480769230769 0.036057692307692304 0.040865384615384616
2 0.7235576923076923 0.7836538461538461 0.038461538461538464 0.040865384615384616
2 0.7079326923076923 0.7055288461538461 0.03365384615384615 0.052884615384615384
2 0.7007211538461539 0.6754807692307693 0.038461538461538464 0.036057692307692304
2 0.6935096153846154 0.5793269230769231 0.028846153846153848 0.040865384615384616
2 0.7067307692307693 0.5396634615384616 0.05048076923076923 0.04807692307692308
2 0.7103365384615384 0.3918269230769231 0.04567307692307692 0.055288461538461536
2 0.7331730769230769 0.4362980769230769 0.055288461538461536 0.057692307692307696
2 0.7860576923076923 0.5396634615384616 0.04567307692307692 0.04567307692307692
2 0.7451923076923077 0.5973557692307693 0.04567307692307692 0.04567307692307692
2 0.7740384615384616 0.6225961538461539 0.04326923076923077 0.038461538461538464
2 0.7403846153846154 0.6622596153846154 0.04326923076923077 0.04326923076923077
2 0.7752403846153846 0.6598557692307693 0.036057692307692304 0.036057692307692304
2 0.7848557692307693 0.7175480769230769 0.04326923076923077 0.04567307692307692
2 0.8040865384615384 0.7548076923076923 0.040865384615384616 0.038461538461538464
2 0.8161057692307693 0.8293269230769231 0.04326923076923077 0.04326923076923077
2 0.7764423076923077 0.8473557692307693 0.036057692307692304 0.036057692307692304
2 0.8221153846153846 0.8834134615384616 0.03365384615384615 0.038461538461538464
2 0.8617788461538461 0.890625 0.04567307692307692 0.04326923076923077
2 0.8786057692307693 0.8293269230769231 0.038461538461538464 0.04326923076923077
2 0.9086538461538461 0.8557692307692307 0.040865384615384616 0.038461538461538464
2 0.9435096153846154 0.8713942307692307 0.038461538461538464 0.038461538461538464
2 0.9278846153846154 0.78125 0.038461538461538464 0.028846153846153848
2 0.9170673076923077 0.7524038461538461 0.036057692307692304 0.038461538461538464
2 0.8774038461538461 0.7235576923076923 0.04567307692307692 0.04326923076923077
2 0.8389423076923077 0.7259615384615384 0.04567307692307692 0.04567307692307692
2 0.8401442307692307 0.6081730769230769 0.040865384615384616 0.040865384615384616
2 0.8677884615384616 0.5829326923076923 0.036057692307692304 0.052884615384615384
2 0.890625 0.6310096153846154 0.036057692307692304 0.040865384615384616
2 0.9182692307692307 0.6165865384615384 0.04326923076923077 0.04567307692307692
2 0.9435096153846154 0.6670673076923077 0.036057692307692304 0.052884615384615384
2 0.9495192307692307 0.7043269230769231 0.036057692307692304 0.036057692307692304
2 0.953125 0.7475961538461539 0.03125 0.040865384615384616
2 0.9819711538461539 0.8305288461538461 0.036057692307692304 0.036057692307692304
2 0.9819711538461539 0.8581730769230769 0.036057692307692304 0.03365384615384615
2 0.9939903846153846 0.8918269230769231 0.01201923076923077 0.04807692307692308
2 0.9915865384615384 0.8149038461538461 0.016826923076923076 0.03365384615384615
2 0.9891826923076923 0.7764423076923077 0.021634615384615384 0.03365384615384615
2 0.9951923076923077 0.7668269230769231 0.009615384615384616 0.04326923076923077
2 0.9831730769230769 0.7067307692307693 0.03365384615384615 0.04326923076923077
2 0.9891826923076923 0.6622596153846154 0.021634615384615384 0.04567307692307692
2 0.984375 0.5973557692307693 0.03125 0.055288461538461536
2 0.9603365384615384 0.5661057692307693 0.04326923076923077 0.052884615384615384
2 0.9903846153846154 0.5408653846153846 0.019230769230769232 0.038461538461538464
2 0.9471153846153846 0.49759615384615385 0.04807692307692308 0.04326923076923077
2 0.9230769230769231 0.45552884615384615 0.04567307692307692 0.057692307692307696
2 0.8677884615384616 0.4963942307692308 0.052884615384615384 0.052884615384615384
2 0.8870192307692307 0.3641826923076923 0.04326923076923077 0.05048076923076923
2 0.8425480769230769 0.3125 0.057692307692307696 0.055288461538461536
2 0.7860576923076923 0.3485576923076923 0.04807692307692308 0.04326923076923077
2 0.7403846153846154 0.3245192307692308 0.040865384615384616 0.052884615384615384
2 0.7608173076923077 0.34134615384615385 0.055288461538461536 0.052884615384615384
2 0.7079326923076923 0.296875 0.057692307692307696 0.057692307692307696
2 0.6826923076923077 0.33413461538461536 0.04807692307692308 0.055288461538461536
2 0.6610576923076923 0.22235576923076922 0.057692307692307696 0.06009615384615385
2 0.6370192307692307 0.24759615384615385 0.04807692307692308 0.052884615384615384
2 0.7728365384615384 0.1814903846153846 0.0625 0.06009615384615385
2 0.7788461538461539 0.24278846153846154 0.04326923076923077 0.057692307692307696
2 0.8329326923076923 0.19230769230769232 0.06009615384615385 0.0625
2 0.9134615384615384 0.23317307692307693 0.04807692307692308 0.04807692307692308
2 0.8725961538461539 0.234375 0.03365384615384615 0.03365384615384615
2 0.890625 0.2764423076923077 0.04326923076923077 0.038461538461538464
2 0.984375 0.31490384615384615 0.02403846153846154 0.06009615384615385
2 0.9759615384615384 0.3581730769230769 0.04326923076923077 0.05048076923076923
2 0.9735576923076923 0.40865384615384615 0.05048076923076923 0.055288461538461536
2 0.9855769230769231 0.484375 0.028846153846153848 0.038461538461538464
2 0.9891826923076923 0.43509615384615385 0.019230769230769232 0.03125
2 0.9855769230769231 0.5360576923076923 0.028846153846153848 0.038461538461538464
2 0.9891826923076923 0.6610576923076923 0.021634615384615384 0.04807692307692308
2 0.9927884615384616 0.7331730769230769 0.014423076923076924 0.052884615384615384
2 0.9915865384615384 0.8221153846153846 0.016826923076923076 0.028846153846153848
2 0.9939903846153846 0.8798076923076923 0.01201923076923077 0.02403846153846154
2 0.9951923076923077 0.8725961538461539 0.009615384615384616 0.038461538461538464
2 0.9975961538461539 0.8305288461538461 0.004807692307692308 0.040865384615384616
2 0.9951923076923077 0.7884615384615384 0.009615384615384616 0.038461538461538464
2 0.9927884615384616 0.7115384615384616 0.014423076923076924 0.04807692307692308
2 0.9987980769230769 0.6334134615384616 0.002403846153846154 0.055288461538461536
2 0.9951923076923077 0.6298076923076923 0.009615384615384616 0.04326923076923077
2 0.04927884615384615 0.19110576923076922 0.04326923076923077 0.04567307692307692
2 0.06129807692307692 0.39663461538461536 0.052884615384615384 0.052884615384615384
2 0.019230769230769232 0.38461538461538464 0.038461538461538464 0.0625
2 0.23918269230769232 0.265625 0.02403846153846154 0.036057692307692304
2 0.2644230769230769 0.22596153846153846 0.019230769230769232 0.03125
2 0.2439903846153846 0.21995192307692307 0.021634615384615384 0.03365384615384615
2 0.22235576923076922 0.22235576923076922 0.028846153846153848 0.03125
2 0.2776442307692308 0.18269230769230768 0.028846153846153848 0.03125
2 0.13221153846153846 0.3088942307692308 0.03125 0.03365384615384615
2 0.171875 0.2692307692307692 0.028846153846153848 0.028846153846153848
2 0.18870192307692307 0.23317307692307693 0.021634615384615384 0.03365384615384615
2 0.16706730769230768 0.21875 0.021634615384615384 0.03125
2 0.23076923076923078 0.15384615384615385 0.026442307692307692 0.03365384615384615
2 0.25961538461538464 0.15384615384615385 0.028846153846153848 0.026442307692307692
2 0.22956730769230768 0.18389423076923078 0.028846153846153848 0.026442307692307692
2 0.20432692307692307 0.14423076923076922 0.03125 0.028846153846153848
2 0.203125 0.171875 0.02403846153846154 0.021634615384615384
2 0.19110576923076922 0.1045673076923077 0.03125 0.03125
2 0.2800480769230769 0.12620192307692307 0.02403846153846154 0.03365384615384615
2 0.29927884615384615 0.1466346153846154 0.028846153846153848 0.028846153846153848
2 0.16105769230769232 0.1814903846153846 0.026442307692307692 0.02403846153846154
2 0.14423076923076922 0.19591346153846154 0.019230769230769232 0.03365384615384615
2 0.1201923076923077 0.21394230769230768 0.02403846153846154 0.021634615384615384
2 0.11658653846153846 0.2692307692307692 0.028846153846153848 0.028846153846153848
2 0.1502403846153846 0.15264423076923078 0.028846153846153848 0.02403846153846154
2 0.1310096153846154 0.14302884615384615 0.014423076923076924 0.028846153846153848
2 0.15745192307692307 0.09975961538461539 0.03365384615384615 0.03365384615384615
2 0.1814903846153846 0.16706730769230768 0.019230769230769232 0.03365384615384615
2 0.19831730769230768 0.20552884615384615 0.026442307692307692 0.026442307692307692
2 0.16826923076923078 0.04927884615384615 0.03125 0.028846153846153848
2 0.23317307692307693 0.0985576923076923 0.019230769230769232 0.028846153846153848
2 0.234375 0.06850961538461539 0.03125 0.03125
2 0.2608173076923077 0.07572115384615384 0.028846153846153848 0.028846153846153848
2 0.2548076923076923 0.0985576923076923 0.019230769230769232 0.02403846153846154
2 0.22355769230769232 0.020432692307692308 0.026442307692307692 0.026442307692307692
2 0.20552884615384615 0.013221153846153846 0.019230769230769232 0.016826923076923076
2 0.17668269230769232 0.019230769230769232 0.02403846153846154 0.026442307692307692
2 0.15865384615384615 0.013221153846153846 0.016826923076923076 0.014423076923076924
2 0.2980769230769231 0.07451923076923077 0.02403846153846154 0.04326923076923077
2 0.29086538461538464 0.014423076923076924 0.021634615384615384 0.021634615384615384
2 0.2704326923076923 0.010817307692307692 0.02403846153846154 0.014423076923076924
2 0.26322115384615385 0.01201923076923077 0.02403846153846154 0.016826923076923076
2 0.3173076923076923 0.013221153846153846 0.021634615384615384 0.019230769230769232
2 0.296875 0.010817307692307692 0.02403846153846154 0.014423076923076924
2 0.2548076923076923 0.015625 0.021634615384615384 0.021634615384615384
2 0.21995192307692307 0.015625 0.02403846153846154 0.021634615384615384
2 0.1971153846153846 0.014423076923076924 0.021634615384615384 0.019230769230769232
2 0.17307692307692307 0.014423076923076924 0.016826923076923076 0.016826923076923076
2 0.17668269230769232 0.015625 0.019230769230769232 0.019230769230769232
2 0.20793269230769232 0.014423076923076924 0.02403846153846154 0.019230769230769232
2 0.19230769230769232 0.014423076923076924 0.021634615384615384 0.019230769230769232
2 0.23918269230769232 0.013221153846153846 0.02403846153846154 0.016826923076923076
2 0.31850961538461536 0.01201923076923077 0.019230769230769232 0.016826923076923076
2 0.3233173076923077 0.013221153846153846 0.019230769230769232 0.019230769230769232
2 0.2848557692307692 0.01201923076923077 0.019230769230769232 0.016826923076923076
2 0.25961538461538464 0.013221153846153846 0.021634615384615384 0.019230769230769232
2 0.24278846153846154 0.015625 0.021634615384615384 0.021634615384615384
2 0.21394230769230768 0.015625 0.026442307692307692 0.021634615384615384
2 0.22355769230769232 0.014423076923076924 0.026442307692307692 0.019230769230769232
2 0.23557692307692307 0.015625 0.021634615384615384 0.021634615384615384
2 0.2692307692307692 0.013221153846153846 0.021634615384615384 0.019230769230769232
2 0.27163461538461536 0.014423076923076924 0.021634615384615384 0.021634615384615384
2 0.2980769230769231 0.01201923076923077 0.016826923076923076 0.016826923076923076
2 0.32211538461538464 0.013221153846153846 0.021634615384615384 0.019230769230769232
2 0.34375 0.01201923076923077 0.02403846153846154 0.019230769230769232
2 0.21394230769230768 0.09735576923076923 0.028846153846153848 0.026442307692307692