2 0.3004807692307692 0.45552884615384615 0.028846153846153848 0.04807692307692308
2 0.3605769230769231 0.41346153846153844 0.036057692307692304 0.04326923076923077
2 0.40384615384615385 0.421875 0.028846153846153848 0.038461538461538464
2 0.38822115384615385 0.4639423076923077 0.03125 0.038461538461538464
2 0.28725961538461536 0.6033653846153846 0.03365384615384615 0.04326923076923077
2 0.140625 0.6646634615384616 0.03125 0.040865384615384616
2 0.2247596153846154 0.5060096153846154 0.028846153846153848 0.038461538461538464
2 0.25 0.5420673076923077 0.028846153846153848 0.03365384615384615
2 0.31009615384615385 0.53125 0.028846153846153848 0.04326923076923077
2 0.34975961538461536 0.5 0.026442307692307692 0.04807692307692308
2 0.4807692307692308 0.46274038461538464 0.04326923076923077 0.040865384615384616
2 0.4483173076923077 0.5024038461538461 0.026442307692307692 0.038461538461538464
2 0.5324519230769231 0.44471153846153844 0.02403846153846154 0.038461538461538464
2 0.5588942307692307 0.4495192307692308 0.02403846153846154 0.028846153846153848
2 0.5961538461538461 0.4807692307692308 0.026442307692307692 0.04326923076923077
2 0.4375 0.5600961538461539 0.028846153846153848 0.055288461538461536
2 0.32211538461538464 0.6334134615384616 0.03365384615384615 0.04326923076923077
2 0.28725961538461536 0.71875 0.019230769230769232 0.036057692307692304
2 0.20432692307692307 0.6201923076923077 0.026442307692307692 0.03365384615384615
2 0.25721153846153844 0.6754807692307693 0.03125 0.038461538461538464
2 0.3786057692307692 0.6646634615384616 0.028846153846153848 0.036057692307692304
2 0.4026442307692308 0.7115384615384616 0.03125 0.038461538461538464
2 0.052884615384615384 0.8197115384615384 0.026442307692307692 0.036057692307692304
2 0.0733173076923077 0.6959134615384616 0.028846153846153848 0.036057692307692304
2 0.15264423076923078 0.7199519230769231 0.026442307692307692 0.038461538461538464
2 0.23197115384615385 0.6646634615384616 0.028846153846153848 0.02403846153846154
2 0.23076923076923078 0.6971153846153846 0.021634615384615384 0.05048076923076923
2 0.5 0.5444711538461539 0.028846153846153848 0.03125
2 0.5336538461538461 0.5276442307692307 0.02403846153846154 0.040865384615384616
2 0.6177884615384616 0.5612980769230769 0.026442307692307692 0.03365384615384615
2 0.6394230769230769 0.5444711538461539 0.01201923076923077 0.040865384615384616
2 0.6923076923076923 0.5336538461538461 0.03365384615384615 0.026442307692307692
2 0.6887019230769231 0.6478365384615384 0.026442307692307692 0.040865384615384616
2 0.6658653846153846 0.5841346153846154 0.021634615384615384 0.036057692307692304
2 0.6959134615384616 0.5757211538461539 0.03125 0.052884615384615384
2 0.6237980769230769 0.6862980769230769 0.038461538461538464 0.026442307692307692
2 0.31850961538461536 0.6899038461538461 0.019230769230769232 0.038461538461538464
2 0.4110576923076923 0.5817307692307693 0.016826923076923076 0.04326923076923077
2 0.10576923076923077 0.796875 0.019230769230769232 0.03125
2 0.4699519230769231 0.7007211538461539 0.03365384615384615 0.036057692307692304
2 0.53125 0.5661057692307693 0.036057692307692304 0.04567307692307692
2 0.65625 0.6430288461538461 0.036057692307692304 0.06009615384615385
2 0.4855769230769231 0.5829326923076923 0.026442307692307692 0.03365384615384615
2 0.4362980769230769 0.6670673076923077 0.036057692307692304 0.03365384615384615
2 0.38822115384615385 0.5348557692307693 0.028846153846153848 0.05048076923076923
2 0.30649038461538464 0.796875 0.026442307692307692 0.036057692307692304
2 0.2536057692307692 0.8137019230769231 0.019230769230769232 0.03365384615384615
2 0.22115384615384615 0.7463942307692307 0.028846153846153848 0.026442307692307692
2 0.5192307692307693 0.7055288461538461 0.038461538461538464 0.04807692307692308
2 0.546875 0.6370192307692307 0.02403846153846154 0.052884615384615384
2 0.29927884615384615 0.8581730769230769 0.028846153846153848 0.040865384615384616
2 0.11177884615384616 0.8725961538461539 0.036057692307692304 0.036057692307692304
2 0.5288461538461539 0.7680288461538461 0.03125 0.04326923076923077
2 0.7211538461538461 0.6141826923076923 0.026442307692307692 0.040865384615384616
2 0.5829326923076923 0.7524038461538461 0.03365384615384615 0.04807692307692308
2 0.45913461538461536 0.7716346153846154 0.02403846153846154 0.036057692307692304
2 0.5048076923076923 0.7247596153846154 0.026442307692307692 0.04807692307692308
2 0.41225961538461536 0.8377403846153846 0.02403846153846154 0.038461538461538464
2 0.328125 0.8040865384615384 0.03125 0.055288461538461536
2 0.36658653846153844 0.796875 0.03365384615384615 0.040865384615384616
2 0.3786057692307692 0.7463942307692307 0.028846153846153848 0.04567307692307692
2 0.4543269230769231 0.8137019230769231 0.03365384615384615 0.036057692307692304
2 0.6382211538461539 0.7487980769230769 0.02403846153846154 0.028846153846153848
2 0.15504807692307693 0.7836538461538461 0.028846153846153848 0.04326923076923077
2 0.1875 0.7415865384615384 0.02403846153846154 0.036057692307692304
2 0.18870192307692307 0.8100961538461539 0.026442307692307692 0.028846153846153848
2 0.19471153846153846 0.9098557692307693 0.028846153846153848 0.036057692307692304
2 0.14543269230769232 0.828125 0.021634615384615384 0.019230769230769232
2 0.21394230769230768 0.8317307692307693 0.028846153846153848 0.026442307692307692
2 0.9074519230769231 0.43990384615384615 0.028846153846153848 0.028846153846153848
2 0.9723557692307693 0.5060096153846154 0.028846153846153848 0.04807692307692308
2 0.9338942307692307 0.5865384615384616 0.02403846153846154 0.04326923076923077
2 0.9014423076923077 0.5913461538461539 0.021634615384615384 0.038461538461538464
2 0.34375 0.875 0.03365384615384615 0.038461538461538464