2 0.05048076923076923 0.6995192307692307 0.021634615384615384 0.04326923076923077
2 0.06129807692307692 0.5853365384615384 0.02403846153846154 0.03365384615384615
2 0.09014423076923077 0.6009615384615384 0.019230769230769232 0.03125
2 0.10216346153846154 0.5348557692307693 0.028846153846153848 0.04326923076923077
2 0.13341346153846154 0.5324519230769231 0.026442307692307692 0.03365384615384615
2 0.11778846153846154 0.5985576923076923 0.016826923076923076 0.036057692307692304
2 0.14903846153846154 0.5961538461538461 0.021634615384615384 0.03365384615384615
2 0.08533653846153846 0.6802884615384616 0.019230769230769232 0.03125
2 0.1045673076923077 0.6682692307692307 0.019230769230769232 0.03365384615384615
2 0.0985576923076923 0.7487980769230769 0.02403846153846154 0.03365384615384615
2 0.12259615384615384 0.7740384615384616 0.014423076923076924 0.021634615384615384
2 0.13581730769230768 0.7451923076923077 0.02403846153846154 0.028846153846153848
2 0.14423076923076922 0.7776442307692307 0.016826923076923076 0.026442307692307692
2 0.14783653846153846 0.7151442307692307 0.026442307692307692 0.03125
2 0.15625 0.65625 0.021634615384615384 0.03125
2 0.13581730769230768 0.6358173076923077 0.014423076923076924 0.02403846153846154
2 0.18509615384615385 0.6213942307692307 0.028846153846153848 0.03365384615384615
2 0.18509615384615385 0.6706730769230769 0.019230769230769232 0.038461538461538464
2 0.17668269230769232 0.7007211538461539 0.019230769230769232 0.028846153846153848
2 0.171875 0.7463942307692307 0.016826923076923076 0.028846153846153848
2 0.16947115384615385 0.7860576923076923 0.01201923076923077 0.021634615384615384
2 0.19230769230769232 0.7932692307692307 0.019230769230769232 0.026442307692307692
2 0.1971153846153846 0.7391826923076923 0.028846153846153848 0.021634615384615384
2 0.20793269230769232 0.7043269230769231 0.016826923076923076 0.028846153846153848
2 0.2283653846153846 0.6658653846153846 0.019230769230769232 0.021634615384615384
2 0.21995192307692307 0.6298076923076923 0.014423076923076924 0.03125
2 0.19951923076923078 0.48677884615384615 0.028846153846153848 0.038461538461538464
2 0.19230769230769232 0.5360576923076923 0.019230769230769232 0.038461538461538464
2 0.22716346153846154 0.5348557692307693 0.021634615384615384 0.03125
2 0.23076923076923078 0.5829326923076923 0.02403846153846154 0.03125
2 0.2548076923076923 0.5540865384615384 0.021634615384615384 0.040865384615384616
2 0.25600961538461536 0.6262019230769231 0.02403846153846154 0.03365384615384615
2 0.2548076923076923 0.6646634615384616 0.016826923076923076 0.021634615384615384
2 0.25 0.7007211538461539 0.019230769230769232 0.026442307692307692
2 0.2247596153846154 0.7524038461538461 0.026442307692307692 0.026442307692307692
2 0.2247596153846154 0.7776442307692307 0.021634615384615384 0.016826923076923076
2 0.25240384615384615 0.7836538461538461 0.019230769230769232 0.026442307692307692
2 0.27884615384615385 0.7776442307692307 0.016826923076923076 0.028846153846153848
2 0.30528846153846156 0.7980769230769231 0.019230769230769232 0.02403846153846154
2 0.29927884615384615 0.7487980769230769 0.021634615384615384 0.03125
2 0.27524038461538464 0.6935096153846154 0.021634615384615384 0.038461538461538464
2 0.30408653846153844 0.6754807692307693 0.02403846153846154 0.03365384615384615
2 0.28846153846153844 0.5913461538461539 0.03125 0.038461538461538464
2 0.2668269230769231 0.5012019230769231 0.019230769230769232 0.036057692307692304
2 0.28365384615384615 0.4699519230769231 0.02403846153846154 0.04567307692307692
2 0.24278846153846154 0.43990384615384615 0.021634615384615384 0.036057692307692304
2 0.25 0.4026442307692308 0.019230769230769232 0.028846153846153848
2 0.22596153846153846 0.36538461538461536 0.026442307692307692 0.04567307692307692
2 0.18389423076923078 0.4519230769230769 0.01201923076923077 0.021634615384615384
2 0.3137019230769231 0.5697115384615384 0.01201923076923077 0.04807692307692308
2 0.3317307692307692 0.5913461538461539 0.014423076923076924 0.03125
2 0.33052884615384615 0.6730769230769231 0.016826923076923076 0.038461538461538464
2 0.34134615384615385 0.7572115384615384 0.02403846153846154 0.038461538461538464
2 0.3557692307692308 0.7043269230769231 0.02403846153846154 0.03365384615384615
2 0.3701923076923077 0.6742788461538461 0.014423076923076924 0.026442307692307692
2 0.3737980769230769 0.6298076923076923 0.016826923076923076 0.02403846153846154
2 0.38461538461538464 0.6057692307692307 0.016826923076923076 0.028846153846153848
2 0.4026442307692308 0.5853365384615384 0.021634615384615384 0.03365384615384615
2 0.3786057692307692 0.5348557692307693 0.021634615384615384 0.03365384615384615
2 0.328125 0.5060096153846154 0.028846153846153848 0.038461538461538464
2 0.30528846153846156 0.4050480769230769 0.021634615384615384 0.03125
2 0.2980769230769231 0.3076923076923077 0.021634615384615384 0.036057692307692304
2 0.30649038461538464 0.3473557692307692 0.019230769230769232 0.026442307692307692
2 0.34615384615384615 0.3629807692307692 0.028846153846153848 0.04326923076923077
2 0.3545673076923077 0.27884615384615385 0.03125 0.04807692307692308
2 0.40024038461538464 0.2668269230769231 0.026442307692307692 0.038461538461538464
2 0.390625 0.31971153846153844 0.02403846153846154 0.04567307692307692
2 0.44591346153846156 0.3629807692307692 0.02403846153846154 0.05048076923076923
2 0.3786057692307692 0.40024038461538464 0.016826923076923076 0.04807692307692308
2 0.40865384615384615 0.3858173076923077 0.026442307692307692 0.040865384615384616
2 0.4423076923076923 0.42788461538461536 0.026442307692307692 0.040865384615384616
2 0.4182692307692308 0.4639423076923077 0.028846153846153848 0.04326923076923077
2 0.43149038461538464 0.5396634615384616 0.03365384615384615 0.04326923076923077
2 0.4519230769230769 0.4735576923076923 0.028846153846153848 0.036057692307692304
2 0.484375 0.4567307692307692 0.026442307692307692 0.040865384615384616
2 0.4675480769230769 0.5192307692307693 0.02403846153846154 0.03365384615384615
2 0.49158653846153844 0.5084134615384616 0.021634615384615384 0.038461538461538464
2 0.4723557692307692 0.578125 0.021634615384615384 0.036057692307692304
2 0.4326923076923077 0.5793269230769231 0.021634615384615384 0.028846153846153848
2 0.4026442307692308 0.6394230769230769 0.019230769230769232 0.026442307692307692
2 0.3918269230769231 0.7007211538461539 0.021634615384615384 0.028846153846153848
2 0.3942307692307692 0.7680288461538461 0.016826923076923076 0.040865384615384616
2 0.36778846153846156 0.7716346153846154 0.019230769230769232 0.03365384615384615
2 0.41466346153846156 0.7355769230769231 0.021634615384615384 0.028846153846153848
2 0.4182692307692308 0.6754807692307693 0.016826923076923076 0.03365384615384615
2 0.43149038461538464 0.6478365384615384 0.016826923076923076 0.040865384615384616
2 0.46033653846153844 0.6490384615384616 0.03125 0.04326923076923077
2 0.4519230769230769 0.7043269230769231 0.02403846153846154 0.036057692307692304
2 0.4423076923076923 0.7668269230769231 0.019230769230769232 0.03365384615384615
2 0.47596153846153844 0.7439903846153846 0.019230769230769232 0.038461538461538464
2 0.4699519230769231 0.8461538461538461 0.019230769230769232 0.028846153846153848
2 0.5 0.8016826923076923 0.026442307692307692 0.026442307692307692
2 0.4807692307692308 0.3112980769230769 0.028846153846153848 0.04567307692307692
2 0.5012019230769231 0.4050480769230769 0.02403846153846154 0.057692307692307696
2 0.5324519230769231 0.390625 0.03365384615384615 0.038461538461538464
2 0.5324519230769231 0.30649038461538464 0.028846153846153848 0.06009615384615385
2 0.5612980769230769 0.31009615384615385 0.019230769230769232 0.04807692307692308
2 0.5769230769230769 0.3701923076923077 0.016826923076923076 0.03365384615384615
2 0.5673076923076923 0.41586538461538464 0.021634615384615384 0.038461538461538464
2 0.5324519230769231 0.44350961538461536 0.028846153846153848 0.026442307692307692
2 0.5168269230769231 0.48677884615384615 0.028846153846153848 0.02403846153846154
2 0.5012019230769231 0.609375 0.02403846153846154 0.04326923076923077
2 0.5216346153846154 0.5769230769230769 0.028846153846153848 0.04326923076923077
2 0.5336538461538461 0.640625 0.019230769230769232 0.052884615384615384
2 0.5096153846153846 0.6682692307692307 0.014423076923076924 0.036057692307692304
2 0.5516826923076923 0.5228365384615384 0.021634615384615384 0.036057692307692304
2 0.5757211538461539 0.4639423076923077 0.016826923076923076 0.03365384615384615
2 0.6045673076923077 0.47596153846153844 0.01201923076923077 0.028846153846153848
2 0.5829326923076923 0.6274038461538461 0.028846153846153848 0.036057692307692304
2 0.5697115384615384 0.6790865384615384 0.021634615384615384 0.036057692307692304
2 0.5997596153846154 0.5865384615384616 0.019230769230769232 0.03365384615384615
2 0.6274038461538461 0.5637019230769231 0.026442307692307692 0.038461538461538464
2 0.6430288461538461 0.6418269230769231 0.019230769230769232 0.038461538461538464
2 0.5805288461538461 0.5372596153846154 0.021634615384615384 0.04567307692307692
2 0.5949519230769231 0.40625 0.016826923076923076 0.036057692307692304
2 0.6033653846153846 0.34134615384615385 0.021634615384615384 0.052884615384615384
2 0.6225961538461539 0.4182692307692308 0.021634615384615384 0.038461538461538464
2 0.6490384615384616 0.4074519230769231 0.021634615384615384 0.03125
2 0.6442307692307693 0.4723557692307692 0.016826923076923076 0.036057692307692304
2 0.6586538461538461 0.5264423076923077 0.026442307692307692 0.04326923076923077
2 0.6790865384615384 0.5889423076923077 0.016826923076923076 0.038461538461538464
2 0.7091346153846154 0.6021634615384616 0.03365384615384615 0.028846153846153848
2 0.6959134615384616 0.5276442307692307 0.03125 0.040865384615384616
2 0.6754807692307693 0.46274038461538464 0.028846153846153848 0.06009615384615385
2 0.6983173076923077 0.39783653846153844 0.026442307692307692 0.04567307692307692
2 0.7019230769230769 0.44591346153846156 0.016826923076923076 0.036057692307692304
2 0.7259615384615384 0.5 0.016826923076923076 0.036057692307692304
2 0.7259615384615384 0.6334134615384616 0.02403846153846154 0.026442307692307692
2 0.9074519230769231 0.47836538461538464 0.028846153846153848 0.04326923076923077
2 0.9447115384615384 0.46274038461538464 0.036057692307692304 0.05048076923076923
2 0.9194711538461539 0.31971153846153844 0.02403846153846154 0.036057692307692304
2 0.9783653846153846 0.45913461538461536 0.02403846153846154 0.06009615384615385
2 0.9867788461538461 0.375 0.02403846153846154 0.04807692307692308
2 0.8185096153846154 0.43028846153846156 0.016826923076923076 0.026442307692307692
2 0.7860576923076923 0.3942307692307692 0.01201923076923077 0.02403846153846154
2 0.7379807692307693 0.3942307692307692 0.019230769230769232 0.02403846153846154
2 0.7295673076923077 0.35697115384615385 0.016826923076923076 0.02403846153846154
2 0.7223557692307693 0.3076923076923077 0.01201923076923077 0.02403846153846154
2 0.7247596153846154 0.24639423076923078 0.014423076923076924 0.021634615384615384
2 0.7451923076923077 0.24639423076923078 0.016826923076923076 0.021634615384615384
2 0.7451923076923077 0.3076923076923077 0.016826923076923076 0.016826923076923076
2 0.7463942307692307 0.328125 0.01201923076923077 0.014423076923076924
2 0.75 0.3629807692307692 0.01201923076923077 0.02403846153846154
2 0.765625 0.3016826923076923 0.01201923076923077 0.02403846153846154
2 0.7764423076923077 0.27524038461538464 0.01201923076923077 0.021634615384615384
2 0.7548076923076923 0.203125 0.014423076923076924 0.026442307692307692
2 0.7211538461538461 0.171875 0.016826923076923076 0.02403846153846154
2 0.6899038461538461 0.08774038461538461 0.021634615384615384 0.016826923076923076
2 0.7007211538461539 0.12860576923076922 0.016826923076923076 0.021634615384615384
2 0.6862980769230769 0.055288461538461536 0.019230769230769232 0.02403846153846154
2 0.671875 0.02403846153846154 0.009615384615384616 0.016826923076923076
2 0.6899038461538461 0.013221153846153846 0.01201923076923077 0.026442307692307692
2 0.7139423076923077 0.0625 0.016826923076923076 0.026442307692307692
2 0.734375 0.12379807692307693 0.016826923076923076 0.028846153846153848
2 0.7247596153846154 0.004807692307692308 0.016826923076923076 0.007211538461538462
2 0.7235576923076923 0.028846153846153848 0.014423076923076924 0.026442307692307692
2 0.7331730769230769 0.06129807692307692 0.01201923076923077 0.02403846153846154
2 0.7451923076923077 0.09014423076923077 0.014423076923076924 0.019230769230769232
2 0.7463942307692307 0.038461538461538464 0.01201923076923077 0.026442307692307692
2 0.7584134615384616 0.14423076923076922 0.016826923076923076 0.028846153846153848
2 0.7704326923076923 0.18870192307692307 0.009615384615384616 0.03125
2 0.7884615384615384 0.20192307692307693 0.014423076923076924 0.028846153846153848
2 0.8040865384615384 0.18990384615384615 0.01201923076923077 0.03125
2 0.8209134615384616 0.18629807692307693 0.014423076923076924 0.03365384615384615
2 0.7944711538461539 0.1466346153846154 0.009615384615384616 0.026442307692307692
2 0.7776442307692307 0.13701923076923078 0.01201923076923077 0.028846153846153848
2 0.7956730769230769 0.11298076923076923 0.01201923076923077 0.026442307692307692
2 0.7704326923076923 0.09134615384615384 0.01201923076923077 0.02403846153846154
2 0.7896634615384616 0.06610576923076923 0.016826923076923076 0.028846153846153848
2 0.7704326923076923 0.04326923076923077 0.014423076923076924 0.02403846153846154
2 0.7632211538461539 0.014423076923076924 0.014423076923076924 0.019230769230769232
2 0.7872596153846154 0.020432692307692308 0.01201923076923077 0.026442307692307692
2 0.7680288461538461 0.35216346153846156 0.009615384615384616 0.016826923076923076
2 0.7896634615384616 0.3605769230769231 0.01201923076923077 0.016826923076923076
2 0.7728365384615384 0.3713942307692308 0.007211538461538462 0.019230769230769232
2 0.7668269230769231 0.3245192307692308 0.01201923076923077 0.016826923076923076
2 0.7836538461538461 0.32211538461538464 0.007211538461538462 0.019230769230769232
2 0.7956730769230769 0.3317307692307692 0.01201923076923077 0.014423076923076924
2 0.8040865384615384 0.3088942307692308 0.01201923076923077 0.019230769230769232
2 0.8100961538461539 0.34615384615384615 0.007211538461538462 0.02403846153846154
2 0.8317307692307693 0.3605769230769231 0.007211538461538462 0.02403846153846154
2 0.8461538461538461 0.3389423076923077 0.016826923076923076 0.02403846153846154
2 0.8293269230769231 0.4026442307692308 0.01201923076923077 0.026442307692307692
2 0.8449519230769231 0.4110576923076923 0.01201923076923077 0.021634615384615384
2 0.8617788461538461 0.3762019230769231 0.01201923076923077 0.02403846153846154
2 0.8269230769230769 0.30288461538461536 0.016826923076923076 0.014423076923076924
2 0.8016826923076923 0.26802884615384615 0.014423076923076924 0.019230769230769232
2 0.7956730769230769 0.23317307692307693 0.01201923076923077 0.019230769230769232
2 0.7764423076923077 0.21995192307692307 0.014423076923076924 0.016826923076923076
2 0.8112980769230769 0.234375 0.007211538461538462 0.02403846153846154
2 0.8257211538461539 0.24278846153846154 0.007211538461538462 0.02403846153846154
2 0.8389423076923077 0.2644230769230769 0.009615384615384616 0.021634615384615384
2 0.7127403846153846 0.2800480769230769 0.01201923076923077 0.021634615384615384
2 0.703125 0.18269230769230768 0.01201923076923077 0.028846153846153848
2 0.4855769230769231 0.6658653846153846 0.014423076923076924 0.026442307692307692
2 0.36899038461538464 0.8100961538461539 0.021634615384615384 0.021634615384615384
2 0.33533653846153844 0.8052884615384616 0.021634615384615384 0.016826923076923076
2 0.39783653846153844 0.8028846153846154 0.03125 0.019230769230769232