2 0.4723557692307692 0.2692307692307692 0.04326923076923077 0.04807692307692308
2 0.5288461538461539 0.25961538461538464 0.05048076923076923 0.028846153846153848
2 0.5336538461538461 0.23918269230769232 0.04567307692307692 0.016826923076923076
2 0.5877403846153846 0.23557692307692307 0.04326923076923077 0.028846153846153848
2 0.6213942307692307 0.2704326923076923 0.04326923076923077 0.04567307692307692
2 0.7043269230769231 0.25240384615384615 0.040865384615384616 0.03365384615384615
2 0.7259615384615384 0.23798076923076922 0.038461538461538464 0.038461538461538464
2 0.6911057692307693 0.28725961538461536 0.038461538461538464 0.036057692307692304
2 0.7199519230769231 0.2692307692307692 0.04326923076923077 0.038461538461538464
2 0.7463942307692307 0.33413461538461536 0.040865384615384616 0.03365384615384615
2 0.6646634615384616 0.35096153846153844 0.036057692307692304 0.038461538461538464
2 0.625 0.31490384615384615 0.03365384615384615 0.038461538461538464
2 0.5324519230769231 0.3004807692307692 0.038461538461538464 0.038461538461538464
2 0.5612980769230769 0.2932692307692308 0.04326923076923077 0.038461538461538464
2 0.5588942307692307 0.33052884615384615 0.038461538461538464 0.036057692307692304
2 0.49038461538461536 0.3269230769230769 0.052884615384615384 0.02403846153846154
2 0.5048076923076923 0.35096153846153844 0.038461538461538464 0.038461538461538464
2 0.41225961538461536 0.3786057692307692 0.05048076923076923 0.036057692307692304
2 0.44591346153846156 0.40625 0.04326923076923077 0.038461538461538464
2 0.3701923076923077 0.41947115384615385 0.04807692307692308 0.04567307692307692
2 0.3737980769230769 0.4543269230769231 0.04567307692307692 0.04326923076923077
2 0.4723557692307692 0.4519230769230769 0.040865384615384616 0.04326923076923077
2 0.4879807692307692 0.4182692307692308 0.04326923076923077 0.04326923076923077
2 0.4807692307692308 0.3858173076923077 0.038461538461538464 0.036057692307692304
2 0.515625 0.38461538461538464 0.040865384615384616 0.038461538461538464
2 0.5456730769230769 0.4050480769230769 0.04807692307692308 0.026442307692307692
2 0.5588942307692307 0.37259615384615385 0.036057692307692304 0.038461538461538464
2 0.5877403846153846 0.39903846153846156 0.03125 0.03365384615384615
2 0.6766826923076923 0.3786057692307692 0.04567307692307692 0.03365384615384615
2 0.7331730769230769 0.39903846153846156 0.04326923076923077 0.04326923076923077
2 0.6310096153846154 0.41346153846153844 0.040865384615384616 0.04326923076923077
2 0.6117788461538461 0.4362980769230769 0.040865384615384616 0.040865384615384616
2 0.53125 0.4567307692307692 0.038461538461538464 0.038461538461538464
2 0.5336538461538461 0.4326923076923077 0.03365384615384615 0.02403846153846154
2 0.5721153846153846 0.47596153846153844 0.04326923076923077 0.038461538461538464
2 0.5973557692307693 0.5048076923076923 0.04326923076923077 0.028846153846153848
2 0.7103365384615384 0.49399038461538464 0.05048076923076923 0.03125
2 0.6682692307692307 0.4735576923076923 0.04807692307692308 0.03365384615384615
2 0.6935096153846154 0.453125 0.036057692307692304 0.040865384615384616
2 0.7548076923076923 0.45913461538461536 0.038461538461538464 0.038461538461538464
2 0.7980769230769231 0.4170673076923077 0.04807692307692308 0.028846153846153848
2 0.8028846153846154 0.4483173076923077 0.03365384615384615 0.03125
2 0.7752403846153846 0.4891826923076923 0.05048076923076923 0.03365384615384615
2 0.7788461538461539 0.5192307692307693 0.036057692307692304 0.03365384615384615
2 0.7596153846153846 0.546875 0.040865384615384616 0.040865384615384616
2 0.6754807692307693 0.5276442307692307 0.040865384615384616 0.040865384615384616
2 0.6033653846153846 0.5288461538461539 0.036057692307692304 0.038461538461538464
2 0.5384615384615384 0.5132211538461539 0.038461538461538464 0.040865384615384616
2 0.48677884615384615 0.49399038461538464 0.04326923076923077 0.040865384615384616
2 0.38461538461538464 0.515625 0.0673076923076923 0.05048076923076923
2 0.43509615384615385 0.5576923076923077 0.05048076923076923 0.04807692307692308
2 0.46875 0.5396634615384616 0.04567307692307692 0.04807692307692308
2 0.5144230769230769 0.5637019230769231 0.04567307692307692 0.04567307692307692
2 0.546875 0.5901442307692307 0.04807692307692308 0.04567307692307692
2 0.5552884615384616 0.5480769230769231 0.055288461538461536 0.038461538461538464
2 0.6237980769230769 0.5709134615384616 0.052884615384615384 0.040865384615384616
2 0.6754807692307693 0.5733173076923077 0.03125 0.03125
2 0.7512019230769231 0.5733173076923077 0.04326923076923077 0.026442307692307692
2 0.7836538461538461 0.5877403846153846 0.04326923076923077 0.03125
2 0.8137019230769231 0.5528846153846154 0.04326923076923077 0.028846153846153848
2 0.8545673076923077 0.5276442307692307 0.04326923076923077 0.040865384615384616
2 0.9447115384615384 0.5024038461538461 0.038461538461538464 0.02403846153846154
2 0.9771634615384616 0.5420673076923077 0.04326923076923077 0.040865384615384616
2 0.8966346153846154 0.5540865384615384 0.04807692307692308 0.040865384615384616
2 0.8461538461538461 0.6009615384615384 0.04567307692307692 0.04326923076923077
2 0.890625 0.6237980769230769 0.038461538461538464 0.038461538461538464
2 0.8918269230769231 0.6514423076923077 0.04567307692307692 0.03365384615384615
2 0.8786057692307693 0.6778846153846154 0.03365384615384615 0.03365384615384615
2 0.8701923076923077 0.7283653846153846 0.038461538461538464 0.028846153846153848
2 0.7872596153846154 0.6911057692307693 0.038461538461538464 0.038461538461538464
2 0.78125 0.7247596153846154 0.038461538461538464 0.036057692307692304
2 0.78125 0.6490384615384616 0.036057692307692304 0.028846153846153848
2 0.734375 0.6394230769230769 0.038461538461538464 0.038461538461538464
2 0.7043269230769231 0.6310096153846154 0.040865384615384616 0.03125
2 0.6850961538461539 0.6069711538461539 0.040865384615384616 0.040865384615384616
2 0.7331730769230769 0.609375 0.05048076923076923 0.03365384615384615
2 0.6322115384615384 0.6310096153846154 0.040865384615384616 0.040865384615384616
2 0.6129807692307693 0.65625 0.03125 0.028846153846153848
2 0.5913461538461539 0.6971153846153846 0.05048076923076923 0.038461538461538464
2 0.5625 0.7379807692307693 0.04807692307692308 0.03365384615384615
2 0.5889423076923077 0.7644230769230769 0.038461538461538464 0.038461538461538464
2 0.6490384615384616 0.7764423076923077 0.04326923076923077 0.04326923076923077
2 0.6875 0.7391826923076923 0.04807692307692308 0.036057692307692304
2 0.6574519230769231 0.7091346153846154 0.04807692307692308 0.02403846153846154
2 0.6911057692307693 0.6899038461538461 0.038461538461538464 0.03365384615384615
2 0.34375 0.6057692307692307 0.06490384615384616 0.04807692307692308
2 0.38822115384615385 0.6213942307692307 0.057692307692307696 0.040865384615384616
2 0.3389423076923077 0.65625 0.06009615384615385 0.04326923076923077
2 0.3737980769230769 0.7283653846153846 0.06009615384615385 0.038461538461538464
2 0.39903846153846156 0.7139423076923077 0.05048076923076923 0.03365384615384615
2 0.3798076923076923 0.6935096153846154 0.036057692307692304 0.036057692307692304
2 0.48677884615384615 0.7151442307692307 0.04326923076923077 0.040865384615384616
2 0.43990384615384615 0.6670673076923077 0.040865384615384616 0.04326923076923077
2 0.47716346153846156 0.6346153846153846 0.052884615384615384 0.02403846153846154
2 0.46634615384615385 0.6129807692307693 0.040865384615384616 0.04326923076923077
2 0.46033653846153844 0.5889423076923077 0.057692307692307696 0.028846153846153848
2 0.8112980769230769 0.6237980769230769 0.03365384615384615 0.036057692307692304
2 0.8137019230769231 0.6622596153846154 0.03365384615384615 0.03125
2 0.8978365384615384 0.7560096153846154 0.03125 0.03125
2 0.9002403846153846 0.7896634615384616 0.03125 0.03125
2 0.8725961538461539 0.8185096153846154 0.03365384615384615 0.03125
2 0.8040865384615384 0.7860576923076923 0.04807692307692308 0.028846153846153848
2 0.796875 0.7560096153846154 0.036057692307692304 0.036057692307692304
2 0.8521634615384616 0.8473557692307693 0.03125 0.03125
2 0.9122596153846154 0.8533653846153846 0.04567307692307692 0.02403846153846154
2 0.9038461538461539 0.8798076923076923 0.038461538461538464 0.02403846153846154
2 0.8978365384615384 0.9074519230769231 0.028846153846153848 0.03125
2 0.859375 0.9170673076923077 0.03125 0.03125
2 0.8665865384615384 0.9567307692307693 0.038461538461538464 0.03365384615384615
2 0.8870192307692307 0.9411057692307693 0.03125 0.03125
2 0.8088942307692307 0.9903846153846154 0.028846153846153848 0.019230769230769232
2 0.6754807692307693 0.9879807692307693 0.03125 0.02403846153846154
2 0.6887019230769231 0.9651442307692307 0.038461538461538464 0.026442307692307692
2 0.7151442307692307 0.9831730769230769 0.052884615384615384 0.03365384615384615
2 0.7944711538461539 0.9771634615384616 0.04807692307692308 0.028846153846153848
2 0.7752403846153846 0.9555288461538461 0.038461538461538464 0.040865384615384616
2 0.6971153846153846 0.9326923076923077 0.055288461538461536 0.02403846153846154
2 0.7271634615384616 0.9158653846153846 0.05048076923076923 0.02403846153846154
2 0.5901442307692307 0.9639423076923077 0.02403846153846154 0.02403846153846154
2 0.6117788461538461 0.9483173076923077 0.038461538461538464 0.028846153846153848
2 0.6201923076923077 0.9134615384615384 0.04807692307692308 0.038461538461538464
2 0.6887019230769231 0.8954326923076923 0.055288461538461536 0.03125
2 0.7175480769230769 0.859375 0.04567307692307692 0.036057692307692304
2 0.7644230769230769 0.8930288461538461 0.038461538461538464 0.040865384615384616
2 0.7271634615384616 0.8137019230769231 0.036057692307692304 0.036057692307692304
2 0.734375 0.7788461538461539 0.04326923076923077 0.03365384615384615
2 0.6706730769230769 0.8040865384615384 0.04807692307692308 0.03125
2 0.6213942307692307 0.8449519230769231 0.036057692307692304 0.036057692307692304
2 0.578125 0.8389423076923077 0.04807692307692308 0.038461538461538464
2 0.5336538461538461 0.8569711538461539 0.04807692307692308 0.021634615384615384
2 0.4411057692307692 0.8088942307692307 0.04567307692307692 0.04807692307692308
2 0.4699519230769231 0.7872596153846154 0.04567307692307692 0.036057692307692304
2 0.5204326923076923 0.7872596153846154 0.04567307692307692 0.04567307692307692
2 0.6225961538461539 0.8064903846153846 0.04807692307692308 0.03125
2 0.8245192307692307 0.9038461538461539 0.038461538461538464 0.038461538461538464
2 0.8581730769230769 0.8774038461538461 0.038461538461538464 0.038461538461538464
2 0.8076923076923077 0.8689903846153846 0.038461538461538464 0.040865384615384616
2 0.8112980769230769 0.8293269230769231 0.040865384615384616 0.03365384615384615
2 0.7668269230769231 0.8100961538461539 0.03365384615384615 0.028846153846153848
2 0.7764423076923077 0.8569711538461539 0.038461538461538464 0.036057692307692304
2 0.026442307692307692 0.29927884615384615 0.026442307692307692 0.014423076923076924
2 0.013221153846153846 0.28125 0.02403846153846154 0.019230769230769232
2 0.009615384615384616 0.2644230769230769 0.016826923076923076 0.014423076923076924
2 0.009615384615384616 0.23557692307692307 0.016826923076923076 0.019230769230769232
2 0.026442307692307692 0.2403846153846154 0.03125 0.019230769230769232
2 0.009615384615384616 0.20552884615384615 0.016826923076923076 0.016826923076923076
2 0.013221153846153846 0.1971153846153846 0.02403846153846154 0.019230769230769232
2 0.039663461538461536 0.21153846153846154 0.028846153846153848 0.028846153846153848
2 0.018028846153846152 0.16706730769230768 0.02403846153846154 0.026442307692307692
2 0.055288461538461536 0.2848557692307692 0.03125 0.021634615384615384
2 0.09254807692307693 0.28125 0.028846153846153848 0.019230769230769232
2 0.07211538461538461 0.2512019230769231 0.036057692307692304 0.021634615384615384
2 0.0673076923076923 0.2283653846153846 0.036057692307692304 0.02403846153846154
2 0.04567307692307692 0.18870192307692307 0.036057692307692304 0.021634615384615384
2 0.09615384615384616 0.1875 0.028846153846153848 0.028846153846153848
2 0.13942307692307693 0.22716346153846154 0.028846153846153848 0.028846153846153848
2 0.19110576923076922 0.24519230769230768 0.02403846153846154 0.028846153846153848
2 0.14423076923076922 0.2668269230769231 0.026442307692307692 0.02403846153846154
2 0.203125 0.2644230769230769 0.02403846153846154 0.02403846153846154
2 0.15745192307692307 0.19951923076923078 0.028846153846153848 0.019230769230769232
2 0.14903846153846154 0.1778846153846154 0.03125 0.019230769230769232
2 0.12259615384615384 0.15625 0.036057692307692304 0.019230769230769232
2 0.06850961538461539 0.16466346153846154 0.038461538461538464 0.021634615384615384
2 0.22956730769230768 0.20192307692307693 0.028846153846153848 0.028846153846153848
2 0.27524038461538464 0.21394230769230768 0.038461538461538464 0.02403846153846154
2 0.3137019230769231 0.2536057692307692 0.028846153846153848 0.026442307692307692
2 0.28725961538461536 0.23918269230769232 0.038461538461538464 0.021634615384615384
2 0.20432692307692307 0.18509615384615385 0.021634615384615384 0.02403846153846154
2 0.22355769230769232 0.16346153846153846 0.026442307692307692 0.02403846153846154
2 0.2127403846153846 0.14423076923076922 0.028846153846153848 0.02403846153846154
2 0.21033653846153846 0.12379807692307693 0.03365384615384615 0.01201923076923077
2 0.3088942307692308 0.1778846153846154 0.028846153846153848 0.019230769230769232
2 0.3401442307692308 0.19230769230769232 0.02403846153846154 0.019230769230769232
2 0.3485576923076923 0.21634615384615385 0.02403846153846154 0.02403846153846154
2 0.3449519230769231 0.23798076923076922 0.02403846153846154 0.02403846153846154
2 0.40024038461538464 0.22956730769230768 0.028846153846153848 0.026442307692307692
2 0.37259615384615385 0.21394230769230768 0.021634615384615384 0.02403846153846154
2 0.43990384615384615 0.22355769230769232 0.028846153846153848 0.028846153846153848
2 0.4098557692307692 0.20552884615384615 0.028846153846153848 0.03125
2 0.390625 0.1875 0.028846153846153848 0.019230769230769232
2 0.4483173076923077 0.16706730769230768 0.03365384615384615 0.019230769230769232
2 0.48677884615384615 0.12980769230769232 0.028846153846153848 0.028846153846153848
2 0.4543269230769231 0.1141826923076923 0.03125 0.01201923076923077
2 0.4639423076923077 0.09615384615384616 0.02403846153846154 0.02403846153846154
2 0.40865384615384615 0.11298076923076923 0.026442307692307692 0.02403846153846154
2 0.38461538461538464 0.09375 0.028846153846153848 0.02403846153846154
2 0.4050480769230769 0.15985576923076922 0.02403846153846154 0.021634615384615384
2 0.3737980769230769 0.15504807692307693 0.02403846153846154 0.021634615384615384
2 0.3485576923076923 0.14543269230769232 0.021634615384615384 0.021634615384615384
2 0.3389423076923077 0.11899038461538461 0.036057692307692304 0.021634615384615384
2 0.30528846153846156 0.1502403846153846 0.03125 0.026442307692307692
2 0.25841346153846156 0.15745192307692307 0.02403846153846154 0.026442307692307692
2 0.2608173076923077 0.13942307692307693 0.038461538461538464 0.014423076923076924
2 0.2704326923076923 0.12379807692307693 0.02403846153846154 0.021634615384615384
2 0.29927884615384615 0.10817307692307693 0.028846153846153848 0.019230769230769232
2 0.31971153846153844 0.0985576923076923 0.019230769230769232 0.019230769230769232
2 0.3918269230769231 0.13822115384615385 0.026442307692307692 0.019230769230769232
2 0.42788461538461536 0.07932692307692307 0.019230769230769232 0.014423076923076924
2 0.45072115384615385 0.078125 0.019230769230769232 0.021634615384615384
2 0.3629807692307692 0.25 0.03125 0.009615384615384616
2 0.24759615384615385 0.18389423076923078 0.026442307692307692 0.026442307692307692
2 0.09495192307692307 0.21153846153846154 0.028846153846153848 0.03365384615384615
2 0.16346153846153846 0.15384615384615385 0.026442307692307692 0.019230769230769232
2 0.009615384615384616 0.1778846153846154 0.016826923076923076 0.019230769230769232
2 0.2956730769230769 0.19951923076923078 0.021634615384615384 0.02403846153846154
2 0.3629807692307692 0.19110576923076922 0.021634615384615384 0.021634615384615384
2 0.5564903846153846 0.02283653846153846 0.057692307692307696 0.036057692307692304
2 0.38221153846153844 0.018028846153846152 0.038461538461538464 0.036057692307692304