2 0.39903846153846156 0.6009615384615384 0.036057692307692304 0.04807692307692308
2 0.41225961538461536 0.6466346153846154 0.028846153846153848 0.038461538461538464
2 0.4375 0.6430288461538461 0.021634615384615384 0.038461538461538464
2 0.44711538461538464 0.6850961538461539 0.026442307692307692 0.03365384615384615
2 0.44711538461538464 0.8257211538461539 0.028846153846153848 0.026442307692307692
2 0.42788461538461536 0.8004807692307693 0.03125 0.03125
2 0.39903846153846156 0.7932692307692307 0.021634615384615384 0.03365384615384615
2 0.4050480769230769 0.7307692307692307 0.03125 0.038461538461538464
2 0.36538461538461536 0.7367788461538461 0.03125 0.03365384615384615
2 0.38341346153846156 0.7536057692307693 0.026442307692307692 0.026442307692307692
2 0.36899038461538464 0.7692307692307693 0.026442307692307692 0.028846153846153848
2 0.3713942307692308 0.8413461538461539 0.03125 0.028846153846153848
2 0.3329326923076923 0.7824519230769231 0.028846153846153848 0.036057692307692304
2 0.38100961538461536 0.6838942307692307 0.028846153846153848 0.03365384615384615
2 0.36538461538461536 0.6610576923076923 0.03365384615384615 0.03365384615384615
2 0.34975961538461536 0.6826923076923077 0.026442307692307692 0.038461538461538464
2 0.33413461538461536 0.6310096153846154 0.028846153846153848 0.038461538461538464
2 0.3293269230769231 0.6634615384615384 0.02403846153846154 0.04326923076923077
2 0.30288461538461536 0.6550480769230769 0.036057692307692304 0.038461538461538464
2 0.3112980769230769 0.6947115384615384 0.028846153846153848 0.038461538461538464
2 0.2800480769230769 0.6887019230769231 0.028846153846153848 0.040865384615384616
2 0.2548076923076923 0.7524038461538461 0.03125 0.04326923076923077
2 0.2824519230769231 0.7608173076923077 0.03365384615384615 0.040865384615384616
2 0.2512019230769231 0.6814903846153846 0.026442307692307692 0.038461538461538464
2 0.25961538461538464 0.6442307692307693 0.026442307692307692 0.038461538461538464
2 0.2776442307692308 0.6298076923076923 0.014423076923076924 0.036057692307692304
2 0.25961538461538464 0.6021634615384616 0.03365384615384615 0.03365384615384615
2 0.2764423076923077 0.5757211538461539 0.03365384615384615 0.04326923076923077
2 0.23798076923076922 0.5480769230769231 0.03125 0.040865384615384616
2 0.203125 0.5528846153846154 0.036057692307692304 0.038461538461538464
2 0.20552884615384615 0.6418269230769231 0.038461538461538464 0.04326923076923077
2 0.21995192307692307 0.6875 0.036057692307692304 0.038461538461538464
2 0.2127403846153846 0.7283653846153846 0.03365384615384615 0.038461538461538464
2 0.22115384615384615 0.8233173076923077 0.036057692307692304 0.040865384615384616
2 0.24879807692307693 0.8293269230769231 0.02403846153846154 0.038461538461538464
2 0.2956730769230769 0.8557692307692307 0.03365384615384615 0.04326923076923077
2 0.3125 0.8016826923076923 0.026442307692307692 0.036057692307692304
2 0.3317307692307692 0.8365384615384616 0.026442307692307692 0.03365384615384615
2 0.2932692307692308 0.9122596153846154 0.028846153846153848 0.036057692307692304
2 0.265625 0.9302884615384616 0.028846153846153848 0.03125
2 0.24158653846153846 0.8834134615384616 0.03365384615384615 0.03125
2 0.2668269230769231 0.8786057692307693 0.016826923076923076 0.026442307692307692
2 0.20673076923076922 0.9819711538461539 0.03125 0.036057692307692304
2 0.17668269230769232 0.9507211538461539 0.036057692307692304 0.028846153846153848
2 0.16466346153846154 0.90625 0.02403846153846154 0.026442307692307692
2 0.13942307692307693 0.9254807692307693 0.026442307692307692 0.028846153846153848
2 0.21033653846153846 0.8990384615384616 0.02403846153846154 0.03365384615384615
2 0.20552884615384615 0.8581730769230769 0.036057692307692304 0.04326923076923077
2 0.13341346153846154 0.9807692307692307 0.028846153846153848 0.036057692307692304
2 0.10697115384615384 0.9615384615384616 0.026442307692307692 0.03125
2 0.078125 0.9447115384615384 0.026442307692307692 0.03125
2 0.06610576923076923 0.9723557692307693 0.03365384615384615 0.03365384615384615
2 0.036057692307692304 0.9591346153846154 0.028846153846153848 0.036057692307692304
2 0.009615384615384616 0.9555288461538461 0.019230769230769232 0.04326923076923077
2 0.03245192307692308 0.8653846153846154 0.026442307692307692 0.038461538461538464
2 0.009615384615384616 0.8497596153846154 0.019230769230769232 0.04326923076923077
2 0.003605769230769231 0.8894230769230769 0.007211538461538462 0.03365384615384615
2 0.003605769230769231 0.7932692307692307 0.007211538461538462 0.04807692307692308
2 0.006009615384615385 0.6598557692307693 0.01201923076923077 0.052884615384615384
2 0.006009615384615385 0.5612980769230769 0.01201923076923077 0.052884615384615384
2 0.037259615384615384 0.5576923076923077 0.04326923076923077 0.052884615384615384
2 0.046875 0.5973557692307693 0.028846153846153848 0.04326923076923077
2 0.052884615384615384 0.6646634615384616 0.03125 0.04807692307692308
2 0.07692307692307693 0.6598557692307693 0.03125 0.04807692307692308
2 0.09975961538461539 0.6334134615384616 0.04326923076923077 0.052884615384615384
2 0.12980769230769232 0.5733173076923077 0.040865384615384616 0.04326923076923077
2 0.15745192307692307 0.5841346153846154 0.03125 0.038461538461538464
2 0.12139423076923077 0.6526442307692307 0.03365384615384615 0.04326923076923077
2 0.10697115384615384 0.6983173076923077 0.038461538461538464 0.040865384615384616
2 0.09134615384615384 0.7367788461538461 0.036057692307692304 0.04567307692307692
2 0.05889423076923077 0.8137019230769231 0.038461538461538464 0.038461538461538464
2 0.12259615384615384 0.8052884615384616 0.028846153846153848 0.040865384615384616
2 0.13221153846153846 0.7259615384615384 0.036057692307692304 0.040865384615384616
2 0.17307692307692307 0.6646634615384616 0.036057692307692304 0.040865384615384616
2 0.17067307692307693 0.7055288461538461 0.03365384615384615 0.03365384615384615
2 0.15985576923076922 0.7307692307692307 0.021634615384615384 0.03125
2 0.15264423076923078 0.7800480769230769 0.019230769230769232 0.036057692307692304
2 0.17067307692307693 0.7632211538461539 0.028846153846153848 0.04326923076923077
2 0.19110576923076922 0.7536057692307693 0.02403846153846154 0.036057692307692304
2 0.1778846153846154 0.8245192307692307 0.021634615384615384 0.03365384615384615
2 0.14783653846153846 0.8257211538461539 0.019230769230769232 0.038461538461538464
2 0.10817307692307693 0.8966346153846154 0.03125 0.03125
2 0.0829326923076923 0.875 0.03125 0.028846153846153848
2 0.6165865384615384 0.47836538461538464 0.03125 0.036057692307692304
2 0.6153846153846154 0.6346153846153846 0.028846153846153848 0.040865384615384616
2 0.6454326923076923 0.6165865384615384 0.028846153846153848 0.036057692307692304
2 0.6706730769230769 0.5324519230769231 0.028846153846153848 0.038461538461538464
2 0.6802884615384616 0.59375 0.026442307692307692 0.038461538461538464
2 0.6995192307692307 0.5204326923076923 0.026442307692307692 0.038461538461538464
2 0.7163461538461539 0.59375 0.03365384615384615 0.038461538461538464
2 0.7211538461538461 0.6514423076923077 0.03365384615384615 0.036057692307692304
2 0.7163461538461539 0.4543269230769231 0.028846153846153848 0.04326923076923077
2 0.7319711538461539 0.5168269230769231 0.03365384615384615 0.040865384615384616
2 0.7512019230769231 0.48677884615384615 0.026442307692307692 0.040865384615384616
2 0.7848557692307693 0.5048076923076923 0.028846153846153848 0.038461538461538464
2 0.7644230769230769 0.5673076923076923 0.026442307692307692 0.028846153846153848
2 0.7451923076923077 0.5793269230769231 0.019230769230769232 0.040865384615384616
2 0.7848557692307693 0.6466346153846154 0.028846153846153848 0.038461538461538464
2 0.7596153846153846 0.6586538461538461 0.019230769230769232 0.03365384615384615
2 0.7908653846153846 0.7127403846153846 0.021634615384615384 0.036057692307692304
2 0.8245192307692307 0.6935096153846154 0.02403846153846154 0.038461538461538464
2 0.8257211538461539 0.5216346153846154 0.03125 0.03365384615384615
2 0.7860576923076923 0.4519230769230769 0.03125 0.038461538461538464
2 0.7860576923076923 0.5360576923076923 0.026442307692307692 0.03365384615384615
2 0.7980769230769231 0.5540865384615384 0.02403846153846154 0.028846153846153848
2 0.8305288461538461 0.4375 0.03125 0.04326923076923077
2 0.796875 0.37259615384615385 0.03125 0.04567307692307692
2 0.8137019230769231 0.29447115384615385 0.03365384615384615 0.040865384615384616
2 0.8509615384615384 0.265625 0.03125 0.04567307692307692
2 0.8425480769230769 0.32572115384615385 0.026442307692307692 0.04567307692307692
2 0.8233173076923077 0.36778846153846156 0.028846153846153848 0.04807692307692308
2 0.8557692307692307 0.4230769230769231 0.026442307692307692 0.040865384615384616
2 0.8870192307692307 0.4026442307692308 0.028846153846153848 0.04567307692307692
2 0.8774038461538461 0.4543269230769231 0.03365384615384615 0.036057692307692304
2 0.8461538461538461 0.4855769230769231 0.021634615384615384 0.038461538461538464
2 0.9170673076923077 0.375 0.026442307692307692 0.04326923076923077
2 0.9326923076923077 0.23918269230769232 0.03365384615384615 0.04807692307692308
2 0.90625 0.26802884615384615 0.028846153846153848 0.038461538461538464
2 0.9555288461538461 0.2608173076923077 0.03125 0.04567307692307692
2 0.9735576923076923 0.2704326923076923 0.03125 0.04326923076923077
2 0.9543269230769231 0.32091346153846156 0.028846153846153848 0.038461538461538464
2 0.9699519230769231 0.34975961538461536 0.03125 0.036057692307692304
2 0.9735576923076923 0.38221153846153844 0.03125 0.03125
2 0.9447115384615384 0.41346153846153844 0.02403846153846154 0.038461538461538464
2 0.9675480769230769 0.43149038461538464 0.026442307692307692 0.04567307692307692
2 0.9122596153846154 0.44350961538461536 0.03125 0.03365384615384615
2 0.9002403846153846 0.4951923076923077 0.026442307692307692 0.03365384615384615
2 0.9338942307692307 0.4699519230769231 0.03125 0.038461538461538464
2 0.9447115384615384 0.5072115384615384 0.02403846153846154 0.036057692307692304
2 0.9146634615384616 0.53125 0.026442307692307692 0.026442307692307692
2 0.8641826923076923 0.5240384615384616 0.02403846153846154 0.03365384615384615
2 0.8461538461538461 0.5552884615384616 0.02403846153846154 0.028846153846153848
2 0.8341346153846154 0.5817307692307693 0.02403846153846154 0.02403846153846154
2 0.8149038461538461 0.6189903846153846 0.026442307692307692 0.028846153846153848
2 0.8545673076923077 0.5985576923076923 0.021634615384615384 0.028846153846153848
2 0.8353365384615384 0.6129807692307693 0.019230769230769232 0.03365384615384615
2 0.8365384615384616 0.6526442307692307 0.021634615384615384 0.03125
2 0.859375 0.6322115384615384 0.019230769230769232 0.026442307692307692
2 0.8449519230769231 0.6802884615384616 0.014423076923076924 0.03365384615384615
2 0.8353365384615384 0.734375 0.021634615384615384 0.02403846153846154
2 0.8509615384615384 0.7536057692307693 0.019230769230769232 0.028846153846153848
2 0.8737980769230769 0.765625 0.02403846153846154 0.02403846153846154
2 0.8774038461538461 0.7283653846153846 0.02403846153846154 0.02403846153846154
2 0.8834134615384616 0.7043269230769231 0.026442307692307692 0.026442307692307692
2 0.8882211538461539 0.6334134615384616 0.021634615384615384 0.026442307692307692
2 0.9134615384615384 0.6574519230769231 0.019230769230769232 0.028846153846153848
2 0.9158653846153846 0.6778846153846154 0.02403846153846154 0.026442307692307692
2 0.8894230769230769 0.6009615384615384 0.028846153846153848 0.02403846153846154
2 0.8701923076923077 0.5576923076923077 0.02403846153846154 0.02403846153846154
2 0.8954326923076923 0.5552884615384616 0.026442307692307692 0.028846153846153848
2 0.9086538461538461 0.5925480769230769 0.014423076923076924 0.02403846153846154
2 0.9278846153846154 0.6177884615384616 0.019230769230769232 0.028846153846153848
2 0.9411057692307693 0.5949519230769231 0.02403846153846154 0.03365384615384615
2 0.9807692307692307 0.6598557692307693 0.02403846153846154 0.026442307692307692
2 0.9495192307692307 0.5444711538461539 0.021634615384615384 0.028846153846153848
2 0.9579326923076923 0.5661057692307693 0.021634615384615384 0.03365384615384615
2 0.9891826923076923 0.5793269230769231 0.021634615384615384 0.021634615384615384
2 0.9831730769230769 0.5348557692307693 0.026442307692307692 0.026442307692307692
2 0.9939903846153846 0.4951923076923077 0.01201923076923077 0.026442307692307692
2 0.9831730769230769 0.59375 0.016826923076923076 0.02403846153846154
2 0.9927884615384616 0.421875 0.014423076923076924 0.04567307692307692
2 0.9807692307692307 0.4675480769230769 0.02403846153846154 0.03125
2 0.96875 0.5108173076923077 0.016826923076923076 0.038461538461538464
2 0.8689903846153846 0.1814903846153846 0.03125 0.052884615384615384
2 0.9254807692307693 0.19591346153846154 0.036057692307692304 0.040865384615384616
2 0.9507211538461539 0.1622596153846154 0.028846153846153848 0.06009615384615385
2 0.9771634615384616 0.203125 0.02403846153846154 0.05048076923076923
2 0.9927884615384616 0.13581730769230768 0.014423076923076924 0.052884615384615384
2 0.9939903846153846 0.2247596153846154 0.01201923076923077 0.04326923076923077
2 0.9891826923076923 0.3004807692307692 0.021634615384615384 0.04807692307692308
2 0.9963942307692307 0.3605769230769231 0.007211538461538462 0.04807692307692308
2 0.4206730769230769 0.171875 0.016826923076923076 0.03125
2 0.4375 0.15865384615384615 0.019230769230769232 0.028846153846153848
2 0.453125 0.14903846153846154 0.014423076923076924 0.03125
2 0.4735576923076923 0.13822115384615385 0.016826923076923076 0.026442307692307692
2 0.49759615384615385 0.109375 0.016826923076923076 0.03125
2 0.5060096153846154 0.1502403846153846 0.016826923076923076 0.03125
2 0.4230769230769231 0.2439903846153846 0.014423076923076924 0.026442307692307692
2 0.4387019230769231 0.19591346153846154 0.019230769230769232 0.028846153846153848
2 0.4423076923076923 0.2283653846153846 0.019230769230769232 0.028846153846153848
2 0.46634615384615385 0.20072115384615385 0.019230769230769232 0.028846153846153848
2 0.47475961538461536 0.1658653846153846 0.019230769230769232 0.03125
2 0.48677884615384615 0.1971153846153846 0.019230769230769232 0.03125
2 0.4963942307692308 0.17307692307692307 0.014423076923076924 0.03125
2 0.5180288461538461 0.17548076923076922 0.019230769230769232 0.03365384615384615
2 0.46153846153846156 0.2644230769230769 0.016826923076923076 0.02403846153846154
2 0.44711538461538464 0.30408653846153844 0.019230769230769232 0.02403846153846154
2 0.4807692307692308 0.30528846153846156 0.016826923076923076 0.02403846153846154
2 0.49158653846153844 0.25961538461538464 0.016826923076923076 0.026442307692307692
2 0.5 0.21995192307692307 0.019230769230769232 0.028846153846153848
2 0.5180288461538461 0.2692307692307692 0.016826923076923076 0.028846153846153848
2 0.5264423076923077 0.21875 0.016826923076923076 0.028846153846153848
2 0.5348557692307693 0.26322115384615385 0.01201923076923077 0.036057692307692304
2 0.5180288461538461 0.3317307692307692 0.019230769230769232 0.03125
2 0.53125 0.3076923076923077 0.016826923076923076 0.03365384615384615
2 0.4879807692307692 0.3173076923076923 0.019230769230769232 0.026442307692307692
2 0.4675480769230769 0.31490384615384615 0.014423076923076924 0.03125
2 0.44350961538461536 0.3425480769230769 0.014423076923076924 0.02403846153846154
2 0.43149038461538464 0.31971153846153844 0.016826923076923076 0.026442307692307692
2 0.4639423076923077 0.3762019230769231 0.019230769230769232 0.03365384615384615
2 0.4543269230769231 0.42788461538461536 0.016826923076923076 0.02403846153846154
2 0.4807692307692308 0.41346153846153844 0.021634615384615384 0.026442307692307692
2 0.46634615384615385 0.4326923076923077 0.016826923076923076 0.026442307692307692
2 0.4855769230769231 0.4567307692307692 0.019230769230769232 0.026442307692307692
2 0.49759615384615385 0.43149038461538464 0.014423076923076924 0.026442307692307692
2 0.49278846153846156 0.3762019230769231 0.016826923076923076 0.028846153846153848
2 0.5120192307692307 0.3737980769230769 0.019230769230769232 0.03125
2 0.5168269230769231 0.3894230769230769 0.014423076923076924 0.026442307692307692
2 0.5288461538461539 0.38341346153846156 0.01201923076923077 0.026442307692307692
2 0.5480769230769231 0.3942307692307692 0.016826923076923076 0.028846153846153848
2 0.5360576923076923 0.3401442307692308 0.01201923076923077 0.026442307692307692
2 0.546875 0.3233173076923077 0.01201923076923077 0.028846153846153848
2 0.5384615384615384 0.41947115384615385 0.016826923076923076 0.03125
2 0.5204326923076923 0.43028846153846156 0.019230769230769232 0.02403846153846154
2 0.5240384615384616 0.4483173076923077 0.016826923076923076 0.026442307692307692
2 0.46634615384615385 0.4855769230769231 0.016826923076923076 0.02403846153846154
2 0.4543269230769231 0.5084134615384616 0.019230769230769232 0.028846153846153848
2 0.49759615384615385 0.484375 0.016826923076923076 0.02403846153846154
2 0.5120192307692307 0.47836538461538464 0.019230769230769232 0.02403846153846154
2 0.5204326923076923 0.5108173076923077 0.021634615384615384 0.02403846153846154
2 0.5300480769230769 0.47836538461538464 0.014423076923076924 0.026442307692307692
2 0.5444711538461539 0.4651442307692308 0.016826923076923076 0.02403846153846154
2 0.5697115384615384 0.5048076923076923 0.014423076923076924 0.028846153846153848
2 0.5564903846153846 0.48197115384615385 0.016826923076923076 0.028846153846153848
2 0.5697115384615384 0.4723557692307692 0.01201923076923077 0.026442307692307692
2 0.5432692307692307 0.43990384615384615 0.016826923076923076 0.021634615384615384
2 0.5600961538461539 0.4326923076923077 0.014423076923076924 0.026442307692307692