2 0.3918269230769231 0.2704326923076923 0.01201923076923077 0.02403846153846154
2 0.40865384615384615 0.27524038461538464 0.01201923076923077 0.02403846153846154
2 0.36658653846153844 0.2848557692307692 0.014423076923076924 0.026442307692307692
2 0.34975961538461536 0.3112980769230769 0.009615384615384616 0.03125
2 0.3581730769230769 0.35697115384615385 0.009615384615384616 0.02403846153846154
2 0.33533653846153844 0.36778846153846156 0.009615384615384616 0.02403846153846154
2 0.3449519230769231 0.4074519230769231 0.01201923076923077 0.02403846153846154
2 0.3641826923076923 0.33653846153846156 0.009615384615384616 0.021634615384615384
2 0.34975961538461536 0.33653846153846156 0.009615384615384616 0.019230769230769232
2 0.3449519230769231 0.31971153846153844 0.009615384615384616 0.019230769230769232
2 0.3786057692307692 0.2920673076923077 0.009615384615384616 0.021634615384615384
2 0.3737980769230769 0.3173076923076923 0.009615384615384616 0.02403846153846154
2 0.3870192307692308 0.3233173076923077 0.009615384615384616 0.021634615384615384
2 0.3870192307692308 0.3449519230769231 0.01201923076923077 0.021634615384615384
2 0.37740384615384615 0.36899038461538464 0.01201923076923077 0.02403846153846154
2 0.36899038461538464 0.38221153846153844 0.014423076923076924 0.019230769230769232
2 0.36778846153846156 0.4026442307692308 0.01201923076923077 0.021634615384615384
2 0.36538461538461536 0.43028846153846156 0.01201923076923077 0.019230769230769232
2 0.359375 0.4519230769230769 0.01201923076923077 0.02403846153846154
2 0.3786057692307692 0.4423076923076923 0.014423076923076924 0.02403846153846154
2 0.3786057692307692 0.4098557692307692 0.009615384615384616 0.019230769230769232
2 0.40384615384615385 0.39302884615384615 0.009615384615384616 0.026442307692307692
2 0.39903846153846156 0.32572115384615385 0.009615384615384616 0.02403846153846154
2 0.3954326923076923 0.3016826923076923 0.01201923076923077 0.026442307692307692
2 0.4170673076923077 0.2704326923076923 0.01201923076923077 0.021634615384615384
2 0.4110576923076923 0.3004807692307692 0.014423076923076924 0.026442307692307692
2 0.39302884615384615 0.35697115384615385 0.009615384615384616 0.026442307692307692
2 0.4230769230769231 0.3245192307692308 0.009615384615384616 0.021634615384615384
2 0.42427884615384615 0.28846153846153844 0.01201923076923077 0.021634615384615384
2 0.43509615384615385 0.26802884615384615 0.009615384615384616 0.02403846153846154
2 0.43149038461538464 0.30528846153846156 0.009615384615384616 0.021634615384615384
2 0.44711538461538464 0.2848557692307692 0.007211538461538462 0.021634615384615384
2 0.43990384615384615 0.3329326923076923 0.01201923076923077 0.02403846153846154
2 0.43990384615384615 0.36899038461538464 0.009615384615384616 0.021634615384615384
2 0.42908653846153844 0.359375 0.01201923076923077 0.02403846153846154
2 0.41947115384615385 0.39903846153846156 0.009615384615384616 0.028846153846153848
2 0.4375 0.390625 0.01201923076923077 0.026442307692307692
2 0.46153846153846156 0.29086538461538464 0.01201923076923077 0.021634615384615384
2 0.46274038461538464 0.30288461538461536 0.01201923076923077 0.02403846153846154
2 0.453125 0.3076923076923077 0.007211538461538462 0.016826923076923076
2 0.4567307692307692 0.3233173076923077 0.009615384615384616 0.019230769230769232
2 0.45552884615384615 0.35697115384615385 0.009615384615384616 0.026442307692307692
2 0.45913461538461536 0.3870192307692308 0.009615384615384616 0.021634615384615384
2 0.47475961538461536 0.3233173076923077 0.007211538461538462 0.021634615384615384
2 0.484375 0.31009615384615385 0.007211538461538462 0.026442307692307692
2 0.49038461538461536 0.33413461538461536 0.007211538461538462 0.02403846153846154
2 0.47596153846153844 0.3425480769230769 0.01201923076923077 0.026442307692307692
2 0.47596153846153844 0.3701923076923077 0.009615384615384616 0.016826923076923076
2 0.4639423076923077 0.4074519230769231 0.009615384615384616 0.026442307692307692
2 0.4375 0.41947115384615385 0.01201923076923077 0.021634615384615384
2 0.4543269230769231 0.4411057692307692 0.01201923076923077 0.019230769230769232
2 0.44350961538461536 0.4519230769230769 0.01201923076923077 0.02403846153846154
2 0.453125 0.46033653846153844 0.01201923076923077 0.02403846153846154
2 0.4699519230769231 0.4651442307692308 0.01201923076923077 0.026442307692307692
2 0.47716346153846156 0.40384615384615385 0.007211538461538462 0.028846153846153848
2 0.49038461538461536 0.39663461538461536 0.01201923076923077 0.03125
2 0.49038461538461536 0.36658653846153844 0.009615384615384616 0.028846153846153848
2 0.5012019230769231 0.3545673076923077 0.007211538461538462 0.026442307692307692
2 0.5192307692307693 0.34134615384615385 0.009615384615384616 0.028846153846153848
2 0.5168269230769231 0.3737980769230769 0.009615384615384616 0.03125
2 0.5384615384615384 0.3918269230769231 0.01201923076923077 0.028846153846153848
2 0.5012019230769231 0.43149038461538464 0.009615384615384616 0.028846153846153848
2 0.48197115384615385 0.43509615384615385 0.01201923076923077 0.026442307692307692
2 0.5168269230769231 0.421875 0.01201923076923077 0.03365384615384615
2 0.5276442307692307 0.421875 0.01201923076923077 0.028846153846153848
2 0.515625 0.4567307692307692 0.01201923076923077 0.026442307692307692
2 0.5408653846153846 0.453125 0.01201923076923077 0.028846153846153848
2 0.5288461538461539 0.45552884615384615 0.01201923076923077 0.02403846153846154
2 0.4891826923076923 0.4639423076923077 0.01201923076923077 0.026442307692307692
2 0.5048076923076923 0.4639423076923077 0.007211538461538462 0.02403846153846154
2 0.43028846153846156 0.4735576923076923 0.014423076923076924 0.021634615384615384
2 0.41466346153846156 0.4987980769230769 0.009615384615384616 0.016826923076923076
2 0.42427884615384615 0.5048076923076923 0.009615384615384616 0.021634615384615384
2 0.43509615384615385 0.4963942307692308 0.009615384615384616 0.019230769230769232
2 0.43509615384615385 0.5240384615384616 0.007211538461538462 0.02403846153846154
2 0.42788461538461536 0.5288461538461539 0.007211538461538462 0.021634615384615384
2 0.44350961538461536 0.5132211538461539 0.007211538461538462 0.019230769230769232
2 0.44471153846153844 0.5384615384615384 0.007211538461538462 0.02403846153846154
2 0.4567307692307692 0.5216346153846154 0.007211538461538462 0.02403846153846154
2 0.47115384615384615 0.49278846153846156 0.01201923076923077 0.019230769230769232
2 0.4699519230769231 0.5192307692307693 0.009615384615384616 0.016826923076923076
2 0.46875 0.5384615384615384 0.009615384615384616 0.019230769230769232
2 0.4651442307692308 0.5588942307692307 0.01201923076923077 0.016826923076923076
2 0.390625 0.5661057692307693 0.007211538461538462 0.02403846153846154
2 0.39903846153846156 0.5372596153846154 0.01201923076923077 0.021634615384615384
2 0.4254807692307692 0.546875 0.009615384615384616 0.02403846153846154
2 0.421875 0.5685096153846154 0.016826923076923076 0.019230769230769232
2 0.4170673076923077 0.546875 0.01201923076923077 0.019230769230769232
2 0.421875 0.5925480769230769 0.007211538461538462 0.021634615384615384
2 0.4326923076923077 0.5901442307692307 0.009615384615384616 0.019230769230769232
2 0.4423076923076923 0.5793269230769231 0.009615384615384616 0.02403846153846154
2 0.42427884615384615 0.6129807692307693 0.01201923076923077 0.021634615384615384
2 0.43990384615384615 0.6057692307692307 0.01201923076923077 0.021634615384615384
2 0.45072115384615385 0.5877403846153846 0.01201923076923077 0.026442307692307692
2 0.4639423076923077 0.5877403846153846 0.009615384615384616 0.02403846153846154
2 0.4891826923076923 0.5216346153846154 0.007211538461538462 0.019230769230769232
2 0.48197115384615385 0.5252403846153846 0.009615384615384616 0.021634615384615384
2 0.47596153846153844 0.5492788461538461 0.01201923076923077 0.021634615384615384
2 0.47716346153846156 0.5697115384615384 0.007211538461538462 0.02403846153846154
2 0.4675480769230769 0.6141826923076923 0.01201923076923077 0.021634615384615384
2 0.45913461538461536 0.6189903846153846 0.007211538461538462 0.021634615384615384
2 0.4423076923076923 0.6382211538461539 0.009615384615384616 0.02403846153846154
2 0.4338942307692308 0.6322115384615384 0.009615384615384616 0.021634615384615384
2 0.4387019230769231 0.6598557692307693 0.009615384615384616 0.026442307692307692
2 0.4483173076923077 0.6706730769230769 0.009615384615384616 0.016826923076923076
2 0.45072115384615385 0.6923076923076923 0.01201923076923077 0.02403846153846154
2 0.46153846153846156 0.6935096153846154 0.007211538461538462 0.021634615384615384
2 0.45552884615384615 0.6598557692307693 0.009615384615384616 0.026442307692307692
2 0.46153846153846156 0.6442307692307693 0.01201923076923077 0.02403846153846154
2 0.4807692307692308 0.6141826923076923 0.01201923076923077 0.021634615384615384
2 0.4795673076923077 0.6550480769230769 0.009615384615384616 0.019230769230769232
2 0.4699519230769231 0.6670673076923077 0.01201923076923077 0.021634615384615384
2 0.4879807692307692 0.6358173076923077 0.014423076923076924 0.026442307692307692
2 0.49038461538461536 0.6622596153846154 0.01201923076923077 0.021634615384615384
2 0.49278846153846156 0.6850961538461539 0.01201923076923077 0.016826923076923076
2 0.4735576923076923 0.6947115384615384 0.01201923076923077 0.021634615384615384
2 0.4855769230769231 0.6971153846153846 0.01201923076923077 0.02403846153846154
2 0.49158653846153844 0.5865384615384616 0.007211538461538462 0.021634615384615384
2 0.49399038461538464 0.5492788461538461 0.007211538461538462 0.02403846153846154
2 0.4987980769230769 0.5588942307692307 0.007211538461538462 0.019230769230769232
2 0.5060096153846154 0.5649038461538461 0.007211538461538462 0.02403846153846154
2 0.5024038461538461 0.5913461538461539 0.01201923076923077 0.021634615384615384
2 0.515625 0.5973557692307693 0.009615384615384616 0.02403846153846154
2 0.5084134615384616 0.6237980769230769 0.007211538461538462 0.028846153846153848
2 0.5096153846153846 0.6814903846153846 0.009615384615384616 0.028846153846153848
2 0.5264423076923077 0.6646634615384616 0.01201923076923077 0.028846153846153848
2 0.5144230769230769 0.6526442307692307 0.007211538461538462 0.021634615384615384
2 0.5264423076923077 0.6141826923076923 0.007211538461538462 0.02403846153846154
2 0.5300480769230769 0.6298076923076923 0.01201923076923077 0.026442307692307692
2 0.546875 0.6382211538461539 0.009615384615384616 0.026442307692307692
2 0.5396634615384616 0.6526442307692307 0.009615384615384616 0.028846153846153848
2 0.5264423076923077 0.4831730769230769 0.01201923076923077 0.02403846153846154
2 0.5012019230769231 0.5276442307692307 0.01201923076923077 0.028846153846153848
2 0.546875 0.47596153846153844 0.01201923076923077 0.026442307692307692
2 0.5408653846153846 0.5288461538461539 0.007211538461538462 0.026442307692307692
2 0.5600961538461539 0.49759615384615385 0.009615384615384616 0.028846153846153848
2 0.5685096153846154 0.515625 0.009615384615384616 0.026442307692307692
2 0.5552884615384616 0.5480769230769231 0.01201923076923077 0.028846153846153848
2 0.5685096153846154 0.5612980769230769 0.009615384615384616 0.02403846153846154
2 0.5396634615384616 0.5600961538461539 0.009615384615384616 0.026442307692307692
2 0.5276442307692307 0.5396634615384616 0.01201923076923077 0.028846153846153848
2 0.5120192307692307 0.4951923076923077 0.01201923076923077 0.02403846153846154
2 0.5180288461538461 0.5588942307692307 0.01201923076923077 0.02403846153846154
2 0.5300480769230769 0.5829326923076923 0.009615384615384616 0.021634615384615384
2 0.5408653846153846 0.5793269230769231 0.01201923076923077 0.028846153846153848
2 0.5588942307692307 0.59375 0.009615384615384616 0.026442307692307692
2 0.5480769230769231 0.6045673076923077 0.01201923076923077 0.021634615384615384
2 0.5552884615384616 0.6286057692307693 0.01201923076923077 0.02403846153846154
2 0.5576923076923077 0.6538461538461539 0.01201923076923077 0.02403846153846154
2 0.5492788461538461 0.6742788461538461 0.009615384615384616 0.028846153846153848
2 0.5637019230769231 0.6814903846153846 0.009615384615384616 0.021634615384615384
2 0.5444711538461539 0.6983173076923077 0.01201923076923077 0.021634615384615384
2 0.5288461538461539 0.6887019230769231 0.009615384615384616 0.019230769230769232
2 0.5348557692307693 0.7115384615384616 0.007211538461538462 0.021634615384615384
2 0.5144230769230769 0.7403846153846154 0.01201923076923077 0.021634615384615384
2 0.5192307692307693 0.703125 0.01201923076923077 0.021634615384615384
2 0.5060096153846154 0.7139423076923077 0.009615384615384616 0.021634615384615384
2 0.4951923076923077 0.7115384615384616 0.014423076923076924 0.016826923076923076
2 0.49158653846153844 0.7403846153846154 0.01201923076923077 0.02403846153846154
2 0.4723557692307692 0.7235576923076923 0.01201923076923077 0.02403846153846154
2 0.4639423076923077 0.71875 0.01201923076923077 0.02403846153846154
2 0.028846153846153848 0.27163461538461536 0.009615384615384616 0.028846153846153848
2 0.054086538461538464 0.30649038461538464 0.009615384615384616 0.026442307692307692
2 0.042067307692307696 0.31971153846153844 0.01201923076923077 0.021634615384615384
2 0.030048076923076924 0.34375 0.016826923076923076 0.028846153846153848
2 0.014423076923076924 0.34615384615384615 0.014423076923076924 0.02403846153846154
2 0.037259615384615384 0.375 0.01201923076923077 0.02403846153846154
2 0.027644230769230768 0.38822115384615385 0.01201923076923077 0.03125
2 0.016826923076923076 0.41466346153846156 0.007211538461538462 0.036057692307692304
2 0.002403846153846154 0.34134615384615385 0.004807692307692308 0.03365384615384615
2 0.08533653846153846 0.43149038461538464 0.014423076923076924 0.026442307692307692
2 0.06610576923076923 0.45913461538461536 0.01201923076923077 0.028846153846153848
2 0.04807692307692308 0.46274038461538464 0.009615384615384616 0.028846153846153848
2 0.04447115384615385 0.49399038461538464 0.009615384615384616 0.026442307692307692
2 0.028846153846153848 0.5144230769230769 0.014423076923076924 0.021634615384615384
2 0.06850961538461539 0.49038461538461536 0.009615384615384616 0.026442307692307692
2 0.07932692307692307 0.5012019230769231 0.009615384615384616 0.021634615384615384
2 0.0733173076923077 0.5192307692307693 0.009615384615384616 0.026442307692307692
2 0.08533653846153846 0.5300480769230769 0.007211538461538462 0.019230769230769232
2 0.046875 0.546875 0.009615384615384616 0.03125
2 0.07211538461538461 0.5504807692307693 0.009615384615384616 0.02403846153846154
2 0.0625 0.5661057692307693 0.016826923076923076 0.028846153846153848
2 0.04807692307692308 0.5865384615384616 0.01201923076923077 0.028846153846153848
2 0.12139423076923077 0.5793269230769231 0.01201923076923077 0.028846153846153848
2 0.1310096153846154 0.5757211538461539 0.009615384615384616 0.03125
2 0.17307692307692307 0.5733173076923077 0.014423076923076924 0.016826923076923076
2 0.16105769230769232 0.5973557692307693 0.009615384615384616 0.02403846153846154
2 0.15625 0.6141826923076923 0.009615384615384616 0.026442307692307692
2 0.13341346153846154 0.6394230769230769 0.01201923076923077 0.026442307692307692
2 0.10576923076923077 0.6141826923076923 0.009615384615384616 0.026442307692307692
2 0.0985576923076923 0.6586538461538461 0.007211538461538462 0.026442307692307692
2 0.10817307692307693 0.6586538461538461 0.007211538461538462 0.03125
2 0.06971153846153846 0.6959134615384616 0.007211538461538462 0.028846153846153848
2 0.08052884615384616 0.7127403846153846 0.007211538461538462 0.026442307692307692
2 0.19591346153846154 0.6153846153846154 0.01201923076923077 0.019230769230769232
2 0.18389423076923078 0.6490384615384616 0.014423076923076924 0.02403846153846154
2 0.17067307692307693 0.6875 0.01201923076923077 0.02403846153846154
2 0.15865384615384615 0.6790865384615384 0.01201923076923077 0.026442307692307692
2 0.14903846153846154 0.6478365384615384 0.01201923076923077 0.028846153846153848
2 0.14302884615384615 0.6622596153846154 0.014423076923076924 0.021634615384615384
2 0.13701923076923078 0.6995192307692307 0.007211538461538462 0.026442307692307692
2 0.11899038461538461 0.7247596153846154 0.009615384615384616 0.02403846153846154
2 0.140625 0.6850961538461539 0.007211538461538462 0.02403846153846154
2 0.14783653846153846 0.6947115384615384 0.009615384615384616 0.019230769230769232
2 0.15384615384615385 0.7163461538461539 0.009615384615384616 0.02403846153846154
2 0.1466346153846154 0.7223557692307693 0.009615384615384616 0.016826923076923076
2 0.13581730769230768 0.7331730769230769 0.004807692307692308 0.016826923076923076
2 0.13942307692307693 0.7608173076923077 0.007211538461538462 0.019230769230769232
2 0.15504807692307693 0.7415865384615384 0.01201923076923077 0.019230769230769232
2 0.20192307692307693 0.6911057692307693 0.007211538461538462 0.026442307692307692
2 0.21153846153846154 0.6911057692307693 0.009615384615384616 0.02403846153846154
2 0.22355769230769232 0.6658653846153846 0.009615384615384616 0.028846153846153848
2 0.22115384615384615 0.7211538461538461 0.01201923076923077 0.021634615384615384
2 0.20192307692307693 0.71875 0.007211538461538462 0.02403846153846154
2 0.17427884615384615 0.7367788461538461 0.01201923076923077 0.021634615384615384
2 0.18028846153846154 0.75 0.007211538461538462 0.016826923076923076
2 0.18269230769230768 0.7716346153846154 0.007211538461538462 0.021634615384615384
2 0.18028846153846154 0.7836538461538461 0.009615384615384616 0.028846153846153848
2 0.14903846153846154 0.7752403846153846 0.009615384615384616 0.02403846153846154
2 0.14302884615384615 0.7776442307692307 0.009615384615384616 0.021634615384615384
2 0.11778846153846154 0.8112980769230769 0.01201923076923077 0.03365384615384615
2 0.15384615384615385 0.8016826923076923 0.004807692307692308 0.02403846153846154
2 0.14903846153846154 0.8209134615384616 0.009615384615384616 0.028846153846153848
2 0.1622596153846154 0.8137019230769231 0.007211538461538462 0.03125
2 0.15504807692307693 0.8810096153846154 0.009615384615384616 0.021634615384615384
2 0.15745192307692307 0.90625 0.009615384615384616 0.02403846153846154
2 0.15865384615384615 0.9399038461538461 0.009615384615384616 0.021634615384615384
2 0.1875 0.9110576923076923 0.01201923076923077 0.026442307692307692
2 0.17067307692307693 0.9399038461538461 0.009615384615384616 0.026442307692307692
2 0.18990384615384615 0.9411057692307693 0.009615384615384616 0.02403846153846154
2 0.20673076923076922 0.7596153846153846 0.01201923076923077 0.026442307692307692
2 0.2091346153846154 0.7884615384615384 0.014423076923076924 0.028846153846153848
2 0.18990384615384615 0.8185096153846154 0.009615384615384616 0.016826923076923076
2 0.17668269230769232 0.8245192307692307 0.009615384615384616 0.026442307692307692
2 0.19591346153846154 0.8329326923076923 0.01201923076923077 0.016826923076923076
2 0.18629807692307693 0.8377403846153846 0.01201923076923077 0.019230769230769232
2 0.1935096153846154 0.8581730769230769 0.009615384615384616 0.02403846153846154
2 0.20072115384615385 0.8774038461538461 0.007211538461538462 0.02403846153846154
2 0.21033653846153846 0.8449519230769231 0.009615384615384616 0.03125
2 0.23197115384615385 0.8701923076923077 0.01201923076923077 0.03125
2 0.2247596153846154 0.7692307692307693 0.009615384615384616 0.026442307692307692
2 0.23197115384615385 0.8016826923076923 0.009615384615384616 0.02403846153846154
2 0.26802884615384615 0.8257211538461539 0.01201923076923077 0.02403846153846154
2 0.23557692307692307 0.8942307692307693 0.009615384615384616 0.019230769230769232
2 0.21754807692307693 0.9014423076923077 0.016826923076923076 0.019230769230769232
2 0.20072115384615385 0.9314903846153846 0.01201923076923077 0.028846153846153848
2 0.21153846153846154 0.9254807692307693 0.01201923076923077 0.028846153846153848
2 0.22596153846153846 0.9254807692307693 0.01201923076923077 0.03365384615384615
2 0.2403846153846154 0.9206730769230769 0.01201923076923077 0.03365384615384615
2 0.25961538461538464 0.9110576923076923 0.009615384615384616 0.026442307692307692
2 0.24519230769230768 0.9555288461538461 0.009615384615384616 0.02403846153846154
2 0.25841346153846156 0.9495192307692307 0.009615384615384616 0.026442307692307692
2 0.27163461538461536 0.9783653846153846 0.01201923076923077 0.03125
2 0.2548076923076923 0.984375 0.01201923076923077 0.03125
2 0.23798076923076922 0.984375 0.01201923076923077 0.026442307692307692
2 0.18990384615384615 0.9675480769230769 0.009615384615384616 0.028846153846153848
2 0.15865384615384615 0.9723557692307693 0.009615384615384616 0.026442307692307692
2 0.16826923076923078 0.9747596153846154 0.009615384615384616 0.03125
2 0.1935096153846154 0.9879807692307693 0.01201923076923077 0.019230769230769232
2 0.2091346153846154 0.9915865384615384 0.01201923076923077 0.016826923076923076
2 0.5096153846153846 0.8305288461538461 0.01201923076923077 0.019230769230769232
2 0.5120192307692307 0.8521634615384616 0.01201923076923077 0.019230769230769232
2 0.5012019230769231 0.8473557692307693 0.01201923076923077 0.019230769230769232
2 0.49278846153846156 0.8629807692307693 0.014423076923076924 0.014423076923076924
2 0.49278846153846156 0.875 0.01201923076923077 0.016826923076923076
2 0.4879807692307692 0.8858173076923077 0.009615384615384616 0.016826923076923076
2 0.4879807692307692 0.9074519230769231 0.009615384615384616 0.02403846153846154
2 0.4831730769230769 0.9278846153846154 0.009615384615384616 0.02403846153846154
2 0.46875 0.9615384615384616 0.009615384615384616 0.02403846153846154
2 0.4723557692307692 0.9771634615384616 0.007211538461538462 0.016826923076923076
2 0.48197115384615385 0.9771634615384616 0.007211538461538462 0.019230769230769232
2 0.5108173076923077 0.8918269230769231 0.01201923076923077 0.028846153846153848
2 0.5036057692307693 0.8701923076923077 0.009615384615384616 0.02403846153846154
2 0.5204326923076923 0.8401442307692307 0.009615384615384616 0.021634615384615384
2 0.5276442307692307 0.8581730769230769 0.007211538461538462 0.021634615384615384
2 0.5204326923076923 0.8665865384615384 0.01201923076923077 0.019230769230769232
2 0.5408653846153846 0.8713942307692307 0.007211538461538462 0.02403846153846154
2 0.5276442307692307 0.8858173076923077 0.009615384615384616 0.02403846153846154
2 0.5132211538461539 0.90625 0.01201923076923077 0.03125
2 0.53125 0.9086538461538461 0.007211538461538462 0.021634615384615384
2 0.5444711538461539 0.921875 0.007211538461538462 0.021634615384615384
2 0.5348557692307693 0.9290865384615384 0.009615384615384616 0.021634615384615384
2 0.5228365384615384 0.9387019230769231 0.007211538461538462 0.026442307692307692
2 0.5132211538461539 0.9362980769230769 0.007211538461538462 0.021634615384615384
2 0.4987980769230769 0.9543269230769231 0.009615384615384616 0.02403846153846154
2 0.4951923076923077 0.9242788461538461 0.007211538461538462 0.016826923076923076
2 0.5012019230769231 0.9146634615384616 0.009615384615384616 0.019230769230769232
2 0.4951923076923077 0.9807692307692307 0.007211538461538462 0.02403846153846154
2 0.5048076923076923 0.9747596153846154 0.009615384615384616 0.02403846153846154
2 0.5108173076923077 0.9939903846153846 0.01201923076923077 0.01201923076923077
2 0.5240384615384616 0.984375 0.009615384615384616 0.019230769230769232
2 0.5625 0.9879807692307693 0.007211538461538462 0.02403846153846154
2 0.5420673076923077 0.984375 0.007211538461538462 0.019230769230769232
2 0.53125 0.9567307692307693 0.007211538461538462 0.028846153846153848
2 0.5324519230769231 0.9711538461538461 0.007211538461538462 0.02403846153846154
2 0.5456730769230769 0.9519230769230769 0.01201923076923077 0.02403846153846154
2 0.020432692307692308 0.23076923076923078 0.014423076923076924 0.026442307692307692
2 0.038461538461538464 0.21033653846153846 0.007211538461538462 0.026442307692307692
2 0.010817307692307692 0.19471153846153846 0.007211538461538462 0.026442307692307692
2 0.008413461538461538 0.16466346153846154 0.01201923076923077 0.026442307692307692
2 0.028846153846153848 0.19230769230769232 0.01201923076923077 0.026442307692307692
2 0.028846153846153848 0.16826923076923078 0.01201923076923077 0.016826923076923076
2 0.03125 0.14302884615384615 0.007211538461538462 0.026442307692307692
2 0.030048076923076924 0.12139423076923077 0.009615384615384616 0.019230769230769232
2 0.03365384615384615 0.06971153846153846 0.01201923076923077 0.02403846153846154
2 0.02283653846153846 0.052884615384615384 0.01201923076923077 0.026442307692307692
2 0.003605769230769231 0.05889423076923077 0.007211538461538462 0.026442307692307692
2 0.002403846153846154 0.12980769230769232 0.004807692307692308 0.026442307692307692
2 0.004807692307692308 0.1045673076923077 0.007211538461538462 0.02403846153846154