2 0.11899038461538461 0.027644230769230768 0.03365384615384615 0.04807692307692308
2 0.09254807692307693 0.07932692307692307 0.028846153846153848 0.05048076923076923
2 0.05889423076923077 0.15384615384615385 0.016826923076923076 0.04567307692307692
2 0.08052884615384616 0.19831730769230768 0.016826923076923076 0.04567307692307692
2 0.051682692307692304 0.2548076923076923 0.019230769230769232 0.04567307692307692
2 0.06850961538461539 0.24639423076923078 0.016826923076923076 0.04567307692307692
2 0.03245192307692308 0.34615384615384615 0.03125 0.0673076923076923
2 0.07932692307692307 0.3425480769230769 0.016826923076923076 0.04567307692307692
2 0.078125 0.296875 0.028846153846153848 0.04326923076923077
2 0.08413461538461539 0.39783653846153844 0.021634615384615384 0.052884615384615384
2 0.06370192307692307 0.47716346153846156 0.019230769230769232 0.04807692307692308
2 0.09735576923076923 0.5012019230769231 0.019230769230769232 0.052884615384615384
2 0.125 0.43990384615384615 0.019230769230769232 0.04807692307692308
2 0.14423076923076922 0.4266826923076923 0.019230769230769232 0.04326923076923077
2 0.10817307692307693 0.3581730769230769 0.021634615384615384 0.0625
2 0.13581730769230768 0.38341346153846156 0.021634615384615384 0.04326923076923077
2 0.11899038461538461 0.40625 0.02403846153846154 0.04807692307692308
2 0.140625 0.4879807692307692 0.016826923076923076 0.040865384615384616
2 0.15865384615384615 0.4891826923076923 0.014423076923076924 0.038461538461538464
2 0.15985576923076922 0.5372596153846154 0.019230769230769232 0.04807692307692308
2 0.15985576923076922 0.31971153846153844 0.02403846153846154 0.06009615384615385
2 0.10817307692307693 0.3016826923076923 0.026442307692307692 0.057692307692307696
2 0.1778846153846154 0.28125 0.021634615384615384 0.05048076923076923
2 0.11298076923076923 0.17067307692307693 0.02403846153846154 0.0625
2 0.09495192307692307 0.11298076923076923 0.021634615384615384 0.05048076923076923
2 0.12620192307692307 0.109375 0.026442307692307692 0.052884615384615384
2 0.1310096153846154 0.08173076923076923 0.02403846153846154 0.040865384615384616
2 0.15144230769230768 0.019230769230769232 0.026442307692307692 0.038461538461538464
2 0.18269230769230768 0.04326923076923077 0.02403846153846154 0.036057692307692304
2 0.18870192307692307 0.09014423076923077 0.026442307692307692 0.038461538461538464
2 0.1658653846153846 0.12740384615384615 0.021634615384615384 0.057692307692307696
2 0.14182692307692307 0.15985576923076922 0.019230769230769232 0.0625
2 0.15384615384615385 0.19591346153846154 0.021634615384615384 0.055288461538461536
2 0.1778846153846154 0.15865384615384615 0.019230769230769232 0.038461538461538464
2 0.17908653846153846 0.203125 0.02403846153846154 0.03125
2 0.2091346153846154 0.21995192307692307 0.021634615384615384 0.038461538461538464
2 0.2091346153846154 0.018028846153846152 0.021634615384615384 0.036057692307692304
2 0.22716346153846154 0.13942307692307693 0.026442307692307692 0.057692307692307696
2 0.23557692307692307 0.054086538461538464 0.021634615384615384 0.04807692307692308
2 0.2704326923076923 0.014423076923076924 0.036057692307692304 0.028846153846153848
2 0.27283653846153844 0.05889423076923077 0.019230769230769232 0.05048076923076923
2 0.2668269230769231 0.12379807692307693 0.02403846153846154 0.04807692307692308
2 0.24519230769230768 0.17067307692307693 0.026442307692307692 0.05048076923076923
2 0.21875 0.2692307692307692 0.026442307692307692 0.04807692307692308
2 0.20552884615384615 0.3317307692307692 0.021634615384615384 0.052884615384615384
2 0.24519230769230768 0.2692307692307692 0.021634615384615384 0.052884615384615384
2 0.25841346153846156 0.234375 0.021634615384615384 0.06009615384615385
2 0.2860576923076923 0.15625 0.019230769230769232 0.052884615384615384
2 0.3088942307692308 0.09254807692307693 0.028846153846153848 0.06009615384615385
2 0.33653846153846156 0.028846153846153848 0.02403846153846154 0.055288461538461536
2 0.35096153846153844 0.01201923076923077 0.02403846153846154 0.02403846153846154
2 0.35096153846153844 0.0889423076923077 0.02403846153846154 0.04807692307692308
2 0.3173076923076923 0.1310096153846154 0.021634615384615384 0.04807692307692308
2 0.31490384615384615 0.18389423076923078 0.028846153846153848 0.04567307692307692
2 0.3485576923076923 0.14543269230769232 0.026442307692307692 0.04567307692307692
2 0.29447115384615385 0.24879807692307693 0.019230769230769232 0.04567307692307692
2 0.27884615384615385 0.28725961538461536 0.026442307692307692 0.040865384615384616
2 0.32091346153846156 0.296875 0.02403846153846154 0.06009615384615385
2 0.265625 0.29927884615384615 0.026442307692307692 0.055288461538461536
2 0.26322115384615385 0.3858173076923077 0.019230769230769232 0.038461538461538464
2 0.27884615384615385 0.39663461538461536 0.021634615384615384 0.040865384615384616
2 0.27403846153846156 0.4362980769230769 0.014423076923076924 0.040865384615384616
2 0.2548076923076923 0.45072115384615385 0.019230769230769232 0.038461538461538464
2 0.23317307692307693 0.4230769230769231 0.016826923076923076 0.038461538461538464
2 0.2403846153846154 0.4519230769230769 0.019230769230769232 0.040865384615384616
2 0.24278846153846154 0.5 0.014423076923076924 0.036057692307692304
2 0.25841346153846156 0.5637019230769231 0.019230769230769232 0.04326923076923077
2 0.2608173076923077 0.6237980769230769 0.019230769230769232 0.052884615384615384
2 0.296875 0.4495192307692308 0.016826923076923076 0.04567307692307692
2 0.3016826923076923 0.39783653846153844 0.019230769230769232 0.05048076923076923
2 0.32211538461538464 0.3858173076923077 0.014423076923076924 0.06009615384615385
2 0.3389423076923077 0.34375 0.02403846153846154 0.057692307692307696
2 0.31850961538461536 0.4519230769230769 0.021634615384615384 0.055288461538461536
2 0.31490384615384615 0.4951923076923077 0.026442307692307692 0.05048076923076923
2 0.29086538461538464 0.4639423076923077 0.019230769230769232 0.038461538461538464
2 0.29447115384615385 0.5024038461538461 0.019230769230769232 0.04326923076923077
2 0.28966346153846156 0.5324519230769231 0.021634615384615384 0.038461538461538464
2 0.11298076923076923 0.22235576923076922 0.019230769230769232 0.036057692307692304
2 0.10216346153846154 0.25721153846153844 0.02403846153846154 0.036057692307692304
2 0.19471153846153846 0.16947115384615385 0.026442307692307692 0.036057692307692304
2 0.38221153846153844 0.014423076923076924 0.028846153846153848 0.028846153846153848
2 0.3870192307692308 0.09254807692307693 0.021634615384615384 0.055288461538461536
2 0.3581730769230769 0.23076923076923078 0.026442307692307692 0.055288461538461536
2 0.3629807692307692 0.28725961538461536 0.016826923076923076 0.05048076923076923
2 0.38221153846153844 0.26802884615384615 0.026442307692307692 0.052884615384615384
2 0.3605769230769231 0.3161057692307692 0.028846153846153848 0.040865384615384616
2 0.36778846153846156 0.3737980769230769 0.019230769230769232 0.04807692307692308
2 0.35096153846153844 0.38100961538461536 0.021634615384615384 0.04807692307692308
2 0.3581730769230769 0.41947115384615385 0.019230769230769232 0.04567307692307692
2 0.3389423076923077 0.5036057692307693 0.016826923076923076 0.038461538461538464
2 0.3581730769230769 0.5012019230769231 0.019230769230769232 0.04567307692307692
2 0.3317307692307692 0.5444711538461539 0.016826923076923076 0.04326923076923077
2 0.32211538461538464 0.5733173076923077 0.02403846153846154 0.03365384615384615
2 0.3016826923076923 0.5685096153846154 0.021634615384615384 0.03125
2 0.33052884615384615 0.6033653846153846 0.016826923076923076 0.052884615384615384
2 0.35336538461538464 0.609375 0.014423076923076924 0.038461538461538464
2 0.37740384615384615 0.6310096153846154 0.016826923076923076 0.05048076923076923
2 0.36899038461538464 0.59375 0.02403846153846154 0.052884615384615384
2 0.41346153846153844 0.6490384615384616 0.019230769230769232 0.040865384615384616
2 0.39783653846153844 0.6298076923076923 0.016826923076923076 0.04326923076923077
2 0.4026442307692308 0.5673076923076923 0.021634615384615384 0.05048076923076923
2 0.39903846153846156 0.5853365384615384 0.016826923076923076 0.03365384615384615
2 0.38822115384615385 0.5288461538461539 0.021634615384615384 0.038461538461538464
2 0.39302884615384615 0.4951923076923077 0.019230769230769232 0.04326923076923077
2 0.39783653846153844 0.46875 0.019230769230769232 0.04567307692307692
2 0.41466346153846156 0.46634615384615385 0.021634615384615384 0.040865384615384616
2 0.38221153846153844 0.4074519230769231 0.019230769230769232 0.04567307692307692
2 0.3942307692307692 0.3245192307692308 0.016826923076923076 0.04326923076923077
2 0.4050480769230769 0.38100961538461536 0.021634615384615384 0.036057692307692304
2 0.4206730769230769 0.3701923076923077 0.016826923076923076 0.04807692307692308
2 0.4182692307692308 0.31971153846153844 0.019230769230769232 0.052884615384615384
2 0.42427884615384615 0.25600961538461536 0.019230769230769232 0.052884615384615384
2 0.4098557692307692 0.22355769230769232 0.021634615384615384 0.038461538461538464
2 0.41466346153846156 0.021634615384615384 0.021634615384615384 0.04326923076923077
2 0.4423076923076923 0.12620192307692307 0.026442307692307692 0.03125
2 0.41586538461538464 0.17548076923076922 0.028846153846153848 0.05048076923076923
2 0.44711538461538464 0.03365384615384615 0.02403846153846154 0.057692307692307696
2 0.4807692307692308 0.04567307692307692 0.028846153846153848 0.05048076923076923
2 0.47716346153846156 0.1201923076923077 0.021634615384615384 0.055288461538461536
2 0.5 0.10576923076923077 0.02403846153846154 0.04807692307692308
2 0.4483173076923077 0.19230769230769232 0.019230769230769232 0.0673076923076923
2 0.4699519230769231 0.21875 0.016826923076923076 0.06009615384615385
2 0.5048076923076923 0.18509615384615385 0.021634615384615384 0.04807692307692308
2 0.45552884615384615 0.25600961538461536 0.019230769230769232 0.040865384615384616
2 0.45913461538461536 0.2920673076923077 0.014423076923076924 0.028846153846153848
2 0.4411057692307692 0.33533653846153844 0.016826923076923076 0.04326923076923077
2 0.4543269230769231 0.4026442307692308 0.02403846153846154 0.04807692307692308
2 0.4375 0.4723557692307692 0.016826923076923076 0.038461538461538464
2 0.4326923076923077 0.5240384615384616 0.021634615384615384 0.04326923076923077
2 0.41225961538461536 0.5120192307692307 0.021634615384615384 0.04326923076923077
2 0.4266826923076923 0.5673076923076923 0.019230769230769232 0.04326923076923077
2 0.4230769230769231 0.6165865384615384 0.021634615384615384 0.05048076923076923
2 0.44471153846153844 0.6538461538461539 0.009615384615384616 0.04807692307692308
2 0.4543269230769231 0.6346153846153846 0.019230769230769232 0.04326923076923077
2 0.44471153846153844 0.5853365384615384 0.019230769230769232 0.04326923076923077
2 0.46153846153846156 0.5721153846153846 0.016826923076923076 0.052884615384615384
2 0.49038461538461536 0.6141826923076923 0.021634615384615384 0.04567307692307692
2 0.48677884615384615 0.5697115384615384 0.021634615384615384 0.03365384615384615
2 0.5012019230769231 0.5480769230769231 0.016826923076923076 0.038461538461538464
2 0.5216346153846154 0.5516826923076923 0.019230769230769232 0.055288461538461536
2 0.46033653846153844 0.5228365384615384 0.021634615384615384 0.04807692307692308
2 0.484375 0.4831730769230769 0.028846153846153848 0.04567307692307692
2 0.5 0.39903846153846156 0.016826923076923076 0.052884615384615384
2 0.5192307692307693 0.43990384615384615 0.016826923076923076 0.04567307692307692
2 0.5384615384615384 0.46033653846153844 0.016826923076923076 0.04567307692307692
2 0.5108173076923077 0.3425480769230769 0.019230769230769232 0.05048076923076923
2 0.5384615384615384 0.35216346153846156 0.021634615384615384 0.052884615384615384
2 0.5649038461538461 0.3317307692307692 0.016826923076923076 0.05048076923076923
2 0.5492788461538461 0.40865384615384615 0.021634615384615384 0.0625
2 0.5240384615384616 0.3858173076923077 0.019230769230769232 0.040865384615384616
2 0.5144230769230769 0.29927884615384615 0.019230769230769232 0.055288461538461536
2 0.5216346153846154 0.25240384615384615 0.019230769230769232 0.052884615384615384
2 0.5420673076923077 0.28846153846153844 0.021634615384615384 0.055288461538461536
2 0.4987980769230769 0.24519230769230768 0.021634615384615384 0.05048076923076923
2 0.4699519230769231 0.3245192307692308 0.021634615384615384 0.04807692307692308
2 0.49038461538461536 0.3425480769230769 0.016826923076923076 0.052884615384615384
2 0.484375 0.38341346153846156 0.021634615384615384 0.04567307692307692
2 0.4807692307692308 0.4206730769230769 0.026442307692307692 0.057692307692307696
2 0.5612980769230769 0.7019230769230769 0.019230769230769232 0.036057692307692304
2 0.5901442307692307 0.6802884615384616 0.021634615384615384 0.03125
2 0.5817307692307693 0.7211538461538461 0.021634615384615384 0.036057692307692304
2 0.5625 0.7427884615384616 0.021634615384615384 0.040865384615384616
2 0.5600961538461539 0.7728365384615384 0.019230769230769232 0.03365384615384615
2 0.5805288461538461 0.7632211538461539 0.014423076923076924 0.03365384615384615
2 0.6057692307692307 0.6947115384615384 0.016826923076923076 0.03125
2 0.6021634615384616 0.7139423076923077 0.014423076923076924 0.03365384615384615
2 0.5985576923076923 0.7776442307692307 0.01201923076923077 0.04326923076923077
2 0.5805288461538461 0.8521634615384616 0.016826923076923076 0.036057692307692304
2 0.5709134615384616 0.7836538461538461 0.01201923076923077 0.016826923076923076
2 0.5697115384615384 0.8161057692307693 0.01201923076923077 0.02403846153846154
2 0.5961538461538461 0.8221153846153846 0.014423076923076924 0.026442307692307692
2 0.5985576923076923 0.8557692307692307 0.01201923076923077 0.028846153846153848
2 0.5793269230769231 0.890625 0.016826923076923076 0.040865384615384616
2 0.5769230769230769 0.96875 0.014423076923076924 0.03125
2 0.6165865384615384 0.7956730769230769 0.021634615384615384 0.028846153846153848
2 0.6225961538461539 0.7379807692307693 0.016826923076923076 0.038461538461538464
2 0.6334134615384616 0.6694711538461539 0.014423076923076924 0.04326923076923077
2 0.6394230769230769 0.7475961538461539 0.014423076923076924 0.03125
2 0.6634615384615384 0.7319711538461539 0.019230769230769232 0.036057692307692304
2 0.6550480769230769 0.7704326923076923 0.021634615384615384 0.03125
2 0.6875 0.7271634615384616 0.016826923076923076 0.038461538461538464
2 0.6778846153846154 0.7764423076923077 0.021634615384615384 0.038461538461538464
2 0.6646634615384616 0.8173076923076923 0.016826923076923076 0.038461538461538464
2 0.6418269230769231 0.8173076923076923 0.021634615384615384 0.040865384615384616
2 0.6286057692307693 0.8269230769230769 0.019230769230769232 0.03365384615384615
2 0.6141826923076923 0.8870192307692307 0.016826923076923076 0.036057692307692304
2 0.6358173076923077 0.9098557692307693 0.014423076923076924 0.03125
2 0.6574519230769231 0.9206730769230769 0.016826923076923076 0.04567307692307692
2 0.6394230769230769 0.9362980769230769 0.016826923076923076 0.03125
2 0.6225961538461539 0.9338942307692307 0.01201923076923077 0.04326923076923077
2 0.6033653846153846 0.9483173076923077 0.019230769230769232 0.03365384615384615
2 0.5925480769230769 0.9651442307692307 0.01201923076923077 0.028846153846153848
2 0.6322115384615384 0.984375 0.01201923076923077 0.03125
2 0.6454326923076923 0.9783653846153846 0.014423076923076924 0.03365384615384615
2 0.6610576923076923 0.9783653846153846 0.019230769230769232 0.040865384615384616
2 0.6646634615384616 0.8774038461538461 0.014423076923076924 0.036057692307692304
2 0.6514423076923077 0.8473557692307693 0.021634615384615384 0.040865384615384616
2 0.6850961538461539 0.8185096153846154 0.014423076923076924 0.03365384615384615
2 0.671875 0.8425480769230769 0.016826923076923076 0.028846153846153848
2 0.7019230769230769 0.8341346153846154 0.016826923076923076 0.038461538461538464
2 0.6983173076923077 0.8485576923076923 0.016826923076923076 0.028846153846153848
2 0.6850961538461539 0.8497596153846154 0.016826923076923076 0.03365384615384615
2 0.6790865384615384 0.8918269230769231 0.01201923076923077 0.03365384615384615
2 0.6862980769230769 0.9266826923076923 0.014423076923076924 0.028846153846153848
2 0.6802884615384616 0.9867788461538461 0.01201923076923077 0.026442307692307692
2 0.6911057692307693 0.9723557692307693 0.016826923076923076 0.03125
2 0.6995192307692307 0.9134615384615384 0.016826923076923076 0.040865384615384616
2 0.7163461538461539 0.8629807692307693 0.014423076923076924 0.03125
2 0.7223557692307693 0.8269230769230769 0.01201923076923077 0.028846153846153848
2 0.7235576923076923 0.7884615384615384 0.016826923076923076 0.04807692307692308
2 0.7403846153846154 0.9086538461538461 0.016826923076923076 0.040865384615384616
2 0.7295673076923077 0.8653846153846154 0.01201923076923077 0.03365384615384615
2 0.7644230769230769 0.9254807692307693 0.01201923076923077 0.036057692307692304
2 0.734375 0.9543269230769231 0.02403846153846154 0.03365384615384615
2 0.7211538461538461 0.9326923076923077 0.01201923076923077 0.02403846153846154
2 0.7247596153846154 0.9627403846153846 0.016826923076923076 0.03125
2 0.7548076923076923 0.9663461538461539 0.016826923076923076 0.04567307692307692
2 0.7740384615384616 0.8185096153846154 0.016826923076923076 0.036057692307692304
2 0.8064903846153846 0.8173076923076923 0.021634615384615384 0.04326923076923077
2 0.7884615384615384 0.8653846153846154 0.016826923076923076 0.04326923076923077
2 0.7788461538461539 0.9086538461538461 0.014423076923076924 0.038461538461538464
2 0.8125 0.875 0.021634615384615384 0.038461538461538464
2 0.8377403846153846 0.8245192307692307 0.014423076923076924 0.04326923076923077
2 0.84375 0.8810096153846154 0.019230769230769232 0.036057692307692304
2 0.8197115384615384 0.9086538461538461 0.019230769230769232 0.036057692307692304
2 0.8221153846153846 0.9435096153846154 0.02403846153846154 0.03365384615384615
2 0.7956730769230769 0.9867788461538461 0.021634615384615384 0.026442307692307692
2 0.8545673076923077 0.9831730769230769 0.021634615384615384 0.03365384615384615
2 0.8641826923076923 0.9375 0.02403846153846154 0.040865384615384616
2 0.8149038461538461 0.9735576923076923 0.01201923076923077 0.038461538461538464
2 0.8269230769230769 0.9831730769230769 0.01201923076923077 0.03365384615384615
2 0.8858173076923077 0.9831730769230769 0.021634615384615384 0.03365384615384615
2 0.9086538461538461 0.9555288461538461 0.019230769230769232 0.03365384615384615
2 0.2776442307692308 0.3449519230769231 0.028846153846153848 0.04807692307692308