2 0.18870192307692307 0.5841346153846154 0.038461538461538464 0.04807692307692308
2 0.25841346153846156 0.5300480769230769 0.03365384615384615 0.038461538461538464
2 0.31850961538461536 0.5048076923076923 0.038461538461538464 0.04326923076923077
2 0.36538461538461536 0.5036057692307693 0.040865384615384616 0.06009615384615385
2 0.4411057692307692 0.5324519230769231 0.040865384615384616 0.05048076923076923
2 0.49399038461538464 0.5180288461538461 0.036057692307692304 0.04326923076923077
2 0.4963942307692308 0.6045673076923077 0.03365384615384615 0.04326923076923077
2 0.46274038461538464 0.6177884615384616 0.03365384615384615 0.04326923076923077
2 0.5600961538461539 0.5504807692307693 0.038461538461538464 0.040865384615384616
2 0.5829326923076923 0.6310096153846154 0.036057692307692304 0.04326923076923077
2 0.31009615384615385 0.5877403846153846 0.040865384615384616 0.04807692307692308
2 0.24879807692307693 0.6862980769230769 0.036057692307692304 0.038461538461538464
2 0.28846153846153844 0.7139423076923077 0.03365384615384615 0.040865384615384616
2 0.40865384615384615 0.5817307692307693 0.036057692307692304 0.05048076923076923
2 0.27163461538461536 0.6129807692307693 0.03365384615384615 0.05048076923076923
2 0.1658653846153846 0.7043269230769231 0.036057692307692304 0.04326923076923077
2 0.4014423076923077 0.6442307692307693 0.038461538461538464 0.04567307692307692
2 0.6574519230769231 0.5985576923076923 0.038461538461538464 0.04326923076923077
2 0.5901442307692307 0.7548076923076923 0.03125 0.036057692307692304
2 0.6069711538461539 0.8245192307692307 0.03365384615384615 0.03365384615384615
2 0.6574519230769231 0.71875 0.036057692307692304 0.038461538461538464
2 0.4254807692307692 0.84375 0.038461538461538464 0.04567307692307692
2 0.6730769230769231 0.7932692307692307 0.028846153846153848 0.04326923076923077
2 0.6923076923076923 0.8185096153846154 0.026442307692307692 0.026442307692307692
2 0.5180288461538461 0.7175480769230769 0.03125 0.04326923076923077
2 0.4879807692307692 0.7764423076923077 0.03365384615384615 0.03365384615384615
2 0.4699519230769231 0.8088942307692307 0.028846153846153848 0.04807692307692308
2 0.2512019230769231 0.8004807692307693 0.036057692307692304 0.038461538461538464
2 0.34375 0.7427884615384616 0.038461538461538464 0.038461538461538464
2 0.09735576923076923 0.7512019230769231 0.036057692307692304 0.038461538461538464
2 0.22115384615384615 0.7608173076923077 0.03365384615384615 0.03365384615384615
2 0.1935096153846154 0.7415865384615384 0.03125 0.03365384615384615
2 0.22956730769230768 0.7103365384615384 0.036057692307692304 0.04807692307692308
2 0.21033653846153846 0.6586538461538461 0.03365384615384615 0.036057692307692304
2 0.21033653846153846 0.6213942307692307 0.04567307692307692 0.036057692307692304
2 0.1875 0.8305288461538461 0.03365384615384615 0.038461538461538464
2 0.2704326923076923 0.8725961538461539 0.03365384615384615 0.036057692307692304
2 0.36899038461538464 0.7860576923076923 0.03365384615384615 0.03365384615384615
2 0.39783653846153844 0.7427884615384616 0.036057692307692304 0.04326923076923077
2 0.44591346153846156 0.6610576923076923 0.028846153846153848 0.038461538461538464
2 0.11298076923076923 0.8088942307692307 0.03365384615384615 0.04326923076923077
2 0.33533653846153844 0.8653846153846154 0.03125 0.04326923076923077
2 0.3004807692307692 0.8737980769230769 0.028846153846153848 0.04326923076923077
2 0.28125 0.7704326923076923 0.028846153846153848 0.036057692307692304
2 0.29927884615384615 0.7908653846153846 0.028846153846153848 0.038461538461538464
2 0.1502403846153846 0.8305288461538461 0.03365384615384615 0.036057692307692304
2 0.38341346153846156 0.5985576923076923 0.03365384615384615 0.040865384615384616
2 0.4951923076923077 0.6466346153846154 0.036057692307692304 0.04326923076923077
2 0.48197115384615385 0.6862980769230769 0.036057692307692304 0.038461538461538464
2 0.4230769230769231 0.6105769230769231 0.028846153846153848 0.03125
2 0.5384615384615384 0.5745192307692307 0.03365384615384615 0.04567307692307692
2 0.5300480769230769 0.6129807692307693 0.028846153846153848 0.038461538461538464
2 0.5420673076923077 0.6586538461538461 0.028846153846153848 0.040865384615384616
2 0.5721153846153846 0.6730769230769231 0.028846153846153848 0.036057692307692304
2 0.6201923076923077 0.71875 0.03365384615384615 0.04326923076923077
2 0.6057692307692307 0.6646634615384616 0.026442307692307692 0.03365384615384615
2 0.5576923076923077 0.6370192307692307 0.026442307692307692 0.03365384615384615
2 0.45913461538461536 0.7079326923076923 0.02403846153846154 0.040865384615384616
2 0.43509615384615385 0.7127403846153846 0.02403846153846154 0.036057692307692304
2 0.38100961538461536 0.6730769230769231 0.03365384615384615 0.05048076923076923
2 0.41947115384615385 0.6766826923076923 0.036057692307692304 0.03365384615384615
2 0.5372596153846154 0.7295673076923077 0.026442307692307692 0.04326923076923077
2 0.6069711538461539 0.6105769230769231 0.02403846153846154 0.04567307692307692
2 0.3629807692307692 0.6045673076923077 0.03125 0.052884615384615384
2 0.5492788461538461 0.8221153846153846 0.03365384615384615 0.038461538461538464
2 0.5360576923076923 0.8689903846153846 0.028846153846153848 0.026442307692307692
2 0.5 0.8389423076923077 0.036057692307692304 0.03125
2 0.421875 0.8942307692307693 0.03365384615384615 0.03365384615384615
2 0.45072115384615385 0.8509615384615384 0.02403846153846154 0.03125
2 0.4014423076923077 0.7728365384615384 0.02403846153846154 0.026442307692307692
2 0.39903846153846156 0.8401442307692307 0.02403846153846154 0.03125
2 0.3894230769230769 0.8629807692307693 0.026442307692307692 0.03125
2 0.3701923076923077 0.8329326923076923 0.026442307692307692 0.03365384615384615
2 0.3473557692307692 0.8028846153846154 0.03125 0.036057692307692304
2 0.44591346153846156 0.9290865384615384 0.026442307692307692 0.03365384615384615
2 0.5685096153846154 0.7680288461538461 0.03365384615384615 0.036057692307692304
2 0.4387019230769231 0.7752403846153846 0.03125 0.03125
2 0.3798076923076923 0.9182692307692307 0.03125 0.040865384615384616
2 0.6442307692307693 0.7776442307692307 0.026442307692307692 0.038461538461538464
2 0.6286057692307693 0.6478365384615384 0.03125 0.036057692307692304
2 0.6646634615384616 0.6394230769230769 0.028846153846153848 0.038461538461538464
2 0.6887019230769231 0.6862980769230769 0.026442307692307692 0.036057692307692304
2 0.6826923076923077 0.6394230769230769 0.014423076923076924 0.03365384615384615
2 0.01201923076923077 0.9098557692307693 0.02403846153846154 0.03365384615384615
2 0.026442307692307692 0.7920673076923077 0.028846153846153848 0.03365384615384615
2 0.054086538461538464 0.8016826923076923 0.02403846153846154 0.03365384615384615
2 0.06370192307692307 0.7475961538461539 0.03125 0.038461538461538464
2 0.052884615384615384 0.7223557692307693 0.021634615384615384 0.026442307692307692
2 0.0829326923076923 0.8064903846153846 0.026442307692307692 0.038461538461538464
2 0.15865384615384615 0.7391826923076923 0.03365384615384615 0.040865384615384616
2 0.22235576923076922 0.8305288461538461 0.026442307692307692 0.03365384615384615
2 0.2403846153846154 0.890625 0.028846153846153848 0.03365384615384615
2 0.06490384615384616 0.8786057692307693 0.02403846153846154 0.03125
2 0.04567307692307692 0.8882211538461539 0.02403846153846154 0.026442307692307692
2 0.11538461538461539 0.8605769230769231 0.028846153846153848 0.03365384615384615
2 0.06370192307692307 0.9543269230769231 0.03125 0.03125
2 0.10096153846153846 0.9447115384615384 0.028846153846153848 0.038461538461538464
2 0.15865384615384615 0.9855769230769231 0.02403846153846154 0.028846153846153848
2 0.21514423076923078 0.8894230769230769 0.026442307692307692 0.038461538461538464
2 0.2668269230769231 0.9471153846153846 0.02403846153846154 0.038461538461538464
2 0.1622596153846154 0.9362980769230769 0.028846153846153848 0.028846153846153848
2 0.13581730769230768 0.9435096153846154 0.02403846153846154 0.036057692307692304
2 0.11057692307692307 0.9158653846153846 0.03365384615384615 0.028846153846153848
2 0.07932692307692307 0.9675480769230769 0.026442307692307692 0.028846153846153848
2 0.109375 0.9771634615384616 0.02403846153846154 0.03125
2 0.13581730769230768 0.9831730769230769 0.021634615384615384 0.028846153846153848
2 0.140625 0.9026442307692307 0.026442307692307692 0.03365384615384615
2 0.1466346153846154 0.8786057692307693 0.026442307692307692 0.03365384615384615
2 0.19591346153846154 0.859375 0.026442307692307692 0.028846153846153848
2 0.16947115384615385 0.90625 0.026442307692307692 0.028846153846153848
2 0.17548076923076922 0.8834134615384616 0.026442307692307692 0.03125
2 0.19110576923076922 0.9483173076923077 0.028846153846153848 0.028846153846153848
2 0.21754807692307693 0.9795673076923077 0.02403846153846154 0.028846153846153848
2 0.2439903846153846 0.9771634615384616 0.02403846153846154 0.026442307692307692
2 0.3137019230769231 0.9483173076923077 0.026442307692307692 0.03365384615384615
2 0.41346153846153844 0.9675480769230769 0.028846153846153848 0.03365384615384615
2 0.3245192307692308 0.8954326923076923 0.026442307692307692 0.03365384615384615
2 0.3401442307692308 0.9603365384615384 0.02403846153846154 0.03365384615384615
2 0.3641826923076923 0.9567307692307693 0.026442307692307692 0.04326923076923077
2 0.3449519230769231 0.609375 0.02403846153846154 0.040865384615384616
2 0.1502403846153846 0.6658653846153846 0.026442307692307692 0.038461538461538464
2 0.10096153846153846 0.8377403846153846 0.026442307692307692 0.03125
2 0.2764423076923077 0.9867788461538461 0.026442307692307692 0.026442307692307692
2 0.19471153846153846 0.7800480769230769 0.028846153846153848 0.04326923076923077
2 0.32572115384615385 0.7295673076923077 0.021634615384615384 0.028846153846153848
2 0.04447115384615385 0.8269230769230769 0.026442307692307692 0.03125
2 0.29086538461538464 0.5336538461538461 0.02403846153846154 0.03365384615384615
2 0.35336538461538464 0.5372596153846154 0.03365384615384615 0.04567307692307692
2 0.6622596153846154 0.8088942307692307 0.021634615384615384 0.03365384615384615
2 0.7127403846153846 0.1346153846153846 0.02403846153846154 0.03125
2 0.6838942307692307 0.16346153846153846 0.021634615384615384 0.028846153846153848
2 0.6514423076923077 0.17908653846153846 0.021634615384615384 0.021634615384615384
2 0.6658653846153846 0.17307692307692307 0.014423076923076924 0.028846153846153848
2 0.6334134615384616 0.1935096153846154 0.016826923076923076 0.026442307692307692
2 0.6490384615384616 0.21514423076923078 0.019230769230769232 0.03125
2 0.6742788461538461 0.22596153846153846 0.021634615384615384 0.028846153846153848
2 0.6514423076923077 0.25 0.021634615384615384 0.026442307692307692
2 0.71875 0.18028846153846154 0.016826923076923076 0.026442307692307692
2 0.6947115384615384 0.22355769230769232 0.019230769230769232 0.028846153846153848
2 0.6838942307692307 0.19110576923076922 0.019230769230769232 0.026442307692307692
2 0.7067307692307693 0.203125 0.019230769230769232 0.028846153846153848
2 0.6646634615384616 0.2860576923076923 0.021634615384615384 0.026442307692307692
2 0.6959134615384616 0.2824519230769231 0.021634615384615384 0.028846153846153848
2 0.7079326923076923 0.24759615384615385 0.019230769230769232 0.028846153846153848
2 0.7295673076923077 0.24879807692307693 0.019230769230769232 0.028846153846153848
2 0.7271634615384616 0.20793269230769232 0.016826923076923076 0.026442307692307692
2 0.6826923076923077 0.3269230769230769 0.019230769230769232 0.026442307692307692
2 0.6887019230769231 0.3425480769230769 0.019230769230769232 0.026442307692307692
2 0.71875 0.35697115384615385 0.021634615384615384 0.03125
2 0.7199519230769231 0.296875 0.019230769230769232 0.028846153846153848
2 0.7331730769230769 0.34134615384615385 0.016826923076923076 0.021634615384615384
2 0.7512019230769231 0.35336538461538464 0.019230769230769232 0.03125
2 0.7379807692307693 0.28846153846153844 0.016826923076923076 0.028846153846153848
2 0.7548076923076923 0.2692307692307692 0.019230769230769232 0.02403846153846154
2 0.6682692307692307 0.33533653846153844 0.016826923076923076 0.03125
2 0.7475961538461539 0.23076923076923078 0.021634615384615384 0.026442307692307692
2 0.734375 0.14903846153846154 0.014423076923076924 0.02403846153846154
2 0.7439903846153846 0.18389423076923078 0.01201923076923077 0.03125
2 0.7055288461538461 0.5324519230769231 0.019230769230769232 0.028846153846153848
2 0.7548076923076923 0.5384615384615384 0.019230769230769232 0.028846153846153848
2 0.8137019230769231 0.5516826923076923 0.016826923076923076 0.021634615384615384
2 0.7980769230769231 0.5408653846153846 0.016826923076923076 0.028846153846153848
2 0.6838942307692307 0.5072115384615384 0.016826923076923076 0.02403846153846154
2 0.6778846153846154 0.4735576923076923 0.016826923076923076 0.026442307692307692
2 0.6995192307692307 0.5012019230769231 0.019230769230769232 0.02403846153846154
2 0.7103365384615384 0.4543269230769231 0.021634615384615384 0.02403846153846154
2 0.6911057692307693 0.4543269230769231 0.016826923076923076 0.03125
2 0.6754807692307693 0.43149038461538464 0.021634615384615384 0.026442307692307692
2 0.6899038461538461 0.40865384615384615 0.02403846153846154 0.03125
2 0.7115384615384616 0.47475961538461536 0.021634615384615384 0.019230769230769232
2 0.7307692307692307 0.44711538461538464 0.019230769230769232 0.026442307692307692
2 0.7091346153846154 0.39663461538461536 0.021634615384615384 0.026442307692307692
2 0.7391826923076923 0.41947115384615385 0.021634615384615384 0.03365384615384615
2 0.7632211538461539 0.4170673076923077 0.021634615384615384 0.02403846153846154
2 0.7584134615384616 0.38221153846153844 0.021634615384615384 0.02403846153846154
2 0.7692307692307693 0.4519230769230769 0.021634615384615384 0.02403846153846154
2 0.7896634615384616 0.4483173076923077 0.02403846153846154 0.026442307692307692
2 0.734375 0.49038461538461536 0.016826923076923076 0.026442307692307692
2 0.7560096153846154 0.5012019230769231 0.016826923076923076 0.02403846153846154
2 0.7475961538461539 0.46153846153846156 0.014423076923076924 0.02403846153846154
2 0.7620192307692307 0.47475961538461536 0.019230769230769232 0.021634615384615384
2 0.7764423076923077 0.48677884615384615 0.014423076923076924 0.026442307692307692
2 0.7175480769230769 0.5024038461538461 0.016826923076923076 0.026442307692307692
2 0.6646634615384616 0.3918269230769231 0.01201923076923077 0.036057692307692304
2 0.8076923076923077 0.48197115384615385 0.014423076923076924 0.02403846153846154
2 0.7836538461538461 0.3918269230769231 0.016826923076923076 0.026442307692307692
2 0.8629807692307693 0.65625 0.03365384615384615 0.04807692307692308
2 0.8689903846153846 0.5036057692307693 0.036057692307692304 0.040865384615384616
2 0.9002403846153846 0.6454326923076923 0.03365384615384615 0.03365384615384615
2 0.9338942307692307 0.5637019230769231 0.036057692307692304 0.04807692307692308
2 0.9639423076923077 0.5576923076923077 0.026442307692307692 0.040865384615384616
2 0.9326923076923077 0.6382211538461539 0.036057692307692304 0.04567307692307692
2 0.9831730769230769 0.49278846153846156 0.03365384615384615 0.04567307692307692
2 0.9783653846153846 0.6298076923076923 0.04326923076923077 0.040865384615384616
2 0.9627403846153846 0.6923076923076923 0.036057692307692304 0.036057692307692304
2 0.9903846153846154 0.5600961538461539 0.019230769230769232 0.038461538461538464
2 0.9663461538461539 0.6442307692307693 0.028846153846153848 0.036057692307692304
2 0.7680288461538461 0.34134615384615385 0.019230769230769232 0.026442307692307692
2 0.6514423076923077 0.32091346153846156 0.014423076923076924 0.03365384615384615
2 0.7608173076923077 0.296875 0.016826923076923076 0.026442307692307692
2 0.7355769230769231 0.37259615384615385 0.016826923076923076 0.02403846153846154
2 0.2980769230769231 0.9651442307692307 0.02403846153846154 0.028846153846153848
2 0.9915865384615384 0.703125 0.016826923076923076 0.04567307692307692