2 0.13701923076923078 0.7247596153846154 0.021634615384615384 0.036057692307692304
2 0.203125 0.71875 0.019230769230769232 0.021634615384615384
2 0.234375 0.7379807692307693 0.016826923076923076 0.03125
2 0.10817307692307693 0.7295673076923077 0.016826923076923076 0.026442307692307692
2 0.49278846153846156 0.5456730769230769 0.016826923076923076 0.026442307692307692
2 0.5516826923076923 0.4735576923076923 0.016826923076923076 0.03365384615384615
2 0.625 0.47716346153846156 0.01201923076923077 0.021634615384615384
2 0.06850961538461539 0.7548076923076923 0.021634615384615384 0.019230769230769232
2 0.17548076923076922 0.7367788461538461 0.019230769230769232 0.03365384615384615
2 0.2860576923076923 0.7512019230769231 0.019230769230769232 0.028846153846153848
2 0.08774038461538461 0.8521634615384616 0.016826923076923076 0.036057692307692304
2 0.0625 0.8449519230769231 0.019230769230769232 0.028846153846153848
2 0.24519230769230768 0.7716346153846154 0.019230769230769232 0.02403846153846154
2 0.2776442307692308 0.7872596153846154 0.021634615384615384 0.03365384615384615
2 0.25600961538461536 0.8377403846153846 0.026442307692307692 0.021634615384615384
2 0.29927884615384615 0.84375 0.014423076923076924 0.026442307692307692
2 0.10697115384615384 0.7752403846153846 0.016826923076923076 0.036057692307692304
2 0.06009615384615385 0.9038461538461539 0.021634615384615384 0.036057692307692304
2 0.026442307692307692 0.7980769230769231 0.028846153846153848 0.026442307692307692
2 0.008413461538461538 0.8737980769230769 0.014423076923076924 0.021634615384615384
2 0.042067307692307696 0.8954326923076923 0.016826923076923076 0.02403846153846154
2 0.13942307692307693 0.8100961538461539 0.016826923076923076 0.03365384615384615
2 0.1875 0.7716346153846154 0.014423076923076924 0.04326923076923077
2 0.20432692307692307 0.7572115384615384 0.014423076923076924 0.03125
2 0.19471153846153846 0.8149038461538461 0.019230769230769232 0.026442307692307692
2 0.1971153846153846 0.8557692307692307 0.016826923076923076 0.04326923076923077
2 0.11899038461538461 0.8605769230769231 0.019230769230769232 0.038461538461538464
2 0.15264423076923078 0.8533653846153846 0.016826923076923076 0.03125
2 0.22355769230769232 0.7824519230769231 0.019230769230769232 0.028846153846153848
2 0.019230769230769232 0.9194711538461539 0.014423076923076924 0.04326923076923077
2 0.16466346153846154 0.9146634615384616 0.019230769230769232 0.036057692307692304
2 0.11298076923076923 0.9242788461538461 0.019230769230769232 0.04326923076923077
2 0.15985576923076922 0.8028846153846154 0.019230769230769232 0.036057692307692304
2 0.15745192307692307 0.7632211538461539 0.019230769230769232 0.036057692307692304
2 0.12980769230769232 0.9146634615384616 0.016826923076923076 0.03125
2 0.06129807692307692 0.9639423076923077 0.019230769230769232 0.03365384615384615
2 0.08774038461538461 0.9543269230769231 0.019230769230769232 0.040865384615384616
2 0.21394230769230768 0.8329326923076923 0.026442307692307692 0.040865384615384616
2 0.5685096153846154 0.53125 0.014423076923076924 0.03125
2 0.5997596153846154 0.49158653846153844 0.014423076923076924 0.028846153846153848
2 0.5408653846153846 0.53125 0.016826923076923076 0.03125
2 0.6286057692307693 0.5432692307692307 0.021634615384615384 0.03365384615384615
2 0.6658653846153846 0.6009615384615384 0.016826923076923076 0.02403846153846154
2 0.4735576923076923 0.5961538461538461 0.021634615384615384 0.026442307692307692
2 0.4362980769230769 0.6634615384615384 0.016826923076923076 0.026442307692307692
2 0.4807692307692308 0.6875 0.016826923076923076 0.03125
2 0.5024038461538461 0.6334134615384616 0.02403846153846154 0.028846153846153848
2 0.5264423076923077 0.5685096153846154 0.019230769230769232 0.026442307692307692
2 0.5600961538461539 0.5649038461538461 0.026442307692307692 0.03365384615384615
2 0.5336538461538461 0.5997596153846154 0.01201923076923077 0.038461538461538464
2 0.5600961538461539 0.609375 0.019230769230769232 0.026442307692307692
2 0.6514423076923077 0.6334134615384616 0.01201923076923077 0.021634615384615384
2 0.5925480769230769 0.6418269230769231 0.016826923076923076 0.026442307692307692
2 0.41225961538461536 0.7043269230769231 0.019230769230769232 0.03365384615384615
2 0.39302884615384615 0.6899038461538461 0.021634615384615384 0.02403846153846154
2 0.3870192307692308 0.7536057692307693 0.014423076923076924 0.026442307692307692
2 0.40625 0.7439903846153846 0.019230769230769232 0.03125
2 0.4254807692307692 0.6887019230769231 0.014423076923076924 0.04326923076923077
2 0.4362980769230769 0.7319711538461539 0.021634615384615384 0.040865384615384616
2 0.4651442307692308 0.6574519230769231 0.019230769230769232 0.03125
2 0.5360576923076923 0.6430288461538461 0.019230769230769232 0.04326923076923077
2 0.5805288461538461 0.7319711538461539 0.021634615384615384 0.028846153846153848
2 0.6298076923076923 0.5721153846153846 0.021634615384615384 0.02403846153846154
2 0.5516826923076923 0.7175480769230769 0.016826923076923076 0.02403846153846154
2 0.5012019230769231 0.7091346153846154 0.014423076923076924 0.026442307692307692
2 0.6153846153846154 0.671875 0.021634615384615384 0.014423076923076924
2 0.6237980769230769 0.609375 0.01201923076923077 0.019230769230769232
2 0.5204326923076923 0.75 0.019230769230769232 0.04326923076923077