2 0.9819711538461539 0.016826923076923076 0.02403846153846154 0.016826923076923076
2 0.9831730769230769 0.018028846153846152 0.03125 0.019230769230769232
2 0.9819711538461539 0.018028846153846152 0.028846153846153848 0.019230769230769232
2 0.890625 0.016826923076923076 0.028846153846153848 0.019230769230769232
2 0.8954326923076923 0.018028846153846152 0.03365384615384615 0.021634615384615384
2 0.8798076923076923 0.013221153846153846 0.040865384615384616 0.014423076923076924
2 0.9350961538461539 0.015625 0.040865384615384616 0.016826923076923076
2 0.9711538461538461 0.015625 0.040865384615384616 0.014423076923076924
2 0.9591346153846154 0.014423076923076924 0.055288461538461536 0.01201923076923077
2 0.9074519230769231 0.013221153846153846 0.04326923076923077 0.01201923076923077
2 0.8653846153846154 0.016826923076923076 0.026442307692307692 0.021634615384615384
2 0.8353365384615384 0.016826923076923076 0.03365384615384615 0.021634615384615384
2 0.875 0.01201923076923077 0.05048076923076923 0.01201923076923077
2 0.8076923076923077 0.010817307692307692 0.036057692307692304 0.01201923076923077
2 0.9555288461538461 0.018028846153846152 0.028846153846153848 0.019230769230769232
2 0.9879807692307693 0.015625 0.021634615384615384 0.014423076923076924
2 0.9807692307692307 0.014423076923076924 0.038461538461538464 0.014423076923076924
2 0.8846153846153846 0.015625 0.05048076923076923 0.016826923076923076
2 0.8641826923076923 0.018028846153846152 0.038461538461538464 0.02403846153846154
2 0.7884615384615384 0.013221153846153846 0.05048076923076923 0.016826923076923076
2 0.8161057692307693 0.018028846153846152 0.03365384615384615 0.02403846153846154
2 0.7139423076923077 0.013221153846153846 0.04567307692307692 0.019230769230769232
2 0.9735576923076923 0.013221153846153846 0.052884615384615384 0.01201923076923077
2 0.796875 0.014423076923076924 0.028846153846153848 0.019230769230769232
2 0.8137019230769231 0.016826923076923076 0.03365384615384615 0.02403846153846154
2 0.6754807692307693 0.013221153846153846 0.03125 0.021634615384615384
2 0.6081730769230769 0.009615384615384616 0.05048076923076923 0.014423076923076924
2 0.6526442307692307 0.010817307692307692 0.04326923076923077 0.016826923076923076
2 0.6454326923076923 0.01201923076923077 0.028846153846153848 0.019230769230769232
2 0.7355769230769231 0.010817307692307692 0.040865384615384616 0.014423076923076924
2 0.8569711538461539 0.013221153846153846 0.04807692307692308 0.014423076923076924
2 0.8810096153846154 0.014423076923076924 0.04807692307692308 0.016826923076923076
2 0.9110576923076923 0.018028846153846152 0.026442307692307692 0.021634615384615384
2 0.8497596153846154 0.015625 0.028846153846153848 0.019230769230769232
2 0.8016826923076923 0.016826923076923076 0.03365384615384615 0.02403846153846154
2 0.671875 0.010817307692307692 0.04807692307692308 0.016826923076923076
2 0.6574519230769231 0.010817307692307692 0.052884615384615384 0.016826923076923076
2 0.6165865384615384 0.010817307692307692 0.04807692307692308 0.016826923076923076
2 0.6742788461538461 0.013221153846153846 0.028846153846153848 0.021634615384615384
2 0.5865384615384616 0.01201923076923077 0.03125 0.021634615384615384
2 0.6526442307692307 0.010817307692307692 0.04807692307692308 0.016826923076923076
2 0.6021634615384616 0.008413461538461538 0.04326923076923077 0.014423076923076924
2 0.6322115384615384 0.009615384615384616 0.040865384615384616 0.014423076923076924
2 0.6514423076923077 0.013221153846153846 0.03125 0.021634615384615384
2 0.6310096153846154 0.008413461538461538 0.04326923076923077 0.01201923076923077
2 0.6742788461538461 0.01201923076923077 0.04326923076923077 0.019230769230769232
2 0.7199519230769231 0.016826923076923076 0.038461538461538464 0.026442307692307692
2 0.6634615384615384 0.013221153846153846 0.03125 0.021634615384615384
2 0.7644230769230769 0.015625 0.03125 0.021634615384615384
2 0.7295673076923077 0.01201923076923077 0.04807692307692308 0.016826923076923076
2 0.7836538461538461 0.013221153846153846 0.040865384615384616 0.016826923076923076
2 0.7704326923076923 0.01201923076923077 0.04326923076923077 0.014423076923076924
2 0.6959134615384616 0.010817307692307692 0.052884615384615384 0.014423076923076924
2 0.8016826923076923 0.013221153846153846 0.04807692307692308 0.016826923076923076
2 0.7079326923076923 0.01201923076923077 0.02403846153846154 0.016826923076923076
2 0.6838942307692307 0.009615384615384616 0.03365384615384615 0.01201923076923077
2 0.6670673076923077 0.01201923076923077 0.028846153846153848 0.019230769230769232
2 0.6911057692307693 0.015625 0.028846153846153848 0.02403846153846154
2 0.7355769230769231 0.01201923076923077 0.036057692307692304 0.016826923076923076
2 0.7259615384615384 0.010817307692307692 0.05048076923076923 0.014423076923076924
2 0.7067307692307693 0.015625 0.036057692307692304 0.02403846153846154
2 0.7391826923076923 0.015625 0.03365384615384615 0.02403846153846154
2 0.8305288461538461 0.016826923076923076 0.03365384615384615 0.021634615384615384
2 0.7584134615384616 0.010817307692307692 0.04807692307692308 0.01201923076923077
2 0.78125 0.010817307692307692 0.036057692307692304 0.01201923076923077
2 0.8341346153846154 0.013221153846153846 0.05048076923076923 0.014423076923076924
2 0.7956730769230769 0.014423076923076924 0.026442307692307692 0.019230769230769232
2 0.8557692307692307 0.015625 0.03125 0.019230769230769232
2 0.8293269230769231 0.016826923076923076 0.03125 0.021634615384615384
2 0.890625 0.013221153846153846 0.052884615384615384 0.01201923076923077
2 0.8930288461538461 0.015625 0.04807692307692308 0.016826923076923076
2 0.9519230769230769 0.014423076923076924 0.040865384615384616 0.01201923076923077
2 0.9086538461538461 0.014423076923076924 0.04567307692307692 0.014423076923076924
2 0.9831730769230769 0.018028846153846152 0.026442307692307692 0.019230769230769232
2 0.9663461538461539 0.018028846153846152 0.026442307692307692 0.019230769230769232
2 0.9543269230769231 0.016826923076923076 0.040865384615384616 0.016826923076923076
2 0.9783653846153846 0.014423076923076924 0.04326923076923077 0.014423076923076924
2 0.7548076923076923 0.016826923076923076 0.03125 0.02403846153846154
2 0.8401442307692307 0.014423076923076924 0.04326923076923077 0.016826923076923076
2 0.7836538461538461 0.015625 0.03125 0.021634615384615384
2 0.8209134615384616 0.013221153846153846 0.052884615384615384 0.014423076923076924
2 0.9230769230769231 0.018028846153846152 0.03125 0.021634615384615384
2 0.5204326923076923 0.09615384615384616 0.04326923076923077 0.02403846153846154
2 0.6358173076923077 0.10576923076923077 0.03125 0.03365384615384615
2 0.6105769230769231 0.125 0.03125 0.028846153846153848
2 0.546875 0.13701923076923078 0.038461538461538464 0.036057692307692304
2 0.53125 0.15264423076923078 0.040865384615384616 0.040865384615384616
2 0.4855769230769231 0.1622596153846154 0.040865384615384616 0.026442307692307692
2 0.5817307692307693 0.17067307692307693 0.03125 0.03125
2 0.5096153846153846 0.18990384615384615 0.04326923076923077 0.02403846153846154
2 0.6586538461538461 0.18509615384615385 0.036057692307692304 0.03365384615384615
2 0.640625 0.2283653846153846 0.04567307692307692 0.02403846153846154
2 0.5805288461538461 0.2091346153846154 0.036057692307692304 0.036057692307692304
2 0.4723557692307692 0.2091346153846154 0.040865384615384616 0.04326923076923077
2 0.5228365384615384 0.2091346153846154 0.036057692307692304 0.03365384615384615
2 0.5300480769230769 0.24278846153846154 0.04567307692307692 0.02403846153846154
2 0.36899038461538464 0.21875 0.040865384615384616 0.038461538461538464
2 0.34975961538461536 0.2403846153846154 0.04326923076923077 0.04326923076923077
2 0.29086538461538464 0.24639423076923078 0.04807692307692308 0.02403846153846154
2 0.29927884615384615 0.27884615384615385 0.038461538461538464 0.026442307692307692
2 0.27403846153846156 0.2956730769230769 0.036057692307692304 0.02403846153846154
2 0.2512019230769231 0.3233173076923077 0.03365384615384615 0.026442307692307692
2 0.17908653846153846 0.33413461538461536 0.03125 0.03125
2 0.24759615384615385 0.36177884615384615 0.04807692307692308 0.026442307692307692
2 0.20072115384615385 0.37740384615384615 0.036057692307692304 0.03365384615384615
2 0.19110576923076922 0.4074519230769231 0.03365384615384615 0.03125
2 0.17548076923076922 0.44711538461538464 0.04567307692307692 0.026442307692307692
2 0.26802884615384615 0.5108173076923077 0.03125 0.03365384615384615
2 0.2668269230769231 0.4795673076923077 0.038461538461538464 0.019230769230769232
2 0.26322115384615385 0.45913461538461536 0.038461538461538464 0.036057692307692304
2 0.2512019230769231 0.43028846153846156 0.03365384615384615 0.03365384615384615
2 0.2692307692307692 0.3954326923076923 0.040865384615384616 0.02403846153846154
2 0.2980769230769231 0.33413461538461536 0.03365384615384615 0.036057692307692304
2 0.33533653846153844 0.30528846153846156 0.03365384615384615 0.038461538461538464
2 0.43509615384615385 0.27403846153846156 0.036057692307692304 0.036057692307692304
2 0.4170673076923077 0.29447115384615385 0.03365384615384615 0.03365384615384615
2 0.3713942307692308 0.3125 0.038461538461538464 0.038461538461538464
2 0.4182692307692308 0.2127403846153846 0.04326923076923077 0.02403846153846154
2 0.46875 0.24158653846153846 0.04326923076923077 0.02403846153846154
2 0.4723557692307692 0.2776442307692308 0.038461538461538464 0.040865384615384616
2 0.5336538461538461 0.27524038461538464 0.04326923076923077 0.026442307692307692
2 0.6105769230769231 0.24639423076923078 0.038461538461538464 0.036057692307692304
2 0.6730769230769231 0.2620192307692308 0.05048076923076923 0.028846153846153848
2 0.6814903846153846 0.3112980769230769 0.038461538461538464 0.028846153846153848
2 0.7331730769230769 0.28966346153846156 0.040865384615384616 0.03365384615384615
2 0.5516826923076923 0.35336538461538464 0.03125 0.03125
2 0.5925480769230769 0.3016826923076923 0.038461538461538464 0.038461538461538464
2 0.5997596153846154 0.2800480769230769 0.038461538461538464 0.02403846153846154
2 0.6442307692307693 0.3389423076923077 0.038461538461538464 0.038461538461538464
2 0.6262019230769231 0.3112980769230769 0.03365384615384615 0.03125
2 0.30528846153846156 0.35216346153846156 0.038461538461538464 0.019230769230769232
2 0.3545673076923077 0.33653846153846156 0.038461538461538464 0.019230769230769232
2 0.390625 0.3269230769230769 0.026442307692307692 0.028846153846153848
2 0.43990384615384615 0.31971153846153844 0.026442307692307692 0.026442307692307692
2 0.41586538461538464 0.33653846153846156 0.02403846153846154 0.021634615384615384
2 0.3894230769230769 0.35096153846153844 0.02403846153846154 0.02403846153846154
2 0.453125 0.33774038461538464 0.03125 0.028846153846153848
2 0.46153846153846156 0.2956730769230769 0.036057692307692304 0.021634615384615384
2 0.5060096153846154 0.2956730769230769 0.02403846153846154 0.02403846153846154
2 0.53125 0.31009615384615385 0.026442307692307692 0.02403846153846154
2 0.4326923076923077 0.41466346153846156 0.040865384615384616 0.019230769230769232
2 0.44350961538461536 0.42908653846153844 0.028846153846153848 0.02403846153846154
2 0.4495192307692308 0.4411057692307692 0.03125 0.028846153846153848
2 0.5733173076923077 0.5180288461538461 0.026442307692307692 0.02403846153846154
2 0.5012019230769231 0.5084134615384616 0.03125 0.016826923076923076
2 0.4567307692307692 0.53125 0.02403846153846154 0.021634615384615384
2 0.36658653846153844 0.5240384615384616 0.021634615384615384 0.02403846153846154
2 0.5108173076923077 0.4699519230769231 0.03365384615384615 0.016826923076923076
2 0.5264423076923077 0.49399038461538464 0.028846153846153848 0.019230769230769232
2 0.5612980769230769 0.4675480769230769 0.028846153846153848 0.019230769230769232
2 0.5516826923076923 0.4879807692307692 0.021634615384615384 0.021634615384615384
2 0.5324519230769231 0.4543269230769231 0.02403846153846154 0.02403846153846154
2 0.5588942307692307 0.4182692307692308 0.02403846153846154 0.021634615384615384
2 0.5120192307692307 0.38221153846153844 0.02403846153846154 0.014423076923076924
2 0.40865384615384615 0.37740384615384615 0.02403846153846154 0.026442307692307692
2 0.4879807692307692 0.38221153846153844 0.028846153846153848 0.014423076923076924
2 0.45913461538461536 0.4639423076923077 0.016826923076923076 0.016826923076923076
2 0.4495192307692308 0.4855769230769231 0.02403846153846154 0.016826923076923076
2 0.43149038461538464 0.4963942307692308 0.03125 0.014423076923076924
2 0.4170673076923077 0.45072115384615385 0.02403846153846154 0.019230769230769232
2 0.40024038461538464 0.4411057692307692 0.019230769230769232 0.019230769230769232
2 0.6454326923076923 0.38822115384615385 0.03125 0.03125
2 0.5408653846153846 0.375 0.028846153846153848 0.026442307692307692
2 0.5649038461538461 0.37259615384615385 0.028846153846153848 0.021634615384615384
2 0.5925480769230769 0.390625 0.03125 0.028846153846153848
2 0.5588942307692307 0.3894230769230769 0.021634615384615384 0.021634615384615384
2 0.5865384615384616 0.34134615384615385 0.03365384615384615 0.021634615384615384
2 0.4675480769230769 0.39903846153846156 0.02403846153846154 0.02403846153846154
2 0.39783653846153844 0.39302884615384615 0.026442307692307692 0.026442307692307692
2 0.3641826923076923 0.38461538461538464 0.03125 0.02403846153846154
2 0.4206730769230769 0.5372596153846154 0.026442307692307692 0.02403846153846154
2 0.3161057692307692 0.4855769230769231 0.03365384615384615 0.016826923076923076
2 0.38822115384615385 0.45913461538461536 0.02403846153846154 0.028846153846153848
2 0.4050480769230769 0.47596153846153844 0.03125 0.03125
2 0.4963942307692308 0.45552884615384615 0.02403846153846154 0.021634615384615384
2 0.5576923076923077 0.4411057692307692 0.036057692307692304 0.02403846153846154
2 0.7451923076923077 0.31490384615384615 0.03125 0.03365384615384615
2 0.703125 0.3125 0.03365384615384615 0.026442307692307692
2 0.6694711538461539 0.2824519230769231 0.028846153846153848 0.03125
2 0.5336538461538461 0.18028846153846154 0.028846153846153848 0.028846153846153848
2 0.4495192307692308 0.36899038461538464 0.03365384615384615 0.028846153846153848
2 0.3112980769230769 0.001201923076923077 0.03125 0.002403846153846154
2 0.2980769230769231 0.001201923076923077 0.02403846153846154 0.002403846153846154
2 0.29086538461538464 0.001201923076923077 0.028846153846153848 0.002403846153846154
2 0.27884615384615385 0.001201923076923077 0.03365384615384615 0.002403846153846154
2 0.2512019230769231 0.004807692307692308 0.021634615384615384 0.009615384615384616
2 0.2860576923076923 0.004807692307692308 0.019230769230769232 0.009615384615384616
2 0.33774038461538464 0.004807692307692308 0.016826923076923076 0.009615384615384616
2 0.33413461538461536 0.003605769230769231 0.028846153846153848 0.007211538461538462
2 0.3894230769230769 0.006009615384615385 0.019230769230769232 0.01201923076923077
2 0.43509615384615385 0.003605769230769231 0.02403846153846154 0.007211538461538462
2 0.45552884615384615 0.004807692307692308 0.016826923076923076 0.009615384615384616
2 0.39903846153846156 0.002403846153846154 0.028846153846153848 0.004807692307692308
2 0.328125 0.003605769230769231 0.021634615384615384 0.007211538461538462
2 0.5540865384615384 0.004807692307692308 0.02403846153846154 0.007211538461538462
2 0.546875 0.009615384615384616 0.02403846153846154 0.016826923076923076
2 0.5576923076923077 0.004807692307692308 0.026442307692307692 0.007211538461538462
2 0.5396634615384616 0.004807692307692308 0.028846153846153848 0.007211538461538462
2 0.6057692307692307 0.004807692307692308 0.026442307692307692 0.007211538461538462
2 0.6322115384615384 0.006009615384615385 0.03125 0.007211538461538462
2 0.5096153846153846 0.036057692307692304 0.026442307692307692 0.019230769230769232
2 0.5901442307692307 0.018028846153846152 0.028846153846153848 0.014423076923076924
2 0.6298076923076923 0.04326923076923077 0.026442307692307692 0.019230769230769232
2 0.47475961538461536 0.026442307692307692 0.02403846153846154 0.019230769230769232
2 0.49399038461538464 0.004807692307692308 0.028846153846153848 0.009615384615384616
2 0.3629807692307692 0.006009615384615385 0.019230769230769232 0.01201923076923077
2 0.6129807692307693 0.15384615384615385 0.026442307692307692 0.02403846153846154
2 0.35336538461538464 0.006009615384615385 0.019230769230769232 0.01201923076923077
2 0.32572115384615385 0.45552884615384615 0.04326923076923077 0.02403846153846154
2 0.34375 0.41466346153846156 0.03365384615384615 0.021634615384615384
2 0.5372596153846154 0.4110576923076923 0.038461538461538464 0.02403846153846154
2 0.7139423076923077 0.6237980769230769 0.014423076923076924 0.014423076923076924
2 0.7091346153846154 0.6502403846153846 0.019230769230769232 0.014423076923076924
2 0.7079326923076923 0.6730769230769231 0.021634615384615384 0.01201923076923077
2 0.6983173076923077 0.6887019230769231 0.019230769230769232 0.014423076923076924
2 0.6947115384615384 0.7283653846153846 0.016826923076923076 0.016826923076923076
2 0.6526442307692307 0.7151442307692307 0.014423076923076924 0.007211538461538462
2 0.5733173076923077 0.6598557692307693 0.021634615384615384 0.014423076923076924
2 0.6177884615384616 0.7524038461538461 0.014423076923076924 0.014423076923076924
2 0.5949519230769231 0.59375 0.014423076923076924 0.016826923076923076
2 0.6045673076923077 0.5841346153846154 0.014423076923076924 0.009615384615384616
2 0.6286057692307693 0.8088942307692307 0.021634615384615384 0.009615384615384616
2 0.5805288461538461 0.7451923076923077 0.021634615384615384 0.014423076923076924
2 0.6322115384615384 0.6490384615384616 0.019230769230769232 0.014423076923076924
2 0.6682692307692307 0.625 0.014423076923076924 0.014423076923076924
2 0.6887019230769231 0.6237980769230769 0.014423076923076924 0.009615384615384616
2 0.6586538461538461 0.6586538461538461 0.019230769230769232 0.009615384615384616
2 0.6634615384615384 0.7608173076923077 0.019230769230769232 0.007211538461538462
2 0.5841346153846154 0.9807692307692307 0.02403846153846154 0.026442307692307692
2 0.328125 0.3798076923076923 0.040865384615384616 0.040865384615384616