2 0.47475961538461536 0.9603365384615384 0.05048076923076923 0.036057692307692304
2 0.4831730769230769 0.9050480769230769 0.038461538461538464 0.040865384615384616
2 0.46875 0.9903846153846154 0.028846153846153848 0.019230769230769232
2 0.5576923076923077 0.9831730769230769 0.04326923076923077 0.03125
2 0.4831730769230769 0.9927884615384616 0.052884615384615384 0.014423076923076924
2 0.6021634615384616 0.9915865384615384 0.038461538461538464 0.01201923076923077
2 0.6790865384615384 0.9891826923076923 0.05048076923076923 0.014423076923076924
2 0.6923076923076923 0.9831730769230769 0.03365384615384615 0.026442307692307692
2 0.5420673076923077 0.8774038461538461 0.04807692307692308 0.038461538461538464
2 0.39783653846153844 0.6298076923076923 0.028846153846153848 0.028846153846153848
2 0.23317307692307693 0.49278846153846156 0.04326923076923077 0.03365384615384615
2 0.038461538461538464 0.3485576923076923 0.04326923076923077 0.04567307692307692
2 0.038461538461538464 0.21514423076923078 0.02403846153846154 0.02403846153846154
2 0.056490384615384616 0.2980769230769231 0.040865384615384616 0.038461538461538464
2 0.3137019230769231 0.42908653846153844 0.052884615384615384 0.052884615384615384
2 0.3485576923076923 0.5120192307692307 0.009615384615384616 0.009615384615384616
2 0.0889423076923077 0.3293269230769231 0.002403846153846154 0.009615384615384616