2 0.3449519230769231 0.47716346153846156 0.06971153846153846 0.052884615384615384
2 0.3329326923076923 0.5408653846153846 0.06490384615384616 0.0673076923076923
2 0.3942307692307692 0.6550480769230769 0.06490384615384616 0.0625
2 0.38221153846153844 0.7439903846153846 0.0673076923076923 0.038461538461538464
2 0.39903846153846156 0.7836538461538461 0.057692307692307696 0.028846153846153848
2 0.5528846153846154 0.8798076923076923 0.06490384615384616 0.04326923076923077
2 0.6610576923076923 0.23317307692307693 0.055288461538461536 0.06009615384615385
2 0.4699519230769231 0.2668269230769231 0.06490384615384616 0.057692307692307696
2 0.7163461538461539 0.13822115384615385 0.0625 0.06009615384615385
2 0.4807692307692308 0.6057692307692307 0.0625 0.0625
2 0.9663461538461539 0.02403846153846154 0.057692307692307696 0.019230769230769232
2 0.47596153846153844 0.4579326923076923 0.055288461538461536 0.055288461538461536
2 0.515625 0.7463942307692307 0.06009615384615385 0.052884615384615384
2 0.6394230769230769 0.3629807692307692 0.057692307692307696 0.06009615384615385
2 0.6826923076923077 0.421875 0.06009615384615385 0.04567307692307692
2 0.5480769230769231 0.7055288461538461 0.052884615384615384 0.055288461538461536
2 0.5324519230769231 0.9891826923076923 0.055288461538461536 0.021634615384615384
2 0.7704326923076923 0.8930288461538461 0.057692307692307696 0.06009615384615385
2 0.7463942307692307 0.3173076923076923 0.07211538461538461 0.040865384615384616
2 0.5721153846153846 0.6009615384615384 0.057692307692307696 0.057692307692307696
2 0.8112980769230769 0.37259615384615385 0.055288461538461536 0.03365384615384615
2 0.7884615384615384 0.7331730769230769 0.07932692307692307 0.05048076923076923
2 0.8197115384615384 0.16947115384615385 0.052884615384615384 0.052884615384615384
2 0.921875 0.0889423076923077 0.04807692307692308 0.04807692307692308
2 0.7211538461538461 0.5120192307692307 0.038461538461538464 0.04326923076923077
2 0.5961538461538461 0.7487980769230769 0.057692307692307696 0.052884615384615384
2 0.6358173076923077 0.8617788461538461 0.04807692307692308 0.04326923076923077
2 0.4338942307692308 0.8509615384615384 0.04807692307692308 0.040865384615384616
2 0.5997596153846154 0.953125 0.055288461538461536 0.04326923076923077
2 0.71875 0.9867788461538461 0.05048076923076923 0.026442307692307692
2 0.6237980769230769 0.5757211538461539 0.05048076923076923 0.052884615384615384
2 0.5324519230769231 0.3918269230769231 0.06490384615384616 0.04567307692307692
2 0.8701923076923077 0.31490384615384615 0.06490384615384616 0.038461538461538464
2 0.8918269230769231 0.6334134615384616 0.055288461538461536 0.055288461538461536
2 0.7067307692307693 0.7776442307692307 0.057692307692307696 0.055288461538461536
2 0.8064903846153846 0.546875 0.055288461538461536 0.055288461538461536
2 0.8461538461538461 0.21634615384615385 0.05048076923076923 0.036057692307692304
2 0.5745192307692307 0.3004807692307692 0.0625 0.038461538461538464
2 0.9254807692307693 0.3954326923076923 0.057692307692307696 0.057692307692307696
2 0.6129807692307693 0.6658653846153846 0.05048076923076923 0.05048076923076923
2 0.47716346153846156 0.8125 0.05048076923076923 0.052884615384615384
2 0.7055288461538461 0.9399038461538461 0.052884615384615384 0.038461538461538464
2 0.8617788461538461 0.2668269230769231 0.04567307692307692 0.04567307692307692
2 0.9387019230769231 0.21634615384615385 0.057692307692307696 0.040865384615384616
2 0.9747596153846154 0.4735576923076923 0.04807692307692308 0.04807692307692308
2 0.9855769230769231 0.5625 0.028846153846153848 0.04326923076923077
2 0.9699519230769231 0.6262019230769231 0.04807692307692308 0.04567307692307692
2 0.7163461538461539 0.27524038461538464 0.04326923076923077 0.04326923076923077
2 0.3858173076923077 0.375 0.055288461538461536 0.0673076923076923
2 0.7908653846153846 0.025240384615384616 0.036057692307692304 0.03125
2 0.8942307692307693 0.16105769230769232 0.04807692307692308 0.03365384615384615
2 0.7728365384615384 0.41586538461538464 0.052884615384615384 0.052884615384615384
2 0.5456730769230769 0.9266826923076923 0.038461538461538464 0.038461538461538464
2 0.7884615384615384 0.6586538461538461 0.055288461538461536 0.057692307692307696
2 0.7451923076923077 0.5973557692307693 0.052884615384615384 0.05048076923076923
2 0.6430288461538461 0.7199519230769231 0.055288461538461536 0.052884615384615384
2 0.546875 0.8004807692307693 0.07451923076923077 0.036057692307692304
2 0.6225961538461539 0.8185096153846154 0.052884615384615384 0.038461538461538464
2 0.8040865384615384 0.07091346153846154 0.06009615384615385 0.04807692307692308
2 0.8197115384615384 0.1141826923076923 0.04567307692307692 0.03365384615384615
2 0.8762019230769231 0.5432692307692307 0.04326923076923077 0.04326923076923077
2 0.7728365384615384 0.2776442307692308 0.06490384615384616 0.04326923076923077
2 0.8713942307692307 0.8233173076923077 0.0625 0.0625
2 0.8870192307692307 0.7475961538461539 0.06009615384615385 0.04807692307692308
2 0.9663461538461539 0.31009615384615385 0.04807692307692308 0.04807692307692308
2 0.9639423076923077 0.3485576923076923 0.052884615384615384 0.052884615384615384
2 0.8689903846153846 0.5132211538461539 0.05048076923076923 0.03365384615384615
2 0.8076923076923077 0.9723557692307693 0.0625 0.055288461538461536
2 0.9795673076923077 0.15264423076923078 0.040865384615384616 0.038461538461538464