2 0.49158653846153844 0.2692307692307692 0.028846153846153848 0.04807692307692308
2 0.5288461538461539 0.2283653846153846 0.02403846153846154 0.02403846153846154
2 0.5817307692307693 0.1971153846153846 0.019230769230769232 0.019230769230769232
2 0.578125 0.13221153846153846 0.019230769230769232 0.04567307692307692
2 0.5396634615384616 0.13581730769230768 0.028846153846153848 0.04807692307692308
2 0.5625 0.20552884615384615 0.028846153846153848 0.028846153846153848
2 0.4891826923076923 0.203125 0.03125 0.03125
2 0.11177884615384616 0.016826923076923076 0.028846153846153848 0.019230769230769232
2 0.09975961538461539 0.08052884615384616 0.016826923076923076 0.0625
2 0.06490384615384616 0.10817307692307693 0.04807692307692308 0.04326923076923077
2 0.052884615384615384 0.18509615384615385 0.040865384615384616 0.038461538461538464
2 0.013221153846153846 0.1778846153846154 0.02403846153846154 0.0625
2 0.0829326923076923 0.018028846153846152 0.028846153846153848 0.021634615384615384
2 0.5132211538461539 0.009615384615384616 0.02403846153846154 0.019230769230769232
2 0.5024038461538461 0.06610576923076923 0.03365384615384615 0.03125