2 0.006009615384615385 0.9855769230769231 0.01201923076923077 0.02403846153846154
2 0.007211538461538462 0.9855769230769231 0.014423076923076924 0.02403846153846154
2 0.007211538461538462 0.9819711538461539 0.014423076923076924 0.036057692307692304
2 0.007211538461538462 0.9795673076923077 0.014423076923076924 0.026442307692307692
2 0.006009615384615385 0.984375 0.01201923076923077 0.021634615384615384
2 0.006009615384615385 0.984375 0.01201923076923077 0.021634615384615384
2 0.006009615384615385 0.984375 0.01201923076923077 0.03125
2 0.004807692307692308 0.9879807692307693 0.009615384615384616 0.019230769230769232
2 0.003605769230769231 0.9879807692307693 0.007211538461538462 0.02403846153846154
2 0.004807692307692308 0.9891826923076923 0.009615384615384616 0.016826923076923076
2 0.004807692307692308 0.9855769230769231 0.009615384615384616 0.019230769230769232
2 0.003605769230769231 0.984375 0.007211538461538462 0.03125
2 0.004807692307692308 0.9879807692307693 0.009615384615384616 0.019230769230769232
2 0.006009615384615385 0.9879807692307693 0.01201923076923077 0.019230769230769232
2 0.006009615384615385 0.9855769230769231 0.01201923076923077 0.02403846153846154
2 0.007211538461538462 0.9879807692307693 0.014423076923076924 0.019230769230769232
2 0.004807692307692308 0.9855769230769231 0.009615384615384616 0.028846153846153848
2 0.006009615384615385 0.9879807692307693 0.01201923076923077 0.019230769230769232
2 0.004807692307692308 0.984375 0.009615384615384616 0.03125
2 0.008413461538461538 0.9855769230769231 0.016826923076923076 0.02403846153846154
2 0.004807692307692308 0.9891826923076923 0.009615384615384616 0.016826923076923076
2 0.002403846153846154 0.9831730769230769 0.004807692307692308 0.03365384615384615
2 0.003605769230769231 0.984375 0.007211538461538462 0.03125
2 0.006009615384615385 0.9831730769230769 0.01201923076923077 0.03365384615384615
2 0.004807692307692308 0.9855769230769231 0.009615384615384616 0.028846153846153848
2 0.008413461538461538 0.984375 0.016826923076923076 0.026442307692307692
2 0.006009615384615385 0.984375 0.01201923076923077 0.021634615384615384
2 0.004807692307692308 0.9867788461538461 0.009615384615384616 0.021634615384615384
2 0.006009615384615385 0.9855769230769231 0.01201923076923077 0.02403846153846154
2 0.006009615384615385 0.984375 0.01201923076923077 0.021634615384615384
2 0.006009615384615385 0.9867788461538461 0.01201923076923077 0.021634615384615384
2 0.025240384615384616 0.9855769230769231 0.02403846153846154 0.028846153846153848
2 0.010817307692307692 0.9867788461538461 0.021634615384615384 0.026442307692307692
2 0.010817307692307692 0.9855769230769231 0.021634615384615384 0.028846153846153848
2 0.004807692307692308 0.984375 0.009615384615384616 0.03125
2 0.006009615384615385 0.9819711538461539 0.01201923076923077 0.026442307692307692
2 0.008413461538461538 0.9831730769230769 0.016826923076923076 0.03365384615384615
2 0.06490384615384616 0.9855769230769231 0.03125 0.028846153846153848
2 0.0673076923076923 0.984375 0.03125 0.03125
2 0.040865384615384616 0.9891826923076923 0.021634615384615384 0.021634615384615384
2 0.04927884615384615 0.9879807692307693 0.02403846153846154 0.02403846153846154
2 0.046875 0.9831730769230769 0.02403846153846154 0.03365384615384615
2 0.057692307692307696 0.9855769230769231 0.026442307692307692 0.028846153846153848
2 0.09735576923076923 0.9867788461538461 0.019230769230769232 0.026442307692307692
2 0.125 0.9831730769230769 0.021634615384615384 0.03365384615384615
2 0.14182692307692307 0.984375 0.026442307692307692 0.026442307692307692
2 0.10096153846153846 0.9831730769230769 0.026442307692307692 0.03365384615384615
2 0.10336538461538461 0.9879807692307693 0.02403846153846154 0.02403846153846154
2 0.0673076923076923 0.9831730769230769 0.026442307692307692 0.03365384615384615
2 0.008413461538461538 0.9879807692307693 0.016826923076923076 0.02403846153846154
2 0.04326923076923077 0.9879807692307693 0.03125 0.02403846153846154
2 0.016826923076923076 0.9855769230769231 0.026442307692307692 0.028846153846153848
2 0.042067307692307696 0.984375 0.028846153846153848 0.03125
2 0.08653846153846154 0.9831730769230769 0.03125 0.03365384615384615
2 0.1045673076923077 0.9807692307692307 0.019230769230769232 0.038461538461538464
2 0.140625 0.9795673076923077 0.028846153846153848 0.040865384615384616
2 0.140625 0.9807692307692307 0.03365384615384615 0.028846153846153848
2 0.17067307692307693 0.9819711538461539 0.019230769230769232 0.036057692307692304
2 0.21634615384615385 0.9819711538461539 0.026442307692307692 0.036057692307692304
2 0.21033653846153846 0.9807692307692307 0.028846153846153848 0.028846153846153848
2 0.26802884615384615 0.9819711538461539 0.03365384615384615 0.03125
2 0.17067307692307693 0.9807692307692307 0.03125 0.03365384615384615
2 0.11778846153846154 0.9831730769230769 0.028846153846153848 0.03365384615384615
2 0.2091346153846154 0.9795673076923077 0.03125 0.040865384615384616
2 0.23918269230769232 0.9819711538461539 0.028846153846153848 0.036057692307692304
2 0.20673076923076922 0.9831730769230769 0.03125 0.03365384615384615
2 0.2776442307692308 0.9819711538461539 0.028846153846153848 0.036057692307692304
2 0.2439903846153846 0.984375 0.028846153846153848 0.03125
2 0.13581730769230768 0.9831730769230769 0.03365384615384615 0.03365384615384615
2 0.17908653846153846 0.984375 0.02403846153846154 0.03125
2 0.007211538461538462 0.9867788461538461 0.014423076923076924 0.021634615384615384
2 0.003605769230769231 0.9891826923076923 0.007211538461538462 0.016826923076923076
2 0.002403846153846154 0.9879807692307693 0.004807692307692308 0.02403846153846154
2 0.004807692307692308 0.9867788461538461 0.009615384615384616 0.026442307692307692
2 0.002403846153846154 0.984375 0.004807692307692308 0.03125
2 0.004807692307692308 0.9867788461538461 0.009615384615384616 0.016826923076923076
2 0.015625 0.9879807692307693 0.019230769230769232 0.02403846153846154
2 0.018028846153846152 0.984375 0.019230769230769232 0.03125
2 0.05048076923076923 0.9831730769230769 0.026442307692307692 0.02403846153846154
2 0.0889423076923077 0.9867788461538461 0.026442307692307692 0.026442307692307692
2 0.08653846153846154 0.9879807692307693 0.02403846153846154 0.02403846153846154
2 0.08413461538461539 0.9867788461538461 0.02403846153846154 0.026442307692307692
2 0.07211538461538461 0.9879807692307693 0.026442307692307692 0.02403846153846154
2 0.002403846153846154 0.9831730769230769 0.004807692307692308 0.03365384615384615
2 0.006009615384615385 0.9867788461538461 0.01201923076923077 0.021634615384615384
2 0.004807692307692308 0.9867788461538461 0.009615384615384616 0.021634615384615384
2 0.009615384615384616 0.9819711538461539 0.019230769230769232 0.03125
2 0.006009615384615385 0.9879807692307693 0.01201923076923077 0.019230769230769232
2 0.002403846153846154 0.9254807692307693 0.004807692307692308 0.052884615384615384
2 0.008413461538461538 0.9314903846153846 0.016826923076923076 0.03125
2 0.016826923076923076 0.9615384615384616 0.03365384615384615 0.04326923076923077
2 0.009615384615384616 0.8713942307692307 0.019230769230769232 0.036057692307692304
2 0.010817307692307692 0.8918269230769231 0.021634615384615384 0.057692307692307696
2 0.036057692307692304 0.9387019230769231 0.05048076923076923 0.05048076923076923
2 0.07091346153846154 0.9375 0.04326923076923077 0.04326923076923077
2 0.13822115384615385 0.9855769230769231 0.019230769230769232 0.028846153846153848
2 0.11778846153846154 0.9855769230769231 0.026442307692307692 0.028846153846153848
2 0.10216346153846154 0.9855769230769231 0.03365384615384615 0.028846153846153848
2 0.10576923076923077 0.9771634615384616 0.03125 0.03125
2 0.08173076923076923 0.8665865384615384 0.028846153846153848 0.06009615384615385
2 0.057692307692307696 0.8557692307692307 0.038461538461538464 0.038461538461538464
2 0.013221153846153846 0.8040865384615384 0.026442307692307692 0.06490384615384616
2 0.003605769230769231 0.8173076923076923 0.007211538461538462 0.057692307692307696
2 0.007211538461538462 0.7439903846153846 0.014423076923076924 0.07211538461538461
2 0.03125 0.7163461538461539 0.026442307692307692 0.04807692307692308
2 0.038461538461538464 0.6586538461538461 0.04567307692307692 0.04326923076923077
2 0.0673076923076923 0.6538461538461539 0.021634615384615384 0.057692307692307696
2 0.04807692307692308 0.7463942307692307 0.04807692307692308 0.04567307692307692
2 0.06610576923076923 0.7848557692307693 0.03125 0.06490384615384616
2 0.11538461538461539 0.8653846153846154 0.03365384615384615 0.057692307692307696
2 0.11177884615384616 0.7560096153846154 0.036057692307692304 0.036057692307692304
2 0.08774038461538461 0.7235576923076923 0.040865384615384616 0.04326923076923077
2 0.13701923076923078 0.8100961538461539 0.052884615384615384 0.052884615384615384
2 0.14182692307692307 0.7391826923076923 0.028846153846153848 0.055288461538461536
2 0.15144230769230768 0.6766826923076923 0.036057692307692304 0.036057692307692304
2 0.09975961538461539 0.6514423076923077 0.03365384615384615 0.052884615384615384
2 0.12980769230769232 0.6442307692307693 0.04567307692307692 0.04326923076923077
2 0.14423076923076922 0.9411057692307693 0.040865384615384616 0.040865384615384616
2 0.14903846153846154 0.984375 0.026442307692307692 0.026442307692307692
2 0.16466346153846154 0.9867788461538461 0.02403846153846154 0.021634615384615384
2 0.18389423076923078 0.984375 0.02403846153846154 0.03125
2 0.17548076923076922 0.9290865384615384 0.03365384615384615 0.055288461538461536
2 0.21033653846153846 0.9098557692307693 0.026442307692307692 0.0673076923076923
2 0.19110576923076922 0.8413461538461539 0.05048076923076923 0.04807692307692308
2 0.1935096153846154 0.6887019230769231 0.02403846153846154 0.07451923076923077
2 0.23918269230769232 0.7307692307692307 0.055288461538461536 0.052884615384615384
2 0.20552884615384615 0.765625 0.021634615384615384 0.055288461538461536
2 0.23798076923076922 0.8677884615384616 0.02403846153846154 0.0625
2 0.25 0.8257211538461539 0.028846153846153848 0.0673076923076923
2 0.2920673076923077 0.8016826923076923 0.04567307692307692 0.04567307692307692
2 0.27524038461538464 0.7644230769230769 0.05048076923076923 0.04807692307692308
2 0.23798076923076922 0.984375 0.03125 0.03125
2 0.16826923076923078 0.9807692307692307 0.036057692307692304 0.038461538461538464
2 0.2920673076923077 0.9831730769230769 0.03365384615384615 0.03365384615384615
2 0.2764423076923077 0.9831730769230769 0.028846153846153848 0.028846153846153848
2 0.328125 0.9819711538461539 0.028846153846153848 0.03125
2 0.34975961538461536 0.9831730769230769 0.028846153846153848 0.028846153846153848
2 0.3137019230769231 0.9819711538461539 0.03365384615384615 0.036057692307692304
2 0.34975961538461536 0.984375 0.02403846153846154 0.03125
2 0.27283653846153844 0.9819711538461539 0.028846153846153848 0.03125
2 0.24158653846153846 0.9795673076923077 0.03365384615384615 0.040865384615384616
2 0.19831730769230768 0.984375 0.03365384615384615 0.03125
2 0.21394230769230768 0.9855769230769231 0.026442307692307692 0.028846153846153848
2 0.24759615384615385 0.9519230769230769 0.040865384615384616 0.04326923076923077
2 0.27524038461538464 0.9591346153846154 0.028846153846153848 0.07211538461538461
2 0.3245192307692308 0.9206730769230769 0.04807692307692308 0.04807692307692308
2 0.296875 0.8930288461538461 0.04567307692307692 0.04567307692307692
2 0.3173076923076923 0.828125 0.04807692307692308 0.04567307692307692
2 0.3233173076923077 0.7596153846153846 0.026442307692307692 0.057692307692307696
2 0.3004807692307692 0.7055288461538461 0.05048076923076923 0.05048076923076923
2 0.3389423076923077 0.6850961538461539 0.026442307692307692 0.052884615384615384
2 0.28725961538461536 0.6430288461538461 0.04326923076923077 0.040865384615384616
2 0.24759615384615385 0.6670673076923077 0.026442307692307692 0.04567307692307692
2 0.2620192307692308 0.6081730769230769 0.036057692307692304 0.038461538461538464
2 0.2091346153846154 0.5300480769230769 0.026442307692307692 0.055288461538461536
2 0.21995192307692307 0.6310096153846154 0.03365384615384615 0.055288461538461536
2 0.18509615384615385 0.5997596153846154 0.04326923076923077 0.040865384615384616
2 0.15625 0.6081730769230769 0.038461538461538464 0.038461538461538464
2 0.1466346153846154 0.5288461538461539 0.026442307692307692 0.057692307692307696
2 0.09615384615384616 0.5745192307692307 0.03125 0.0625
2 0.07211538461538461 0.5889423076923077 0.04567307692307692 0.04326923076923077
2 0.007211538461538462 0.9795673076923077 0.014423076923076924 0.026442307692307692
2 0.003605769230769231 0.9819711538461539 0.007211538461538462 0.036057692307692304
2 0.004807692307692308 0.9855769230769231 0.009615384615384616 0.028846153846153848
2 0.008413461538461538 0.9807692307692307 0.016826923076923076 0.038461538461538464
2 0.006009615384615385 0.9855769230769231 0.01201923076923077 0.028846153846153848
2 0.004807692307692308 0.984375 0.009615384615384616 0.03125
2 0.007211538461538462 0.9819711538461539 0.014423076923076924 0.026442307692307692
2 0.007211538461538462 0.9771634615384616 0.014423076923076924 0.026442307692307692
2 0.006009615384615385 0.9831730769230769 0.01201923076923077 0.03365384615384615
2 0.007211538461538462 0.9819711538461539 0.014423076923076924 0.026442307692307692
2 0.003605769230769231 0.9807692307692307 0.007211538461538462 0.038461538461538464
2 0.003605769230769231 0.9831730769230769 0.007211538461538462 0.03365384615384615
2 0.007211538461538462 0.9867788461538461 0.014423076923076924 0.026442307692307692
2 0.004807692307692308 0.9819711538461539 0.009615384615384616 0.036057692307692304
2 0.004807692307692308 0.9855769230769231 0.009615384615384616 0.028846153846153848
2 0.006009615384615385 0.984375 0.01201923076923077 0.021634615384615384
2 0.002403846153846154 0.9867788461538461 0.004807692307692308 0.026442307692307692
2 0.007211538461538462 0.9795673076923077 0.014423076923076924 0.026442307692307692
2 0.003605769230769231 0.984375 0.007211538461538462 0.03125
2 0.008413461538461538 0.9795673076923077 0.016826923076923076 0.040865384615384616
2 0.004807692307692308 0.9411057692307693 0.009615384615384616 0.07932692307692307
2 0.01201923076923077 0.9615384615384616 0.02403846153846154 0.04807692307692308
2 0.002403846153846154 0.9651442307692307 0.004807692307692308 0.06971153846153846
2 0.007211538461538462 0.9747596153846154 0.014423076923076924 0.040865384615384616
2 0.009615384615384616 0.9110576923076923 0.019230769230769232 0.038461538461538464
2 0.003605769230769231 0.8665865384615384 0.007211538461538462 0.06971153846153846
2 0.010817307692307692 0.8016826923076923 0.021634615384615384 0.040865384615384616
2 0.009615384615384616 0.8689903846153846 0.019230769230769232 0.040865384615384616
2 0.008413461538461538 0.7512019230769231 0.016826923076923076 0.036057692307692304
2 0.010817307692307692 0.75 0.021634615384615384 0.04807692307692308
2 0.009615384615384616 0.6514423076923077 0.019230769230769232 0.04326923076923077
2 0.003605769230769231 0.6057692307692307 0.007211538461538462 0.0673076923076923
2 0.004807692307692308 0.8641826923076923 0.009615384615384616 0.05048076923076923
2 0.01201923076923077 0.7764423076923077 0.02403846153846154 0.04326923076923077
2 0.004807692307692308 0.671875 0.009615384615384616 0.06490384615384616
2 0.010817307692307692 0.6935096153846154 0.021634615384615384 0.040865384615384616
2 0.004807692307692308 0.7776442307692307 0.009615384615384616 0.07451923076923077
2 0.010817307692307692 0.7391826923076923 0.021634615384615384 0.036057692307692304
2 0.003605769230769231 0.640625 0.007211538461538462 0.06971153846153846
2 0.010817307692307692 0.5745192307692307 0.021634615384615384 0.038461538461538464
2 0.008413461538461538 0.6778846153846154 0.016826923076923076 0.038461538461538464
2 0.003605769230769231 0.6538461538461539 0.007211538461538462 0.04807692307692308
2 0.009615384615384616 0.5961538461538461 0.019230769230769232 0.03365384615384615
2 0.006009615384615385 0.578125 0.01201923076923077 0.04326923076923077
2 0.002403846153846154 0.5504807692307693 0.004807692307692308 0.04326923076923077
2 0.007211538461538462 0.4735576923076923 0.014423076923076924 0.028846153846153848
2 0.006009615384615385 0.5276442307692307 0.01201923076923077 0.05048076923076923
2 0.009615384615384616 0.6634615384615384 0.019230769230769232 0.038461538461538464
2 0.003605769230769231 0.6610576923076923 0.007211538461538462 0.0625
2 0.010817307692307692 0.7319711538461539 0.021634615384615384 0.040865384615384616
2 0.006009615384615385 0.5805288461538461 0.01201923076923077 0.052884615384615384
2 0.009615384615384616 0.5877403846153846 0.019230769230769232 0.036057692307692304
2 0.010817307692307692 0.5420673076923077 0.021634615384615384 0.036057692307692304
2 0.006009615384615385 0.5036057692307693 0.01201923076923077 0.026442307692307692
2 0.003605769230769231 0.4483173076923077 0.007211538461538462 0.052884615384615384
2 0.01201923076923077 0.41586538461538464 0.02403846153846154 0.04326923076923077
2 0.009615384615384616 0.4375 0.019230769230769232 0.038461538461538464
2 0.003605769230769231 0.43028846153846156 0.007211538461538462 0.057692307692307696
2 0.014423076923076924 0.3401442307692308 0.028846153846153848 0.05048076923076923
2 0.009615384615384616 0.36658653846153844 0.019230769230769232 0.036057692307692304
2 0.004807692307692308 0.3161057692307692 0.009615384615384616 0.07451923076923077
2 0.01201923076923077 0.33533653846153844 0.02403846153846154 0.04567307692307692
2 0.010817307692307692 0.15504807692307693 0.021634615384615384 0.036057692307692304
2 0.01201923076923077 0.0889423076923077 0.02403846153846154 0.038461538461538464
2 0.007211538461538462 0.014423076923076924 0.014423076923076924 0.019230769230769232
2 0.007211538461538462 0.07451923076923077 0.014423076923076924 0.07211538461538461
2 0.006009615384615385 0.015625 0.01201923076923077 0.03125
2 0.006009615384615385 0.4795673076923077 0.01201923076923077 0.06971153846153846
2 0.008413461538461538 0.4014423076923077 0.016826923076923076 0.07211538461538461
2 0.007211538461538462 0.3245192307692308 0.014423076923076924 0.028846153846153848
2 0.010817307692307692 0.30649038461538464 0.021634615384615384 0.040865384615384616
2 0.008413461538461538 0.28365384615384615 0.016826923076923076 0.028846153846153848
2 0.009615384615384616 0.27163461538461536 0.019230769230769232 0.028846153846153848
2 0.01201923076923077 0.21754807692307693 0.02403846153846154 0.040865384615384616
2 0.004807692307692308 0.16346153846153846 0.009615384615384616 0.057692307692307696
2 0.014423076923076924 0.25 0.028846153846153848 0.04807692307692308
2 0.015625 0.18389423076923078 0.03125 0.05048076923076923
2 0.004807692307692308 0.4519230769230769 0.009615384615384616 0.07211538461538461
2 0.010817307692307692 0.36899038461538464 0.021634615384615384 0.036057692307692304
2 0.01201923076923077 0.3016826923076923 0.02403846153846154 0.040865384615384616
2 0.010817307692307692 0.12139423076923077 0.021634615384615384 0.03125
2 0.010817307692307692 0.10096153846153846 0.021634615384615384 0.052884615384615384
2 0.01201923076923077 0.030048076923076924 0.02403846153846154 0.036057692307692304
2 0.007211538461538462 0.037259615384615384 0.014423076923076924 0.06971153846153846
2 0.016826923076923076 0.042067307692307696 0.03365384615384615 0.05048076923076923
2 0.007211538461538462 0.046875 0.014423076923076924 0.08653846153846154
2 0.013221153846153846 0.0733173076923077 0.026442307692307692 0.040865384615384616
2 0.19591346153846154 0.28725961538461536 0.038461538461538464 0.040865384615384616
2 0.20432692307692307 0.22956730769230768 0.028846153846153848 0.05048076923076923
2 0.17427884615384615 0.24278846153846154 0.038461538461538464 0.038461538461538464
2 0.15264423076923078 0.20192307692307693 0.03365384615384615 0.038461538461538464
2 0.15264423076923078 0.16826923076923078 0.028846153846153848 0.04807692307692308
2 0.140625 0.13942307692307693 0.03365384615384615 0.03365384615384615
2 0.14182692307692307 0.0829326923076923 0.04326923076923077 0.040865384615384616
2 0.12620192307692307 0.030048076923076924 0.026442307692307692 0.06009615384615385
2 0.19951923076923078 0.12259615384615384 0.026442307692307692 0.07692307692307693
2 0.18028846153846154 0.18389423076923078 0.04326923076923077 0.04567307692307692
2 0.22716346153846154 0.2608173076923077 0.02403846153846154 0.055288461538461536
2 0.2439903846153846 0.21394230769230768 0.038461538461538464 0.038461538461538464
2 0.22716346153846154 0.19230769230769232 0.04326923076923077 0.038461538461538464
2 0.28125 0.18028846153846154 0.019230769230769232 0.0673076923076923
2 0.2439903846153846 0.140625 0.028846153846153848 0.06009615384615385
2 0.21033653846153846 0.08533653846153846 0.055288461538461536 0.055288461538461536
2 0.25600961538461536 0.07932692307692307 0.02403846153846154 0.057692307692307696
2 0.2920673076923077 0.04447115384615385 0.021634615384615384 0.06009615384615385
2 0.2668269230769231 0.027644230769230768 0.02403846153846154 0.055288461538461536
2 0.23197115384615385 0.018028846153846152 0.028846153846153848 0.028846153846153848
2 0.20552884615384615 0.018028846153846152 0.026442307692307692 0.026442307692307692
2 0.16105769230769232 0.037259615384615384 0.014423076923076924 0.040865384615384616
2 0.1778846153846154 0.06490384615384616 0.028846153846153848 0.04807692307692308
2 0.006009615384615385 0.984375 0.01201923076923077 0.03125
2 0.003605769230769231 0.9831730769230769 0.007211538461538462 0.03365384615384615
2 0.002403846153846154 0.9831730769230769 0.004807692307692308 0.03365384615384615
2 0.004807692307692308 0.9831730769230769 0.009615384615384616 0.03365384615384615
2 0.007211538461538462 0.9831730769230769 0.014423076923076924 0.02403846153846154
2 0.006009615384615385 0.9891826923076923 0.01201923076923077 0.021634615384615384
2 0.004807692307692308 0.984375 0.009615384615384616 0.021634615384615384
2 0.004807692307692308 0.9879807692307693 0.009615384615384616 0.019230769230769232
2 0.006009615384615385 0.9855769230769231 0.01201923076923077 0.02403846153846154
2 0.004807692307692308 0.9831730769230769 0.009615384615384616 0.03365384615384615
2 0.002403846153846154 0.9819711538461539 0.004807692307692308 0.036057692307692304
2 0.003605769230769231 0.9855769230769231 0.007211538461538462 0.028846153846153848