2 0.984375 0.9639423076923077 0.03125 0.04326923076923077
2 0.9747596153846154 0.8533653846153846 0.05048076923076923 0.07211538461538461
2 0.9723557692307693 0.7548076923076923 0.055288461538461536 0.07692307692307693
2 0.9783653846153846 0.6358173076923077 0.04326923076923077 0.06490384615384616
2 0.9771634615384616 0.44711538461538464 0.04326923076923077 0.06490384615384616
2 0.9831730769230769 0.43028846153846156 0.03365384615384615 0.14182692307692307
2 0.9723557692307693 0.5108173076923077 0.055288461538461536 0.07932692307692307
2 0.9735576923076923 0.6033653846153846 0.052884615384615384 0.08173076923076923
2 0.9723557692307693 0.7836538461538461 0.055288461538461536 0.09615384615384616
2 0.9903846153846154 0.8088942307692307 0.019230769230769232 0.17067307692307693
2 0.9879807692307693 0.9651442307692307 0.02403846153846154 0.05048076923076923
2 0.9939903846153846 0.9627403846153846 0.01201923076923077 0.055288461538461536
2 0.9867788461538461 0.9699519230769231 0.026442307692307692 0.036057692307692304
2 0.984375 0.9495192307692307 0.03125 0.052884615384615384
2 0.9771634615384616 0.7151442307692307 0.04567307692307692 0.07451923076923077
2 0.9891826923076923 0.9014423076923077 0.021634615384615384 0.09615384615384616
2 0.9867788461538461 0.9591346153846154 0.026442307692307692 0.04326923076923077
2 0.9927884615384616 0.9627403846153846 0.014423076923076924 0.055288461538461536
2 0.9759615384615384 0.9338942307692307 0.04807692307692308 0.07451923076923077
2 0.9855769230769231 0.7307692307692307 0.028846153846153848 0.14423076923076922
2 0.9891826923076923 0.9579326923076923 0.021634615384615384 0.06490384615384616
2 0.9735576923076923 0.2824519230769231 0.04567307692307692 0.0625
2 0.9819711538461539 0.12259615384615384 0.026442307692307692 0.13701923076923078
2 0.9831730769230769 0.1622596153846154 0.02403846153846154 0.11057692307692307
2 0.9735576923076923 0.026442307692307692 0.036057692307692304 0.04567307692307692
2 0.9771634615384616 0.03245192307692308 0.028846153846153848 0.04807692307692308
2 0.9723557692307693 0.09495192307692307 0.040865384615384616 0.057692307692307696
2 0.9819711538461539 0.19230769230769232 0.028846153846153848 0.09375
2 0.9855769230769231 0.38221153846153844 0.026442307692307692 0.10336538461538461
2 0.984375 0.47475961538461536 0.03125 0.04807692307692308
2 0.9699519230769231 0.2439903846153846 0.052884615384615384 0.07211538461538461
2 0.9879807692307693 0.27163461538461536 0.019230769230769232 0.1466346153846154
2 0.9831730769230769 0.056490384615384616 0.021634615384615384 0.10096153846153846
2 0.9855769230769231 0.33533653846153844 0.026442307692307692 0.10096153846153846
2 0.9879807692307693 0.6502403846153846 0.02403846153846154 0.11298076923076923
2 0.9891826923076923 0.5600961538461539 0.021634615384615384 0.11538461538461539
2 0.9795673076923077 0.5444711538461539 0.040865384615384616 0.06009615384615385
2 0.9855769230769231 0.5841346153846154 0.028846153846153848 0.11538461538461539
2 0.9903846153846154 0.6742788461538461 0.019230769230769232 0.11298076923076923
2 0.984375 0.6490384615384616 0.03125 0.1201923076923077
2 0.9879807692307693 0.8810096153846154 0.02403846153846154 0.13221153846153846
2 0.9879807692307693 0.9543269230769231 0.02403846153846154 0.07211538461538461
2 0.9903846153846154 0.9519230769230769 0.019230769230769232 0.07692307692307693
2 0.9819711538461539 0.9579326923076923 0.036057692307692304 0.05048076923076923
2 0.9831730769230769 0.9555288461538461 0.03365384615384615 0.05048076923076923
2 0.9891826923076923 0.953125 0.021634615384615384 0.07451923076923077
2 0.9855769230769231 0.9591346153846154 0.028846153846153848 0.04807692307692308
2 0.9711538461538461 0.8209134615384616 0.057692307692307696 0.0985576923076923
2 0.9891826923076923 0.6947115384615384 0.021634615384615384 0.125
2 0.9723557692307693 0.5697115384615384 0.055288461538461536 0.07692307692307693
2 0.9711538461538461 0.453125 0.057692307692307696 0.08173076923076923
2 0.9771634615384616 0.38341346153846156 0.040865384615384616 0.052884615384615384
2 0.984375 0.19591346153846154 0.02403846153846154 0.12980769230769232
2 0.9795673076923077 0.24278846153846154 0.03365384615384615 0.14182692307692307
2 0.9807692307692307 0.3088942307692308 0.03365384615384615 0.1201923076923077
2 0.9795673076923077 0.13701923076923078 0.03125 0.12259615384615384
2 0.9867788461538461 0.3401442307692308 0.02403846153846154 0.13942307692307693
2 0.96875 0.35096153846153844 0.06009615384615385 0.0889423076923077
2 0.9831730769230769 0.2668269230769231 0.026442307692307692 0.04567307692307692
2 0.9879807692307693 0.23557692307692307 0.016826923076923076 0.0889423076923077
2 0.9831730769230769 0.27403846153846156 0.028846153846153848 0.10817307692307693
2 0.9723557692307693 0.3629807692307692 0.052884615384615384 0.07451923076923077
2 0.9855769230769231 0.6117788461538461 0.028846153846153848 0.05048076923076923
2 0.9723557692307693 0.5829326923076923 0.055288461538461536 0.08413461538461539
2 0.9927884615384616 0.8545673076923077 0.014423076923076924 0.12259615384615384
2 0.9891826923076923 0.7487980769230769 0.021634615384615384 0.10336538461538461
2 0.984375 0.9182692307692307 0.03125 0.125
2 0.9867788461538461 0.9591346153846154 0.026442307692307692 0.04326923076923077
2 0.9759615384615384 0.7548076923076923 0.04807692307692308 0.07692307692307693
2 0.9735576923076923 0.6370192307692307 0.052884615384615384 0.07692307692307693
2 0.9699519230769231 0.5072115384615384 0.06009615384615385 0.08653846153846154
2 0.9807692307692307 0.5661057692307693 0.038461538461538464 0.055288461538461536
2 0.9807692307692307 0.234375 0.03125 0.11057692307692307
2 0.9675480769230769 0.08653846153846154 0.05048076923076923 0.06490384615384616
2 0.9795673076923077 0.02283653846153846 0.021634615384615384 0.04567307692307692
2 0.9699519230769231 0.052884615384615384 0.04807692307692308 0.06971153846153846
2 0.9735576923076923 0.1201923076923077 0.040865384615384616 0.06009615384615385
2 0.96875 0.040865384615384616 0.04567307692307692 0.06009615384615385
2 0.9759615384615384 0.28365384615384615 0.040865384615384616 0.06009615384615385
2 0.9795673076923077 0.25 0.03365384615384615 0.13221153846153846
2 0.984375 0.18990384615384615 0.02403846153846154 0.11778846153846154
2 0.9759615384615384 0.5600961538461539 0.04807692307692308 0.0673076923076923
2 0.9771634615384616 0.6394230769230769 0.04567307692307692 0.0673076923076923
2 0.9807692307692307 0.4951923076923077 0.038461538461538464 0.06009615384615385
2 0.9891826923076923 0.5300480769230769 0.021634615384615384 0.09375
2 0.9711538461538461 0.7307692307692307 0.057692307692307696 0.09134615384615384
2 0.9819711538461539 0.9098557692307693 0.036057692307692304 0.06490384615384616
2 0.984375 0.9495192307692307 0.03125 0.08173076923076923
2 0.9759615384615384 0.9314903846153846 0.04807692307692308 0.07451923076923077
2 0.9735576923076923 0.6334134615384616 0.052884615384615384 0.08413461538461539
2 0.9879807692307693 0.9338942307692307 0.02403846153846154 0.11298076923076923
2 0.9747596153846154 0.9242788461538461 0.05048076923076923 0.08413461538461539
2 0.9867788461538461 0.4543269230769231 0.026442307692307692 0.12259615384615384
2 0.9699519230769231 0.3004807692307692 0.055288461538461536 0.07932692307692307
2 0.9723557692307693 0.4651442307692308 0.055288461538461536 0.07932692307692307
2 0.9759615384615384 0.025240384615384616 0.028846153846153848 0.05048076923076923
2 0.9831730769230769 0.17908653846153846 0.02403846153846154 0.09134615384615384
2 0.9819711538461539 0.20673076923076922 0.028846153846153848 0.10817307692307693
2 0.9783653846153846 0.04927884615384615 0.03125 0.09615384615384616
2 0.9759615384615384 0.21634615384615385 0.038461538461538464 0.06490384615384616
2 0.9819711538461539 0.1466346153846154 0.026442307692307692 0.10817307692307693
2 0.9639423076923077 0.125 0.0625 0.08413461538461539
2 0.9891826923076923 0.3389423076923077 0.019230769230769232 0.0985576923076923
2 0.984375 0.26322115384615385 0.026442307692307692 0.10096153846153846
2 0.9831730769230769 0.36899038461538464 0.03125 0.13942307692307693
2 0.9699519230769231 0.36538461538461536 0.057692307692307696 0.08413461538461539
2 0.9723557692307693 0.1141826923076923 0.040865384615384616 0.0625
2 0.9711538461538461 0.042067307692307696 0.040865384615384616 0.057692307692307696
2 0.96875 0.2692307692307692 0.057692307692307696 0.07451923076923077
2 0.9759615384615384 0.15865384615384615 0.038461538461538464 0.13221153846153846
2 0.9711538461538461 0.037259615384615384 0.04326923076923077 0.07451923076923077
2 0.9795673076923077 0.17908653846153846 0.03125 0.14423076923076922
2 0.96875 0.036057692307692304 0.04567307692307692 0.06009615384615385
2 0.984375 0.11658653846153846 0.019230769230769232 0.1201923076923077
2 0.9783653846153846 0.7055288461538461 0.04326923076923077 0.14182692307692307
2 0.9795673076923077 0.6947115384615384 0.040865384615384616 0.16826923076923078