2 0.4699519230769231 0.265625 0.028846153846153848 0.052884615384615384
2 0.2980769230769231 0.3545673076923077 0.040865384615384616 0.055288461538461536
2 0.5997596153846154 0.30528846153846156 0.038461538461538464 0.055288461538461536
2 0.3894230769230769 0.48677884615384615 0.03125 0.04807692307692308
2 0.42427884615384615 0.27403846153846156 0.040865384615384616 0.052884615384615384
2 0.4182692307692308 0.3557692307692308 0.038461538461538464 0.052884615384615384
2 0.1201923076923077 0.6670673076923077 0.026442307692307692 0.04326923076923077
2 0.2704326923076923 0.4723557692307692 0.03365384615384615 0.052884615384615384
2 0.36538461538461536 0.30288461538461536 0.036057692307692304 0.04807692307692308
2 0.5444711538461539 0.3076923076923077 0.038461538461538464 0.057692307692307696
2 0.5120192307692307 0.3557692307692308 0.040865384615384616 0.06009615384615385
2 0.5637019230769231 0.40024038461538464 0.03365384615384615 0.052884615384615384
2 0.5985576923076923 0.38822115384615385 0.040865384615384616 0.057692307692307696
2 0.7524038461538461 0.40625 0.040865384615384616 0.05048076923076923
2 0.6622596153846154 0.3389423076923077 0.038461538461538464 0.06009615384615385
2 0.6262019230769231 0.30649038461538464 0.028846153846153848 0.055288461538461536
2 0.6850961538461539 0.4182692307692308 0.04326923076923077 0.057692307692307696
2 0.640625 0.3641826923076923 0.040865384615384616 0.0625
2 0.4567307692307692 0.31490384615384615 0.038461538461538464 0.057692307692307696
2 0.375 0.3942307692307692 0.036057692307692304 0.0673076923076923
2 0.35216346153846156 0.4519230769230769 0.03365384615384615 0.0625
2 0.20673076923076922 0.5060096153846154 0.036057692307692304 0.052884615384615384
2 0.17548076923076922 0.5036057692307693 0.03125 0.05048076923076923
2 0.3161057692307692 0.38341346153846156 0.03365384615384615 0.052884615384615384
2 0.3125 0.42427884615384615 0.040865384615384616 0.0625
2 0.3317307692307692 0.48197115384615385 0.038461538461538464 0.052884615384615384
2 0.5024038461538461 0.4230769230769231 0.038461538461538464 0.06009615384615385
2 0.4795673076923077 0.4483173076923077 0.04326923076923077 0.0673076923076923
2 0.5444711538461539 0.44711538461538464 0.036057692307692304 0.0625
2 0.609375 0.5132211538461539 0.038461538461538464 0.06490384615384616
2 0.44350961538461536 0.5180288461538461 0.036057692307692304 0.05048076923076923
2 0.5144230769230769 0.6346153846153846 0.03365384615384615 0.057692307692307696
2 0.34975961538461536 0.5637019230769231 0.040865384615384616 0.06009615384615385
2 0.3233173076923077 0.5324519230769231 0.040865384615384616 0.04807692307692308
2 0.21995192307692307 0.5612980769230769 0.036057692307692304 0.06009615384615385
2 0.2932692307692308 0.515625 0.03365384615384615 0.052884615384615384
2 0.75 0.5204326923076923 0.04326923076923077 0.055288461538461536
2 0.6826923076923077 0.5492788461538461 0.040865384615384616 0.06009615384615385
2 0.5612980769230769 0.5973557692307693 0.036057692307692304 0.06009615384615385
2 0.5288461538461539 0.5649038461538461 0.036057692307692304 0.052884615384615384
2 0.5757211538461539 0.47596153846153844 0.03365384615384615 0.055288461538461536
2 0.6382211538461539 0.46153846153846156 0.036057692307692304 0.057692307692307696
2 0.6935096153846154 0.6310096153846154 0.036057692307692304 0.05048076923076923
2 0.765625 0.5997596153846154 0.040865384615384616 0.06490384615384616
2 0.7355769230769231 0.5925480769230769 0.03365384615384615 0.052884615384615384
2 0.13701923076923078 0.5564903846153846 0.03365384615384615 0.05048076923076923
2 0.1875 0.5721153846153846 0.028846153846153848 0.055288461538461536
2 0.1622596153846154 0.5637019230769231 0.028846153846153848 0.055288461538461536
2 0.16947115384615385 0.6454326923076923 0.036057692307692304 0.04807692307692308
2 0.15504807692307693 0.6574519230769231 0.03125 0.05048076923076923
2 0.2848557692307692 0.5997596153846154 0.03125 0.06009615384615385
2 0.33533653846153844 0.671875 0.03365384615384615 0.052884615384615384
2 0.36177884615384615 0.6454326923076923 0.036057692307692304 0.0625
2 0.3918269230769231 0.65625 0.03125 0.0625
2 0.4699519230769231 0.7115384615384616 0.028846153846153848 0.04807692307692308
2 0.46153846153846156 0.5697115384615384 0.036057692307692304 0.052884615384615384
2 0.640625 0.625 0.036057692307692304 0.0625
2 0.5889423076923077 0.6310096153846154 0.040865384615384616 0.055288461538461536
2 0.7247596153846154 0.44471153846153844 0.03365384615384615 0.052884615384615384
2 0.6682692307692307 0.4735576923076923 0.03365384615384615 0.057692307692307696
2 0.7824519230769231 0.5048076923076923 0.026442307692307692 0.05048076923076923
2 0.22115384615384615 0.6310096153846154 0.03125 0.038461538461538464
2 0.49399038461538464 0.5288461538461539 0.03125 0.05048076923076923
2 0.35697115384615385 0.7283653846153846 0.03125 0.05048076923076923
2 0.2536057692307692 0.7644230769230769 0.026442307692307692 0.04807692307692308
2 0.5805288461538461 0.5600961538461539 0.03365384615384615 0.06009615384615385
2 0.7127403846153846 0.5240384615384616 0.03365384615384615 0.052884615384615384
2 0.42788461538461536 0.6550480769230769 0.03365384615384615 0.04567307692307692
2 0.38100961538461536 0.5480769230769231 0.036057692307692304 0.06009615384615385
2 0.5300480769230769 0.7247596153846154 0.028846153846153848 0.04807692307692308
2 0.5072115384615384 0.6838942307692307 0.04326923076923077 0.0625
2 0.21033653846153846 0.6766826923076923 0.03125 0.040865384615384616
2 0.7620192307692307 0.453125 0.036057692307692304 0.06009615384615385
2 0.3173076923076923 0.6045673076923077 0.026442307692307692 0.05048076923076923
2 0.25841346153846156 0.7055288461538461 0.028846153846153848 0.04326923076923077
2 0.23076923076923078 0.7175480769230769 0.028846153846153848 0.04326923076923077
2 0.1658653846153846 0.7163461538461539 0.026442307692307692 0.038461538461538464
2 0.20552884615384615 0.7451923076923077 0.026442307692307692 0.038461538461538464
2 0.23076923076923078 0.7548076923076923 0.021634615384615384 0.036057692307692304
2 0.3329326923076923 0.7536057692307693 0.02403846153846154 0.03365384615384615
2 0.39903846153846156 0.7355769230769231 0.028846153846153848 0.04326923076923077
2 0.46153846153846156 0.6177884615384616 0.026442307692307692 0.04326923076923077
2 0.4879807692307692 0.6322115384615384 0.026442307692307692 0.04326923076923077
2 0.5072115384615384 0.6850961538461539 0.028846153846153848 0.04326923076923077
2 0.44591346153846156 0.7475961538461539 0.026442307692307692 0.038461538461538464
2 0.44711538461538464 0.6778846153846154 0.028846153846153848 0.038461538461538464
2 0.5925480769230769 0.4362980769230769 0.038461538461538464 0.04807692307692308
2 0.3076923076923077 0.7572115384615384 0.02403846153846154 0.036057692307692304
2 0.3076923076923077 0.6706730769230769 0.028846153846153848 0.038461538461538464
2 0.49759615384615385 0.7524038461538461 0.03125 0.036057692307692304
2 0.7451923076923077 0.018028846153846152 0.019230769230769232 0.03365384615384615
2 0.7415865384615384 0.054086538461538464 0.019230769230769232 0.03125
2 0.7704326923076923 0.06850961538461539 0.021634615384615384 0.038461538461538464
2 0.8028846153846154 0.04326923076923077 0.021634615384615384 0.038461538461538464
2 0.8016826923076923 0.09134615384615384 0.021634615384615384 0.036057692307692304
2 0.7884615384615384 0.12740384615384615 0.021634615384615384 0.03125
2 0.7548076923076923 0.1310096153846154 0.021634615384615384 0.03365384615384615
2 0.7740384615384616 0.17548076923076922 0.019230769230769232 0.03365384615384615
2 0.8125 0.1466346153846154 0.019230769230769232 0.03365384615384615
2 0.8245192307692307 0.09495192307692307 0.021634615384615384 0.036057692307692304
2 0.84375 0.06850961538461539 0.026442307692307692 0.038461538461538464
2 0.8088942307692307 0.20793269230769232 0.021634615384615384 0.036057692307692304
2 0.8425480769230769 0.20793269230769232 0.021634615384615384 0.036057692307692304
2 0.8497596153846154 0.11899038461538461 0.021634615384615384 0.03365384615384615
2 0.859375 0.1935096153846154 0.021634615384615384 0.036057692307692304
2 0.7980769230769231 0.24879807692307693 0.021634615384615384 0.03365384615384615
2 0.9795673076923077 0.33052884615384615 0.036057692307692304 0.04807692307692308
2 0.9663461538461539 0.4807692307692308 0.036057692307692304 0.04807692307692308
2 0.8689903846153846 0.4326923076923077 0.021634615384615384 0.036057692307692304
2 0.8810096153846154 0.4074519230769231 0.016826923076923076 0.026442307692307692
2 0.8954326923076923 0.41947115384615385 0.016826923076923076 0.02403846153846154
2 0.8822115384615384 0.36778846153846156 0.021634615384615384 0.03125
2 0.8990384615384616 0.35096153846153844 0.02403846153846154 0.02403846153846154
2 0.7884615384615384 0.3918269230769231 0.019230769230769232 0.03365384615384615
2 0.7824519230769231 0.3605769230769231 0.021634615384615384 0.028846153846153848
2 0.8365384615384616 0.39903846153846156 0.019230769230769232 0.03365384615384615
2 0.8413461538461539 0.3629807692307692 0.021634615384615384 0.03365384615384615
2 0.7956730769230769 0.3112980769230769 0.021634615384615384 0.028846153846153848
2 0.8161057692307693 0.30528846153846156 0.021634615384615384 0.028846153846153848
2 0.8305288461538461 0.2800480769230769 0.021634615384615384 0.028846153846153848
2 0.8545673076923077 0.27524038461538464 0.02403846153846154 0.03125
2 0.8786057692307693 0.3112980769230769 0.02403846153846154 0.03125
2 0.8762019230769231 0.25240384615384615 0.019230769230769232 0.028846153846153848
2 0.7740384615384616 0.3112980769230769 0.019230769230769232 0.03365384615384615
2 0.43509615384615385 0.6081730769230769 0.028846153846153848 0.052884615384615384
2 0.24879807692307693 0.6418269230769231 0.03365384615384615 0.055288461538461536
2 0.28365384615384615 0.71875 0.03125 0.05048076923076923
2 0.2608173076923077 0.5120192307692307 0.036057692307692304 0.05048076923076923
2 0.8810096153846154 0.19831730769230768 0.021634615384615384 0.05048076923076923
2 0.44471153846153844 0.390625 0.028846153846153848 0.052884615384615384
2 0.78125 0.6334134615384616 0.028846153846153848 0.03365384615384615
2 0.36778846153846156 0.78125 0.026442307692307692 0.03365384615384615
2 0.515625 0.8317307692307693 0.03365384615384615 0.03125
2 0.5661057692307693 0.6598557692307693 0.03365384615384615 0.04326923076923077
2 0.5348557692307693 0.6502403846153846 0.02403846153846154 0.040865384615384616
2 0.5949519230769231 0.6826923076923077 0.028846153846153848 0.036057692307692304
2 0.6225961538461539 0.6742788461538461 0.03125 0.04326923076923077
2 0.25240384615384615 0.43509615384615385 0.021634615384615384 0.036057692307692304
2 0.2668269230769231 0.6730769230769231 0.028846153846153848 0.03365384615384615
2 0.28966346153846156 0.6346153846153846 0.03125 0.03365384615384615
2 0.390625 0.578125 0.03125 0.036057692307692304
2 0.42788461538461536 0.7512019230769231 0.036057692307692304 0.038461538461538464
2 0.546875 0.7824519230769231 0.03125 0.028846153846153848
2 0.19951923076923078 0.7139423076923077 0.03125 0.038461538461538464
2 0.1814903846153846 0.7367788461538461 0.03125 0.026442307692307692
2 0.20432692307692307 0.6045673076923077 0.03125 0.038461538461538464
2 0.2956730769230769 0.5528846153846154 0.026442307692307692 0.05048076923076923
2 0.4098557692307692 0.6790865384615384 0.028846153846153848 0.040865384615384616
2 0.3942307692307692 0.78125 0.03125 0.03365384615384615
2 0.453125 0.7824519230769231 0.03125 0.028846153846153848
2 0.47716346153846156 0.6574519230769231 0.026442307692307692 0.038461538461538464
2 0.5276442307692307 0.5036057692307693 0.028846153846153848 0.04326923076923077
2 0.5552884615384616 0.5 0.028846153846153848 0.04326923076923077
2 0.48197115384615385 0.3713942307692308 0.03125 0.04326923076923077
2 0.6262019230769231 0.4098557692307692 0.038461538461538464 0.05048076923076923
2 0.8197115384615384 0.015625 0.026442307692307692 0.03125
2 0.8185096153846154 0.3545673076923077 0.021634615384615384 0.028846153846153848
2 0.8545673076923077 0.3137019230769231 0.02403846153846154 0.03365384615384615
2 0.7764423076923077 0.2512019230769231 0.02403846153846154 0.03365384615384615
2 0.8245192307692307 0.18629807692307693 0.021634615384615384 0.038461538461538464
2 0.7884615384615384 0.06610576923076923 0.02403846153846154 0.036057692307692304
2 0.7451923076923077 0.09375 0.02403846153846154 0.03365384615384615
2 0.7800480769230769 0.030048076923076924 0.028846153846153848 0.03365384615384615
2 0.7824519230769231 0.007211538461538462 0.03125 0.014423076923076924
2 0.8293269230769231 0.13581730769230768 0.02403846153846154 0.036057692307692304
2 0.8233173076923077 0.375 0.02403846153846154 0.026442307692307692
2 0.8629807692307693 0.35096153846153844 0.021634615384615384 0.026442307692307692
2 0.7283653846153846 0.026442307692307692 0.021634615384615384 0.036057692307692304
2 0.8473557692307693 0.026442307692307692 0.02403846153846154 0.04326923076923077
2 0.9891826923076923 0.4723557692307692 0.021634615384615384 0.052884615384615384