2 0.9627403846153846 0.5588942307692307 0.016826923076923076 0.04567307692307692
2 0.8942307692307693 0.609375 0.03365384615384615 0.03125
2 0.8545673076923077 0.6105769230769231 0.009615384615384616 0.03365384615384615
2 0.828125 0.6141826923076923 0.026442307692307692 0.026442307692307692
2 0.8040865384615384 0.7139423076923077 0.016826923076923076 0.038461538461538464
2 0.8173076923076923 0.6610576923076923 0.03365384615384615 0.03365384615384615
2 0.7752403846153846 0.7139423076923077 0.019230769230769232 0.038461538461538464
2 0.71875 0.7079326923076923 0.019230769230769232 0.036057692307692304
2 0.7067307692307693 0.7584134615384616 0.019230769230769232 0.021634615384615384
2 0.9903846153846154 0.5997596153846154 0.019230769230769232 0.026442307692307692
2 0.9951923076923077 0.6923076923076923 0.009615384615384616 0.014423076923076924
2 0.8689903846153846 0.6850961538461539 0.026442307692307692 0.02403846153846154
2 0.8581730769230769 0.6742788461538461 0.019230769230769232 0.04807692307692308
2 0.7475961538461539 0.8125 0.02403846153846154 0.028846153846153848
2 0.7235576923076923 0.8197115384615384 0.028846153846153848 0.028846153846153848
2 0.7163461538461539 0.8882211538461539 0.038461538461538464 0.036057692307692304
2 0.6971153846153846 0.9170673076923077 0.028846153846153848 0.03125
2 0.6887019230769231 0.7632211538461539 0.01201923076923077 0.036057692307692304
2 0.6778846153846154 0.8064903846153846 0.02403846153846154 0.040865384615384616
2 0.9579326923076923 0.7247596153846154 0.028846153846153848 0.028846153846153848
2 0.9783653846153846 0.7740384615384616 0.014423076923076924 0.028846153846153848
2 0.9963942307692307 0.6983173076923077 0.007211538461538462 0.03125
2 0.9963942307692307 0.7355769230769231 0.007211538461538462 0.019230769230769232
2 0.9927884615384616 0.8173076923076923 0.014423076923076924 0.019230769230769232
2 0.9134615384615384 0.6502403846153846 0.019230769230769232 0.05048076923076923
2 0.9639423076923077 0.6213942307692307 0.028846153846153848 0.03125
2 0.9903846153846154 0.6334134615384616 0.019230769230769232 0.03125
2 0.9074519230769231 0.7151442307692307 0.021634615384615384 0.04567307692307692
2 0.9254807692307693 0.7632211538461539 0.028846153846153848 0.036057692307692304
2 0.8377403846153846 0.8221153846153846 0.016826923076923076 0.038461538461538464
2 0.8389423076923077 0.7151442307692307 0.028846153846153848 0.028846153846153848
2 0.8112980769230769 0.7800480769230769 0.021634615384615384 0.03125
2 0.7776442307692307 0.8377403846153846 0.036057692307692304 0.03365384615384615
2 0.9819711538461539 0.7103365384615384 0.016826923076923076 0.040865384615384616
2 0.8882211538461539 0.7752403846153846 0.019230769230769232 0.03125
2 0.9026442307692307 0.8149038461538461 0.026442307692307692 0.052884615384615384
2 0.25600961538461536 0.40625 0.026442307692307692 0.0625
2 0.21153846153846154 0.4723557692307692 0.028846153846153848 0.052884615384615384
2 0.16947115384615385 0.48197115384615385 0.036057692307692304 0.036057692307692304
2 0.42427884615384615 0.5889423076923077 0.021634615384615384 0.02403846153846154
2 0.36658653846153844 0.5420673076923077 0.040865384615384616 0.036057692307692304
2 0.3137019230769231 0.5576923076923077 0.036057692307692304 0.03365384615384615
2 0.28725961538461536 0.5012019230769231 0.02403846153846154 0.04567307692307692
2 0.28846153846153844 0.5841346153846154 0.038461538461538464 0.038461538461538464
2 0.2512019230769231 0.5288461538461539 0.03365384615384615 0.03365384615384615
2 0.25240384615384615 0.609375 0.028846153846153848 0.055288461538461536
2 0.2127403846153846 0.5444711538461539 0.03125 0.03125
2 0.05048076923076923 0.4723557692307692 0.03365384615384615 0.055288461538461536
2 0.16706730769230768 0.6165865384615384 0.03125 0.03125
2 0.4014423076923077 0.5733173076923077 0.014423076923076924 0.04326923076923077
2 0.0985576923076923 0.8341346153846154 0.03365384615384615 0.03365384615384615
2 0.38221153846153844 0.7223557692307693 0.038461538461538464 0.036057692307692304
2 0.4411057692307692 0.65625 0.021634615384615384 0.04326923076923077
2 0.46033653846153844 0.7163461538461539 0.016826923076923076 0.03365384615384615
2 0.5036057692307693 0.7007211538461539 0.028846153846153848 0.026442307692307692
2 0.5516826923076923 0.75 0.026442307692307692 0.028846153846153848
2 0.5228365384615384 0.75 0.040865384615384616 0.038461538461538464
2 0.484375 0.7427884615384616 0.026442307692307692 0.02403846153846154
2 0.4326923076923077 0.8112980769230769 0.019230769230769232 0.055288461538461536
2 0.33653846153846156 0.6081730769230769 0.028846153846153848 0.028846153846153848
2 0.3401442307692308 0.5204326923076923 0.016826923076923076 0.040865384615384616
2 0.10096153846153846 0.7115384615384616 0.04807692307692308 0.04807692307692308
2 0.05048076923076923 0.65625 0.028846153846153848 0.04326923076923077
2 0.13822115384615385 0.515625 0.036057692307692304 0.036057692307692304
2 0.1201923076923077 0.5697115384615384 0.03365384615384615 0.03365384615384615
2 0.31850961538461536 0.6574519230769231 0.03125 0.03125
2 0.2824519230769231 0.6502403846153846 0.04567307692307692 0.04567307692307692
2 0.7548076923076923 0.7548076923076923 0.038461538461538464 0.038461538461538464
2 0.22235576923076922 0.65625 0.026442307692307692 0.052884615384615384
2 0.19951923076923078 0.7007211538461539 0.03365384615384615 0.05048076923076923
2 0.140625 0.6622596153846154 0.026442307692307692 0.036057692307692304
2 0.08533653846153846 0.6129807692307693 0.036057692307692304 0.052884615384615384
2 0.3389423076923077 0.7692307692307693 0.038461538461538464 0.038461538461538464
2 0.27403846153846156 0.7319711538461539 0.028846153846153848 0.026442307692307692
2 0.35096153846153844 0.7019230769230769 0.02403846153846154 0.04326923076923077
2 0.3004807692307692 0.6923076923076923 0.019230769230769232 0.019230769230769232
2 0.25 0.7139423076923077 0.019230769230769232 0.038461538461538464
2 0.23197115384615385 0.7439903846153846 0.03125 0.03125
2 0.39302884615384615 0.7848557692307693 0.019230769230769232 0.04567307692307692
2 0.19230769230769232 0.5793269230769231 0.02403846153846154 0.038461538461538464
2 0.36778846153846156 0.7620192307692307 0.038461538461538464 0.038461538461538464
2 0.35336538461538464 0.5841346153846154 0.04326923076923077 0.04326923076923077
2 0.014423076923076924 0.6213942307692307 0.019230769230769232 0.05048076923076923
2 0.29447115384615385 0.7560096153846154 0.026442307692307692 0.05048076923076923
2 0.3161057692307692 0.8076923076923077 0.026442307692307692 0.04326923076923077
2 0.4074519230769231 0.7331730769230769 0.014423076923076924 0.03365384615384615
2 0.1935096153846154 0.7475961538461539 0.016826923076923076 0.04326923076923077
2 0.3894230769230769 0.8425480769230769 0.028846153846153848 0.028846153846153848
2 0.5192307692307693 0.8209134615384616 0.02403846153846154 0.038461538461538464
2 0.42788461538461536 0.9206730769230769 0.028846153846153848 0.028846153846153848
2 0.453125 0.7776442307692307 0.02403846153846154 0.038461538461538464
2 0.4879807692307692 0.7836538461538461 0.02403846153846154 0.02403846153846154
2 0.26802884615384615 0.7872596153846154 0.019230769230769232 0.040865384615384616
2 0.25240384615384615 0.8737980769230769 0.04326923076923077 0.040865384615384616
2 0.18389423076923078 0.9146634615384616 0.021634615384615384 0.055288461538461536
2 0.24519230769230768 0.9242788461538461 0.038461538461538464 0.036057692307692304
2 0.3605769230769231 0.8341346153846154 0.03365384615384615 0.03365384615384615
2 0.16706730769230768 0.7115384615384616 0.021634615384615384 0.038461538461538464
2 0.16105769230769232 0.7584134615384616 0.028846153846153848 0.03125
2 0.055288461538461536 0.7956730769230769 0.038461538461538464 0.03365384615384615
2 0.14302884615384615 0.8004807692307693 0.036057692307692304 0.038461538461538464
2 0.26802884615384615 0.9495192307692307 0.016826923076923076 0.04326923076923077
2 0.3918269230769231 0.9050480769230769 0.028846153846153848 0.03125
2 0.3798076923076923 0.9771634615384616 0.03365384615384615 0.03125
2 0.359375 0.9086538461538461 0.021634615384615384 0.04326923076923077
2 0.34615384615384615 0.8605769230769231 0.02403846153846154 0.038461538461538464
2 0.31850961538461536 0.8689903846153846 0.03125 0.03125
2 0.3173076923076923 0.9194711538461539 0.02403846153846154 0.05048076923076923
2 0.35336538461538464 0.953125 0.028846153846153848 0.026442307692307692
2 0.20673076923076922 0.7944711538461539 0.03365384615384615 0.036057692307692304
2 0.2247596153846154 0.8605769230769231 0.036057692307692304 0.038461538461538464
2 0.07211538461538461 0.8617788461538461 0.02403846153846154 0.040865384615384616
2 0.056490384615384616 0.7103365384615384 0.02403846153846154 0.040865384615384616
2 0.039663461538461536 0.8954326923076923 0.03125 0.03125
2 0.13701923076923078 0.8641826923076923 0.03365384615384615 0.036057692307692304
2 0.08413461538461539 0.9146634615384616 0.03365384615384615 0.036057692307692304
2 0.056490384615384616 0.9278846153846154 0.021634615384615384 0.02403846153846154
2 0.0829326923076923 0.9855769230769231 0.026442307692307692 0.028846153846153848
2 0.5625 0.6802884615384616 0.019230769230769232 0.014423076923076924
2 0.5829326923076923 0.8233173076923077 0.016826923076923076 0.026442307692307692
2 0.5576923076923077 0.8149038461538461 0.028846153846153848 0.02403846153846154
2 0.39783653846153844 0.6274038461538461 0.04567307692307692 0.04807692307692308
2 0.41466346153846156 0.6646634615384616 0.02403846153846154 0.04567307692307692
2 0.4579326923076923 0.8269230769230769 0.02403846153846154 0.02403846153846154
2 0.47115384615384615 0.8954326923076923 0.03365384615384615 0.03125
2 0.2920673076923077 0.8209134615384616 0.03365384615384615 0.03365384615384615
2 0.27403846153846156 0.8810096153846154 0.028846153846153848 0.03125
2 0.17307692307692307 0.8461538461538461 0.028846153846153848 0.028846153846153848
2 0.18629807692307693 0.8028846153846154 0.021634615384615384 0.019230769230769232
2 0.018028846153846152 0.8233173076923077 0.028846153846153848 0.038461538461538464
2 0.8269230769230769 0.8737980769230769 0.028846153846153848 0.028846153846153848
2 0.8641826923076923 0.8689903846153846 0.016826923076923076 0.040865384615384616
2 0.796875 0.8798076923076923 0.026442307692307692 0.028846153846153848
2 0.9963942307692307 0.7596153846153846 0.007211538461538462 0.019230769230769232
2 0.9963942307692307 0.7548076923076923 0.007211538461538462 0.02403846153846154
2 0.8028846153846154 0.9230769230769231 0.028846153846153848 0.04807692307692308
2 0.9411057692307693 0.8653846153846154 0.014423076923076924 0.04807692307692308
2 0.90625 0.8942307692307693 0.014423076923076924 0.04807692307692308
2 0.9915865384615384 0.8125 0.016826923076923076 0.02403846153846154
2 0.9939903846153846 0.8425480769230769 0.01201923076923077 0.016826923076923076
2 0.27403846153846156 0.9915865384615384 0.02403846153846154 0.016826923076923076
2 0.4987980769230769 0.8401442307692307 0.028846153846153848 0.028846153846153848