2 0.7379807692307693 0.4338942307692308 0.016826923076923076 0.038461538461538464
2 0.7776442307692307 0.4879807692307692 0.02403846153846154 0.036057692307692304
2 0.8125 0.5036057692307693 0.02403846153846154 0.038461538461538464
2 0.19230769230769232 0.6310096153846154 0.016826923076923076 0.028846153846153848
2 0.6646634615384616 0.53125 0.019230769230769232 0.03365384615384615
2 0.9266826923076923 0.4891826923076923 0.026442307692307692 0.028846153846153848
2 0.7463942307692307 0.5504807692307693 0.021634615384615384 0.04326923076923077
2 0.22596153846153846 0.6394230769230769 0.019230769230769232 0.03365384615384615
2 0.84375 0.53125 0.019230769230769232 0.04807692307692308
2 0.5961538461538461 0.6045673076923077 0.014423076923076924 0.038461538461538464
2 0.6394230769230769 0.5600961538461539 0.02403846153846154 0.03365384615384615
2 0.6141826923076923 0.5889423076923077 0.016826923076923076 0.028846153846153848
2 0.6911057692307693 0.5745192307692307 0.016826923076923076 0.038461538461538464
2 0.7139423076923077 0.5324519230769231 0.021634615384615384 0.04807692307692308
2 0.7800480769230769 0.5552884615384616 0.016826923076923076 0.04326923076923077
2 0.5252403846153846 0.34375 0.014423076923076924 0.038461538461538464
2 0.8954326923076923 0.6177884615384616 0.026442307692307692 0.04326923076923077
2 0.7115384615384616 0.5973557692307693 0.021634615384615384 0.038461538461538464
2 0.4879807692307692 0.7451923076923077 0.014423076923076924 0.038461538461538464
2 0.5288461538461539 0.6911057692307693 0.016826923076923076 0.03365384615384615
2 0.6550480769230769 0.5973557692307693 0.016826923076923076 0.040865384615384616
2 0.6742788461538461 0.6165865384615384 0.014423076923076924 0.038461538461538464
2 0.7451923076923077 0.6117788461538461 0.03365384615384615 0.04326923076923077
2 0.8233173076923077 0.6129807692307693 0.019230769230769232 0.038461538461538464
2 0.5673076923076923 0.7175480769230769 0.021634615384615384 0.028846153846153848
2 0.6117788461538461 0.7223557692307693 0.021634615384615384 0.03125
2 0.6622596153846154 0.6935096153846154 0.026442307692307692 0.055288461538461536
2 0.8641826923076923 0.5733173076923077 0.021634615384615384 0.026442307692307692
2 0.31850961538461536 0.7475961538461539 0.016826923076923076 0.03365384615384615
2 0.25721153846153844 0.6694711538461539 0.016826923076923076 0.038461538461538464
2 0.9278846153846154 0.6478365384615384 0.03125 0.04326923076923077
2 0.9615384615384616 0.6189903846153846 0.02403846153846154 0.03365384615384615
2 0.7163461538461539 0.6646634615384616 0.028846153846153848 0.038461538461538464
2 0.7692307692307693 0.6526442307692307 0.021634615384615384 0.04326923076923077
2 0.7980769230769231 0.5841346153846154 0.028846153846153848 0.04326923076923077
2 0.8497596153846154 0.6430288461538461 0.02403846153846154 0.04567307692307692
2 0.8846153846153846 0.7079326923076923 0.021634615384615384 0.04807692307692308
2 0.5733173076923077 0.7596153846153846 0.021634615384615384 0.03365384615384615
2 0.6310096153846154 0.7091346153846154 0.016826923076923076 0.03365384615384615
2 0.6862980769230769 0.6646634615384616 0.02403846153846154 0.028846153846153848
2 0.59375 0.7944711538461539 0.021634615384615384 0.03125
2 0.75 0.7079326923076923 0.019230769230769232 0.038461538461538464
2 0.9555288461538461 0.7259615384615384 0.021634615384615384 0.057692307692307696
2 0.7932692307692307 0.6586538461538461 0.02403846153846154 0.040865384615384616
2 0.8233173076923077 0.6995192307692307 0.016826923076923076 0.05048076923076923
2 0.9182692307692307 0.8149038461538461 0.01201923076923077 0.03365384615384615
2 0.6298076923076923 0.7644230769230769 0.016826923076923076 0.028846153846153848
2 0.7379807692307693 0.765625 0.019230769230769232 0.040865384615384616
2 0.6959134615384616 0.625 0.019230769230769232 0.05048076923076923
2 0.8064903846153846 0.7259615384615384 0.016826923076923076 0.04807692307692308
2 0.8064903846153846 0.7992788461538461 0.028846153846153848 0.040865384615384616
2 0.7560096153846154 0.8425480769230769 0.019230769230769232 0.03365384615384615
2 0.5096153846153846 0.7463942307692307 0.016826923076923076 0.036057692307692304
2 0.5456730769230769 0.7379807692307693 0.021634615384615384 0.03365384615384615
2 0.5216346153846154 0.8052884615384616 0.019230769230769232 0.02403846153846154
2 0.46875 0.8016826923076923 0.016826923076923076 0.026442307692307692
2 0.484375 0.7920673076923077 0.009615384615384616 0.028846153846153848
2 0.5408653846153846 0.7980769230769231 0.01201923076923077 0.03365384615384615
2 0.5709134615384616 0.7956730769230769 0.016826923076923076 0.028846153846153848
2 0.5685096153846154 0.8653846153846154 0.016826923076923076 0.03125
2 0.6081730769230769 0.6526442307692307 0.02403846153846154 0.04326923076923077
2 0.5829326923076923 0.6526442307692307 0.019230769230769232 0.03365384615384615
2 0.6754807692307693 0.7475961538461539 0.021634615384615384 0.03365384615384615
2 0.6947115384615384 0.7860576923076923 0.014423076923076924 0.040865384615384616
2 0.6358173076923077 0.8173076923076923 0.019230769230769232 0.028846153846153848
2 0.7199519230769231 0.8197115384615384 0.026442307692307692 0.040865384615384616
2 0.65625 0.8413461538461539 0.016826923076923076 0.040865384615384616
2 0.921875 0.6947115384615384 0.028846153846153848 0.04326923076923077
2 0.8930288461538461 0.8016826923076923 0.021634615384615384 0.04567307692307692
2 0.8209134615384616 0.8641826923076923 0.021634615384615384 0.04807692307692308
2 0.9146634615384616 0.875 0.016826923076923076 0.04326923076923077
2 0.953125 0.8533653846153846 0.016826923076923076 0.021634615384615384
2 0.8509615384615384 0.7716346153846154 0.021634615384615384 0.04326923076923077
2 0.6490384615384616 0.9338942307692307 0.019230769230769232 0.03125
2 0.26802884615384615 0.7259615384615384 0.016826923076923076 0.028846153846153848
2 0.34615384615384615 0.7115384615384616 0.016826923076923076 0.038461538461538464
2 0.3581730769230769 0.7487980769230769 0.01201923076923077 0.021634615384615384
2 0.375 0.7451923076923077 0.014423076923076924 0.028846153846153848
2 0.34975961538461536 0.8665865384615384 0.019230769230769232 0.02403846153846154
2 0.6814903846153846 0.8725961538461539 0.019230769230769232 0.040865384615384616
2 0.7151442307692307 0.7451923076923077 0.01201923076923077 0.03365384615384615
2 0.6189903846153846 0.7836538461538461 0.016826923076923076 0.028846153846153848
2 0.7367788461538461 0.8581730769230769 0.021634615384615384 0.03365384615384615
2 0.7019230769230769 0.8810096153846154 0.014423076923076924 0.03365384615384615
2 0.9146634615384616 0.9375 0.016826923076923076 0.028846153846153848
2 0.8786057692307693 0.890625 0.019230769230769232 0.038461538461538464
2 0.9603365384615384 0.953125 0.01201923076923077 0.036057692307692304
2 0.7668269230769231 0.875 0.02403846153846154 0.04326923076923077
2 0.6526442307692307 0.7463942307692307 0.016826923076923076 0.04567307692307692
2 0.6754807692307693 0.8365384615384616 0.021634615384615384 0.036057692307692304
2 0.7584134615384616 0.8149038461538461 0.021634615384615384 0.04567307692307692
2 0.8701923076923077 0.7836538461538461 0.019230769230769232 0.038461538461538464
2 0.2956730769230769 0.71875 0.016826923076923076 0.036057692307692304
2 0.38822115384615385 0.7896634615384616 0.016826923076923076 0.03365384615384615
2 0.046875 0.8125 0.014423076923076924 0.028846153846153848
2 0.1346153846153846 0.6454326923076923 0.016826923076923076 0.038461538461538464
2 0.17548076923076922 0.6598557692307693 0.019230769230769232 0.028846153846153848
2 0.20432692307692307 0.7728365384615384 0.014423076923076924 0.038461538461538464
2 0.22956730769230768 0.6887019230769231 0.016826923076923076 0.03365384615384615
2 0.26802884615384615 0.7752403846153846 0.016826923076923076 0.026442307692307692
2 0.19471153846153846 0.8016826923076923 0.01201923076923077 0.028846153846153848
2 0.3233173076923077 0.8004807692307693 0.016826923076923076 0.02403846153846154
2 0.36778846153846156 0.8798076923076923 0.019230769230769232 0.03365384615384615
2 0.2620192307692308 0.8341346153846154 0.016826923076923076 0.036057692307692304
2 0.2439903846153846 0.71875 0.016826923076923076 0.026442307692307692
2 0.13221153846153846 0.7764423076923077 0.016826923076923076 0.028846153846153848
2 0.09735576923076923 0.625 0.016826923076923076 0.03365384615384615
2 0.14903846153846154 0.6045673076923077 0.021634615384615384 0.03365384615384615
2 0.1814903846153846 0.7127403846153846 0.019230769230769232 0.05048076923076923
2 0.21514423076923078 0.6947115384615384 0.019230769230769232 0.03365384615384615
2 0.24519230769230768 0.8125 0.019230769230769232 0.03125
2 0.296875 0.8257211538461539 0.021634615384615384 0.03125
2 0.18028846153846154 0.8545673076923077 0.014423076923076924 0.028846153846153848
2 0.21033653846153846 0.8653846153846154 0.016826923076923076 0.03125
2 0.14543269230769232 0.7319711538461539 0.016826923076923076 0.04567307692307692
2 0.34375 0.8137019230769231 0.016826923076923076 0.055288461538461536
2 0.29447115384615385 0.9038461538461539 0.016826923076923076 0.03365384615384615
2 0.07451923076923077 0.8040865384615384 0.019230769230769232 0.03365384615384615
2 0.15865384615384615 0.7884615384615384 0.019230769230769232 0.02403846153846154
2 0.1141826923076923 0.6538461538461539 0.014423076923076924 0.021634615384615384
2 0.22716346153846154 0.7608173076923077 0.014423076923076924 0.040865384615384616
2 0.2980769230769231 0.7524038461538461 0.016826923076923076 0.03365384615384615
2 0.11899038461538461 0.8449519230769231 0.021634615384615384 0.028846153846153848
2 0.14302884615384615 0.8834134615384616 0.016826923076923076 0.03365384615384615
2 0.2403846153846154 0.8966346153846154 0.019230769230769232 0.036057692307692304
2 0.17427884615384615 0.7632211538461539 0.019230769230769232 0.05048076923076923
2 0.8305288461538461 0.8088942307692307 0.021634615384615384 0.03365384615384615