2 0.5084134615384616 0.006009615384615385 0.01201923076923077 0.007211538461538462
2 0.53125 0.006009615384615385 0.02403846153846154 0.004807692307692308
2 0.5625 0.006009615384615385 0.009615384615384616 0.004807692307692308
2 0.5612980769230769 0.006009615384615385 0.021634615384615384 0.004807692307692308
2 0.5697115384615384 0.006009615384615385 0.028846153846153848 0.004807692307692308
2 0.5889423076923077 0.004807692307692308 0.02403846153846154 0.002403846153846154
2 0.5661057692307693 0.004807692307692308 0.019230769230769232 0.002403846153846154
2 0.546875 0.007211538461538462 0.01201923076923077 0.007211538461538462
2 0.5793269230769231 0.01201923076923077 0.02403846153846154 0.01201923076923077
2 0.5709134615384616 0.02403846153846154 0.026442307692307692 0.007211538461538462
2 0.6021634615384616 0.038461538461538464 0.016826923076923076 0.016826923076923076
2 0.5721153846153846 0.038461538461538464 0.019230769230769232 0.019230769230769232
2 0.5877403846153846 0.06490384615384616 0.016826923076923076 0.016826923076923076
2 0.5492788461538461 0.027644230769230768 0.016826923076923076 0.019230769230769232
2 0.5540865384615384 0.018028846153846152 0.016826923076923076 0.014423076923076924
2 0.5324519230769231 0.013221153846153846 0.016826923076923076 0.019230769230769232
2 0.5288461538461539 0.008413461538461538 0.014423076923076924 0.009615384615384616
2 0.5 0.004807692307692308 0.028846153846153848 0.004807692307692308
2 0.48197115384615385 0.006009615384615385 0.026442307692307692 0.007211538461538462
2 0.4675480769230769 0.004807692307692308 0.026442307692307692 0.004807692307692308
2 0.4675480769230769 0.004807692307692308 0.026442307692307692 0.004807692307692308
2 0.4206730769230769 0.006009615384615385 0.014423076923076924 0.007211538461538462
2 0.42427884615384615 0.006009615384615385 0.01201923076923077 0.007211538461538462
2 0.39783653846153844 0.007211538461538462 0.016826923076923076 0.009615384615384616
2 0.41225961538461536 0.004807692307692308 0.026442307692307692 0.004807692307692308
2 0.44471153846153844 0.004807692307692308 0.028846153846153848 0.004807692307692308
2 0.44711538461538464 0.007211538461538462 0.014423076923076924 0.009615384615384616
2 0.4254807692307692 0.004807692307692308 0.02403846153846154 0.004807692307692308
2 0.4387019230769231 0.007211538461538462 0.016826923076923076 0.009615384615384616
2 0.5012019230769231 0.004807692307692308 0.016826923076923076 0.004807692307692308
2 0.484375 0.003605769230769231 0.021634615384615384 0.002403846153846154
2 0.515625 0.003605769230769231 0.026442307692307692 0.002403846153846154
2 0.5168269230769231 0.007211538461538462 0.014423076923076924 0.007211538461538462
2 0.46634615384615385 0.006009615384615385 0.014423076923076924 0.007211538461538462
2 0.4891826923076923 0.006009615384615385 0.01201923076923077 0.007211538461538462
2 0.44591346153846156 0.006009615384615385 0.01201923076923077 0.007211538461538462
2 0.44711538461538464 0.018028846153846152 0.019230769230769232 0.009615384615384616
2 0.49759615384615385 0.004807692307692308 0.019230769230769232 0.004807692307692308
2 0.5204326923076923 0.025240384615384616 0.016826923076923076 0.014423076923076924
2 0.5 0.02283653846153846 0.019230769230769232 0.01201923076923077
2 0.4807692307692308 0.014423076923076924 0.014423076923076924 0.019230769230769232
2 0.5432692307692307 0.0625 0.02403846153846154 0.01201923076923077
2 0.5408653846153846 0.055288461538461536 0.014423076923076924 0.01201923076923077
2 0.5084134615384616 0.042067307692307696 0.016826923076923076 0.016826923076923076
2 0.4855769230769231 0.03245192307692308 0.028846153846153848 0.009615384615384616
2 0.4423076923076923 0.036057692307692304 0.02403846153846154 0.009615384615384616
2 0.4254807692307692 0.025240384615384616 0.019230769230769232 0.016826923076923076
2 0.3762019230769231 0.028846153846153848 0.021634615384615384 0.009615384615384616
2 0.4230769230769231 0.04807692307692308 0.014423076923076924 0.014423076923076924
2 0.43509615384615385 0.055288461538461536 0.02403846153846154 0.014423076923076924
2 0.5384615384615384 0.07451923076923077 0.014423076923076924 0.016826923076923076
2 0.5084134615384616 0.06009615384615385 0.016826923076923076 0.014423076923076924
2 0.4891826923076923 0.046875 0.016826923076923076 0.007211538461538462
2 0.4675480769230769 0.04807692307692308 0.026442307692307692 0.014423076923076924
2 0.4831730769230769 0.0625 0.014423076923076924 0.014423076923076924
2 0.5 0.0733173076923077 0.019230769230769232 0.019230769230769232
2 0.53125 0.09254807692307693 0.019230769230769232 0.019230769230769232
2 0.5300480769230769 0.10697115384615384 0.016826923076923076 0.014423076923076924
2 0.5264423076923077 0.12620192307692307 0.014423076923076924 0.014423076923076924
2 0.48677884615384615 0.09615384615384616 0.016826923076923076 0.014423076923076924
2 0.48677884615384615 0.11778846153846154 0.02403846153846154 0.009615384615384616
2 0.49038461538461536 0.12740384615384615 0.019230769230769232 0.014423076923076924
2 0.45552884615384615 0.10096153846153846 0.026442307692307692 0.014423076923076924
2 0.4567307692307692 0.08653846153846154 0.028846153846153848 0.009615384615384616
2 0.4362980769230769 0.11298076923076923 0.019230769230769232 0.019230769230769232
2 0.4543269230769231 0.12980769230769232 0.014423076923076924 0.014423076923076924
2 0.42427884615384615 0.13221153846153846 0.016826923076923076 0.009615384615384616
2 0.4014423076923077 0.13221153846153846 0.019230769230769232 0.019230769230769232
2 0.40865384615384615 0.14302884615384615 0.02403846153846154 0.007211538461538462
2 0.3870192307692308 0.1658653846153846 0.014423076923076924 0.014423076923076924
2 0.37740384615384615 0.14182692307692307 0.014423076923076924 0.019230769230769232
2 0.35336538461538464 0.15264423076923078 0.019230769230769232 0.009615384615384616
2 0.3954326923076923 0.11899038461538461 0.016826923076923076 0.016826923076923076
2 0.39903846153846156 0.109375 0.02403846153846154 0.007211538461538462
2 0.42908653846153844 0.09375 0.016826923076923076 0.014423076923076924
2 0.4266826923076923 0.08533653846153846 0.016826923076923076 0.016826923076923076
2 0.42427884615384615 0.0733173076923077 0.021634615384615384 0.021634615384615384
2 0.39663461538461536 0.0625 0.019230769230769232 0.014423076923076924
2 0.3798076923076923 0.05048076923076923 0.028846153846153848 0.009615384615384616
2 0.37740384615384615 0.04447115384615385 0.019230769230769232 0.01201923076923077
2 0.390625 0.025240384615384616 0.016826923076923076 0.009615384615384616
2 0.3762019230769231 0.007211538461538462 0.02403846153846154 0.009615384615384616
2 0.35096153846153844 0.019230769230769232 0.014423076923076924 0.014423076923076924
2 0.3557692307692308 0.027644230769230768 0.019230769230769232 0.016826923076923076
2 0.35336538461538464 0.039663461538461536 0.028846153846153848 0.009615384615384616
2 0.35216346153846156 0.05048076923076923 0.016826923076923076 0.009615384615384616
2 0.328125 0.04807692307692308 0.016826923076923076 0.014423076923076924
2 0.2932692307692308 0.016826923076923076 0.014423076923076924 0.016826923076923076
2 0.3245192307692308 0.009615384615384616 0.019230769230769232 0.014423076923076924
2 0.2668269230769231 0.015625 0.014423076923076924 0.019230769230769232
2 0.296875 0.042067307692307696 0.016826923076923076 0.014423076923076924
2 0.2644230769230769 0.056490384615384616 0.019230769230769232 0.019230769230769232
2 0.23317307692307693 0.11538461538461539 0.02403846153846154 0.01201923076923077
2 0.28125 0.13701923076923078 0.014423076923076924 0.016826923076923076
2 0.24519230769230768 0.13822115384615385 0.02403846153846154 0.009615384615384616
2 0.27163461538461536 0.1346153846153846 0.02403846153846154 0.01201923076923077
2 0.27163461538461536 0.12259615384615384 0.02403846153846154 0.007211538461538462
2 0.2980769230769231 0.11658653846153846 0.028846153846153848 0.009615384615384616
2 0.31850961538461536 0.12740384615384615 0.016826923076923076 0.019230769230769232
2 0.3161057692307692 0.140625 0.021634615384615384 0.007211538461538462
2 0.35697115384615385 0.12980769230769232 0.028846153846153848 0.009615384615384616
2 0.35336538461538464 0.13701923076923078 0.02403846153846154 0.009615384615384616
2 0.36658653846153844 0.11658653846153846 0.016826923076923076 0.016826923076923076
2 0.38341346153846156 0.10096153846153846 0.016826923076923076 0.019230769230769232
2 0.4074519230769231 0.09615384615384616 0.01201923076923077 0.009615384615384616
2 0.38341346153846156 0.07211538461538461 0.014423076923076924 0.014423076923076924
2 0.375 0.09254807692307693 0.02403846153846154 0.01201923076923077
2 0.3389423076923077 0.07572115384615384 0.02403846153846154 0.009615384615384616
2 0.36538461538461536 0.07572115384615384 0.014423076923076924 0.016826923076923076
2 0.33413461538461536 0.09375 0.03365384615384615 0.009615384615384616
2 0.328125 0.11057692307692307 0.016826923076923076 0.019230769230769232
2 0.31850961538461536 0.06610576923076923 0.016826923076923076 0.016826923076923076
2 0.32091346153846156 0.07451923076923077 0.016826923076923076 0.019230769230769232
2 0.30288461538461536 0.08533653846153846 0.014423076923076924 0.014423076923076924
2 0.296875 0.06850961538461539 0.016826923076923076 0.019230769230769232
2 0.2800480769230769 0.09375 0.014423076923076924 0.014423076923076924
2 0.30288461538461536 0.10576923076923077 0.014423076923076924 0.016826923076923076
2 0.27524038461538464 0.10576923076923077 0.019230769230769232 0.016826923076923076
2 0.2668269230769231 0.07211538461538461 0.02403846153846154 0.009615384615384616
2 0.23918269230769232 0.0829326923076923 0.026442307692307692 0.009615384615384616
2 0.2644230769230769 0.09254807692307693 0.014423076923076924 0.014423076923076924
2 0.24639423076923078 0.09134615384615384 0.021634615384615384 0.007211538461538462
2 0.234375 0.09615384615384616 0.016826923076923076 0.014423076923076924
2 0.24759615384615385 0.10216346153846154 0.02403846153846154 0.009615384615384616
2 0.33774038461538464 0.004807692307692308 0.026442307692307692 0.004807692307692308
2 0.3894230769230769 0.006009615384615385 0.009615384615384616 0.007211538461538462
2 0.36778846153846156 0.007211538461538462 0.014423076923076924 0.009615384615384616
2 0.3786057692307692 0.007211538461538462 0.016826923076923076 0.009615384615384616
2 0.1935096153846154 0.1778846153846154 0.019230769230769232 0.01201923076923077
2 0.20072115384615385 0.19110576923076922 0.016826923076923076 0.014423076923076924
2 0.17908653846153846 0.18990384615384615 0.01201923076923077 0.01201923076923077
2 0.16826923076923078 0.17908653846153846 0.019230769230769232 0.014423076923076924
2 0.19591346153846154 0.20072115384615385 0.016826923076923076 0.014423076923076924
2 0.20552884615384615 0.21754807692307693 0.016826923076923076 0.009615384615384616
2 0.17908653846153846 0.19951923076923078 0.016826923076923076 0.007211538461538462
2 0.17067307692307693 0.21033653846153846 0.02403846153846154 0.004807692307692308
2 0.16466346153846154 0.21634615384615385 0.019230769230769232 0.009615384615384616
2 0.16826923076923078 0.22956730769230768 0.014423076923076924 0.014423076923076924
2 0.17307692307692307 0.24519230769230768 0.019230769230769232 0.016826923076923076
2 0.14543269230769232 0.23798076923076922 0.014423076923076924 0.01201923076923077
2 0.1466346153846154 0.2283653846153846 0.014423076923076924 0.016826923076923076
2 0.13581730769230768 0.20673076923076922 0.016826923076923076 0.016826923076923076
2 0.15264423076923078 0.19471153846153846 0.026442307692307692 0.007211538461538462
2 0.10096153846153846 0.18990384615384615 0.02403846153846154 0.009615384615384616
2 0.11658653846153846 0.20192307692307693 0.021634615384615384 0.007211538461538462
2 0.078125 0.18870192307692307 0.02403846153846154 0.01201923076923077
2 0.11658653846153846 0.22115384615384615 0.021634615384615384 0.021634615384615384
2 0.08774038461538461 0.20552884615384615 0.02403846153846154 0.009615384615384616
2 0.0673076923076923 0.21514423076923078 0.02403846153846154 0.01201923076923077
2 0.10216346153846154 0.22355769230769232 0.01201923076923077 0.014423076923076924
2 0.12139423076923077 0.23076923076923078 0.021634615384615384 0.007211538461538462
2 0.11538461538461539 0.23918269230769232 0.019230769230769232 0.004807692307692308
2 0.08413461538461539 0.234375 0.02403846153846154 0.009615384615384616
2 0.1346153846153846 0.25600961538461536 0.02403846153846154 0.009615384615384616
2 0.078125 0.2512019230769231 0.016826923076923076 0.016826923076923076
2 0.07091346153846154 0.2620192307692308 0.026442307692307692 0.009615384615384616
2 0.109375 0.28125 0.026442307692307692 0.009615384615384616
2 0.10697115384615384 0.3016826923076923 0.016826923076923076 0.014423076923076924
2 0.08533653846153846 0.2920673076923077 0.021634615384615384 0.01201923076923077
2 0.0829326923076923 0.3016826923076923 0.026442307692307692 0.007211538461538462
2 0.10336538461538461 0.31971153846153844 0.019230769230769232 0.016826923076923076
2 0.07692307692307693 0.31971153846153844 0.019230769230769232 0.009615384615384616
2 0.040865384615384616 0.3233173076923077 0.014423076923076924 0.016826923076923076
2 0.019230769230769232 0.3293269230769231 0.02403846153846154 0.009615384615384616
2 0.025240384615384616 0.3473557692307692 0.014423076923076924 0.016826923076923076
2 0.019230769230769232 0.2848557692307692 0.028846153846153848 0.01201923076923077
2 0.06370192307692307 0.28725961538461536 0.016826923076923076 0.016826923076923076
2 0.03125 0.2692307692307692 0.014423076923076924 0.019230769230769232
2 0.046875 0.25600961538461536 0.021634615384615384 0.021634615384615384
2 0.04927884615384615 0.23197115384615385 0.021634615384615384 0.01201923076923077
2 0.042067307692307696 0.22115384615384615 0.021634615384615384 0.009615384615384616
2 0.03125 0.21033653846153846 0.02403846153846154 0.01201923076923077
2 0.026442307692307692 0.18870192307692307 0.02403846153846154 0.01201923076923077
2 0.02403846153846154 0.20432692307692307 0.009615384615384616 0.009615384615384616
2 0.016826923076923076 0.22115384615384615 0.019230769230769232 0.009615384615384616
2 0.02283653846153846 0.23197115384615385 0.019230769230769232 0.016826923076923076
2 0.019230769230769232 0.2439903846153846 0.014423076923076924 0.014423076923076924
2 0.009615384615384616 0.234375 0.014423076923076924 0.01201923076923077
2 0.007211538461538462 0.25841346153846156 0.009615384615384616 0.01201923076923077
2 0.004807692307692308 0.26802884615384615 0.009615384615384616 0.007211538461538462
2 0.007211538461538462 0.2848557692307692 0.014423076923076924 0.007211538461538462
2 0.003605769230769231 0.3016826923076923 0.007211538461538462 0.004807692307692308
2 0.037259615384615384 0.30528846153846156 0.01201923076923077 0.014423076923076924
2 0.015625 0.3137019230769231 0.014423076923076924 0.007211538461538462
2 0.036057692307692304 0.31490384615384615 0.02403846153846154 0.004807692307692308
2 0.006009615384615385 0.31850961538461536 0.01201923076923077 0.01201923076923077
2 0.008413461538461538 0.34134615384615385 0.01201923076923077 0.014423076923076924
2 0.004807692307692308 0.002403846153846154 0.009615384615384616 0.004807692307692308
2 0.016826923076923076 0.003605769230769231 0.02403846153846154 0.007211538461538462
2 0.01201923076923077 0.002403846153846154 0.019230769230769232 0.004807692307692308
2 0.028846153846153848 0.002403846153846154 0.02403846153846154 0.004807692307692308
2 0.17908653846153846 0.002403846153846154 0.016826923076923076 0.002403846153846154
2 0.15504807692307693 0.002403846153846154 0.016826923076923076 0.002403846153846154
2 0.13822115384615385 0.004807692307692308 0.01201923076923077 0.007211538461538462
2 0.13341346153846154 0.003605769230769231 0.02403846153846154 0.004807692307692308
2 0.078125 0.004807692307692308 0.016826923076923076 0.009615384615384616
2 0.07932692307692307 0.002403846153846154 0.02403846153846154 0.004807692307692308
2 0.026442307692307692 0.003605769230769231 0.014423076923076924 0.007211538461538462
2 0.109375 0.002403846153846154 0.026442307692307692 0.002403846153846154
2 0.004807692307692308 0.002403846153846154 0.009615384615384616 0.004807692307692308