2 0.008413461538461538 0.8004807692307693 0.016826923076923076 0.026442307692307692
2 0.018028846153846152 0.7439903846153846 0.016826923076923076 0.028846153846153848
2 0.03485576923076923 0.7439903846153846 0.019230769230769232 0.028846153846153848
2 0.054086538461538464 0.734375 0.019230769230769232 0.028846153846153848
2 0.019230769230769232 0.8401442307692307 0.016826923076923076 0.026442307692307692
2 0.007211538461538462 0.8473557692307693 0.014423076923076924 0.026442307692307692
2 0.015625 0.8918269230769231 0.016826923076923076 0.028846153846153848
2 0.03125 0.8834134615384616 0.016826923076923076 0.03125
2 0.04326923076923077 0.859375 0.019230769230769232 0.026442307692307692
2 0.037259615384615384 0.8125 0.016826923076923076 0.026442307692307692
2 0.026442307692307692 0.7932692307692307 0.016826923076923076 0.028846153846153848
2 0.054086538461538464 0.8245192307692307 0.016826923076923076 0.028846153846153848
2 0.06610576923076923 0.7692307692307693 0.019230769230769232 0.03125
2 0.04447115384615385 0.7572115384615384 0.019230769230769232 0.028846153846153848
2 0.06009615384615385 0.8497596153846154 0.019230769230769232 0.026442307692307692
2 0.036057692307692304 0.9134615384615384 0.016826923076923076 0.03125
2 0.08533653846153846 0.8413461538461539 0.021634615384615384 0.02403846153846154
2 0.07091346153846154 0.8149038461538461 0.021634615384615384 0.028846153846153848
2 0.09254807692307693 0.7860576923076923 0.019230769230769232 0.028846153846153848
2 0.0829326923076923 0.7367788461538461 0.016826923076923076 0.028846153846153848
2 0.09014423076923077 0.7055288461538461 0.021634615384615384 0.03125
2 0.0733173076923077 0.6995192307692307 0.02403846153846154 0.036057692307692304
2 0.09975961538461539 0.7536057692307693 0.016826923076923076 0.028846153846153848
2 0.10096153846153846 0.7247596153846154 0.019230769230769232 0.03125
2 0.11057692307692307 0.7836538461538461 0.016826923076923076 0.02403846153846154
2 0.11899038461538461 0.7572115384615384 0.014423076923076924 0.02403846153846154
2 0.11778846153846154 0.7295673076923077 0.016826923076923076 0.03125
2 0.10576923076923077 0.6346153846153846 0.021634615384615384 0.028846153846153848
2 0.13701923076923078 0.6802884615384616 0.019230769230769232 0.03365384615384615
2 0.12620192307692307 0.6995192307692307 0.021634615384615384 0.02403846153846154
2 0.140625 0.7403846153846154 0.021634615384615384 0.036057692307692304
2 0.15985576923076922 0.6887019230769231 0.019230769230769232 0.028846153846153848
2 0.14182692307692307 0.7956730769230769 0.019230769230769232 0.028846153846153848
2 0.1201923076923077 0.8173076923076923 0.019230769230769232 0.03125
2 0.10336538461538461 0.828125 0.019230769230769232 0.03125
2 0.09014423076923077 0.8677884615384616 0.019230769230769232 0.021634615384615384
2 0.1045673076923077 0.8798076923076923 0.016826923076923076 0.028846153846153848
2 0.13581730769230768 0.8473557692307693 0.016826923076923076 0.028846153846153848
2 0.14302884615384615 0.8774038461538461 0.016826923076923076 0.028846153846153848
2 0.06490384615384616 0.9110576923076923 0.021634615384615384 0.026442307692307692
2 0.1778846153846154 0.7824519230769231 0.016826923076923076 0.028846153846153848
2 0.20072115384615385 0.8028846153846154 0.016826923076923076 0.028846153846153848
2 0.1935096153846154 0.8353365384615384 0.019230769230769232 0.028846153846153848
2 0.16466346153846154 0.8377403846153846 0.021634615384615384 0.026442307692307692
2 0.15745192307692307 0.7896634615384616 0.019230769230769232 0.03125
2 0.23677884615384615 0.8004807692307693 0.016826923076923076 0.03125
2 0.22596153846153846 0.7776442307692307 0.016826923076923076 0.028846153846153848
2 0.22355769230769232 0.828125 0.019230769230769232 0.028846153846153848
2 0.140625 0.5997596153846154 0.019230769230769232 0.03365384615384615
2 0.17427884615384615 0.6129807692307693 0.021634615384615384 0.03125
2 0.17548076923076922 0.5757211538461539 0.019230769230769232 0.03365384615384615
2 0.15865384615384615 0.5997596153846154 0.016826923076923076 0.03365384615384615
2 0.19831730769230768 0.5673076923076923 0.019230769230769232 0.038461538461538464
2 0.22115384615384615 0.6021634615384616 0.019230769230769232 0.03365384615384615
2 0.23557692307692307 0.5769230769230769 0.019230769230769232 0.028846153846153848
2 0.24639423076923078 0.6153846153846154 0.019230769230769232 0.028846153846153848
2 0.2608173076923077 0.6033653846153846 0.016826923076923076 0.026442307692307692
2 0.25841346153846156 0.5637019230769231 0.016826923076923076 0.028846153846153848
2 0.28846153846153844 0.5757211538461539 0.016826923076923076 0.02403846153846154
2 0.27884615384615385 0.5913461538461539 0.014423076923076924 0.026442307692307692
2 0.3004807692307692 0.6033653846153846 0.016826923076923076 0.026442307692307692
2 0.3233173076923077 0.6141826923076923 0.019230769230769232 0.02403846153846154
2 0.33413461538461536 0.5901442307692307 0.016826923076923076 0.02403846153846154
2 0.35216346153846156 0.6322115384615384 0.01201923076923077 0.021634615384615384
2 0.3389423076923077 0.6466346153846154 0.019230769230769232 0.02403846153846154
2 0.3485576923076923 0.6778846153846154 0.016826923076923076 0.026442307692307692
2 0.3088942307692308 0.6706730769230769 0.016826923076923076 0.026442307692307692
2 0.32211538461538464 0.6538461538461539 0.016826923076923076 0.028846153846153848
2 0.27163461538461536 0.6634615384615384 0.016826923076923076 0.026442307692307692
2 0.2620192307692308 0.6286057692307693 0.016826923076923076 0.026442307692307692
2 0.27283653846153844 0.609375 0.014423076923076924 0.02403846153846154
2 0.28125 0.6334134615384616 0.014423076923076924 0.028846153846153848
2 0.21754807692307693 0.6334134615384616 0.021634615384615384 0.021634615384615384
2 0.203125 0.6526442307692307 0.021634615384615384 0.028846153846153848
2 0.18990384615384615 0.6947115384615384 0.016826923076923076 0.026442307692307692
2 0.21394230769230768 0.6887019230769231 0.019230769230769232 0.03365384615384615
2 0.24879807692307693 0.7151442307692307 0.016826923076923076 0.03125
2 0.23197115384615385 0.7055288461538461 0.016826923076923076 0.02403846153846154
2 0.22716346153846154 0.7439903846153846 0.019230769230769232 0.03125
2 0.19951923076923078 0.7211538461538461 0.019230769230769232 0.026442307692307692
2 0.19831730769230768 0.7475961538461539 0.019230769230769232 0.028846153846153848
2 0.2127403846153846 0.7572115384615384 0.014423076923076924 0.028846153846153848
2 0.12139423076923077 0.8689903846153846 0.019230769230769232 0.03125
2 0.26802884615384615 0.7283653846153846 0.019230769230769232 0.03365384615384615
2 0.2920673076923077 0.7139423076923077 0.019230769230769232 0.03125
2 0.28725961538461536 0.7487980769230769 0.019230769230769232 0.028846153846153848
2 0.24278846153846154 0.6694711538461539 0.016826923076923076 0.02403846153846154
2 0.25600961538461536 0.6502403846153846 0.016826923076923076 0.02403846153846154
2 0.14543269230769232 0.6466346153846154 0.019230769230769232 0.028846153846153848
2 0.18509615384615385 0.7355769230769231 0.021634615384615384 0.026442307692307692
2 0.31850961538461536 0.7151442307692307 0.019230769230769232 0.026442307692307692
2 0.33533653846153844 0.6826923076923077 0.021634615384615384 0.028846153846153848
2 0.30288461538461536 0.4026442307692308 0.01201923076923077 0.021634615384615384
2 0.33052884615384615 0.38341346153846156 0.01201923076923077 0.028846153846153848
2 0.34134615384615385 0.359375 0.014423076923076924 0.026442307692307692
2 0.3581730769230769 0.484375 0.014423076923076924 0.021634615384615384
2 0.36177884615384615 0.5925480769230769 0.016826923076923076 0.019230769230769232
2 0.33653846153846156 0.47475961538461536 0.016826923076923076 0.021634615384615384
2 0.3425480769230769 0.44591346153846156 0.01201923076923077 0.021634615384615384
2 0.3269230769230769 0.41586538461538464 0.016826923076923076 0.02403846153846154
2 0.3125 0.41466346153846156 0.014423076923076924 0.021634615384615384
2 0.3125 0.39302884615384615 0.014423076923076924 0.019230769230769232
2 0.34975961538461536 0.38822115384615385 0.014423076923076924 0.026442307692307692
2 0.33774038461538464 0.5372596153846154 0.014423076923076924 0.021634615384615384
2 0.421875 0.5252403846153846 0.016826923076923076 0.02403846153846154
2 0.4495192307692308 0.5420673076923077 0.016826923076923076 0.02403846153846154
2 0.43990384615384615 0.5829326923076923 0.016826923076923076 0.028846153846153848
2 0.42788461538461536 0.5949519230769231 0.019230769230769232 0.028846153846153848
2 0.46875 0.5661057692307693 0.019230769230769232 0.02403846153846154
2 0.4651442307692308 0.5084134615384616 0.016826923076923076 0.026442307692307692
2 0.4795673076923077 0.5204326923076923 0.016826923076923076 0.028846153846153848
2 0.49158653846153844 0.5024038461538461 0.014423076923076924 0.026442307692307692
2 0.5120192307692307 0.5336538461538461 0.014423076923076924 0.02403846153846154
2 0.49399038461538464 0.5252403846153846 0.021634615384615384 0.028846153846153848
2 0.5036057692307693 0.5985576923076923 0.019230769230769232 0.028846153846153848
2 0.47716346153846156 0.6069711538461539 0.016826923076923076 0.021634615384615384
2 0.515625 0.5805288461538461 0.016826923076923076 0.026442307692307692
2 0.5216346153846154 0.6201923076923077 0.016826923076923076 0.02403846153846154
2 0.5360576923076923 0.65625 0.014423076923076924 0.026442307692307692
2 0.5504807692307693 0.6298076923076923 0.014423076923076924 0.028846153846153848
2 0.4963942307692308 0.4699519230769231 0.016826923076923076 0.026442307692307692
2 0.5012019230769231 0.4411057692307692 0.016826923076923076 0.026442307692307692
2 0.5132211538461539 0.4254807692307692 0.016826923076923076 0.02403846153846154
2 0.5192307692307693 0.38822115384615385 0.016826923076923076 0.03125
2 0.5384615384615384 0.39663461538461536 0.016826923076923076 0.026442307692307692
2 0.5492788461538461 0.38100961538461536 0.014423076923076924 0.02403846153846154
2 0.5697115384615384 0.39903846153846156 0.01201923076923077 0.021634615384615384
2 0.5649038461538461 0.3701923076923077 0.016826923076923076 0.021634615384615384
2 0.5733173076923077 0.328125 0.014423076923076924 0.028846153846153848
2 0.5889423076923077 0.36899038461538464 0.019230769230769232 0.02403846153846154
2 0.5997596153846154 0.3389423076923077 0.016826923076923076 0.019230769230769232
2 0.6165865384615384 0.33533653846153844 0.016826923076923076 0.021634615384615384
2 0.640625 0.3293269230769231 0.016826923076923076 0.019230769230769232
2 0.625 0.3473557692307692 0.016826923076923076 0.02403846153846154
2 0.6262019230769231 0.3701923076923077 0.016826923076923076 0.021634615384615384
2 0.6418269230769231 0.3798076923076923 0.016826923076923076 0.021634615384615384
2 0.6598557692307693 0.3858173076923077 0.01201923076923077 0.019230769230769232
2 0.6778846153846154 0.38822115384615385 0.016826923076923076 0.021634615384615384
2 0.6442307692307693 0.421875 0.014423076923076924 0.021634615384615384
2 0.5997596153846154 0.41466346153846156 0.019230769230769232 0.02403846153846154
2 0.5444711538461539 0.46634615384615385 0.016826923076923076 0.02403846153846154
2 0.5324519230769231 0.47836538461538464 0.016826923076923076 0.021634615384615384
2 0.5132211538461539 0.4951923076923077 0.01201923076923077 0.026442307692307692
2 0.5336538461538461 0.5012019230769231 0.01201923076923077 0.021634615384615384
2 0.5444711538461539 0.5228365384615384 0.014423076923076924 0.02403846153846154
2 0.578125 0.5516826923076923 0.01201923076923077 0.02403846153846154
2 0.5997596153846154 0.6105769230769231 0.014423076923076924 0.021634615384615384
2 0.6790865384615384 0.5661057692307693 0.019230769230769232 0.02403846153846154
2 0.5564903846153846 0.4423076923076923 0.01201923076923077 0.019230769230769232
2 0.5697115384615384 0.46634615384615385 0.01201923076923077 0.019230769230769232
2 0.5661057692307693 0.45552884615384615 0.01201923076923077 0.019230769230769232
2 0.5600961538461539 0.4807692307692308 0.01201923076923077 0.019230769230769232
2 0.5913461538461539 0.5456730769230769 0.014423076923076924 0.021634615384615384
2 0.5829326923076923 0.4050480769230769 0.01201923076923077 0.021634615384615384
2 0.6165865384615384 0.4807692307692308 0.01201923076923077 0.019230769230769232
2 0.625 0.4879807692307692 0.009615384615384616 0.019230769230769232
2 0.6394230769230769 0.5420673076923077 0.01201923076923077 0.016826923076923076
2 0.6466346153846154 0.5612980769230769 0.01201923076923077 0.019230769230769232
2 0.6598557692307693 0.5576923076923077 0.01201923076923077 0.019230769230769232
2 0.6622596153846154 0.5384615384615384 0.01201923076923077 0.019230769230769232
2 0.6730769230769231 0.5228365384615384 0.01201923076923077 0.021634615384615384
2 0.6346153846153846 0.49158653846153844 0.009615384615384616 0.021634615384615384
2 0.5480769230769231 0.5733173076923077 0.01201923076923077 0.021634615384615384
2 0.5492788461538461 0.5528846153846154 0.01201923076923077 0.019230769230769232
2 0.5216346153846154 0.5180288461538461 0.01201923076923077 0.019230769230769232
2 0.5637019230769231 0.6033653846153846 0.01201923076923077 0.019230769230769232
2 0.5504807692307693 0.59375 0.01201923076923077 0.019230769230769232
2 0.6177884615384616 0.5564903846153846 0.01201923076923077 0.021634615384615384
2 0.6057692307692307 0.45913461538461536 0.01201923076923077 0.019230769230769232
2 0.5949519230769231 0.4639423076923077 0.01201923076923077 0.021634615384615384
2 0.6875 0.4963942307692308 0.01201923076923077 0.019230769230769232
2 0.6838942307692307 0.4423076923076923 0.01201923076923077 0.019230769230769232
2 0.5612980769230769 0.421875 0.01201923076923077 0.021634615384615384
2 0.5805288461538461 0.45072115384615385 0.01201923076923077 0.019230769230769232
2 0.5709134615384616 0.49399038461538464 0.01201923076923077 0.021634615384615384
2 0.6478365384615384 0.5300480769230769 0.01201923076923077 0.019230769230769232
2 0.6598557692307693 0.49278846153846156 0.01201923076923077 0.016826923076923076
2 0.6514423076923077 0.5024038461538461 0.009615384615384616 0.019230769230769232
2 0.6814903846153846 0.5132211538461539 0.009615384615384616 0.016826923076923076
2 0.6899038461538461 0.47836538461538464 0.014423076923076924 0.021634615384615384
2 0.6153846153846154 0.3894230769230769 0.01201923076923077 0.019230769230769232
2 0.6454326923076923 0.5 0.01201923076923077 0.02403846153846154