2 0.019230769230769232 0.46033653846153844 0.038461538461538464 0.057692307692307696
2 0.051682692307692304 0.38461538461538464 0.0673076923076923 0.0673076923076923
2 0.12379807692307693 0.3389423076923077 0.06490384615384616 0.0889423076923077
2 0.1141826923076923 0.453125 0.07451923076923077 0.07451923076923077
2 0.0985576923076923 0.6370192307692307 0.06490384615384616 0.0673076923076923
2 0.042067307692307696 0.5985576923076923 0.06490384615384616 0.06490384615384616
2 0.078125 0.5096153846153846 0.06009615384615385 0.057692307692307696
2 0.008413461538461538 0.6766826923076923 0.016826923076923076 0.040865384615384616
2 0.018028846153846152 0.7079326923076923 0.036057692307692304 0.055288461538461536
2 0.04927884615384615 0.7584134615384616 0.06490384615384616 0.06971153846153846
2 0.10216346153846154 0.7043269230769231 0.06490384615384616 0.0673076923076923
2 0.006009615384615385 0.8076923076923077 0.01201923076923077 0.0673076923076923
2 0.013221153846153846 0.7415865384615384 0.026442307692307692 0.05048076923076923
2 0.09134615384615384 0.859375 0.055288461538461536 0.055288461538461536
2 0.17668269230769232 0.6730769230769231 0.06490384615384616 0.06490384615384616
2 0.026442307692307692 0.8016826923076923 0.052884615384615384 0.052884615384615384
2 0.002403846153846154 0.9026442307692307 0.004807692307692308 0.07451923076923077
2 0.020432692307692308 0.8894230769230769 0.038461538461538464 0.06971153846153846
2 0.05048076923076923 0.8834134615384616 0.04326923076923077 0.06490384615384616
2 0.003605769230769231 0.9615384615384616 0.007211538461538462 0.057692307692307696
2 0.09375 0.9555288461538461 0.055288461538461536 0.07451923076923077
2 0.13341346153846154 0.8545673076923077 0.0673076923076923 0.0625
2 0.1814903846153846 0.328125 0.07211538461538461 0.07451923076923077
2 0.25240384615384615 0.4375 0.07692307692307693 0.07451923076923077
2 0.2932692307692308 0.36778846153846156 0.0673076923076923 0.06490384615384616
2 0.2512019230769231 0.53125 0.0673076923076923 0.0673076923076923
2 0.33533653846153844 0.4963942307692308 0.06490384615384616 0.06490384615384616
2 0.3798076923076923 0.35697115384615385 0.0673076923076923 0.06490384615384616
2 0.25600961538461536 0.6742788461538461 0.04807692307692308 0.07211538461538461
2 0.2247596153846154 0.7367788461538461 0.055288461538461536 0.06971153846153846
2 0.17908653846153846 0.8413461538461539 0.04567307692307692 0.07451923076923077
2 0.22716346153846154 0.7956730769230769 0.04567307692307692 0.08173076923076923
2 0.15504807692307693 0.9567307692307693 0.06009615384615385 0.06009615384615385
2 0.21875 0.8713942307692307 0.06490384615384616 0.06490384615384616
2 0.24639423076923078 0.9050480769230769 0.06490384615384616 0.06490384615384616
2 0.2980769230769231 0.7980769230769231 0.0625 0.06490384615384616
2 0.38100961538461536 0.703125 0.06490384615384616 0.06490384615384616
2 0.3125 0.6177884615384616 0.055288461538461536 0.052884615384615384
2 0.32091346153846156 0.5540865384615384 0.052884615384615384 0.07211538461538461
2 0.37740384615384615 0.4699519230769231 0.0673076923076923 0.06490384615384616
2 0.3870192307692308 0.5288461538461539 0.06490384615384616 0.0673076923076923
2 0.41947115384615385 0.6213942307692307 0.055288461538461536 0.07692307692307693
2 0.46634615384615385 0.390625 0.0673076923076923 0.06490384615384616
2 0.49759615384615385 0.4963942307692308 0.06009615384615385 0.08173076923076923
2 0.515625 0.6742788461538461 0.040865384615384616 0.0673076923076923
2 0.4639423076923077 0.7740384615384616 0.0625 0.0625
2 0.5685096153846154 0.5192307692307693 0.057692307692307696 0.06009615384615385
2 0.5600961538461539 0.6177884615384616 0.06490384615384616 0.06490384615384616
2 0.6310096153846154 0.7139423076923077 0.05048076923076923 0.0673076923076923
2 0.3173076923076923 0.6983173076923077 0.052884615384615384 0.0673076923076923
2 0.22115384615384615 0.9627403846153846 0.04807692307692308 0.06490384615384616
2 0.34134615384615385 0.9170673076923077 0.055288461538461536 0.07451923076923077
2 0.30288461538461536 0.8737980769230769 0.05048076923076923 0.08173076923076923
2 0.296875 0.9639423076923077 0.04567307692307692 0.06490384615384616
2 0.43509615384615385 0.4879807692307692 0.040865384615384616 0.07451923076923077
2 0.625 0.5168269230769231 0.06490384615384616 0.0673076923076923
2 0.6105769230769231 0.6153846153846154 0.04807692307692308 0.08653846153846154
2 0.6598557692307693 0.5805288461538461 0.036057692307692304 0.06009615384615385
2 0.6105769230769231 0.45072115384615385 0.052884615384615384 0.08413461538461539
2 0.45913461538461536 0.8389423076923077 0.06009615384615385 0.0625
2 0.41586538461538464 0.8557692307692307 0.055288461538461536 0.07932692307692307
2 0.5540865384615384 0.7632211538461539 0.0625 0.0625
2 0.40024038461538464 0.7932692307692307 0.06490384615384616 0.06971153846153846
2 0.49158653846153844 0.5612980769230769 0.04807692307692308 0.07692307692307693
2 0.015625 0.5540865384615384 0.03125 0.05048076923076923
2 0.27524038461538464 0.7115384615384616 0.03125 0.05048076923076923
2 0.004807692307692308 0.8461538461538461 0.009615384615384616 0.04807692307692308
2 0.025240384615384616 0.984375 0.040865384615384616 0.014423076923076924
2 0.06370192307692307 0.9819711538461539 0.04326923076923077 0.021634615384615384
2 0.02403846153846154 0.6442307692307693 0.04807692307692308 0.052884615384615384
2 0.6514423076923077 0.7439903846153846 0.04326923076923077 0.04567307692307692
2 0.1875 0.7908653846153846 0.038461538461538464 0.038461538461538464
2 0.3449519230769231 0.8137019230769231 0.04326923076923077 0.04567307692307692
2 0.4206730769230769 0.35336538461538464 0.04326923076923077 0.06490384615384616
2 0.453125 0.5456730769230769 0.040865384615384616 0.055288461538461536
2 0.625 0.01201923076923077 0.021634615384615384 0.019230769230769232
2 0.6442307692307693 0.01201923076923077 0.021634615384615384 0.019230769230769232
2 0.6682692307692307 0.01201923076923077 0.021634615384615384 0.019230769230769232
2 0.6959134615384616 0.014423076923076924 0.02403846153846154 0.021634615384615384
2 0.7271634615384616 0.013221153846153846 0.02403846153846154 0.019230769230769232
2 0.6478365384615384 0.013221153846153846 0.028846153846153848 0.021634615384615384
2 0.6826923076923077 0.014423076923076924 0.026442307692307692 0.021634615384615384
2 0.7091346153846154 0.014423076923076924 0.03125 0.021634615384615384
2 0.7403846153846154 0.015625 0.026442307692307692 0.02403846153846154
2 0.7139423076923077 0.04567307692307692 0.036057692307692304 0.036057692307692304
2 0.7415865384615384 0.14543269230769232 0.036057692307692304 0.03365384615384615
2 0.7848557692307693 0.140625 0.03365384615384615 0.03365384615384615
2 0.7475961538461539 0.0673076923076923 0.028846153846153848 0.04807692307692308
2 0.6947115384615384 0.109375 0.03125 0.03365384615384615
2 0.6706730769230769 0.203125 0.036057692307692304 0.036057692307692304
2 0.7307692307692307 0.19951923076923078 0.040865384615384616 0.040865384615384616
2 0.8028846153846154 0.2247596153846154 0.03365384615384615 0.03365384615384615
2 0.7584134615384616 0.015625 0.02403846153846154 0.021634615384615384
2 0.6742788461538461 0.04927884615384615 0.038461538461538464 0.038461538461538464
2 0.7620192307692307 0.11658653846153846 0.026442307692307692 0.04326923076923077
2 0.6502403846153846 0.09735576923076923 0.03125 0.055288461538461536
2 0.6875 0.2512019230769231 0.036057692307692304 0.038461538461538464
2 0.7355769230769231 0.2776442307692308 0.038461538461538464 0.03365384615384615
2 0.7764423076923077 0.23076923076923078 0.036057692307692304 0.03365384615384615
2 0.7608173076923077 0.2692307692307692 0.03125 0.038461538461538464
2 0.6887019230769231 0.30408653846153844 0.040865384615384616 0.038461538461538464
2 0.7235576923076923 0.3401442307692308 0.03365384615384615 0.03365384615384615
2 0.7295673076923077 0.38341346153846156 0.026442307692307692 0.04326923076923077
2 0.796875 0.3389423076923077 0.03365384615384615 0.03365384615384615
2 0.7932692307692307 0.38341346153846156 0.038461538461538464 0.040865384615384616
2 0.8125 0.2764423076923077 0.02403846153846154 0.036057692307692304
2 0.8233173076923077 0.32091346153846156 0.028846153846153848 0.038461538461538464
2 0.7283653846153846 0.014423076923076924 0.026442307692307692 0.021634615384615384
2 0.7259615384615384 0.013221153846153846 0.026442307692307692 0.019230769230769232
2 0.8846153846153846 0.5252403846153846 0.04326923076923077 0.06971153846153846
2 0.9278846153846154 0.5048076923076923 0.057692307692307696 0.057692307692307696
2 0.9723557692307693 0.49038461538461536 0.05048076923076923 0.07211538461538461
2 0.8978365384615384 0.3245192307692308 0.04326923076923077 0.057692307692307696
2 0.9699519230769231 0.3954326923076923 0.055288461538461536 0.057692307692307696
2 0.9891826923076923 0.3786057692307692 0.016826923076923076 0.06009615384615385
2 0.59375 0.7019230769230769 0.04326923076923077 0.04567307692307692
2 0.1310096153846154 0.7439903846153846 0.05048076923076923 0.04807692307692308