2 0.003605769230769231 0.46875 0.007211538461538462 0.021634615384615384
2 0.04807692307692308 0.4375 0.016826923076923076 0.036057692307692304
2 0.06370192307692307 0.43149038461538464 0.016826923076923076 0.028846153846153848
2 0.036057692307692304 0.49038461538461536 0.016826923076923076 0.03365384615384615
2 0.003605769230769231 0.5480769230769231 0.007211538461538462 0.02403846153846154
2 0.003605769230769231 0.6177884615384616 0.007211538461538462 0.038461538461538464
2 0.010817307692307692 0.6237980769230769 0.009615384615384616 0.016826923076923076
2 0.013221153846153846 0.6430288461538461 0.01201923076923077 0.014423076923076924
2 0.026442307692307692 0.6418269230769231 0.009615384615384616 0.016826923076923076
2 0.02403846153846154 0.6117788461538461 0.014423076923076924 0.02403846153846154
2 0.037259615384615384 0.6117788461538461 0.009615384615384616 0.016826923076923076
2 0.046875 0.5709134615384616 0.014423076923076924 0.028846153846153848
2 0.06009615384615385 0.47716346153846156 0.01201923076923077 0.021634615384615384
2 0.06850961538461539 0.4879807692307692 0.01201923076923077 0.026442307692307692
2 0.07932692307692307 0.47716346153846156 0.01201923076923077 0.028846153846153848
2 0.09375 0.4951923076923077 0.014423076923076924 0.03125
2 0.06490384615384616 0.5216346153846154 0.01201923076923077 0.019230769230769232
2 0.06490384615384616 0.5685096153846154 0.016826923076923076 0.02403846153846154
2 0.06610576923076923 0.5817307692307693 0.014423076923076924 0.02403846153846154
2 0.06370192307692307 0.6322115384615384 0.016826923076923076 0.02403846153846154
2 0.06370192307692307 0.6658653846153846 0.007211538461538462 0.02403846153846154
2 0.056490384615384616 0.6586538461538461 0.014423076923076924 0.028846153846153848
2 0.03245192307692308 0.7175480769230769 0.014423076923076924 0.03125
2 0.018028846153846152 0.6826923076923077 0.014423076923076924 0.03365384615384615
2 0.054086538461538464 0.6971153846153846 0.01201923076923077 0.019230769230769232
2 0.06129807692307692 0.7211538461538461 0.01201923076923077 0.021634615384615384
2 0.06129807692307692 0.7463942307692307 0.01201923076923077 0.02403846153846154
2 0.06850961538461539 0.7704326923076923 0.014423076923076924 0.02403846153846154
2 0.11057692307692307 0.5180288461538461 0.014423076923076924 0.026442307692307692
2 0.09615384615384616 0.5685096153846154 0.014423076923076924 0.03125
2 0.1141826923076923 0.5793269230769231 0.016826923076923076 0.03365384615384615
2 0.12379807692307693 0.5432692307692307 0.016826923076923076 0.03365384615384615
2 0.13942307692307693 0.5456730769230769 0.016826923076923076 0.03365384615384615
2 0.13942307692307693 0.5973557692307693 0.01201923076923077 0.02403846153846154
2 0.10216346153846154 0.6850961538461539 0.016826923076923076 0.03125
2 0.10336538461538461 0.7175480769230769 0.016826923076923076 0.02403846153846154
2 0.07451923076923077 0.7391826923076923 0.01201923076923077 0.028846153846153848
2 0.08653846153846154 0.7463942307692307 0.01201923076923077 0.021634615384615384
2 0.07572115384615384 0.8100961538461539 0.01201923076923077 0.026442307692307692
2 0.1045673076923077 0.8004807692307693 0.014423076923076924 0.028846153846153848
2 0.109375 0.7632211538461539 0.014423076923076924 0.028846153846153848
2 0.12740384615384615 0.7475961538461539 0.014423076923076924 0.03365384615384615
2 0.1201923076923077 0.7067307692307693 0.019230769230769232 0.02403846153846154
2 0.14423076923076922 0.7295673076923077 0.016826923076923076 0.03365384615384615
2 0.14423076923076922 0.6298076923076923 0.014423076923076924 0.019230769230769232
2 0.15504807692307693 0.6201923076923077 0.014423076923076924 0.03125
2 0.16947115384615385 0.625 0.016826923076923076 0.03365384615384615
2 0.15264423076923078 0.7379807692307693 0.01201923076923077 0.02403846153846154
2 0.13221153846153846 0.6983173076923077 0.01201923076923077 0.02403846153846154
2 0.17067307692307693 0.5168269230769231 0.01201923076923077 0.021634615384615384
2 0.21033653846153846 0.5841346153846154 0.019230769230769232 0.038461538461538464
2 0.20793269230769232 0.6237980769230769 0.009615384615384616 0.02403846153846154
2 0.2091346153846154 0.6814903846153846 0.01201923076923077 0.028846153846153848
2 0.18389423076923078 0.6875 0.014423076923076924 0.026442307692307692
2 0.17668269230769232 0.7163461538461539 0.01201923076923077 0.02403846153846154
2 0.17307692307692307 0.7331730769230769 0.016826923076923076 0.026442307692307692
2 0.19110576923076922 0.7391826923076923 0.01201923076923077 0.03125
2 0.21754807692307693 0.7740384615384616 0.014423076923076924 0.021634615384615384
2 0.2091346153846154 0.7524038461538461 0.01201923076923077 0.02403846153846154
2 0.2247596153846154 0.7572115384615384 0.014423076923076924 0.03125
2 0.22716346153846154 0.7391826923076923 0.014423076923076924 0.03125
2 0.2091346153846154 0.7247596153846154 0.009615384615384616 0.021634615384615384
2 0.18269230769230768 0.7043269230769231 0.014423076923076924 0.026442307692307692
2 0.21634615384615385 0.7079326923076923 0.014423076923076924 0.02403846153846154
2 0.23557692307692307 0.6887019230769231 0.016826923076923076 0.03365384615384615
2 0.234375 0.7163461538461539 0.014423076923076924 0.028846153846153848
2 0.2403846153846154 0.7632211538461539 0.014423076923076924 0.026442307692307692
2 0.27524038461538464 0.6947115384615384 0.01201923076923077 0.028846153846153848
2 0.28846153846153844 0.7223557692307693 0.014423076923076924 0.02403846153846154
2 0.30288461538461536 0.7127403846153846 0.01201923076923077 0.019230769230769232
2 0.2980769230769231 0.7211538461538461 0.01201923076923077 0.019230769230769232
2 0.3004807692307692 0.6923076923076923 0.009615384615384616 0.026442307692307692
2 0.2956730769230769 0.6658653846153846 0.014423076923076924 0.02403846153846154
2 0.30528846153846156 0.6141826923076923 0.01201923076923077 0.03365384615384615
2 0.3088942307692308 0.6814903846153846 0.016826923076923076 0.028846153846153848
2 0.3088942307692308 0.7475961538461539 0.014423076923076924 0.019230769230769232
2 0.3125 0.7980769230769231 0.014423076923076924 0.03365384615384615
2 0.3245192307692308 0.7007211538461539 0.016826923076923076 0.026442307692307692
2 0.33413461538461536 0.6478365384615384 0.009615384615384616 0.03365384615384615
2 0.34134615384615385 0.6899038461538461 0.01201923076923077 0.028846153846153848
2 0.3581730769230769 0.6887019230769231 0.009615384615384616 0.026442307692307692
2 0.3425480769230769 0.7043269230769231 0.014423076923076924 0.02403846153846154
2 0.3473557692307692 0.7271634615384616 0.01201923076923077 0.016826923076923076
2 0.3401442307692308 0.7560096153846154 0.014423076923076924 0.019230769230769232
2 0.33774038461538464 0.7788461538461539 0.014423076923076924 0.02403846153846154
2 0.33052884615384615 0.7836538461538461 0.009615384615384616 0.02403846153846154
2 0.34375 0.7908653846153846 0.009615384615384616 0.02403846153846154
2 0.3629807692307692 0.7800480769230769 0.01201923076923077 0.03125
2 0.3629807692307692 0.8185096153846154 0.016826923076923076 0.028846153846153848
2 0.359375 0.7439903846153846 0.021634615384615384 0.02403846153846154
2 0.4387019230769231 0.8533653846153846 0.016826923076923076 0.03125
2 0.4519230769230769 0.8449519230769231 0.019230769230769232 0.02403846153846154
2 0.4375 0.765625 0.016826923076923076 0.02403846153846154
2 0.45072115384615385 0.7524038461538461 0.019230769230769232 0.038461538461538464
2 0.4230769230769231 0.7199519230769231 0.016826923076923076 0.026442307692307692
2 0.41346153846153844 0.6526442307692307 0.014423076923076924 0.021634615384615384
2 0.4254807692307692 0.6370192307692307 0.016826923076923076 0.028846153846153848
2 0.4206730769230769 0.6081730769230769 0.01201923076923077 0.021634615384615384
2 0.44350961538461536 0.7007211538461539 0.01201923076923077 0.026442307692307692
2 0.4519230769230769 0.5829326923076923 0.01201923076923077 0.021634615384615384
2 0.4495192307692308 0.6057692307692307 0.009615384615384616 0.026442307692307692
2 0.46634615384615385 0.59375 0.014423076923076924 0.026442307692307692
2 0.4675480769230769 0.625 0.01201923076923077 0.026442307692307692
2 0.46033653846153844 0.6850961538461539 0.01201923076923077 0.03125
2 0.46153846153846156 0.7451923076923077 0.01201923076923077 0.02403846153846154
2 0.4879807692307692 0.7680288461538461 0.014423076923076924 0.026442307692307692
2 0.49399038461538464 0.7824519230769231 0.014423076923076924 0.02403846153846154
2 0.47596153846153844 0.6490384615384616 0.019230769230769232 0.021634615384615384
2 0.47716346153846156 0.6730769230769231 0.016826923076923076 0.016826923076923076
2 0.47115384615384615 0.6935096153846154 0.014423076923076924 0.021634615384615384
2 0.4891826923076923 0.6983173076923077 0.016826923076923076 0.019230769230769232
2 0.49158653846153844 0.71875 0.014423076923076924 0.016826923076923076
2 0.5048076923076923 0.7403846153846154 0.007211538461538462 0.021634615384615384
2 0.5 0.6959134615384616 0.009615384615384616 0.028846153846153848
2 0.515625 0.6959134615384616 0.014423076923076924 0.026442307692307692
2 0.5024038461538461 0.6634615384615384 0.016826923076923076 0.028846153846153848
2 0.5204326923076923 0.6382211538461539 0.016826923076923076 0.028846153846153848
2 0.5180288461538461 0.5865384615384616 0.019230769230769232 0.03365384615384615
2 0.5396634615384616 0.5949519230769231 0.016826923076923076 0.02403846153846154
2 0.5528846153846154 0.5733173076923077 0.016826923076923076 0.028846153846153848
2 0.5673076923076923 0.5576923076923077 0.014423076923076924 0.028846153846153848
2 0.5384615384615384 0.6346153846153846 0.009615384615384616 0.021634615384615384
2 0.5444711538461539 0.6394230769230769 0.007211538461538462 0.02403846153846154
2 0.5384615384615384 0.6730769230769231 0.01201923076923077 0.026442307692307692
2 0.5336538461538461 0.7175480769230769 0.01201923076923077 0.026442307692307692
2 0.5072115384615384 0.7115384615384616 0.01201923076923077 0.02403846153846154
2 0.5180288461538461 0.7223557692307693 0.01201923076923077 0.021634615384615384
2 0.5204326923076923 0.7536057692307693 0.01201923076923077 0.021634615384615384
2 0.5300480769230769 0.7536057692307693 0.009615384615384616 0.026442307692307692
2 0.5336538461538461 0.7367788461538461 0.01201923076923077 0.021634615384615384
2 0.5252403846153846 0.8076923076923077 0.009615384615384616 0.02403846153846154
2 0.53125 0.84375 0.019230769230769232 0.03125
2 0.5637019230769231 0.7920673076923077 0.01201923076923077 0.026442307692307692
2 0.5396634615384616 0.7740384615384616 0.01201923076923077 0.028846153846153848
2 0.5612980769230769 0.7620192307692307 0.01201923076923077 0.026442307692307692
2 0.5685096153846154 0.7524038461538461 0.01201923076923077 0.02403846153846154
2 0.5805288461538461 0.7680288461538461 0.014423076923076924 0.021634615384615384
2 0.5516826923076923 0.6814903846153846 0.019230769230769232 0.028846153846153848
2 0.5697115384615384 0.6838942307692307 0.01201923076923077 0.028846153846153848
2 0.5817307692307693 0.6826923076923077 0.019230769230769232 0.03125
2 0.5877403846153846 0.7091346153846154 0.016826923076923076 0.03125
2 0.6021634615384616 0.7391826923076923 0.01201923076923077 0.03125
2 0.6117788461538461 0.7103365384615384 0.01201923076923077 0.026442307692307692
2 0.6021634615384616 0.7524038461538461 0.016826923076923076 0.026442307692307692
2 0.5853365384615384 0.8112980769230769 0.01201923076923077 0.028846153846153848
2 0.5745192307692307 0.7920673076923077 0.01201923076923077 0.021634615384615384
2 0.5793269230769231 0.6057692307692307 0.016826923076923076 0.03365384615384615
2 0.6033653846153846 0.5516826923076923 0.01201923076923077 0.03125
2 0.6081730769230769 0.5721153846153846 0.01201923076923077 0.028846153846153848
2 0.6033653846153846 0.6286057692307693 0.016826923076923076 0.03365384615384615
2 0.6189903846153846 0.6478365384615384 0.019230769230769232 0.028846153846153848
2 0.6069711538461539 0.6838942307692307 0.01201923076923077 0.03365384615384615
2 0.6322115384615384 0.6009615384615384 0.019230769230769232 0.038461538461538464
2 0.6586538461538461 0.6081730769230769 0.016826923076923076 0.04326923076923077
2 0.6682692307692307 0.6971153846153846 0.019230769230769232 0.036057692307692304
2 0.6502403846153846 0.6586538461538461 0.021634615384615384 0.03365384615384615
2 0.6310096153846154 0.7211538461538461 0.016826923076923076 0.028846153846153848
2 0.625 0.7403846153846154 0.016826923076923076 0.02403846153846154
2 0.6466346153846154 0.7524038461538461 0.014423076923076924 0.038461538461538464
2 0.6081730769230769 0.8257211538461539 0.016826923076923076 0.028846153846153848
2 0.6225961538461539 0.8413461538461539 0.019230769230769232 0.03125
2 0.6129807692307693 0.8521634615384616 0.014423076923076924 0.03125
2 0.6310096153846154 0.8653846153846154 0.014423076923076924 0.03125
2 0.6526442307692307 0.7896634615384616 0.016826923076923076 0.038461538461538464
2 0.6514423076923077 0.8473557692307693 0.016826923076923076 0.03125
2 0.6574519230769231 0.8617788461538461 0.01201923076923077 0.014423076923076924
2 0.6502403846153846 0.8930288461538461 0.016826923076923076 0.036057692307692304
2 0.6634615384615384 0.8798076923076923 0.019230769230769232 0.03125
2 0.6947115384615384 0.9230769230769231 0.016826923076923076 0.026442307692307692
2 0.6838942307692307 0.8798076923076923 0.016826923076923076 0.026442307692307692
2 0.6646634615384616 0.8052884615384616 0.016826923076923076 0.036057692307692304
2 0.6802884615384616 0.8257211538461539 0.016826923076923076 0.026442307692307692
2 0.6935096153846154 0.8473557692307693 0.01201923076923077 0.02403846153846154
2 0.7079326923076923 0.875 0.014423076923076924 0.028846153846153848
2 0.7211538461538461 0.8882211538461539 0.009615384615384616 0.028846153846153848
2 0.7379807692307693 0.8858173076923077 0.014423076923076924 0.036057692307692304
2 0.7295673076923077 0.8485576923076923 0.016826923076923076 0.026442307692307692
2 0.703125 0.8329326923076923 0.016826923076923076 0.04326923076923077
2 0.6899038461538461 0.7932692307692307 0.019230769230769232 0.03125
2 0.6983173076923077 0.7644230769230769 0.016826923076923076 0.038461538461538464
2 0.6790865384615384 0.7355769230769231 0.01201923076923077 0.028846153846153848
2 0.6959134615384616 0.7271634615384616 0.016826923076923076 0.04326923076923077
2 0.7163461538461539 0.7415865384615384 0.016826923076923076 0.038461538461538464
2 0.6983173076923077 0.6778846153846154 0.016826923076923076 0.03365384615384615
2 0.7163461538461539 0.6742788461538461 0.01201923076923077 0.03365384615384615
2 0.7379807692307693 0.7067307692307693 0.02403846153846154 0.03365384615384615
2 0.7536057692307693 0.6430288461538461 0.019230769230769232 0.03125
2 0.7632211538461539 0.7163461538461539 0.019230769230769232 0.028846153846153848
2 0.7728365384615384 0.6790865384615384 0.019230769230769232 0.036057692307692304
2 0.7728365384615384 0.7632211538461539 0.016826923076923076 0.036057692307692304
2 0.7908653846153846 0.71875 0.019230769230769232 0.03125
2 0.8088942307692307 0.671875 0.021634615384615384 0.03365384615384615
2 0.8197115384615384 0.7211538461538461 0.019230769230769232 0.036057692307692304
2 0.7584134615384616 0.7728365384615384 0.016826923076923076 0.04567307692307692
2 0.7247596153846154 0.7764423076923077 0.021634615384615384 0.02403846153846154
2 0.7596153846153846 0.9014423076923077 0.021634615384615384 0.028846153846153848
2 0.7836538461538461 0.9591346153846154 0.019230769230769232 0.026442307692307692
2 0.7716346153846154 0.8629807692307693 0.016826923076923076 0.03365384615384615
2 0.7524038461538461 0.8293269230769231 0.019230769230769232 0.028846153846153848
2 0.7788461538461539 0.7992788461538461 0.019230769230769232 0.026442307692307692
2 0.7800480769230769 0.8329326923076923 0.01201923076923077 0.021634615384615384
2 0.7944711538461539 0.7872596153846154 0.021634615384615384 0.03365384615384615
2 0.8185096153846154 0.7836538461538461 0.019230769230769232 0.03365384615384615
2 0.8425480769230769 0.7379807692307693 0.016826923076923076 0.040865384615384616
2 0.8389423076923077 0.8028846153846154 0.016826923076923076 0.03365384615384615
2 0.8581730769230769 0.8293269230769231 0.019230769230769232 0.038461538461538464
2 0.8762019230769231 0.7896634615384616 0.02403846153846154 0.036057692307692304
2 0.8774038461538461 0.8858173076923077 0.016826923076923076 0.038461538461538464
2 0.8822115384615384 0.9326923076923077 0.019230769230769232 0.03365384615384615
2 0.8810096153846154 0.9507211538461539 0.021634615384615384 0.026442307692307692
2 0.8557692307692307 0.9471153846153846 0.016826923076923076 0.036057692307692304
2 0.8377403846153846 0.890625 0.021634615384615384 0.028846153846153848
2 0.8257211538461539 0.8677884615384616 0.016826923076923076 0.03125
2 0.8209134615384616 0.8161057692307693 0.019230769230769232 0.028846153846153848
2 0.8401442307692307 0.8521634615384616 0.016826923076923076 0.028846153846153848
2 0.8557692307692307 0.859375 0.01201923076923077 0.026442307692307692
2 0.8581730769230769 0.8966346153846154 0.014423076923076924 0.03365384615384615
2 0.8209134615384616 0.9254807692307693 0.016826923076923076 0.028846153846153848
2 0.8040865384615384 0.8822115384615384 0.01201923076923077 0.03125
2 0.8100961538461539 0.8569711538461539 0.021634615384615384 0.03125
2 0.8004807692307693 0.8329326923076923 0.02403846153846154 0.028846153846153848
2 0.8016826923076923 0.9110576923076923 0.014423076923076924 0.028846153846153848
2 0.796875 0.9350961538461539 0.014423076923076924 0.02403846153846154
2 0.8100961538461539 0.9483173076923077 0.021634615384615384 0.026442307692307692
2 0.84375 0.9399038461538461 0.014423076923076924 0.028846153846153848
2 0.5552884615384616 0.49399038461538464 0.02403846153846154 0.04567307692307692
2 0.7127403846153846 0.546875 0.03125 0.057692307692307696
2 0.5132211538461539 0.5240384615384616 0.03365384615384615 0.040865384615384616
2 0.5060096153846154 0.5540865384615384 0.019230769230769232 0.028846153846153848
2 0.46634615384615385 0.5384615384615384 0.021634615384615384 0.06490384615384616