2 0.21153846153846154 0.6875 0.019230769230769232 0.028846153846153848
2 0.24278846153846154 0.6923076923076923 0.019230769230769232 0.026442307692307692
2 0.14783653846153846 0.6850961538461539 0.014423076923076924 0.026442307692307692
2 0.11538461538461539 0.734375 0.02403846153846154 0.036057692307692304
2 0.12139423076923077 0.6923076923076923 0.016826923076923076 0.028846153846153848
2 0.042067307692307696 0.7584134615384616 0.014423076923076924 0.021634615384615384
2 0.0733173076923077 0.8016826923076923 0.016826923076923076 0.028846153846153848
2 0.09975961538461539 0.8100961538461539 0.02403846153846154 0.026442307692307692
2 0.25721153846153844 0.7259615384615384 0.021634615384615384 0.026442307692307692
2 0.39663461538461536 0.6466346153846154 0.016826923076923076 0.016826923076923076
2 0.47475961538461536 0.5564903846153846 0.019230769230769232 0.02403846153846154
2 0.5564903846153846 0.4495192307692308 0.019230769230769232 0.028846153846153848
2 0.6298076923076923 0.4495192307692308 0.014423076923076924 0.014423076923076924
2 0.5841346153846154 0.45913461538461536 0.02403846153846154 0.021634615384615384
2 0.5096153846153846 0.6009615384615384 0.02403846153846154 0.036057692307692304
2 0.46274038461538464 0.6201923076923077 0.007211538461538462 0.007211538461538462
2 0.5661057692307693 0.47716346153846156 0.007211538461538462 0.002403846153846154