2 0.40865384615384615 0.32211538461538464 0.052884615384615384 0.02403846153846154
2 0.7584134615384616 0.3894230769230769 0.052884615384615384 0.036057692307692304
2 0.6622596153846154 0.2536057692307692 0.0625 0.026442307692307692
2 0.7620192307692307 0.2512019230769231 0.052884615384615384 0.02403846153846154
2 0.3088942307692308 0.36778846153846156 0.04807692307692308 0.021634615384615384
2 0.33653846153846156 0.4098557692307692 0.052884615384615384 0.03125
2 0.44350961538461536 0.5841346153846154 0.07211538461538461 0.019230769230769232
2 0.5072115384615384 0.4026442307692308 0.055288461538461536 0.026442307692307692
2 0.6177884615384616 0.3425480769230769 0.055288461538461536 0.028846153846153848
2 0.8389423076923077 0.27403846153846156 0.04326923076923077 0.03125
2 0.3954326923076923 0.3629807692307692 0.06009615384615385 0.026442307692307692
2 0.4963942307692308 0.3401442307692308 0.06009615384615385 0.028846153846153848
2 0.5204326923076923 0.5012019230769231 0.04326923076923077 0.021634615384615384
2 0.35216346153846156 0.5060096153846154 0.055288461538461536 0.03125
2 0.23798076923076922 0.44350961538461536 0.057692307692307696 0.019230769230769232
2 0.5132211538461539 0.4411057692307692 0.057692307692307696 0.026442307692307692
2 0.6466346153846154 0.4338942307692308 0.04807692307692308 0.026442307692307692
2 0.9591346153846154 0.421875 0.038461538461538464 0.03365384615384615
2 0.16947115384615385 0.6478365384615384 0.052884615384615384 0.026442307692307692
2 0.23677884615384615 0.5588942307692307 0.052884615384615384 0.028846153846153848
2 0.2283653846153846 0.49399038461538464 0.04567307692307692 0.026442307692307692
2 0.41466346153846156 0.4026442307692308 0.05048076923076923 0.026442307692307692
2 0.7211538461538461 0.30288461538461536 0.04567307692307692 0.02403846153846154
2 0.9663461538461539 0.3389423076923077 0.04326923076923077 0.03125
2 0.35216346153846156 0.640625 0.0673076923076923 0.02403846153846154
2 0.4387019230769231 0.7211538461538461 0.04807692307692308 0.02403846153846154
2 0.34134615384615385 0.703125 0.07211538461538461 0.02403846153846154
2 0.20192307692307693 0.5264423076923077 0.06009615384615385 0.014423076923076924
2 0.6742788461538461 0.4735576923076923 0.04567307692307692 0.026442307692307692
2 0.8185096153846154 0.30528846153846156 0.06009615384615385 0.02403846153846154
2 0.8497596153846154 0.3870192307692308 0.04807692307692308 0.02403846153846154
2 0.5612980769230769 0.3701923076923077 0.055288461538461536 0.026442307692307692
2 0.5685096153846154 0.47596153846153844 0.07211538461538461 0.028846153846153848
2 0.8473557692307693 0.5240384615384616 0.03365384615384615 0.014423076923076924
2 0.6394230769230769 0.5492788461538461 0.04326923076923077 0.03125
2 0.6442307692307693 0.5024038461538461 0.04807692307692308 0.014423076923076924
2 0.421875 0.6129807692307693 0.0625 0.02403846153846154
2 0.9471153846153846 0.4855769230769231 0.05048076923076923 0.026442307692307692
2 0.7295673076923077 0.34134615384615385 0.052884615384615384 0.026442307692307692
2 0.7584134615384616 0.49158653846153844 0.07211538461538461 0.028846153846153848
2 0.41586538461538464 0.5396634615384616 0.04326923076923077 0.019230769230769232
2 0.4411057692307692 0.4567307692307692 0.0625 0.028846153846153848
2 0.32211538461538464 0.4675480769230769 0.052884615384615384 0.02403846153846154
2 0.7932692307692307 0.5564903846153846 0.06490384615384616 0.02403846153846154
2 0.8737980769230769 0.5012019230769231 0.057692307692307696 0.026442307692307692
2 0.8545673076923077 0.4326923076923077 0.057692307692307696 0.021634615384615384
2 0.6298076923076923 0.27884615384615385 0.04326923076923077 0.021634615384615384
2 0.5576923076923077 0.3137019230769231 0.05048076923076923 0.021634615384615384
2 0.7391826923076923 0.2764423076923077 0.04326923076923077 0.019230769230769232
2 0.16346153846153846 0.5997596153846154 0.055288461538461536 0.021634615384615384
2 0.15384615384615385 0.5540865384615384 0.040865384615384616 0.03125
2 0.2920673076923077 0.5444711538461539 0.05048076923076923 0.021634615384615384
2 0.7608173076923077 0.42788461538461536 0.0673076923076923 0.02403846153846154
2 0.6538461538461539 0.37740384615384615 0.07211538461538461 0.019230769230769232
2 0.6971153846153846 0.5444711538461539 0.04326923076923077 0.019230769230769232
2 0.36658653846153844 0.6694711538461539 0.07692307692307693 0.03365384615384615
2 0.859375 0.3449519230769231 0.07451923076923077 0.028846153846153848