2 0.22235576923076922 0.04567307692307692 0.28365384615384615 0.09134615384615384
2 0.054086538461538464 0.042067307692307696 0.10817307692307693 0.08413461538461539
2 0.020432692307692308 0.10576923076923077 0.040865384615384616 0.052884615384615384
2 0.16466346153846154 0.12860576923076922 0.15865384615384615 0.06971153846153846
2 0.0625 0.2127403846153846 0.125 0.06971153846153846
2 0.14423076923076922 0.24879807692307693 0.15625 0.06009615384615385
2 0.27524038461538464 0.2620192307692308 0.13701923076923078 0.05048076923076923
2 0.013221153846153846 0.32572115384615385 0.026442307692307692 0.06490384615384616
2 0.0985576923076923 0.3449519230769231 0.10336538461538461 0.05048076923076923
2 0.0673076923076923 0.5144230769230769 0.1346153846153846 0.04807692307692308
2 0.11778846153846154 0.5733173076923077 0.12259615384615384 0.057692307692307696
2 0.4735576923076923 0.0673076923076923 0.18990384615384615 0.07932692307692307
2 0.3112980769230769 0.11778846153846154 0.14903846153846154 0.0625
2 0.30528846153846156 0.16105769230769232 0.15384615384615385 0.05048076923076923
2 0.43509615384615385 0.2608173076923077 0.14182692307692307 0.06009615384615385
2 0.4831730769230769 0.15384615384615385 0.11298076923076923 0.06009615384615385
2 0.5985576923076923 0.10817307692307693 0.13701923076923078 0.07211538461538461
2 0.6706730769230769 0.010817307692307692 0.16826923076923078 0.021634615384615384
2 0.7524038461538461 0.04447115384615385 0.1201923076923077 0.07451923076923077
2 0.9266826923076923 0.025240384615384616 0.12740384615384615 0.05048076923076923
2 0.9591346153846154 0.12139423076923077 0.08173076923076923 0.07692307692307693
2 0.8197115384615384 0.17548076923076922 0.15384615384615385 0.07692307692307693
2 0.8257211538461539 0.24639423076923078 0.13701923076923078 0.05048076923076923
2 0.6838942307692307 0.25240384615384615 0.15384615384615385 0.06009615384615385
2 0.6358173076923077 0.15264423076923078 0.08653846153846154 0.052884615384615384
2 0.5516826923076923 0.30649038461538464 0.13701923076923078 0.057692307692307696
2 0.39903846153846156 0.39663461538461536 0.15865384615384615 0.0625
2 0.3233173076923077 0.46033653846153844 0.12259615384615384 0.07211538461538461
2 0.6189903846153846 0.3870192307692308 0.14182692307692307 0.04807692307692308
2 0.8846153846153846 0.36658653846153844 0.07692307692307693 0.04807692307692308
2 0.9711538461538461 0.33052884615384615 0.055288461538461536 0.04567307692307692
2 0.7247596153846154 0.2920673076923077 0.09615384615384616 0.03365384615384615
2 0.7415865384615384 0.3317307692307692 0.12259615384615384 0.036057692307692304
2 0.7367788461538461 0.37259615384615385 0.07451923076923077 0.03125
2 0.9567307692307693 0.39663461538461536 0.08653846153846154 0.040865384615384616
2 0.22596153846153846 0.5516826923076923 0.04807692307692308 0.036057692307692304
2 0.3137019230769231 0.5769230769230769 0.08413461538461539 0.052884615384615384
2 0.43028846153846156 0.5528846153846154 0.07692307692307693 0.03365384615384615
2 0.9519230769230769 0.44591346153846156 0.07451923076923077 0.038461538461538464
2 0.054086538461538464 0.6286057692307693 0.07692307692307693 0.03365384615384615
2 0.08173076923076923 0.71875 0.10576923076923077 0.038461538461538464
2 0.2536057692307692 0.7043269230769231 0.10336538461538461 0.038461538461538464
2 0.27884615384615385 0.6105769230769231 0.09375 0.038461538461538464
2 0.43990384615384615 0.5721153846153846 0.07451923076923077 0.04326923076923077
2 0.42908653846153844 0.625 0.09615384615384616 0.03365384615384615
2 0.18028846153846154 0.6153846153846154 0.0625 0.026442307692307692
2 0.9567307692307693 0.4807692307692308 0.07451923076923077 0.036057692307692304
2 0.20673076923076922 0.4362980769230769 0.08413461538461539 0.036057692307692304
2 0.20673076923076922 0.3088942307692308 0.125 0.057692307692307696
2 0.9507211538461539 0.24158653846153846 0.0985576923076923 0.040865384615384616