2 0.003605769230769231 0.8329326923076923 0.007211538461538462 0.019230769230769232
2 0.03365384615384615 0.7728365384615384 0.021634615384615384 0.026442307692307692
2 0.01201923076923077 0.8473557692307693 0.021634615384615384 0.021634615384615384
2 0.04447115384615385 0.7884615384615384 0.019230769230769232 0.019230769230769232
2 0.040865384615384616 0.8112980769230769 0.021634615384615384 0.026442307692307692
2 0.0673076923076923 0.8233173076923077 0.016826923076923076 0.02403846153846154
2 0.09254807692307693 0.8329326923076923 0.019230769230769232 0.026442307692307692
2 0.07451923076923077 0.7331730769230769 0.019230769230769232 0.026442307692307692
2 0.09254807692307693 0.734375 0.016826923076923076 0.02403846153846154
2 0.109375 0.7548076923076923 0.021634615384615384 0.026442307692307692
2 0.11298076923076923 0.7103365384615384 0.021634615384615384 0.026442307692307692
2 0.140625 0.7043269230769231 0.021634615384615384 0.026442307692307692
2 0.12379807692307693 0.84375 0.019230769230769232 0.02403846153846154
2 0.06850961538461539 0.890625 0.019230769230769232 0.021634615384615384
2 0.04807692307692308 0.8737980769230769 0.019230769230769232 0.021634615384615384
2 0.027644230769230768 0.8701923076923077 0.019230769230769232 0.02403846153846154
2 0.006009615384615385 0.8762019230769231 0.01201923076923077 0.019230769230769232
2 0.026442307692307692 0.8942307692307693 0.019230769230769232 0.026442307692307692
2 0.046875 0.9002403846153846 0.016826923076923076 0.019230769230769232
2 0.037259615384615384 0.9302884615384616 0.014423076923076924 0.019230769230769232
2 0.016826923076923076 0.9314903846153846 0.016826923076923076 0.021634615384615384
2 0.07091346153846154 0.9435096153846154 0.021634615384615384 0.016826923076923076
2 0.1346153846153846 0.8665865384615384 0.019230769230769232 0.02403846153846154
2 0.15384615384615385 0.8341346153846154 0.019230769230769232 0.026442307692307692
2 0.14543269230769232 0.7932692307692307 0.021634615384615384 0.03125
2 0.15745192307692307 0.7764423076923077 0.019230769230769232 0.02403846153846154
2 0.16105769230769232 0.7391826923076923 0.019230769230769232 0.026442307692307692
2 0.14783653846153846 0.7524038461538461 0.019230769230769232 0.02403846153846154
2 0.046875 0.9639423076923077 0.021634615384615384 0.028846153846153848
2 0.10216346153846154 0.9519230769230769 0.014423076923076924 0.02403846153846154
2 0.0889423076923077 0.9411057692307693 0.016826923076923076 0.021634615384615384
2 0.11778846153846154 0.9002403846153846 0.016826923076923076 0.021634615384615384
2 0.12379807692307693 0.8834134615384616 0.019230769230769232 0.019230769230769232
2 0.1346153846153846 0.8966346153846154 0.016826923076923076 0.021634615384615384
2 0.140625 0.9555288461538461 0.016826923076923076 0.021634615384615384
2 0.125 0.9411057692307693 0.016826923076923076 0.019230769230769232
2 0.11177884615384616 0.9326923076923077 0.016826923076923076 0.02403846153846154
2 0.16826923076923078 0.8930288461538461 0.016826923076923076 0.021634615384615384
2 0.1502403846153846 0.8641826923076923 0.014423076923076924 0.021634615384615384
2 0.10817307692307693 0.8461538461538461 0.014423076923076924 0.021634615384615384
2 0.12740384615384615 0.9831730769230769 0.016826923076923076 0.02403846153846154
2 0.16466346153846154 0.9278846153846154 0.019230769230769232 0.03125
2 0.17548076923076922 0.8521634615384616 0.019230769230769232 0.021634615384615384
2 0.18509615384615385 0.8088942307692307 0.014423076923076924 0.02403846153846154
2 0.17908653846153846 0.7836538461538461 0.014423076923076924 0.02403846153846154
2 0.054086538461538464 0.84375 0.021634615384615384 0.021634615384615384
2 0.027644230769230768 0.9783653846153846 0.016826923076923076 0.021634615384615384
2 0.19951923076923078 0.7920673076923077 0.016826923076923076 0.021634615384615384
2 0.20673076923076922 0.7680288461538461 0.016826923076923076 0.026442307692307692
2 0.20793269230769232 0.7415865384615384 0.019230769230769232 0.019230769230769232
2 0.20552884615384615 0.703125 0.019230769230769232 0.02403846153846154
2 0.19110576923076922 0.7548076923076923 0.016826923076923076 0.021634615384615384
2 0.17908653846153846 0.7139423076923077 0.021634615384615384 0.03125
2 0.21995192307692307 0.6995192307692307 0.014423076923076924 0.016826923076923076
2 0.23918269230769232 0.7091346153846154 0.016826923076923076 0.021634615384615384
2 0.2283653846153846 0.7259615384615384 0.019230769230769232 0.026442307692307692
2 0.25240384615384615 0.7439903846153846 0.016826923076923076 0.02403846153846154
2 0.23918269230769232 0.7391826923076923 0.016826923076923076 0.02403846153846154
2 0.22355769230769232 0.7475961538461539 0.014423076923076924 0.02403846153846154
2 0.23076923076923078 0.7740384615384616 0.014423076923076924 0.021634615384615384
2 0.2403846153846154 0.7572115384615384 0.016826923076923076 0.019230769230769232
2 0.24639423076923078 0.7752403846153846 0.014423076923076924 0.021634615384615384
2 0.21875 0.8076923076923077 0.016826923076923076 0.02403846153846154
2 0.25841346153846156 0.8161057692307693 0.019230769230769232 0.026442307692307692
2 0.24759615384615385 0.8269230769230769 0.016826923076923076 0.02403846153846154
2 0.20072115384615385 0.8329326923076923 0.016826923076923076 0.021634615384615384
2 0.21153846153846154 0.8461538461538461 0.019230769230769232 0.021634615384615384
2 0.21153846153846154 0.8774038461538461 0.016826923076923076 0.028846153846153848
2 0.1935096153846154 0.8605769230769231 0.021634615384615384 0.028846153846153848
2 0.26322115384615385 0.734375 0.01201923076923077 0.019230769230769232
2 0.27524038461538464 0.7560096153846154 0.016826923076923076 0.019230769230769232
2 0.28125 0.765625 0.016826923076923076 0.016826923076923076
2 0.28846153846153844 0.7271634615384616 0.016826923076923076 0.021634615384615384
2 0.29447115384615385 0.75 0.014423076923076924 0.02403846153846154
2 0.3076923076923077 0.7752403846153846 0.01201923076923077 0.019230769230769232
2 0.30408653846153844 0.7512019230769231 0.009615384615384616 0.016826923076923076
2 0.2920673076923077 0.7908653846153846 0.016826923076923076 0.021634615384615384
2 0.30408653846153844 0.8257211538461539 0.016826923076923076 0.021634615384615384
2 0.3112980769230769 0.8389423076923077 0.016826923076923076 0.019230769230769232
2 0.2692307692307692 0.8605769230769231 0.016826923076923076 0.021634615384615384
2 0.23798076923076922 0.8617788461538461 0.019230769230769232 0.02403846153846154
2 0.28725961538461536 0.828125 0.016826923076923076 0.021634615384615384
2 0.27283653846153844 0.7932692307692307 0.016826923076923076 0.028846153846153848
2 0.07692307692307693 0.7824519230769231 0.019230769230769232 0.021634615384615384
2 0.1201923076923077 0.7728365384615384 0.014423076923076924 0.021634615384615384
2 0.26802884615384615 0.5096153846153846 0.01201923076923077 0.016826923076923076
2 0.2764423076923077 0.5 0.01201923076923077 0.014423076923076924
2 0.2860576923076923 0.4963942307692308 0.01201923076923077 0.019230769230769232
2 0.29927884615384615 0.4891826923076923 0.01201923076923077 0.016826923076923076
2 0.3125 0.4735576923076923 0.01201923076923077 0.016826923076923076
2 0.31850961538461536 0.4963942307692308 0.01201923076923077 0.019230769230769232
2 0.2932692307692308 0.5264423076923077 0.01201923076923077 0.016826923076923076
2 0.2776442307692308 0.5228365384615384 0.01201923076923077 0.016826923076923076
2 0.30288461538461536 0.5865384615384616 0.01201923076923077 0.016826923076923076
2 0.3088942307692308 0.5588942307692307 0.01201923076923077 0.014423076923076924
2 0.3245192307692308 0.6009615384615384 0.01201923076923077 0.019230769230769232
2 0.30408653846153844 0.6802884615384616 0.01201923076923077 0.021634615384615384
2 0.32572115384615385 0.7127403846153846 0.014423076923076924 0.019230769230769232
2 0.33413461538461536 0.6923076923076923 0.014423076923076924 0.019230769230769232
2 0.32091346153846156 0.6911057692307693 0.01201923076923077 0.021634615384615384
2 0.3894230769230769 0.6610576923076923 0.014423076923076924 0.016826923076923076
2 0.3894230769230769 0.7355769230769231 0.014423076923076924 0.02403846153846154
2 0.4050480769230769 0.7271634615384616 0.016826923076923076 0.028846153846153848
2 0.41466346153846156 0.6826923076923077 0.014423076923076924 0.02403846153846154
2 0.42788461538461536 0.6778846153846154 0.014423076923076924 0.021634615384615384
2 0.4338942307692308 0.6454326923076923 0.014423076923076924 0.021634615384615384
2 0.4495192307692308 0.6598557692307693 0.014423076923076924 0.021634615384615384
2 0.4362980769230769 0.7091346153846154 0.016826923076923076 0.019230769230769232
2 0.42427884615384615 0.7199519230769231 0.016826923076923076 0.02403846153846154
2 0.4639423076923077 0.6442307692307693 0.014423076923076924 0.02403846153846154
2 0.4675480769230769 0.6069711538461539 0.016826923076923076 0.021634615384615384
2 0.4735576923076923 0.5757211538461539 0.016826923076923076 0.02403846153846154
2 0.4879807692307692 0.5612980769230769 0.014423076923076924 0.021634615384615384
2 0.4951923076923077 0.5264423076923077 0.01201923076923077 0.021634615384615384
2 0.5144230769230769 0.5336538461538461 0.01201923076923077 0.019230769230769232
2 0.4879807692307692 0.5841346153846154 0.01201923076923077 0.019230769230769232
2 0.4795673076923077 0.6045673076923077 0.01201923076923077 0.021634615384615384
2 0.48677884615384615 0.6382211538461539 0.01201923076923077 0.02403846153846154
2 0.4963942307692308 0.6298076923076923 0.01201923076923077 0.016826923076923076
2 0.5060096153846154 0.6165865384615384 0.014423076923076924 0.019230769230769232
2 0.5180288461538461 0.6057692307692307 0.01201923076923077 0.019230769230769232
2 0.4831730769230769 0.6742788461538461 0.014423076923076924 0.019230769230769232
2 0.46634615384615385 0.6694711538461539 0.014423076923076924 0.02403846153846154
2 0.46875 0.6826923076923077 0.014423076923076924 0.021634615384615384
2 0.4855769230769231 0.6935096153846154 0.01201923076923077 0.021634615384615384
2 0.45913461538461536 0.703125 0.01201923076923077 0.019230769230769232
2 0.4855769230769231 0.7247596153846154 0.014423076923076924 0.02403846153846154
2 0.5096153846153846 0.6947115384615384 0.01201923076923077 0.016826923076923076
2 0.5036057692307693 0.6790865384615384 0.01201923076923077 0.019230769230769232
2 0.49399038461538464 0.6574519230769231 0.01201923076923077 0.019230769230769232
2 0.5072115384615384 0.6430288461538461 0.01201923076923077 0.02403846153846154
2 0.5192307692307693 0.6622596153846154 0.01201923076923077 0.021634615384615384
2 0.5216346153846154 0.6334134615384616 0.01201923076923077 0.021634615384615384
2 0.5300480769230769 0.6490384615384616 0.014423076923076924 0.019230769230769232
2 0.5360576923076923 0.6225961538461539 0.01201923076923077 0.019230769230769232
2 0.49759615384615385 0.6959134615384616 0.01201923076923077 0.021634615384615384
2 0.49399038461538464 0.7103365384615384 0.01201923076923077 0.019230769230769232
2 0.5216346153846154 0.7151442307692307 0.01201923076923077 0.021634615384615384
2 0.5216346153846154 0.6947115384615384 0.01201923076923077 0.019230769230769232
2 0.5276442307692307 0.6802884615384616 0.01201923076923077 0.016826923076923076
2 0.5396634615384616 0.6670673076923077 0.01201923076923077 0.019230769230769232
2 0.5480769230769231 0.6334134615384616 0.01201923076923077 0.021634615384615384
2 0.546875 0.6081730769230769 0.01201923076923077 0.019230769230769232
2 0.5420673076923077 0.59375 0.01201923076923077 0.019230769230769232
2 0.53125 0.5793269230769231 0.01201923076923077 0.019230769230769232
2 0.5192307692307693 0.5480769230769231 0.01201923076923077 0.02403846153846154
2 0.5288461538461539 0.5576923076923077 0.01201923076923077 0.021634615384615384
2 0.5252403846153846 0.5168269230769231 0.01201923076923077 0.019230769230769232
2 0.5444711538461539 0.5060096153846154 0.01201923076923077 0.019230769230769232
2 0.5360576923076923 0.5324519230769231 0.01201923076923077 0.02403846153846154
2 0.5492788461538461 0.5384615384615384 0.01201923076923077 0.021634615384615384
2 0.5600961538461539 0.5408653846153846 0.01201923076923077 0.02403846153846154
2 0.5432692307692307 0.6862980769230769 0.01201923076923077 0.02403846153846154
2 0.5528846153846154 0.6959134615384616 0.01201923076923077 0.019230769230769232
2 0.5456730769230769 0.7139423076923077 0.01201923076923077 0.021634615384615384
2 0.5444711538461539 0.7295673076923077 0.01201923076923077 0.014423076923076924
2 0.5240384615384616 0.7367788461538461 0.007211538461538462 0.021634615384615384
2 0.5384615384615384 0.7487980769230769 0.01201923076923077 0.021634615384615384
2 0.5228365384615384 0.7704326923076923 0.01201923076923077 0.021634615384615384
2 0.5528846153846154 0.46274038461538464 0.01201923076923077 0.021634615384615384
2 0.5673076923076923 0.5084134615384616 0.014423076923076924 0.02403846153846154
2 0.5841346153846154 0.5060096153846154 0.01201923076923077 0.019230769230769232
2 0.5793269230769231 0.47716346153846156 0.01201923076923077 0.014423076923076924
2 0.5973557692307693 0.4723557692307692 0.01201923076923077 0.019230769230769232
2 0.6045673076923077 0.4855769230769231 0.01201923076923077 0.014423076923076924
2 0.625 0.46634615384615385 0.01201923076923077 0.021634615384615384
2 0.609375 0.5084134615384616 0.01201923076923077 0.019230769230769232
2 0.5973557692307693 0.53125 0.01201923076923077 0.019230769230769232
2 0.5757211538461539 0.5564903846153846 0.007211538461538462 0.019230769230769232
2 0.5793269230769231 0.5817307692307693 0.01201923076923077 0.016826923076923076
2 0.546875 0.5733173076923077 0.01201923076923077 0.02403846153846154
2 0.5384615384615384 0.5600961538461539 0.007211538461538462 0.016826923076923076
2 0.5576923076923077 0.5961538461538461 0.007211538461538462 0.019230769230769232
2 0.5637019230769231 0.6021634615384616 0.01201923076923077 0.01201923076923077
2 0.5721153846153846 0.6045673076923077 0.01201923076923077 0.019230769230769232
2 0.5841346153846154 0.5997596153846154 0.009615384615384616 0.016826923076923076
2 0.5913461538461539 0.5769230769230769 0.01201923076923077 0.019230769230769232
2 0.5985576923076923 0.5673076923076923 0.01201923076923077 0.016826923076923076
2 0.5901442307692307 0.546875 0.01201923076923077 0.016826923076923076
2 0.6610576923076923 0.5276442307692307 0.01201923076923077 0.019230769230769232
2 0.6466346153846154 0.5120192307692307 0.009615384615384616 0.01201923076923077
2 0.640625 0.5264423076923077 0.01201923076923077 0.016826923076923076
2 0.625 0.5216346153846154 0.016826923076923076 0.02403846153846154
2 0.625 0.5625 0.01201923076923077 0.019230769230769232
2 0.6670673076923077 0.5853365384615384 0.01201923076923077 0.01201923076923077
2 0.6262019230769231 0.5973557692307693 0.01201923076923077 0.016826923076923076
2 0.6225961538461539 0.5805288461538461 0.01201923076923077 0.019230769230769232
2 0.5961538461538461 0.6237980769230769 0.01201923076923077 0.016826923076923076
2 0.6057692307692307 0.6286057692307693 0.01201923076923077 0.016826923076923076
2 0.6129807692307693 0.6346153846153846 0.01201923076923077 0.014423076923076924
2 0.6189903846153846 0.6129807692307693 0.009615384615384616 0.01201923076923077
2 0.6129807692307693 0.6009615384615384 0.007211538461538462 0.01201923076923077
2 0.5841346153846154 0.6394230769230769 0.009615384615384616 0.01201923076923077
2 0.6117788461538461 0.6586538461538461 0.009615384615384616 0.021634615384615384
2 0.625 0.6430288461538461 0.009615384615384616 0.021634615384615384
2 0.6286057692307693 0.671875 0.009615384615384616 0.016826923076923076
2 0.6189903846153846 0.6802884615384616 0.007211538461538462 0.01201923076923077
2 0.625 0.7019230769230769 0.009615384615384616 0.014423076923076924
2 0.5961538461538461 0.6971153846153846 0.007211538461538462 0.014423076923076924
2 0.5901442307692307 0.6814903846153846 0.01201923076923077 0.021634615384615384
2 0.5673076923076923 0.6875 0.01201923076923077 0.019230769230769232
2 0.5733173076923077 0.6490384615384616 0.009615384615384616 0.014423076923076924
2 0.5745192307692307 0.6658653846153846 0.01201923076923077 0.014423076923076924
2 0.5769230769230769 0.7151442307692307 0.007211538461538462 0.021634615384615384
2 0.6730769230769231 0.6225961538461539 0.007211538461538462 0.016826923076923076
2 0.6694711538461539 0.6394230769230769 0.009615384615384616 0.016826923076923076
2 0.6622596153846154 0.6550480769230769 0.01201923076923077 0.016826923076923076
2 0.6538461538461539 0.6670673076923077 0.01201923076923077 0.016826923076923076
2 0.6586538461538461 0.7127403846153846 0.009615384615384616 0.014423076923076924
2 0.6394230769230769 0.6971153846153846 0.007211538461538462 0.014423076923076924
2 0.6430288461538461 0.6814903846153846 0.01201923076923077 0.019230769230769232
2 0.59375 0.4987980769230769 0.01201923076923077 0.021634615384615384
2 0.6081730769230769 0.7199519230769231 0.01201923076923077 0.019230769230769232
2 0.6394230769230769 0.5673076923076923 0.01201923076923077 0.021634615384615384
2 0.6514423076923077 0.6129807692307693 0.014423076923076924 0.019230769230769232
2 0.4411057692307692 0.7475961538461539 0.014423076923076924 0.021634615384615384
2 0.47115384615384615 0.7415865384615384 0.014423076923076924 0.02403846153846154
2 0.5084134615384616 0.8028846153846154 0.014423076923076924 0.019230769230769232
2 0.5216346153846154 0.8137019230769231 0.01201923076923077 0.016826923076923076
2 0.5048076923076923 0.765625 0.01201923076923077 0.021634615384615384