2 0.7139423076923077 0.47836538461538464 0.03365384615384615 0.052884615384615384
2 0.7199519230769231 0.5300480769230769 0.026442307692307692 0.04567307692307692
2 0.7391826923076923 0.5372596153846154 0.014423076923076924 0.04807692307692308
2 0.7427884615384616 0.578125 0.02403846153846154 0.038461538461538464
2 0.7259615384615384 0.6730769230769231 0.028846153846153848 0.04567307692307692
2 0.7403846153846154 0.7043269230769231 0.026442307692307692 0.04326923076923077
2 0.7151442307692307 0.7019230769230769 0.019230769230769232 0.038461538461538464
2 0.6983173076923077 0.6646634615384616 0.02403846153846154 0.038461538461538464
2 0.6598557692307693 0.7091346153846154 0.03125 0.04326923076923077
2 0.6442307692307693 0.6382211538461539 0.03365384615384615 0.04326923076923077
2 0.6754807692307693 0.6033653846153846 0.026442307692307692 0.038461538461538464
2 0.6790865384615384 0.6322115384615384 0.028846153846153848 0.03365384615384615
2 0.6838942307692307 0.5300480769230769 0.036057692307692304 0.038461538461538464
2 0.6923076923076923 0.5564903846153846 0.036057692307692304 0.038461538461538464
2 0.6634615384615384 0.5480769230769231 0.02403846153846154 0.038461538461538464
2 0.6670673076923077 0.4891826923076923 0.019230769230769232 0.04807692307692308
2 0.6418269230769231 0.5060096153846154 0.03365384615384615 0.038461538461538464
2 0.6274038461538461 0.5552884615384616 0.028846153846153848 0.038461538461538464
2 0.6141826923076923 0.515625 0.028846153846153848 0.03365384615384615
2 0.6153846153846154 0.4831730769230769 0.02403846153846154 0.038461538461538464
2 0.6225961538461539 0.42908653846153844 0.03365384615384615 0.036057692307692304
2 0.5961538461538461 0.4579326923076923 0.03365384615384615 0.038461538461538464
2 0.5853365384615384 0.40024038461538464 0.026442307692307692 0.040865384615384616
2 0.5552884615384616 0.3942307692307692 0.03365384615384615 0.04567307692307692
2 0.5576923076923077 0.4807692307692308 0.028846153846153848 0.040865384615384616
2 0.5528846153846154 0.5288461538461539 0.03365384615384615 0.040865384615384616
2 0.5877403846153846 0.4963942307692308 0.019230769230769232 0.040865384615384616
2 0.5973557692307693 0.5420673076923077 0.028846153846153848 0.03365384615384615
2 0.6021634615384616 0.5745192307692307 0.028846153846153848 0.028846153846153848
2 0.5709134615384616 0.5997596153846154 0.026442307692307692 0.038461538461538464
2 0.5901442307692307 0.6189903846153846 0.028846153846153848 0.03125
2 0.6009615384615384 0.7043269230769231 0.03125 0.036057692307692304
2 0.5504807692307693 0.71875 0.028846153846153848 0.036057692307692304
2 0.5661057692307693 0.7247596153846154 0.014423076923076924 0.036057692307692304
2 0.5637019230769231 0.6682692307692307 0.026442307692307692 0.03365384615384615
2 0.5432692307692307 0.6526442307692307 0.026442307692307692 0.040865384615384616
2 0.5240384615384616 0.6838942307692307 0.028846153846153848 0.040865384615384616
2 0.5372596153846154 0.5637019230769231 0.028846153846153848 0.038461538461538464
2 0.5144230769230769 0.5841346153846154 0.028846153846153848 0.03365384615384615
2 0.5072115384615384 0.5372596153846154 0.026442307692307692 0.04326923076923077
2 0.5240384615384616 0.49038461538461536 0.028846153846153848 0.05048076923076923
2 0.5048076923076923 0.4050480769230769 0.038461538461538464 0.06009615384615385
2 0.46875 0.4543269230769231 0.03365384615384615 0.04326923076923077
2 0.4831730769230769 0.47475961538461536 0.03365384615384615 0.040865384615384616
2 0.46153846153846156 0.5168269230769231 0.03365384615384615 0.040865384615384616
2 0.4795673076923077 0.5504807692307693 0.036057692307692304 0.04567307692307692
2 0.49158653846153844 0.5961538461538461 0.02403846153846154 0.04326923076923077
2 0.49278846153846156 0.6454326923076923 0.026442307692307692 0.040865384615384616
2 0.4795673076923077 0.7175480769230769 0.028846153846153848 0.040865384615384616
2 0.5036057692307693 0.7307692307692307 0.019230769230769232 0.040865384615384616
2 0.5276442307692307 0.7307692307692307 0.02403846153846154 0.03125
2 0.5144230769230769 0.8713942307692307 0.026442307692307692 0.03125
2 0.4879807692307692 0.9074519230769231 0.021634615384615384 0.038461538461538464
2 0.49759615384615385 0.8137019230769231 0.02403846153846154 0.026442307692307692
2 0.46875 0.8389423076923077 0.03125 0.03125
2 0.47475961538461536 0.7764423076923077 0.028846153846153848 0.038461538461538464
2 0.4543269230769231 0.7223557692307693 0.02403846153846154 0.03125
2 0.44350961538461536 0.7439903846153846 0.02403846153846154 0.03365384615384615
2 0.4326923076923077 0.7956730769230769 0.026442307692307692 0.028846153846153848
2 0.41346153846153844 0.8329326923076923 0.021634615384615384 0.036057692307692304
2 0.3918269230769231 0.8401442307692307 0.021634615384615384 0.028846153846153848
2 0.41225961538461536 0.765625 0.02403846153846154 0.03125
2 0.390625 0.7415865384615384 0.026442307692307692 0.03125
2 0.37740384615384615 0.7668269230769231 0.028846153846153848 0.028846153846153848
2 0.4254807692307692 0.7079326923076923 0.026442307692307692 0.03125
2 0.4074519230769231 0.6790865384615384 0.028846153846153848 0.03125
2 0.39783653846153844 0.6995192307692307 0.026442307692307692 0.03125
2 0.4254807692307692 0.6598557692307693 0.03125 0.03365384615384615
2 0.45552884615384615 0.6153846153846154 0.03125 0.04326923076923077
2 0.4579326923076923 0.6550480769230769 0.021634615384615384 0.028846153846153848
2 0.4423076923076923 0.5516826923076923 0.03365384615384615 0.038461538461538464
2 0.40384615384615385 0.6129807692307693 0.03125 0.03365384615384615
2 0.38341346153846156 0.6009615384615384 0.021634615384615384 0.028846153846153848
2 0.34975961538461536 0.5841346153846154 0.03125 0.040865384615384616
2 0.34134615384615385 0.6442307692307693 0.026442307692307692 0.040865384615384616
2 0.359375 0.6670673076923077 0.036057692307692304 0.03125
2 0.3557692307692308 0.75 0.028846153846153848 0.038461538461538464
2 0.328125 0.7403846153846154 0.03125 0.03365384615384615
2 0.3233173076923077 0.8161057692307693 0.026442307692307692 0.03365384615384615
2 0.3629807692307692 0.8173076923076923 0.03365384615384615 0.04326923076923077
2 0.33052884615384615 0.8605769230769231 0.028846153846153848 0.04807692307692308
2 0.29927884615384615 0.8497596153846154 0.026442307692307692 0.052884615384615384
2 0.27283653846153844 0.8485576923076923 0.021634615384615384 0.028846153846153848
2 0.3737980769230769 0.4483173076923077 0.038461538461538464 0.06490384615384616
2 0.42788461538461536 0.36778846153846156 0.03365384615384615 0.04326923076923077
2 0.38221153846153844 0.3713942307692308 0.03365384615384615 0.05048076923076923
2 0.4170673076923077 0.40865384615384615 0.026442307692307692 0.04807692307692308
2 0.4050480769230769 0.47475961538461536 0.028846153846153848 0.057692307692307696
2 0.4266826923076923 0.47836538461538464 0.02403846153846154 0.052884615384615384
2 0.44711538461538464 0.46634615384615385 0.026442307692307692 0.05048076923076923
2 0.32211538461538464 0.39783653846153844 0.03125 0.040865384615384616
2 0.33533653846153844 0.4230769230769231 0.028846153846153848 0.040865384615384616
2 0.33533653846153844 0.4891826923076923 0.03125 0.036057692307692304
2 0.3137019230769231 0.5528846153846154 0.036057692307692304 0.04807692307692308
2 0.2932692307692308 0.5793269230769231 0.028846153846153848 0.03125
2 0.2548076923076923 0.4519230769230769 0.036057692307692304 0.04326923076923077
2 0.27524038461538464 0.47836538461538464 0.028846153846153848 0.04326923076923077
2 0.27524038461538464 0.5192307692307693 0.03365384615384615 0.04807692307692308
2 0.21634615384615385 0.53125 0.019230769230769232 0.03125
2 0.22956730769230768 0.5685096153846154 0.03365384615384615 0.03365384615384615
2 0.25721153846153844 0.6105769230769231 0.026442307692307692 0.036057692307692304
2 0.22235576923076922 0.6045673076923077 0.03125 0.03365384615384615
2 0.16706730769230768 0.6057692307692307 0.028846153846153848 0.038461538461538464
2 0.08052884615384616 0.765625 0.021634615384615384 0.040865384615384616
2 0.09735576923076923 0.6538461538461539 0.02403846153846154 0.026442307692307692
2 0.1201923076923077 0.5841346153846154 0.014423076923076924 0.028846153846153848
2 0.13701923076923078 0.6021634615384616 0.026442307692307692 0.036057692307692304
2 0.12259615384615384 0.6622596153846154 0.021634615384615384 0.038461538461538464
2 0.109375 0.6862980769230769 0.03125 0.03365384615384615
2 0.14783653846153846 0.6694711538461539 0.021634615384615384 0.04326923076923077
2 0.13341346153846154 0.7391826923076923 0.02403846153846154 0.038461538461538464
2 0.11538461538461539 0.7487980769230769 0.026442307692307692 0.02403846153846154
2 0.11538461538461539 0.7680288461538461 0.028846153846153848 0.026442307692307692
2 0.16346153846153846 0.7007211538461539 0.021634615384615384 0.03125
2 0.18389423076923078 0.7283653846153846 0.028846153846153848 0.026442307692307692
2 0.12980769230769232 0.8149038461538461 0.026442307692307692 0.026442307692307692
2 0.17427884615384615 0.7788461538461539 0.03125 0.028846153846153848
2 0.16466346153846154 0.8088942307692307 0.028846153846153848 0.028846153846153848
2 0.14423076923076922 0.8341346153846154 0.02403846153846154 0.028846153846153848
2 0.17307692307692307 0.8413461538461539 0.021634615384615384 0.02403846153846154
2 0.19591346153846154 0.8449519230769231 0.019230769230769232 0.02403846153846154
2 0.21995192307692307 0.8557692307692307 0.021634615384615384 0.03365384615384615
2 0.19831730769230768 0.8125 0.021634615384615384 0.028846153846153848
2 0.22355769230769232 0.7992788461538461 0.028846153846153848 0.036057692307692304
2 0.20432692307692307 0.7668269230769231 0.019230769230769232 0.036057692307692304
2 0.21153846153846154 0.7415865384615384 0.019230769230769232 0.04326923076923077
2 0.21514423076923078 0.6911057692307693 0.028846153846153848 0.036057692307692304
2 0.18028846153846154 0.6682692307692307 0.03125 0.03365384615384615
2 0.16105769230769232 0.6322115384615384 0.016826923076923076 0.02403846153846154
2 0.25721153846153844 0.6466346153846154 0.028846153846153848 0.04807692307692308
2 0.25 0.6947115384615384 0.026442307692307692 0.038461538461538464
2 0.2548076923076923 0.7283653846153846 0.026442307692307692 0.028846153846153848
2 0.23677884615384615 0.7644230769230769 0.028846153846153848 0.036057692307692304
2 0.28365384615384615 0.7019230769230769 0.02403846153846154 0.03125
2 0.2800480769230769 0.7283653846153846 0.019230769230769232 0.02403846153846154
2 0.27403846153846156 0.7608173076923077 0.026442307692307692 0.03365384615384615
2 0.2980769230769231 0.7584134615384616 0.021634615384615384 0.03125
2 0.25 0.8149038461538461 0.026442307692307692 0.028846153846153848
2 0.29086538461538464 0.6574519230769231 0.021634615384615384 0.028846153846153848
2 0.3137019230769231 0.6622596153846154 0.028846153846153848 0.038461538461538464
2 0.28365384615384615 0.6274038461538461 0.02403846153846154 0.028846153846153848
2 0.35336538461538464 0.4098557692307692 0.019230769230769232 0.040865384615384616
2 0.7680288461538461 0.04567307692307692 0.016826923076923076 0.03125
2 0.7403846153846154 0.0733173076923077 0.016826923076923076 0.028846153846153848
2 0.71875 0.08173076923076923 0.014423076923076924 0.028846153846153848
2 0.703125 0.08774038461538461 0.014423076923076924 0.028846153846153848
2 0.6875 0.09975961538461539 0.014423076923076924 0.02403846153846154
2 0.7007211538461539 0.125 0.019230769230769232 0.028846153846153848
2 0.703125 0.15865384615384615 0.016826923076923076 0.028846153846153848
2 0.7271634615384616 0.13701923076923078 0.021634615384615384 0.028846153846153848
2 0.7379807692307693 0.0985576923076923 0.016826923076923076 0.026442307692307692
2 0.7475961538461539 0.1346153846153846 0.014423076923076924 0.026442307692307692
2 0.7596153846153846 0.11177884615384616 0.019230769230769232 0.03125
2 0.7764423076923077 0.0889423076923077 0.019230769230769232 0.03125
2 0.78125 0.11298076923076923 0.021634615384615384 0.03125
2 0.7896634615384616 0.05889423076923077 0.01201923076923077 0.026442307692307692
2 0.7992788461538461 0.09254807692307693 0.014423076923076924 0.028846153846153848
2 0.7151442307692307 0.19591346153846154 0.021634615384615384 0.028846153846153848
2 0.7355769230769231 0.2403846153846154 0.019230769230769232 0.026442307692307692
2 0.7379807692307693 0.2608173076923077 0.021634615384615384 0.019230769230769232
2 0.71875 0.2512019230769231 0.016826923076923076 0.03125
2 0.7475961538461539 0.19471153846153846 0.019230769230769232 0.026442307692307692
2 0.7608173076923077 0.15625 0.019230769230769232 0.028846153846153848
2 0.7716346153846154 0.20793269230769232 0.019230769230769232 0.03125
2 0.7836538461538461 0.16105769230769232 0.019230769230769232 0.03125
2 0.7896634615384616 0.20072115384615385 0.016826923076923076 0.03365384615384615
2 0.8076923076923077 0.1814903846153846 0.02403846153846154 0.03365384615384615
2 0.8016826923076923 0.13701923076923078 0.021634615384615384 0.038461538461538464
2 0.8161057692307693 0.15625 0.01201923076923077 0.03365384615384615
2 0.7704326923076923 0.27283653846153844 0.019230769230769232 0.03365384615384615
2 0.7608173076923077 0.3112980769230769 0.019230769230769232 0.036057692307692304
2 0.7259615384615384 0.3449519230769231 0.01201923076923077 0.03125
2 0.7403846153846154 0.36658653846153844 0.01201923076923077 0.026442307692307692
2 0.7403846153846154 0.3233173076923077 0.021634615384615384 0.03365384615384615
2 0.7584134615384616 0.3713942307692308 0.019230769230769232 0.026442307692307692
2 0.7608173076923077 0.3894230769230769 0.014423076923076924 0.026442307692307692
2 0.7788461538461539 0.36538461538461536 0.019230769230769232 0.026442307692307692
2 0.7908653846153846 0.33533653846153844 0.019230769230769232 0.03125
2 0.8137019230769231 0.33413461538461536 0.02403846153846154 0.026442307692307692
2 0.8040865384615384 0.27283653846153844 0.019230769230769232 0.02403846153846154
2 0.7860576923076923 0.25721153846153844 0.01201923076923077 0.021634615384615384
2 0.8076923076923077 0.29927884615384615 0.019230769230769232 0.026442307692307692
2 0.8197115384615384 0.25721153846153844 0.016826923076923076 0.03365384615384615
2 0.8365384615384616 0.25600961538461536 0.01201923076923077 0.028846153846153848
2 0.8365384615384616 0.3076923076923077 0.014423076923076924 0.03365384615384615
2 0.8221153846153846 0.3016826923076923 0.01201923076923077 0.028846153846153848
2 0.8497596153846154 0.3269230769230769 0.016826923076923076 0.02403846153846154
2 0.8401442307692307 0.36538461538461536 0.021634615384615384 0.026442307692307692
2 0.8149038461538461 0.37259615384615385 0.021634615384615384 0.026442307692307692
2 0.7463942307692307 0.4170673076923077 0.019230769230769232 0.02403846153846154
2 0.7668269230769231 0.421875 0.019230769230769232 0.03365384615384615
2 0.7524038461538461 0.4483173076923077 0.019230769230769232 0.026442307692307692
2 0.78125 0.4074519230769231 0.016826923076923076 0.026442307692307692
2 0.7896634615384616 0.43149038461538464 0.01201923076923077 0.019230769230769232
2 0.8040865384615384 0.41947115384615385 0.019230769230769232 0.026442307692307692
2 0.8004807692307693 0.4567307692307692 0.016826923076923076 0.028846153846153848
2 0.8112980769230769 0.39302884615384615 0.016826923076923076 0.02403846153846154
2 0.8245192307692307 0.40625 0.019230769230769232 0.028846153846153848
2 0.8449519230769231 0.4182692307692308 0.019230769230769232 0.03125
2 0.8581730769230769 0.39663461538461536 0.026442307692307692 0.028846153846153848
2 0.7956730769230769 0.38221153846153844 0.01201923076923077 0.026442307692307692
2 0.7716346153846154 0.328125 0.01201923076923077 0.028846153846153848
2 0.8112980769230769 0.21514423076923078 0.014423076923076924 0.026442307692307692
2 0.8425480769230769 0.45913461538461536 0.01201923076923077 0.028846153846153848
2 0.8329326923076923 0.49038461538461536 0.019230769230769232 0.026442307692307692
2 0.8605769230769231 0.4699519230769231 0.01201923076923077 0.026442307692307692
2 0.8725961538461539 0.4362980769230769 0.01201923076923077 0.028846153846153848
2 0.875 0.4567307692307692 0.016826923076923076 0.028846153846153848
2 0.9302884615384616 0.40024038461538464 0.028846153846153848 0.038461538461538464
2 0.921875 0.5492788461538461 0.03365384615384615 0.04807692307692308
2 0.9567307692307693 0.5444711538461539 0.03365384615384615 0.038461538461538464
2 0.9879807692307693 0.45913461538461536 0.02403846153846154 0.04807692307692308
2 0.9879807692307693 0.5348557692307693 0.02403846153846154 0.055288461538461536