2 0.007211538461538462 0.14903846153846154 0.014423076923076924 0.019230769230769232
2 0.003605769230769231 0.06610576923076923 0.007211538461538462 0.01201923076923077
2 0.006009615384615385 0.1310096153846154 0.01201923076923077 0.016826923076923076
2 0.007211538461538462 0.10576923076923077 0.014423076923076924 0.019230769230769232
2 0.01201923076923077 0.09254807692307693 0.02403846153846154 0.02403846153846154
2 0.006009615384615385 0.0733173076923077 0.01201923076923077 0.016826923076923076
2 0.006009615384615385 0.038461538461538464 0.01201923076923077 0.014423076923076924
2 0.004807692307692308 0.04326923076923077 0.009615384615384616 0.028846153846153848
2 0.01201923076923077 0.020432692307692308 0.02403846153846154 0.021634615384615384
2 0.039663461538461536 0.08173076923076923 0.021634615384615384 0.028846153846153848
2 0.02403846153846154 0.13701923076923078 0.019230769230769232 0.02403846153846154
2 0.021634615384615384 0.18990384615384615 0.021634615384615384 0.019230769230769232
2 0.025240384615384616 0.17307692307692307 0.014423076923076924 0.019230769230769232
2 0.040865384615384616 0.18870192307692307 0.021634615384615384 0.021634615384615384
2 0.0625 0.21394230769230768 0.021634615384615384 0.02403846153846154
2 0.05889423076923077 0.16466346153846154 0.02403846153846154 0.026442307692307692
2 0.09134615384615384 0.21995192307692307 0.026442307692307692 0.026442307692307692
2 0.07451923076923077 0.06971153846153846 0.019230769230769232 0.02403846153846154
2 0.10817307692307693 0.08052884615384616 0.02403846153846154 0.03365384615384615
2 0.09615384615384616 0.12379807692307693 0.03125 0.03125
2 0.11538461538461539 0.18269230769230768 0.019230769230769232 0.03125
2 0.13341346153846154 0.21033653846153846 0.028846153846153848 0.02403846153846154
2 0.1466346153846154 0.1658653846153846 0.021634615384615384 0.021634615384615384
2 0.1658653846153846 0.17908653846153846 0.021634615384615384 0.028846153846153848
2 0.16346153846153846 0.2247596153846154 0.021634615384615384 0.02403846153846154
2 0.17668269230769232 0.22716346153846154 0.014423076923076924 0.028846153846153848
2 0.19831730769230768 0.21394230769230768 0.019230769230769232 0.02403846153846154
2 0.1875 0.1971153846153846 0.016826923076923076 0.016826923076923076
2 0.2127403846153846 0.1778846153846154 0.019230769230769232 0.021634615384615384
2 0.22596153846153846 0.18990384615384615 0.009615384615384616 0.016826923076923076
2 0.23918269230769232 0.16826923076923078 0.014423076923076924 0.021634615384615384
2 0.2536057692307692 0.203125 0.019230769230769232 0.019230769230769232
2 0.25961538461538464 0.17548076923076922 0.014423076923076924 0.021634615384615384
2 0.2704326923076923 0.1778846153846154 0.009615384615384616 0.016826923076923076
2 0.27403846153846156 0.14903846153846154 0.016826923076923076 0.016826923076923076
2 0.2692307692307692 0.09495192307692307 0.019230769230769232 0.019230769230769232
2 0.27884615384615385 0.07932692307692307 0.009615384615384616 0.016826923076923076
2 0.25600961538461536 0.1310096153846154 0.019230769230769232 0.019230769230769232
2 0.23557692307692307 0.125 0.021634615384615384 0.021634615384615384
2 0.22115384615384615 0.10096153846153846 0.019230769230769232 0.026442307692307692
2 0.23317307692307693 0.056490384615384616 0.019230769230769232 0.019230769230769232
2 0.2536057692307692 0.09254807692307693 0.014423076923076924 0.019230769230769232
2 0.17668269230769232 0.11177884615384616 0.019230769230769232 0.02403846153846154
2 0.2091346153846154 0.09134615384615384 0.019230769230769232 0.026442307692307692
2 0.19110576923076922 0.14783653846153846 0.019230769230769232 0.019230769230769232
2 0.1814903846153846 0.17307692307692307 0.019230769230769232 0.016826923076923076
2 0.20072115384615385 0.1658653846153846 0.019230769230769232 0.016826923076923076
2 0.20793269230769232 0.14543269230769232 0.014423076923076924 0.019230769230769232
2 0.12139423076923077 0.018028846153846152 0.016826923076923076 0.028846153846153848
2 0.08653846153846154 0.042067307692307696 0.02403846153846154 0.021634615384615384
2 0.1502403846153846 0.055288461538461536 0.016826923076923076 0.026442307692307692
2 0.12860576923076922 0.06490384615384616 0.01201923076923077 0.021634615384615384
2 0.140625 0.10817307692307693 0.019230769230769232 0.021634615384615384
2 0.15625 0.12860576923076922 0.019230769230769232 0.02403846153846154
2 0.1346153846153846 0.13581730769230768 0.016826923076923076 0.019230769230769232
2 0.109375 0.1466346153846154 0.019230769230769232 0.026442307692307692
2 0.057692307692307696 0.06850961538461539 0.014423076923076924 0.019230769230769232
2 0.06610576923076923 0.01201923076923077 0.021634615384615384 0.02403846153846154
2 0.17067307692307693 0.036057692307692304 0.019230769230769232 0.026442307692307692
2 0.16105769230769232 0.07932692307692307 0.019230769230769232 0.016826923076923076
2 0.171875 0.06971153846153846 0.019230769230769232 0.021634615384615384
2 0.19951923076923078 0.054086538461538464 0.019230769230769232 0.02403846153846154
2 0.003605769230769231 0.013221153846153846 0.007211538461538462 0.026442307692307692
2 0.004807692307692308 0.01201923076923077 0.009615384615384616 0.019230769230769232
2 0.234375 0.44471153846153844 0.01201923076923077 0.016826923076923076
2 0.24278846153846154 0.4567307692307692 0.009615384615384616 0.021634615384615384
2 0.2512019230769231 0.4651442307692308 0.01201923076923077 0.014423076923076924
2 0.2668269230769231 0.46875 0.009615384615384616 0.019230769230769232
2 0.2824519230769231 0.48677884615384615 0.016826923076923076 0.019230769230769232
2 0.2439903846153846 0.43028846153846156 0.01201923076923077 0.021634615384615384
2 0.27163461538461536 0.3629807692307692 0.009615384615384616 0.01201923076923077
2 0.2776442307692308 0.39663461538461536 0.009615384615384616 0.016826923076923076
2 0.3629807692307692 0.27163461538461536 0.016826923076923076 0.019230769230769232
2 0.36538461538461536 0.19110576923076922 0.01201923076923077 0.02403846153846154
2 0.3798076923076923 0.20072115384615385 0.016826923076923076 0.026442307692307692
2 0.3894230769230769 0.25 0.01201923076923077 0.02403846153846154
2 0.40384615384615385 0.2536057692307692 0.021634615384615384 0.016826923076923076
2 0.40024038461538464 0.2091346153846154 0.014423076923076924 0.028846153846153848
2 0.41346153846153844 0.22115384615384615 0.016826923076923076 0.019230769230769232
2 0.41225961538461536 0.28846153846153844 0.019230769230769232 0.019230769230769232
2 0.42908653846153844 0.27283653846153844 0.014423076923076924 0.021634615384615384
2 0.44350961538461536 0.29086538461538464 0.019230769230769232 0.019230769230769232
2 0.44591346153846156 0.33052884615384615 0.016826923076923076 0.021634615384615384
2 0.4651442307692308 0.25841346153846156 0.019230769230769232 0.019230769230769232
2 0.44591346153846156 0.265625 0.019230769230769232 0.019230769230769232
2 0.4495192307692308 0.24879807692307693 0.01201923076923077 0.02403846153846154
2 0.4519230769230769 0.1875 0.016826923076923076 0.02403846153846154
2 0.41947115384615385 0.18269230769230768 0.019230769230769232 0.019230769230769232
2 0.43990384615384615 0.23076923076923078 0.01201923076923077 0.02403846153846154
2 0.4651442307692308 0.20793269230769232 0.019230769230769232 0.016826923076923076
2 0.453125 0.36658653846153844 0.016826923076923076 0.021634615384615384
2 0.4699519230769231 0.38221153846153844 0.019230769230769232 0.019230769230769232
2 0.47596153846153844 0.4182692307692308 0.014423076923076924 0.02403846153846154
2 0.49759615384615385 0.4098557692307692 0.019230769230769232 0.016826923076923076
2 0.5096153846153846 0.4266826923076923 0.014423076923076924 0.021634615384615384
2 0.5300480769230769 0.4411057692307692 0.01201923076923077 0.019230769230769232
2 0.5216346153846154 0.4110576923076923 0.009615384615384616 0.02403846153846154
2 0.5336538461538461 0.4050480769230769 0.014423076923076924 0.019230769230769232
2 0.5036057692307693 0.3918269230769231 0.01201923076923077 0.019230769230769232
2 0.5144230769230769 0.3858173076923077 0.014423076923076924 0.019230769230769232
2 0.5024038461538461 0.3329326923076923 0.019230769230769232 0.016826923076923076
2 0.4891826923076923 0.31850961538461536 0.016826923076923076 0.019230769230769232
2 0.46153846153846156 0.33413461538461536 0.014423076923076924 0.019230769230769232
2 0.46875 0.29927884615384615 0.016826923076923076 0.016826923076923076
2 0.4807692307692308 0.3076923076923077 0.016826923076923076 0.014423076923076924
2 0.49038461538461536 0.29447115384615385 0.01201923076923077 0.021634615384615384
2 0.47716346153846156 0.27524038461538464 0.014423076923076924 0.021634615384615384
2 0.5072115384615384 0.3004807692307692 0.01201923076923077 0.019230769230769232
2 0.5048076923076923 0.27163461538461536 0.016826923076923076 0.019230769230769232
2 0.4891826923076923 0.2548076923076923 0.014423076923076924 0.014423076923076924
2 0.47716346153846156 0.22235576923076922 0.014423076923076924 0.016826923076923076
2 0.49278846153846156 0.23918269230769232 0.01201923076923077 0.016826923076923076
2 0.5132211538461539 0.2548076923076923 0.019230769230769232 0.014423076923076924
2 0.5072115384615384 0.23557692307692307 0.01201923076923077 0.019230769230769232
2 0.5048076923076923 0.21394230769230768 0.014423076923076924 0.019230769230769232
2 0.4675480769230769 0.18509615384615385 0.014423076923076924 0.019230769230769232
2 0.5180288461538461 0.3581730769230769 0.014423076923076924 0.019230769230769232
2 0.5348557692307693 0.36899038461538464 0.021634615384615384 0.02403846153846154
2 0.5480769230769231 0.4014423076923077 0.019230769230769232 0.016826923076923076
2 0.5552884615384616 0.4387019230769231 0.019230769230769232 0.019230769230769232
2 0.5396634615384616 0.4879807692307692 0.014423076923076924 0.021634615384615384
2 0.5673076923076923 0.4699519230769231 0.014423076923076924 0.02403846153846154
2 0.5877403846153846 0.4723557692307692 0.019230769230769232 0.019230769230769232
2 0.5961538461538461 0.46033653846153844 0.014423076923076924 0.019230769230769232
2 0.6165865384615384 0.4855769230769231 0.016826923076923076 0.021634615384615384
2 0.6021634615384616 0.43990384615384615 0.016826923076923076 0.016826923076923076
2 0.6189903846153846 0.4230769230769231 0.014423076923076924 0.021634615384615384
2 0.6358173076923077 0.41947115384615385 0.01201923076923077 0.014423076923076924
2 0.640625 0.43509615384615385 0.01201923076923077 0.01201923076923077
2 0.65625 0.41947115384615385 0.014423076923076924 0.014423076923076924
2 0.6177884615384616 0.38100961538461536 0.014423076923076924 0.02403846153846154
2 0.6225961538461539 0.390625 0.009615384615384616 0.014423076923076924
2 0.6610576923076923 0.3557692307692308 0.009615384615384616 0.016826923076923076
2 0.5721153846153846 0.43990384615384615 0.014423076923076924 0.021634615384615384
2 0.578125 0.4254807692307692 0.01201923076923077 0.014423076923076924
2 0.5877403846153846 0.41466346153846156 0.016826923076923076 0.014423076923076924
2 0.5637019230769231 0.38461538461538464 0.009615384615384616 0.021634615384615384
2 0.5444711538461539 0.3473557692307692 0.016826923076923076 0.014423076923076924
2 0.5276442307692307 0.3449519230769231 0.016826923076923076 0.019230769230769232
2 0.5216346153846154 0.3173076923076923 0.009615384615384616 0.021634615384615384
2 0.5348557692307693 0.30408653846153844 0.019230769230769232 0.019230769230769232
2 0.5612980769230769 0.33774038461538464 0.014423076923076924 0.014423076923076924
2 0.5492788461538461 0.33653846153846156 0.01201923076923077 0.021634615384615384
2 0.5853365384615384 0.3173076923076923 0.01201923076923077 0.016826923076923076
2 0.5733173076923077 0.34375 0.01201923076923077 0.016826923076923076
2 0.5685096153846154 0.36177884615384615 0.01201923076923077 0.014423076923076924
2 0.5961538461538461 0.3112980769230769 0.009615384615384616 0.019230769230769232
2 0.6057692307692307 0.3088942307692308 0.01201923076923077 0.02403846153846154
2 0.6105769230769231 0.3293269230769231 0.014423076923076924 0.014423076923076924
2 0.6045673076923077 0.34134615384615385 0.01201923076923077 0.01201923076923077
2 0.6129807692307693 0.36177884615384615 0.009615384615384616 0.019230769230769232
2 0.6165865384615384 0.34615384615384615 0.016826923076923076 0.016826923076923076
2 0.6646634615384616 0.30288461538461536 0.009615384615384616 0.016826923076923076
2 0.6682692307692307 0.32091346153846156 0.014423076923076924 0.014423076923076924
2 0.6334134615384616 0.3737980769230769 0.01201923076923077 0.019230769230769232
2 0.5168269230769231 0.28846153846153844 0.014423076923076924 0.026442307692307692
2 0.5264423076923077 0.2668269230769231 0.01201923076923077 0.021634615384615384
2 0.5408653846153846 0.23557692307692307 0.01201923076923077 0.016826923076923076
2 0.5300480769230769 0.24639423076923078 0.019230769230769232 0.014423076923076924
2 0.5072115384615384 0.15625 0.01201923076923077 0.019230769230769232
2 0.5228365384615384 0.18509615384615385 0.009615384615384616 0.021634615384615384
2 0.5288461538461539 0.2091346153846154 0.014423076923076924 0.014423076923076924
2 0.5564903846153846 0.2536057692307692 0.014423076923076924 0.019230769230769232
2 0.5600961538461539 0.29086538461538464 0.01201923076923077 0.014423076923076924
2 0.5733173076923077 0.3016826923076923 0.014423076923076924 0.014423076923076924
2 0.6081730769230769 0.2800480769230769 0.016826923076923076 0.019230769230769232
2 0.5853365384615384 0.23918269230769232 0.009615384615384616 0.009615384615384616
2 0.5817307692307693 0.2536057692307692 0.01201923076923077 0.019230769230769232
2 0.5661057692307693 0.21995192307692307 0.019230769230769232 0.019230769230769232
2 0.5997596153846154 0.2127403846153846 0.014423076923076924 0.014423076923076924
2 0.6177884615384616 0.234375 0.007211538461538462 0.019230769230769232
2 0.6334134615384616 0.24158653846153846 0.014423076923076924 0.014423076923076924
2 0.6526442307692307 0.22716346153846154 0.009615384615384616 0.019230769230769232
2 0.6490384615384616 0.2704326923076923 0.01201923076923077 0.019230769230769232
2 0.6430288461538461 0.32572115384615385 0.016826923076923076 0.014423076923076924
2 0.6274038461538461 0.33653846153846156 0.014423076923076924 0.01201923076923077
2 0.6225961538461539 0.265625 0.01201923076923077 0.014423076923076924
2 0.6105769230769231 0.25841346153846156 0.014423076923076924 0.014423076923076924
2 0.6189903846153846 0.296875 0.009615384615384616 0.02403846153846154
2 0.5096153846153846 0.1935096153846154 0.01201923076923077 0.016826923076923076
2 0.4891826923076923 0.2091346153846154 0.014423076923076924 0.014423076923076924
2 0.5805288461538461 0.39783653846153844 0.01201923076923077 0.019230769230769232