2 0.3737980769230769 0.6237980769230769 0.03365384615384615 0.052884615384615384
2 0.21153846153846154 0.5697115384615384 0.03365384615384615 0.04567307692307692
2 0.17427884615384615 0.578125 0.03365384615384615 0.038461538461538464
2 0.10096153846153846 0.5997596153846154 0.040865384615384616 0.04326923076923077
2 0.12860576923076922 0.6105769230769231 0.038461538461538464 0.04567307692307692
2 0.1466346153846154 0.6899038461538461 0.03365384615384615 0.04326923076923077
2 0.17908653846153846 0.6682692307692307 0.036057692307692304 0.04567307692307692
2 0.19471153846153846 0.7103365384615384 0.038461538461538464 0.04567307692307692
2 0.24759615384615385 0.5997596153846154 0.036057692307692304 0.038461538461538464
2 0.23317307692307693 0.6298076923076923 0.036057692307692304 0.04326923076923077
2 0.27524038461538464 0.6778846153846154 0.028846153846153848 0.04326923076923077
2 0.3088942307692308 0.65625 0.028846153846153848 0.04567307692307692
2 0.34134615384615385 0.6862980769230769 0.03125 0.03365384615384615
2 0.359375 0.7043269230769231 0.03125 0.040865384615384616
2 0.3894230769230769 0.6670673076923077 0.02403846153846154 0.04326923076923077
2 0.41466346153846156 0.6610576923076923 0.021634615384615384 0.03365384615384615
2 0.4254807692307692 0.7079326923076923 0.02403846153846154 0.036057692307692304
2 0.4050480769230769 0.8209134615384616 0.03125 0.036057692307692304
2 0.4254807692307692 0.8425480769230769 0.03125 0.03125
2 0.38100961538461536 0.7512019230769231 0.03365384615384615 0.040865384615384616
2 0.34375 0.7596153846153846 0.03125 0.038461538461538464
2 0.3485576923076923 0.7848557692307693 0.03365384615384615 0.040865384615384616
2 0.3762019230769231 0.8125 0.021634615384615384 0.04567307692307692
2 0.34975961538461536 0.8617788461538461 0.03365384615384615 0.03125
2 0.3076923076923077 0.8064903846153846 0.03125 0.040865384615384616
2 0.28725961538461536 0.8197115384615384 0.026442307692307692 0.038461538461538464
2 0.3076923076923077 0.8569711538461539 0.026442307692307692 0.038461538461538464
2 0.27403846153846156 0.8846153846153846 0.038461538461538464 0.038461538461538464
2 0.27403846153846156 0.9350961538461539 0.028846153846153848 0.036057692307692304
2 0.24278846153846154 0.9519230769230769 0.028846153846153848 0.03125
2 0.21754807692307693 0.9134615384615384 0.03125 0.04326923076923077
2 0.24278846153846154 0.9026442307692307 0.019230769230769232 0.03125
2 0.22235576923076922 0.8521634615384616 0.019230769230769232 0.040865384615384616
2 0.1971153846153846 0.8461538461538461 0.036057692307692304 0.04807692307692308
2 0.1814903846153846 0.8870192307692307 0.03365384615384615 0.04326923076923077
2 0.23076923076923078 0.7788461538461539 0.03365384615384615 0.038461538461538464
2 0.2608173076923077 0.7836538461538461 0.021634615384615384 0.04807692307692308
2 0.2548076923076923 0.7091346153846154 0.026442307692307692 0.038461538461538464
2 0.2848557692307692 0.7223557692307693 0.03125 0.036057692307692304
2 0.3016826923076923 0.6887019230769231 0.026442307692307692 0.038461538461538464
2 0.3245192307692308 0.7079326923076923 0.026442307692307692 0.036057692307692304
2 0.2247596153846154 0.7019230769230769 0.028846153846153848 0.038461538461538464
2 0.14302884615384615 0.734375 0.028846153846153848 0.04326923076923077
2 0.16466346153846154 0.7800480769230769 0.02403846153846154 0.038461538461538464
2 0.18509615384615385 0.7524038461538461 0.03125 0.03365384615384615
2 0.07091346153846154 0.6622596153846154 0.040865384615384616 0.05048076923076923
2 0.09735576923076923 0.6838942307692307 0.036057692307692304 0.038461538461538464
2 0.10697115384615384 0.7560096153846154 0.040865384615384616 0.04326923076923077
2 0.1466346153846154 0.7896634615384616 0.028846153846153848 0.040865384615384616
2 0.0625 0.7620192307692307 0.04326923076923077 0.04326923076923077
2 0.07932692307692307 0.7271634615384616 0.038461538461538464 0.04807692307692308
2 0.09615384615384616 0.8353365384615384 0.038461538461538464 0.038461538461538464
2 0.125 0.8004807692307693 0.021634615384615384 0.038461538461538464
2 0.15264423076923078 0.8473557692307693 0.019230769230769232 0.038461538461538464
2 0.14182692307692307 0.9302884615384616 0.028846153846153848 0.040865384615384616
2 0.15384615384615385 0.9771634615384616 0.03365384615384615 0.036057692307692304
2 0.11778846153846154 0.9519230769230769 0.028846153846153848 0.036057692307692304
2 0.0829326923076923 0.9290865384615384 0.03125 0.03365384615384615
2 0.06971153846153846 0.8798076923076923 0.036057692307692304 0.038461538461538464
2 0.11899038461538461 0.8497596153846154 0.021634615384615384 0.038461538461538464
2 0.04447115384615385 0.6887019230769231 0.026442307692307692 0.04326923076923077
2 0.013221153846153846 0.5841346153846154 0.026442307692307692 0.057692307692307696
2 0.018028846153846152 0.6165865384615384 0.036057692307692304 0.04326923076923077
2 0.02403846153846154 0.6923076923076923 0.028846153846153848 0.055288461538461536
2 0.030048076923076924 0.8449519230769231 0.036057692307692304 0.036057692307692304
2 0.054086538461538464 0.9194711538461539 0.028846153846153848 0.04567307692307692
2 0.051682692307692304 0.9675480769230769 0.03125 0.038461538461538464
2 0.07932692307692307 0.984375 0.028846153846153848 0.03125
2 0.10817307692307693 0.9891826923076923 0.02403846153846154 0.021634615384615384
2 0.010817307692307692 0.890625 0.021634615384615384 0.040865384615384616
2 0.01201923076923077 0.9831730769230769 0.02403846153846154 0.03365384615384615
2 0.59375 0.6502403846153846 0.026442307692307692 0.04326923076923077
2 0.6237980769230769 0.6334134615384616 0.03365384615384615 0.03365384615384615
2 0.5949519230769231 0.49158653846153844 0.02403846153846154 0.036057692307692304
2 0.6466346153846154 0.5504807692307693 0.026442307692307692 0.04567307692307692
2 0.6754807692307693 0.5408653846153846 0.028846153846153848 0.03365384615384615
2 0.6598557692307693 0.6153846153846154 0.03125 0.04326923076923077
2 0.6959134615384616 0.6081730769230769 0.03125 0.036057692307692304
2 0.6923076923076923 0.4699519230769231 0.026442307692307692 0.040865384615384616
2 0.7271634615384616 0.4987980769230769 0.028846153846153848 0.04567307692307692
2 0.7079326923076923 0.53125 0.03125 0.04326923076923077
2 0.7608173076923077 0.4639423076923077 0.028846153846153848 0.040865384615384616
2 0.7596153846153846 0.515625 0.028846153846153848 0.038461538461538464
2 0.7632211538461539 0.5480769230769231 0.026442307692307692 0.040865384615384616
2 0.8040865384615384 0.5360576923076923 0.028846153846153848 0.038461538461538464
2 0.7632211538461539 0.6586538461538461 0.028846153846153848 0.04326923076923077
2 0.7019230769230769 0.6622596153846154 0.03125 0.03365384615384615
2 0.7403846153846154 0.5817307692307693 0.03125 0.038461538461538464
2 0.7728365384615384 0.3858173076923077 0.03125 0.04326923076923077
2 0.7896634615384616 0.31009615384615385 0.03125 0.040865384615384616
2 0.8245192307692307 0.28125 0.03365384615384615 0.040865384615384616
2 0.8185096153846154 0.33774038461538464 0.03125 0.04567307692307692
2 0.7992788461538461 0.3798076923076923 0.028846153846153848 0.040865384615384616
2 0.8088942307692307 0.45072115384615385 0.028846153846153848 0.04567307692307692
2 0.8329326923076923 0.4362980769230769 0.02403846153846154 0.04326923076923077
2 0.8617788461538461 0.41586538461538464 0.028846153846153848 0.038461538461538464
2 0.8942307692307693 0.3894230769230769 0.02403846153846154 0.04567307692307692
2 0.8461538461538461 0.20192307692307693 0.036057692307692304 0.05048076923076923
2 0.8834134615384616 0.2800480769230769 0.021634615384615384 0.04326923076923077
2 0.9002403846153846 0.21033653846153846 0.03365384615384615 0.040865384615384616
2 0.9230769230769231 0.17307692307692307 0.028846153846153848 0.055288461538461536
2 0.9711538461538461 0.14903846153846154 0.028846153846153848 0.05048076923076923
2 0.9507211538461539 0.2091346153846154 0.021634615384615384 0.05048076923076923
2 0.9098557692307693 0.2512019230769231 0.03125 0.04807692307692308
2 0.9266826923076923 0.27163461538461536 0.028846153846153848 0.04807692307692308
2 0.9278846153846154 0.3329326923076923 0.028846153846153848 0.04326923076923077
2 0.9471153846153846 0.2824519230769231 0.02403846153846154 0.04326923076923077
2 0.9807692307692307 0.2283653846153846 0.028846153846153848 0.055288461538461536
2 0.96875 0.3076923076923077 0.036057692307692304 0.052884615384615384
2 0.9471153846153846 0.36177884615384615 0.03365384615384615 0.038461538461538464
2 0.9230769230769231 0.41947115384615385 0.021634615384615384 0.04567307692307692
2 0.9435096153846154 0.44471153846153844 0.028846153846153848 0.04807692307692308
2 0.9495192307692307 0.3954326923076923 0.02403846153846154 0.036057692307692304
2 0.9807692307692307 0.359375 0.026442307692307692 0.038461538461538464
2 0.9747596153846154 0.43028846153846156 0.02403846153846154 0.04326923076923077
2 0.8942307692307693 0.4579326923076923 0.026442307692307692 0.038461538461538464
2 0.8774038461538461 0.5060096153846154 0.026442307692307692 0.038461538461538464
2 0.8533653846153846 0.46875 0.028846153846153848 0.036057692307692304
2 0.8245192307692307 0.4987980769230769 0.021634615384615384 0.04567307692307692
2 0.7944711538461539 0.6262019230769231 0.021634615384615384 0.038461538461538464
2 0.7992788461538461 0.5697115384615384 0.021634615384615384 0.026442307692307692
2 0.7728365384615384 0.7247596153846154 0.02403846153846154 0.04807692307692308
2 0.7367788461538461 0.6694711538461539 0.019230769230769232 0.03125
2 0.8028846153846154 0.703125 0.02403846153846154 0.038461538461538464
2 0.8137019230769231 0.7427884615384616 0.021634615384615384 0.03125
2 0.8125 0.5913461538461539 0.021634615384615384 0.03365384615384615
2 0.8245192307692307 0.5661057692307693 0.021634615384615384 0.03365384615384615
2 0.8425480769230769 0.5372596153846154 0.02403846153846154 0.03365384615384615
2 0.8473557692307693 0.5685096153846154 0.026442307692307692 0.038461538461538464
2 0.8725961538461539 0.5649038461538461 0.02403846153846154 0.03365384615384615
2 0.8918269230769231 0.5384615384615384 0.028846153846153848 0.03365384615384615
2 0.8317307692307693 0.609375 0.02403846153846154 0.036057692307692304
2 0.8245192307692307 0.6899038461538461 0.016826923076923076 0.03365384615384615
2 0.8389423076923077 0.6418269230769231 0.019230769230769232 0.036057692307692304
2 0.8641826923076923 0.7115384615384616 0.02403846153846154 0.036057692307692304
2 0.8317307692307693 0.7608173076923077 0.02403846153846154 0.038461538461538464
2 0.8557692307692307 0.7680288461538461 0.02403846153846154 0.036057692307692304
2 0.8665865384615384 0.6418269230769231 0.021634615384615384 0.03365384615384615
2 0.8689903846153846 0.6057692307692307 0.028846153846153848 0.04567307692307692
2 0.8942307692307693 0.6670673076923077 0.021634615384615384 0.04326923076923077
2 0.8942307692307693 0.6875 0.026442307692307692 0.02403846153846154
2 0.9074519230769231 0.6213942307692307 0.019230769230769232 0.028846153846153848
2 0.9206730769230769 0.6045673076923077 0.021634615384615384 0.03365384615384615
2 0.9615384615384616 0.6682692307692307 0.02403846153846154 0.026442307692307692
2 0.9098557692307693 0.5649038461538461 0.016826923076923076 0.03365384615384615
2 0.9122596153846154 0.4855769230769231 0.026442307692307692 0.036057692307692304
2 0.9314903846153846 0.5528846153846154 0.021634615384615384 0.028846153846153848
2 0.9615384615384616 0.5444711538461539 0.028846153846153848 0.026442307692307692
2 0.9375 0.578125 0.026442307692307692 0.03365384615384615
2 0.9206730769230769 0.5204326923076923 0.028846153846153848 0.03365384615384615
2 0.9747596153846154 0.5 0.019230769230769232 0.028846153846153848
2 0.9819711538461539 0.47115384615384615 0.019230769230769232 0.026442307692307692
2 0.9699519230769231 0.5877403846153846 0.021634615384615384 0.038461538461538464
2 0.4014423076923077 0.18269230769230768 0.019230769230769232 0.038461538461538464
2 0.4170673076923077 0.16826923076923078 0.016826923076923076 0.026442307692307692
2 0.4326923076923077 0.1622596153846154 0.014423076923076924 0.028846153846153848
2 0.453125 0.1466346153846154 0.019230769230769232 0.036057692307692304
2 0.47716346153846156 0.11658653846153846 0.019230769230769232 0.028846153846153848
2 0.4050480769230769 0.25721153846153844 0.014423076923076924 0.028846153846153848
2 0.4182692307692308 0.20552884615384615 0.016826923076923076 0.03365384615384615
2 0.44711538461538464 0.21634615384615385 0.019230769230769232 0.03365384615384615
2 0.421875 0.24278846153846154 0.021634615384615384 0.03365384615384615
2 0.46634615384615385 0.2091346153846154 0.016826923076923076 0.03365384615384615
2 0.4879807692307692 0.1622596153846154 0.016826923076923076 0.036057692307692304
2 0.484375 0.24519230769230768 0.016826923076923076 0.03125
2 0.4735576923076923 0.2704326923076923 0.019230769230769232 0.03365384615384615
2 0.46033653846153844 0.31971153846153844 0.016826923076923076 0.036057692307692304
2 0.4411057692307692 0.27403846153846156 0.016826923076923076 0.036057692307692304
2 0.4266826923076923 0.31490384615384615 0.019230769230769232 0.03365384615384615
2 0.42427884615384615 0.3557692307692308 0.019230769230769232 0.03365384615384615
2 0.4338942307692308 0.4362980769230769 0.021634615384615384 0.036057692307692304
2 0.44591346153846156 0.3894230769230769 0.016826923076923076 0.03365384615384615
2 0.47716346153846156 0.18509615384615385 0.016826923076923076 0.03125
2 0.453125 0.17908653846153846 0.019230769230769232 0.026442307692307692
2 0.4963942307692308 0.18629807692307693 0.014423076923076924 0.036057692307692304
2 0.5048076923076923 0.2283653846153846 0.014423076923076924 0.028846153846153848
2 0.4987980769230769 0.2800480769230769 0.014423076923076924 0.03125
2 0.4987980769230769 0.34375 0.016826923076923076 0.03365384615384615
2 0.5132211538461539 0.3233173076923077 0.014423076923076924 0.03125
2 0.49278846153846156 0.3858173076923077 0.014423076923076924 0.026442307692307692
2 0.46274038461538464 0.4254807692307692 0.014423076923076924 0.028846153846153848
2 0.44711538461538464 0.44471153846153844 0.014423076923076924 0.028846153846153848
2 0.4098557692307692 0.33774038461538464 0.01201923076923077 0.026442307692307692
2 0.44471153846153844 0.34975961538461536 0.01201923076923077 0.02403846153846154
2 0.46634615384615385 0.46875 0.019230769230769232 0.028846153846153848
2 0.4807692307692308 0.44350961538461536 0.01201923076923077 0.028846153846153848
2 0.5012019230769231 0.44350961538461536 0.019230769230769232 0.02403846153846154
2 0.5216346153846154 0.43149038461538464 0.019230769230769232 0.026442307692307692
2 0.5300480769230769 0.4014423076923077 0.014423076923076924 0.026442307692307692
2 0.5168269230769231 0.35096153846153844 0.01201923076923077 0.026442307692307692
2 0.5108173076923077 0.39663461538461536 0.01201923076923077 0.02403846153846154
2 0.47475961538461536 0.3894230769230769 0.016826923076923076 0.03125
2 0.43509615384615385 0.5216346153846154 0.016826923076923076 0.02403846153846154
2 0.4483173076923077 0.5 0.014423076923076924 0.02403846153846154
2 0.4807692307692308 0.4951923076923077 0.014423076923076924 0.02403846153846154
2 0.4963942307692308 0.49038461538461536 0.014423076923076924 0.026442307692307692
2 0.5024038461538461 0.5216346153846154 0.019230769230769232 0.028846153846153848
2 0.5060096153846154 0.46153846153846156 0.019230769230769232 0.021634615384615384
2 0.5120192307692307 0.4891826923076923 0.014423076923076924 0.028846153846153848
2 0.5276442307692307 0.47115384615384615 0.016826923076923076 0.028846153846153848
2 0.5372596153846154 0.49158653846153844 0.01201923076923077 0.019230769230769232
2 0.5408653846153846 0.44471153846153844 0.01201923076923077 0.026442307692307692
2 0.5516826923076923 0.5132211538461539 0.009615384615384616 0.026442307692307692
2 0.49759615384615385 0.40384615384615385 0.016826923076923076 0.021634615384615384
2 0.41346153846153844 0.3798076923076923 0.014423076923076924 0.026442307692307692
2 0.265625 0.7427884615384616 0.028846153846153848 0.028846153846153848
2 0.9903846153846154 0.040865384615384616 0.019230769230769232 0.04807692307692308