2 0.03365384615384615 0.8353365384615384 0.021634615384615384 0.007211538461538462
2 0.04927884615384615 0.8413461538461539 0.019230769230769232 0.007211538461538462
2 0.06850961538461539 0.8425480769230769 0.016826923076923076 0.004807692307692308
2 0.06971153846153846 0.8557692307692307 0.02403846153846154 0.007211538461538462
2 0.04567307692307692 0.8461538461538461 0.01201923076923077 0.007211538461538462
2 0.003605769230769231 0.84375 0.007211538461538462 0.007211538461538462
2 0.016826923076923076 0.8473557692307693 0.014423076923076924 0.007211538461538462
2 0.003605769230769231 0.8581730769230769 0.007211538461538462 0.007211538461538462
2 0.02283653846153846 0.8557692307692307 0.016826923076923076 0.007211538461538462
2 0.037259615384615384 0.8617788461538461 0.016826923076923076 0.009615384615384616
2 0.0985576923076923 0.8305288461538461 0.021634615384615384 0.007211538461538462
2 0.09014423076923077 0.84375 0.019230769230769232 0.007211538461538462
2 0.10576923076923077 0.8401442307692307 0.016826923076923076 0.007211538461538462
2 0.1141826923076923 0.8473557692307693 0.016826923076923076 0.004807692307692308
2 0.10576923076923077 0.8545673076923077 0.014423076923076924 0.004807692307692308
2 0.08413461538461539 0.8617788461538461 0.016826923076923076 0.007211538461538462
2 0.06129807692307692 0.8725961538461539 0.019230769230769232 0.007211538461538462
2 0.1466346153846154 0.8257211538461539 0.016826923076923076 0.004807692307692308
2 0.1502403846153846 0.8341346153846154 0.02403846153846154 0.007211538461538462
2 0.13822115384615385 0.8353365384615384 0.021634615384615384 0.009615384615384616
2 0.14903846153846154 0.8461538461538461 0.014423076923076924 0.007211538461538462
2 0.1310096153846154 0.8533653846153846 0.021634615384615384 0.007211538461538462
2 0.1502403846153846 0.8617788461538461 0.019230769230769232 0.007211538461538462
2 0.1622596153846154 0.84375 0.016826923076923076 0.009615384615384616
2 0.19591346153846154 0.8221153846153846 0.016826923076923076 0.009615384615384616
2 0.18629807692307693 0.8353365384615384 0.021634615384615384 0.007211538461538462
2 0.1875 0.8521634615384616 0.014423076923076924 0.007211538461538462
2 0.2127403846153846 0.8245192307692307 0.01201923076923077 0.007211538461538462
2 0.23798076923076922 0.8257211538461539 0.016826923076923076 0.007211538461538462
2 0.2644230769230769 0.8317307692307693 0.021634615384615384 0.007211538461538462
2 0.2247596153846154 0.8389423076923077 0.021634615384615384 0.009615384615384616
2 0.21153846153846154 0.859375 0.021634615384615384 0.009615384615384616
2 0.2439903846153846 0.8533653846153846 0.014423076923076924 0.007211538461538462
2 0.24519230769230768 0.8401442307692307 0.01201923076923077 0.007211538461538462
2 0.2764423076923077 0.8449519230769231 0.019230769230769232 0.007211538461538462
2 0.2980769230769231 0.8389423076923077 0.016826923076923076 0.009615384615384616
2 0.3004807692307692 0.8521634615384616 0.01201923076923077 0.007211538461538462
2 0.32091346153846156 0.8509615384615384 0.019230769230769232 0.007211538461538462
2 0.3293269230769231 0.8401442307692307 0.016826923076923076 0.009615384615384616
2 0.34375 0.8389423076923077 0.01201923076923077 0.009615384615384616
2 0.3401442307692308 0.8485576923076923 0.016826923076923076 0.009615384615384616
2 0.3581730769230769 0.8497596153846154 0.016826923076923076 0.007211538461538462
2 0.31009615384615385 0.8569711538461539 0.016826923076923076 0.007211538461538462
2 0.3004807692307692 0.8629807692307693 0.019230769230769232 0.007211538461538462
2 0.26322115384615385 0.8521634615384616 0.014423076923076924 0.007211538461538462
2 0.2800480769230769 0.8557692307692307 0.019230769230769232 0.007211538461538462
2 0.24158653846153846 0.8629807692307693 0.014423076923076924 0.007211538461538462
2 0.2127403846153846 0.8689903846153846 0.016826923076923076 0.009615384615384616
2 0.19831730769230768 0.8701923076923077 0.019230769230769232 0.007211538461538462
2 0.19110576923076922 0.8737980769230769 0.014423076923076924 0.009615384615384616
2 0.17548076923076922 0.8786057692307693 0.019230769230769232 0.007211538461538462
2 0.1346153846153846 0.8762019230769231 0.028846153846153848 0.007211538461538462
2 0.1045673076923077 0.8653846153846154 0.016826923076923076 0.007211538461538462
2 0.07932692307692307 0.8725961538461539 0.019230769230769232 0.007211538461538462
2 0.10817307692307693 0.8870192307692307 0.019230769230769232 0.007211538461538462
2 0.11057692307692307 0.8978365384615384 0.019230769230769232 0.01201923076923077
2 0.013221153846153846 0.8689903846153846 0.016826923076923076 0.007211538461538462
2 0.030048076923076924 0.8713942307692307 0.016826923076923076 0.007211538461538462
2 0.039663461538461536 0.8786057692307693 0.016826923076923076 0.007211538461538462
2 0.054086538461538464 0.8822115384615384 0.019230769230769232 0.009615384615384616
2 0.03245192307692308 0.8834134615384616 0.016826923076923076 0.009615384615384616
2 0.06490384615384616 0.8894230769230769 0.016826923076923076 0.007211538461538462
2 0.08774038461538461 0.890625 0.01201923076923077 0.007211538461538462
2 0.3329326923076923 0.8617788461538461 0.014423076923076924 0.009615384615384616
2 0.36538461538461536 0.8617788461538461 0.02403846153846154 0.007211538461538462
2 0.3485576923076923 0.8557692307692307 0.016826923076923076 0.007211538461538462
2 0.4026442307692308 0.859375 0.021634615384615384 0.007211538461538462
2 0.38221153846153844 0.8665865384615384 0.021634615384615384 0.009615384615384616
2 0.40625 0.8665865384615384 0.019230769230769232 0.007211538461538462
2 0.41346153846153844 0.8762019230769231 0.016826923076923076 0.007211538461538462
2 0.3894230769230769 0.8774038461538461 0.021634615384615384 0.007211538461538462
2 0.37259615384615385 0.8786057692307693 0.016826923076923076 0.007211538461538462
2 0.35096153846153844 0.8798076923076923 0.021634615384615384 0.01201923076923077
2 0.3942307692307692 0.8930288461538461 0.016826923076923076 0.009615384615384616
2 0.40024038461538464 0.8966346153846154 0.014423076923076924 0.007211538461538462
2 0.3762019230769231 0.8894230769230769 0.016826923076923076 0.007211538461538462
2 0.35216346153846156 0.8918269230769231 0.016826923076923076 0.009615384615384616
2 0.29927884615384615 0.8966346153846154 0.019230769230769232 0.007211538461538462
2 0.31850961538461536 0.8870192307692307 0.019230769230769232 0.007211538461538462
2 0.31009615384615385 0.8677884615384616 0.021634615384615384 0.007211538461538462
2 0.33533653846153844 0.8798076923076923 0.019230769230769232 0.009615384615384616
2 0.2920673076923077 0.875 0.019230769230769232 0.007211538461538462
2 0.2704326923076923 0.8762019230769231 0.019230769230769232 0.007211538461538462
2 0.28725961538461536 0.8858173076923077 0.02403846153846154 0.009615384615384616
2 0.23677884615384615 0.8822115384615384 0.021634615384615384 0.009615384615384616
2 0.2512019230769231 0.8725961538461539 0.021634615384615384 0.009615384615384616
2 0.15745192307692307 0.8834134615384616 0.02403846153846154 0.007211538461538462
2 0.1346153846153846 0.8918269230769231 0.021634615384615384 0.007211538461538462
2 0.16947115384615385 0.8966346153846154 0.016826923076923076 0.009615384615384616
2 0.19591346153846154 0.8918269230769231 0.019230769230769232 0.009615384615384616
2 0.22115384615384615 0.890625 0.019230769230769232 0.007211538461538462
2 0.22956730769230768 0.8990384615384616 0.019230769230769232 0.007211538461538462
2 0.20072115384615385 0.9014423076923077 0.021634615384615384 0.007211538461538462
2 0.23197115384615385 0.90625 0.019230769230769232 0.009615384615384616
2 0.008413461538461538 0.8774038461538461 0.016826923076923076 0.007211538461538462
2 0.20072115384615385 0.8822115384615384 0.014423076923076924 0.007211538461538462
2 0.21394230769230768 0.8798076923076923 0.016826923076923076 0.009615384615384616
2 0.25961538461538464 0.8882211538461539 0.019230769230769232 0.009615384615384616
2 0.25961538461538464 0.8617788461538461 0.014423076923076924 0.007211538461538462
2 0.27884615384615385 0.8641826923076923 0.016826923076923076 0.009615384615384616
2 0.34615384615384615 0.8665865384615384 0.016826923076923076 0.009615384615384616
2 0.4362980769230769 0.7524038461538461 0.014423076923076924 0.007211538461538462
2 0.44711538461538464 0.7524038461538461 0.014423076923076924 0.007211538461538462
2 0.46033653846153844 0.7512019230769231 0.01201923076923077 0.007211538461538462
2 0.4795673076923077 0.7548076923076923 0.014423076923076924 0.009615384615384616
2 0.4987980769230769 0.7512019230769231 0.014423076923076924 0.004807692307692308
2 0.5024038461538461 0.7608173076923077 0.01201923076923077 0.007211538461538462
2 0.44350961538461536 0.7608173076923077 0.016826923076923076 0.007211538461538462
2 0.46033653846153844 0.7644230769230769 0.01201923076923077 0.007211538461538462
2 0.47596153846153844 0.765625 0.01201923076923077 0.007211538461538462
2 0.4483173076923077 0.7740384615384616 0.01201923076923077 0.009615384615384616
2 0.4326923076923077 0.7776442307692307 0.016826923076923076 0.007211538461538462
2 0.4579326923076923 0.7860576923076923 0.014423076923076924 0.007211538461538462
2 0.4723557692307692 0.7764423076923077 0.019230769230769232 0.009615384615384616
2 0.5108173076923077 0.7728365384615384 0.01201923076923077 0.007211538461538462
2 0.49158653846153844 0.7716346153846154 0.014423076923076924 0.007211538461538462
2 0.48197115384615385 0.7956730769230769 0.014423076923076924 0.007211538461538462
2 0.4338942307692308 0.8149038461538461 0.01201923076923077 0.009615384615384616
2 0.44591346153846156 0.8293269230769231 0.016826923076923076 0.007211538461538462
2 0.46153846153846156 0.8149038461538461 0.016826923076923076 0.007211538461538462
2 0.47596153846153844 0.8149038461538461 0.009615384615384616 0.007211538461538462
2 0.46153846153846156 0.8004807692307693 0.016826923076923076 0.009615384615384616
2 0.4387019230769231 0.7908653846153846 0.01201923076923077 0.007211538461538462
2 0.49399038461538464 0.7872596153846154 0.014423076923076924 0.007211538461538462
2 0.5036057692307693 0.7788461538461539 0.01201923076923077 0.009615384615384616
2 0.5072115384615384 0.8064903846153846 0.007211538461538462 0.007211538461538462
2 0.5036057692307693 0.7980769230769231 0.014423076923076924 0.007211538461538462
2 0.49038461538461536 0.8100961538461539 0.009615384615384616 0.007211538461538462
2 0.4387019230769231 0.8064903846153846 0.014423076923076924 0.007211538461538462
2 0.5060096153846154 0.8197115384615384 0.016826923076923076 0.009615384615384616
2 0.44350961538461536 0.8221153846153846 0.014423076923076924 0.004807692307692308
2 0.46153846153846156 0.8257211538461539 0.014423076923076924 0.007211538461538462
2 0.4807692307692308 0.8257211538461539 0.019230769230769232 0.009615384615384616
2 0.49038461538461536 0.8365384615384616 0.021634615384615384 0.007211538461538462
2 0.5168269230769231 0.8834134615384616 0.01201923076923077 0.009615384615384616
2 0.5336538461538461 0.8834134615384616 0.019230769230769232 0.007211538461538462
2 0.5348557692307693 0.8569711538461539 0.019230769230769232 0.009615384615384616
2 0.5552884615384616 0.8725961538461539 0.014423076923076924 0.009615384615384616
2 0.5733173076923077 0.8725961538461539 0.01201923076923077 0.007211538461538462
2 0.5733173076923077 0.8870192307692307 0.016826923076923076 0.007211538461538462
2 0.5528846153846154 0.8834134615384616 0.019230769230769232 0.007211538461538462
2 0.5889423076923077 0.8629807692307693 0.019230769230769232 0.007211538461538462
2 0.6057692307692307 0.8737980769230769 0.016826923076923076 0.007211538461538462
2 0.5925480769230769 0.8774038461538461 0.01201923076923077 0.007211538461538462
2 0.625 0.8713942307692307 0.016826923076923076 0.007211538461538462
2 0.6201923076923077 0.8798076923076923 0.016826923076923076 0.007211538461538462
2 0.6394230769230769 0.8870192307692307 0.014423076923076924 0.007211538461538462
2 0.59375 0.8870192307692307 0.01201923076923077 0.007211538461538462
2 0.609375 0.8846153846153846 0.009615384615384616 0.01201923076923077
2 0.6117788461538461 0.9014423076923077 0.019230769230769232 0.009615384615384616
2 0.5817307692307693 0.8978365384615384 0.019230769230769232 0.007211538461538462
2 0.6370192307692307 0.8605769230769231 0.019230769230769232 0.007211538461538462
2 0.6574519230769231 0.8509615384615384 0.019230769230769232 0.009615384615384616
2 0.6730769230769231 0.8509615384615384 0.016826923076923076 0.009615384615384616
2 0.65625 0.8629807692307693 0.016826923076923076 0.007211538461538462
2 0.65625 0.875 0.014423076923076924 0.007211538461538462
2 0.6742788461538461 0.859375 0.019230769230769232 0.009615384615384616
2 0.6814903846153846 0.8737980769230769 0.014423076923076924 0.007211538461538462
2 0.6923076923076923 0.8413461538461539 0.014423076923076924 0.007211538461538462
2 0.7139423076923077 0.8509615384615384 0.016826923076923076 0.009615384615384616
2 0.7163461538461539 0.8569711538461539 0.019230769230769232 0.009615384615384616
2 0.7259615384615384 0.8617788461538461 0.016826923076923076 0.004807692307692308
2 0.7295673076923077 0.8461538461538461 0.01201923076923077 0.009615384615384616
2 0.7403846153846154 0.8533653846153846 0.014423076923076924 0.007211538461538462
2 0.7560096153846154 0.8461538461538461 0.014423076923076924 0.007211538461538462
2 0.7560096153846154 0.859375 0.016826923076923076 0.007211538461538462
2 0.7247596153846154 0.8689903846153846 0.019230769230769232 0.007211538461538462
2 0.7463942307692307 0.8689903846153846 0.01201923076923077 0.007211538461538462
2 0.7019230769230769 0.8725961538461539 0.014423076923076924 0.007211538461538462
2 0.7007211538461539 0.8822115384615384 0.019230769230769232 0.009615384615384616
2 0.6802884615384616 0.8810096153846154 0.019230769230769232 0.007211538461538462
2 0.65625 0.8822115384615384 0.019230769230769232 0.009615384615384616
2 0.6478365384615384 0.8966346153846154 0.014423076923076924 0.007211538461538462
2 0.6334134615384616 0.9002403846153846 0.016826923076923076 0.007211538461538462
2 0.6177884615384616 0.9158653846153846 0.02403846153846154 0.009615384615384616
2 0.6394230769230769 0.9134615384615384 0.01201923076923077 0.007211538461538462
2 0.6382211538461539 0.9206730769230769 0.019230769230769232 0.007211538461538462
2 0.6430288461538461 0.9290865384615384 0.016826923076923076 0.007211538461538462
2 0.6610576923076923 0.9326923076923077 0.016826923076923076 0.007211538461538462
2 0.6706730769230769 0.9230769230769231 0.016826923076923076 0.007211538461538462
2 0.6682692307692307 0.8918269230769231 0.01201923076923077 0.007211538461538462
2 0.6935096153846154 0.890625 0.019230769230769232 0.007211538461538462
2 0.6730769230769231 0.8978365384615384 0.016826923076923076 0.007211538461538462
2 0.6634615384615384 0.9086538461538461 0.019230769230769232 0.009615384615384616
2 0.6838942307692307 0.90625 0.01201923076923077 0.007211538461538462
2 0.6971153846153846 0.9182692307692307 0.016826923076923076 0.007211538461538462
2 0.7115384615384616 0.9110576923076923 0.007211538461538462 0.007211538461538462
2 0.7512019230769231 0.9266826923076923 0.021634615384615384 0.007211538461538462
2 0.6959134615384616 0.8990384615384616 0.016826923076923076 0.009615384615384616
2 0.7175480769230769 0.9026442307692307 0.016826923076923076 0.007211538461538462
2 0.7199519230769231 0.8810096153846154 0.01201923076923077 0.007211538461538462
2 0.7391826923076923 0.8774038461538461 0.01201923076923077 0.007211538461538462
2 0.7355769230769231 0.8870192307692307 0.016826923076923076 0.007211538461538462
2 0.7163461538461539 0.8954326923076923 0.021634615384615384 0.009615384615384616
2 0.734375 0.8978365384615384 0.014423076923076924 0.009615384615384616
2 0.7800480769230769 0.8353365384615384 0.021634615384615384 0.009615384615384616
2 0.7884615384615384 0.8557692307692307 0.019230769230769232 0.007211538461538462
2 0.7692307692307693 0.8629807692307693 0.021634615384615384 0.009615384615384616
2 0.7560096153846154 0.8774038461538461 0.01201923076923077 0.009615384615384616
2 0.8088942307692307 0.8461538461538461 0.02403846153846154 0.007211538461538462
2 0.8076923076923077 0.8569711538461539 0.016826923076923076 0.007211538461538462
2 0.7896634615384616 0.8713942307692307 0.021634615384615384 0.009615384615384616
2 0.7824519230769231 0.8810096153846154 0.028846153846153848 0.007211538461538462
2 0.7596153846153846 0.8858173076923077 0.019230769230769232 0.009615384615384616
2 0.7668269230769231 0.8930288461538461 0.019230769230769232 0.007211538461538462
2 0.7872596153846154 0.8930288461538461 0.016826923076923076 0.009615384615384616
2 0.8040865384615384 0.8930288461538461 0.01201923076923077 0.009615384615384616
2 0.7560096153846154 0.9050480769230769 0.019230769230769232 0.009615384615384616
2 0.7319711538461539 0.90625 0.016826923076923076 0.009615384615384616
2 0.7644230769230769 0.9146634615384616 0.016826923076923076 0.007211538461538462
2 0.7824519230769231 0.9110576923076923 0.026442307692307692 0.009615384615384616
2 0.7896634615384616 0.9110576923076923 0.01201923076923077 0.007211538461538462
2 0.8040865384615384 0.9254807692307693 0.01201923076923077 0.007211538461538462
2 0.8149038461538461 0.9182692307692307 0.016826923076923076 0.007211538461538462
2 0.8810096153846154 0.9350961538461539 0.016826923076923076 0.007211538461538462
2 0.8341346153846154 0.921875 0.01201923076923077 0.007211538461538462
2 0.8569711538461539 0.9242788461538461 0.016826923076923076 0.007211538461538462
2 0.8774038461538461 0.9182692307692307 0.016826923076923076 0.007211538461538462
2 0.9074519230769231 0.9158653846153846 0.014423076923076924 0.007211538461538462
2 0.9206730769230769 0.9098557692307693 0.019230769230769232 0.007211538461538462
2 0.9182692307692307 0.8966346153846154 0.014423076923076924 0.007211538461538462
2 0.8894230769230769 0.9014423076923077 0.014423076923076924 0.007211538461538462
2 0.8497596153846154 0.9026442307692307 0.016826923076923076 0.007211538461538462
2 0.8293269230769231 0.9074519230769231 0.021634615384615384 0.007211538461538462
2 0.8305288461538461 0.9134615384615384 0.019230769230769232 0.009615384615384616
2 0.8449519230769231 0.9134615384615384 0.01201923076923077 0.009615384615384616
2 0.8209134615384616 0.8942307692307693 0.016826923076923076 0.007211538461538462
2 0.8521634615384616 0.8846153846153846 0.01201923076923077 0.007211538461538462
2 0.8521634615384616 0.890625 0.01201923076923077 0.007211538461538462
2 0.8185096153846154 0.8689903846153846 0.026442307692307692 0.007211538461538462
2 0.8233173076923077 0.8762019230769231 0.02403846153846154 0.007211538461538462
2 0.8052884615384616 0.8846153846153846 0.014423076923076924 0.01201923076923077
2 0.8341346153846154 0.8533653846153846 0.019230769230769232 0.007211538461538462
2 0.8365384615384616 0.8617788461538461 0.01201923076923077 0.007211538461538462
2 0.8497596153846154 0.8605769230769231 0.007211538461538462 0.007211538461538462
2 0.8653846153846154 0.8713942307692307 0.016826923076923076 0.007211538461538462
2 0.8665865384615384 0.8798076923076923 0.016826923076923076 0.009615384615384616
2 0.8798076923076923 0.8497596153846154 0.019230769230769232 0.009615384615384616
2 0.9122596153846154 0.8293269230769231 0.016826923076923076 0.007211538461538462
2 0.921875 0.8461538461538461 0.016826923076923076 0.007211538461538462
2 0.9194711538461539 0.8569711538461539 0.016826923076923076 0.004807692307692308
2 0.8978365384615384 0.8713942307692307 0.01201923076923077 0.007211538461538462
2 0.9206730769230769 0.8762019230769231 0.01201923076923077 0.007211538461538462
2 0.8834134615384616 0.8786057692307693 0.019230769230769232 0.007211538461538462
2 0.9038461538461539 0.8786057692307693 0.019230769230769232 0.007211538461538462
2 0.8305288461538461 0.8978365384615384 0.016826923076923076 0.009615384615384616