2 0.7680288461538461 0.016826923076923076 0.055288461538461536 0.03365384615384615
2 0.8305288461538461 0.25721153846153844 0.06971153846153846 0.06971153846153846
2 0.7427884615384616 0.140625 0.07211538461538461 0.08653846153846154
2 0.6814903846153846 0.17908653846153846 0.07932692307692307 0.07932692307692307
2 0.6370192307692307 0.055288461538461536 0.07451923076923077 0.08413461538461539
2 0.6911057692307693 0.04326923076923077 0.06490384615384616 0.07932692307692307
2 0.6526442307692307 0.3233173076923077 0.06009615384615385 0.0889423076923077
2 0.5865384615384616 0.2668269230769231 0.07692307692307693 0.07692307692307693
2 0.5637019230769231 0.1141826923076923 0.055288461538461536 0.07211538461538461
2 0.5204326923076923 0.13942307692307693 0.055288461538461536 0.07692307692307693
2 0.5144230769230769 0.25240384615384615 0.06490384615384616 0.09134615384615384
2 0.5288461538461539 0.34134615384615385 0.06009615384615385 0.09134615384615384
2 0.5132211538461539 0.5084134615384616 0.08173076923076923 0.07692307692307693
2 0.4891826923076923 0.6454326923076923 0.07692307692307693 0.07692307692307693
2 0.42908653846153844 0.7079326923076923 0.08413461538461539 0.0889423076923077
2 0.42788461538461536 0.6033653846153846 0.07451923076923077 0.07451923076923077
2 0.4639423076923077 0.5324519230769231 0.07932692307692307 0.07932692307692307
2 0.42908653846153844 0.3894230769230769 0.08173076923076923 0.07932692307692307
2 0.4326923076923077 0.22235576923076922 0.08413461538461539 0.08413461538461539
2 0.4206730769230769 0.07211538461538461 0.07451923076923077 0.07451923076923077
2 0.4735576923076923 0.018028846153846152 0.06490384615384616 0.036057692307692304
2 0.3425480769230769 0.47115384615384615 0.06009615384615385 0.07692307692307693
2 0.33774038461538464 0.3858173076923077 0.06490384615384616 0.09134615384615384
2 0.37740384615384615 0.4326923076923077 0.04807692307692308 0.08173076923076923
2 0.3401442307692308 0.24639423076923078 0.055288461538461536 0.08173076923076923
2 0.2848557692307692 0.3137019230769231 0.06971153846153846 0.07211538461538461
2 0.2512019230769231 0.2668269230769231 0.0673076923076923 0.0673076923076923
2 0.328125 0.20192307692307693 0.0625 0.07211538461538461
2 0.33653846153846156 0.125 0.06971153846153846 0.06971153846153846
2 0.27884615384615385 0.12860576923076922 0.0625 0.07211538461538461
2 0.21033653846153846 0.056490384615384616 0.06490384615384616 0.06490384615384616
2 0.1814903846153846 0.15865384615384615 0.06009615384615385 0.08413461538461539
2 0.4098557692307692 0.8653846153846154 0.06490384615384616 0.0889423076923077
2 0.3161057692307692 0.8485576923076923 0.0889423076923077 0.09134615384615384
2 0.2848557692307692 0.5276442307692307 0.06971153846153846 0.08653846153846154
2 0.2283653846153846 0.6346153846153846 0.07932692307692307 0.07451923076923077
2 0.24759615384615385 0.7415865384615384 0.0673076923076923 0.09134615384615384
2 0.20552884615384615 0.7331730769230769 0.07451923076923077 0.07451923076923077
2 0.15625 0.6887019230769231 0.0673076923076923 0.08653846153846154
2 0.1935096153846154 0.5949519230769231 0.0625 0.06009615384615385
2 0.17427884615384615 0.5504807692307693 0.06009615384615385 0.07932692307692307
2 0.21754807692307693 0.4855769230769231 0.06490384615384616 0.0625
2 0.16947115384615385 0.4519230769230769 0.07932692307692307 0.07692307692307693
2 0.23918269230769232 0.36778846153846156 0.055288461538461536 0.09134615384615384
2 0.2764423076923077 0.41346153846153844 0.07692307692307693 0.09375
2 0.14423076923076922 0.31009615384615385 0.052884615384615384 0.08173076923076923
2 0.1875 0.24519230769230768 0.055288461538461536 0.06971153846153846
2 0.14783653846153846 0.2283653846153846 0.0673076923076923 0.06971153846153846
2 0.08173076923076923 0.08413461538461539 0.07451923076923077 0.07451923076923077
2 0.09975961538461539 0.30528846153846156 0.0673076923076923 0.0673076923076923
2 0.265625 0.9170673076923077 0.0625 0.10096153846153846
2 0.21514423076923078 0.8605769230769231 0.08413461538461539 0.07932692307692307
2 0.15865384615384615 0.8341346153846154 0.08413461538461539 0.08413461538461539
2 0.18269230769230768 0.9675480769230769 0.0673076923076923 0.06490384615384616
2 0.10336538461538461 0.8257211538461539 0.07692307692307693 0.07692307692307693
2 0.036057692307692304 0.7848557692307693 0.06490384615384616 0.09134615384615384
2 0.0985576923076923 0.75 0.0625 0.0625
2 0.03245192307692308 0.6838942307692307 0.06009615384615385 0.08173076923076923
2 0.028846153846153848 0.6225961538461539 0.055288461538461536 0.07932692307692307
2 0.06129807692307692 0.6045673076923077 0.0673076923076923 0.06490384615384616
2 0.12139423076923077 0.625 0.0673076923076923 0.07211538461538461
2 0.11057692307692307 0.5108173076923077 0.055288461538461536 0.0889423076923077
2 0.037259615384615384 0.5168269230769231 0.05048076923076923 0.05048076923076923
2 0.07572115384615384 0.4326923076923077 0.057692307692307696 0.057692307692307696
2 0.026442307692307692 0.30408653846153844 0.052884615384615384 0.052884615384615384
2 0.07211538461538461 0.23076923076923078 0.0625 0.0625
2 0.14783653846153846 0.9771634615384616 0.05048076923076923 0.04567307692307692
2 0.028846153846153848 0.9795673076923077 0.04326923076923077 0.040865384615384616
2 0.06129807692307692 0.9771634615384616 0.06490384615384616 0.04567307692307692
2 0.006009615384615385 0.4074519230769231 0.01201923076923077 0.06490384615384616
2 0.03365384615384615 0.46875 0.057692307692307696 0.0889423076923077
2 0.3293269230769231 0.7259615384615384 0.07211538461538461 0.07211538461538461
2 0.9951923076923077 0.8737980769230769 0.009615384615384616 0.06490384615384616
2 0.9879807692307693 0.9050480769230769 0.02403846153846154 0.04567307692307692
2 0.9963942307692307 0.9278846153846154 0.007211538461538462 0.07692307692307693
2 0.9879807692307693 0.9507211538461539 0.02403846153846154 0.04567307692307692
2 0.9939903846153846 0.9759615384615384 0.01201923076923077 0.02403846153846154
2 0.9903846153846154 0.8317307692307693 0.019230769230769232 0.0673076923076923
2 0.9855769230769231 0.7668269230769231 0.028846153846153848 0.04807692307692308
2 0.9927884615384616 0.7235576923076923 0.014423076923076924 0.057692307692307696
2 0.9855769230769231 0.8269230769230769 0.028846153846153848 0.04807692307692308
2 0.9855769230769231 0.8413461538461539 0.028846153846153848 0.04807692307692308
2 0.984375 0.7295673076923077 0.03125 0.04567307692307692
2 0.9891826923076923 0.6382211538461539 0.021634615384615384 0.06971153846153846
2 0.9879807692307693 0.7139423076923077 0.02403846153846154 0.07211538461538461
2 0.9819711538461539 0.6382211538461539 0.036057692307692304 0.05048076923076923
2 0.9879807692307693 0.5853365384615384 0.02403846153846154 0.05048076923076923
2 0.9855769230769231 0.5588942307692307 0.028846153846153848 0.04567307692307692
2 0.9915865384615384 0.5024038461538461 0.016826923076923076 0.06490384615384616
2 0.9891826923076923 0.38221153846153844 0.016826923076923076 0.06490384615384616
2 0.9891826923076923 0.49278846153846156 0.021634615384615384 0.08173076923076923
2 0.9891826923076923 0.44471153846153844 0.021634615384615384 0.0889423076923077
2 0.984375 0.28966346153846156 0.02403846153846154 0.0625
2 0.984375 0.23918269230769232 0.021634615384615384 0.0625
2 0.9879807692307693 0.2956730769230769 0.016826923076923076 0.055288461538461536
2 0.9747596153846154 0.3545673076923077 0.04567307692307692 0.057692307692307696
2 0.9555288461538461 0.40024038461538464 0.028846153846153848 0.0673076923076923
2 0.9459134615384616 0.5216346153846154 0.06009615384615385 0.057692307692307696
2 0.9435096153846154 0.6021634615384616 0.03365384615384615 0.07932692307692307
2 0.9771634615384616 0.5072115384615384 0.036057692307692304 0.06009615384615385
2 0.9206730769230769 0.41586538461538464 0.040865384615384616 0.052884615384615384
2 0.9206730769230769 0.328125 0.03365384615384615 0.06009615384615385
2 0.9038461538461539 0.2644230769230769 0.05048076923076923 0.052884615384615384
2 0.9447115384615384 0.3112980769230769 0.04567307692307692 0.04567307692307692
2 0.9915865384615384 0.4411057692307692 0.016826923076923076 0.07211538461538461
2 0.9867788461538461 0.6045673076923077 0.026442307692307692 0.04567307692307692
2 0.9855769230769231 0.5697115384615384 0.028846153846153848 0.04326923076923077
2 0.3942307692307692 0.3088942307692308 0.07211538461538461 0.08653846153846154
2 0.33653846153846156 0.3858173076923077 0.07451923076923077 0.07211538461538461
2 0.3737980769230769 0.17668269230769232 0.09375 0.09615384615384616
2 0.5240384615384616 0.008413461538461538 0.05048076923076923 0.016826923076923076