2 0.2692307692307692 0.796875 0.03365384615384615 0.019230769230769232
2 0.26802884615384615 0.7800480769230769 0.03125 0.028846153846153848
2 0.25961538461538464 0.7560096153846154 0.03365384615384615 0.036057692307692304
2 0.21514423076923078 0.7367788461538461 0.028846153846153848 0.03125
2 0.31971153846153844 0.5372596153846154 0.04567307692307692 0.02403846153846154
2 0.25600961538461536 0.47836538461538464 0.026442307692307692 0.02403846153846154
2 0.2283653846153846 0.9735576923076923 0.036057692307692304 0.03365384615384615
2 0.27163461538461536 0.9266826923076923 0.03365384615384615 0.028846153846153848
2 0.2704326923076923 0.8882211538461539 0.026442307692307692 0.02403846153846154
2 0.22596153846153846 0.8569711538461539 0.036057692307692304 0.01201923076923077
2 0.20793269230769232 0.8197115384615384 0.038461538461538464 0.02403846153846154
2 0.2608173076923077 0.8377403846153846 0.028846153846153848 0.026442307692307692
2 0.10336538461538461 0.9855769230769231 0.03365384615384615 0.028846153846153848
2 0.09615384615384616 0.9555288461538461 0.026442307692307692 0.016826923076923076
2 0.17908653846153846 0.9951923076923077 0.04567307692307692 0.009615384615384616
2 0.16947115384615385 0.8677884615384616 0.038461538461538464 0.040865384615384616
2 0.2247596153846154 0.7944711538461539 0.040865384615384616 0.038461538461538464
2 0.4651442307692308 0.4050480769230769 0.028846153846153848 0.028846153846153848
2 0.3473557692307692 0.48197115384615385 0.03125 0.03125
2 0.2247596153846154 0.6838942307692307 0.028846153846153848 0.03125
2 0.16706730769230768 0.6550480769230769 0.03125 0.028846153846153848
2 0.10336538461538461 0.6634615384615384 0.03365384615384615 0.019230769230769232
2 0.1778846153846154 0.6995192307692307 0.03125 0.02403846153846154
2 0.11177884615384616 0.7295673076923077 0.028846153846153848 0.026442307692307692
2 0.2091346153846154 0.9290865384615384 0.038461538461538464 0.021634615384615384
2 0.08774038461538461 0.9963942307692307 0.021634615384615384 0.007211538461538462
2 0.07211538461538461 0.9951923076923077 0.02403846153846154 0.009615384615384616
2 0.03245192307692308 0.9963942307692307 0.05048076923076923 0.007211538461538462
2 0.020432692307692308 0.9879807692307693 0.026442307692307692 0.02403846153846154
2 0.0829326923076923 0.9134615384615384 0.03125 0.03365384615384615
2 0.1346153846153846 0.8137019230769231 0.026442307692307692 0.019230769230769232
2 0.16105769230769232 0.7439903846153846 0.02403846153846154 0.02403846153846154
2 0.021634615384615384 0.8497596153846154 0.03125 0.02403846153846154
2 0.013221153846153846 0.9254807692307693 0.01201923076923077 0.01201923076923077
2 0.09134615384615384 0.8713942307692307 0.04567307692307692 0.026442307692307692
2 0.030048076923076924 0.9951923076923077 0.026442307692307692 0.009615384615384616
2 0.12740384615384615 0.7800480769230769 0.02403846153846154 0.028846153846153848
2 0.09134615384615384 0.8040865384615384 0.038461538461538464 0.021634615384615384
2 0.02403846153846154 0.8004807692307693 0.038461538461538464 0.016826923076923076
2 0.042067307692307696 0.8966346153846154 0.036057692307692304 0.02403846153846154
2 0.057692307692307696 0.8485576923076923 0.06009615384615385 0.02403846153846154
2 0.6045673076923077 0.3125 0.028846153846153848 0.014423076923076924
2 0.5961538461538461 0.21394230769230768 0.028846153846153848 0.026442307692307692
2 0.35697115384615385 0.4375 0.03365384615384615 0.014423076923076924
2 0.5 0.32211538461538464 0.03125 0.009615384615384616
2 0.5384615384615384 0.2920673076923077 0.026442307692307692 0.02403846153846154
2 0.4699519230769231 0.20793269230769232 0.03125 0.03125
2 0.578125 0.24639423076923078 0.03125 0.014423076923076924
2 0.30649038461538464 0.41586538461538464 0.038461538461538464 0.019230769230769232
2 0.21754807692307693 0.5396634615384616 0.04326923076923077 0.016826923076923076
2 0.29447115384615385 0.5108173076923077 0.016826923076923076 0.014423076923076924
2 0.42908653846153844 0.3389423076923077 0.036057692307692304 0.02403846153846154
2 0.38822115384615385 0.38100961538461536 0.026442307692307692 0.028846153846153848
2 0.46875 0.27884615384615385 0.028846153846153848 0.028846153846153848
2 0.3581730769230769 0.4098557692307692 0.03125 0.019230769230769232
2 0.5168269230769231 0.21033653846153846 0.028846153846153848 0.014423076923076924
2 0.42427884615384615 0.15144230769230768 0.03365384615384615 0.007211538461538462
2 0.35096153846153844 0.3269230769230769 0.026442307692307692 0.02403846153846154
2 0.5228365384615384 0.3557692307692308 0.019230769230769232 0.028846153846153848
2 0.35216346153846156 0.3786057692307692 0.02403846153846154 0.026442307692307692
2 0.359375 0.15745192307692307 0.03365384615384615 0.009615384615384616
2 0.3798076923076923 0.25721153846153844 0.028846153846153848 0.019230769230769232
2 0.265625 0.22115384615384615 0.026442307692307692 0.026442307692307692
2 0.20793269230769232 0.4326923076923077 0.04326923076923077 0.014423076923076924
2 0.20552884615384615 0.4735576923076923 0.02403846153846154 0.02403846153846154
2 0.24278846153846154 0.16706730769230768 0.040865384615384616 0.01201923076923077
2 0.5745192307692307 0.2764423076923077 0.021634615384615384 0.02403846153846154
2 0.38822115384615385 0.1814903846153846 0.02403846153846154 0.021634615384615384
2 0.5060096153846154 0.39783653846153844 0.02403846153846154 0.026442307692307692
2 0.2704326923076923 0.31971153846153844 0.014423076923076924 0.016826923076923076
2 0.3641826923076923 0.22716346153846154 0.016826923076923076 0.014423076923076924
2 0.3125 0.2283653846153846 0.028846153846153848 0.02403846153846154
2 0.4807692307692308 0.3088942307692308 0.05048076923076923 0.021634615384615384
2 0.34975961538461536 0.27403846153846156 0.028846153846153848 0.028846153846153848
2 0.5288461538461539 0.23798076923076922 0.028846153846153848 0.028846153846153848
2 0.29927884615384615 0.38461538461538464 0.03125 0.021634615384615384
2 0.4735576923076923 0.3473557692307692 0.019230769230769232 0.016826923076923076
2 0.23798076923076922 0.3629807692307692 0.028846153846153848 0.02403846153846154
2 0.3557692307692308 0.3557692307692308 0.038461538461538464 0.019230769230769232