2 0.5997596153846154 0.7884615384615384 0.014423076923076924 0.014423076923076924
2 0.625 0.7872596153846154 0.019230769230769232 0.007211538461538462
2 0.6394230769230769 0.7788461538461539 0.019230769230769232 0.019230769230769232
2 0.6911057692307693 0.7271634615384616 0.016826923076923076 0.016826923076923076
2 0.7427884615384616 0.7512019230769231 0.019230769230769232 0.016826923076923076
2 0.7007211538461539 0.7776442307692307 0.021634615384615384 0.021634615384615384
2 0.6646634615384616 0.7668269230769231 0.028846153846153848 0.009615384615384616
2 0.6382211538461539 0.9122596153846154 0.016826923076923076 0.016826923076923076
2 0.8100961538461539 0.7055288461538461 0.019230769230769232 0.016826923076923076
2 0.7776442307692307 0.7403846153846154 0.03125 0.009615384615384616
2 0.8786057692307693 0.7079326923076923 0.026442307692307692 0.01201923076923077
2 0.8137019230769231 0.8100961538461539 0.016826923076923076 0.014423076923076924
2 0.6646634615384616 0.8737980769230769 0.021634615384615384 0.007211538461538462
2 0.6069711538461539 0.8353365384615384 0.014423076923076924 0.014423076923076924
2 0.5288461538461539 0.9963942307692307 0.014423076923076924 0.007211538461538462
2 0.6514423076923077 0.9855769230769231 0.02403846153846154 0.019230769230769232
2 0.6742788461538461 0.9783653846153846 0.01201923076923077 0.014423076923076924
2 0.5793269230769231 0.9639423076923077 0.02403846153846154 0.019230769230769232
2 0.5721153846153846 0.984375 0.019230769230769232 0.021634615384615384
2 0.5817307692307693 0.9951923076923077 0.014423076923076924 0.009615384615384616
2 0.4951923076923077 0.9951923076923077 0.019230769230769232 0.009615384615384616
2 0.5024038461538461 0.9963942307692307 0.02403846153846154 0.007211538461538462
2 0.453125 0.9963942307692307 0.016826923076923076 0.007211538461538462
2 0.4987980769230769 0.9975961538461539 0.021634615384615384 0.004807692307692308
2 0.6069711538461539 0.9975961538461539 0.021634615384615384 0.004807692307692308
2 0.6526442307692307 0.9963942307692307 0.03365384615384615 0.007211538461538462
2 0.41947115384615385 0.9963942307692307 0.016826923076923076 0.007211538461538462
2 0.6502403846153846 0.828125 0.03125 0.009615384615384616
2 0.6995192307692307 0.8762019230769231 0.019230769230769232 0.021634615384615384
2 0.6826923076923077 0.9038461538461539 0.014423076923076924 0.014423076923076924
2 0.6670673076923077 0.9266826923076923 0.016826923076923076 0.016826923076923076
2 0.90625 0.8293269230769231 0.019230769230769232 0.019230769230769232
2 0.8185096153846154 0.7668269230769231 0.016826923076923076 0.014423076923076924
2 0.7536057692307693 0.7680288461538461 0.016826923076923076 0.016826923076923076
2 0.6911057692307693 0.8365384615384616 0.021634615384615384 0.009615384615384616
2 0.7271634615384616 0.8040865384615384 0.021634615384615384 0.021634615384615384
2 0.6262019230769231 0.8076923076923077 0.021634615384615384 0.009615384615384616
2 0.7223557692307693 0.7572115384615384 0.026442307692307692 0.014423076923076924
2 0.6730769230769231 0.8052884615384616 0.019230769230769232 0.009615384615384616
2 0.7223557692307693 0.8377403846153846 0.016826923076923076 0.016826923076923076
2 0.7644230769230769 0.8088942307692307 0.019230769230769232 0.01201923076923077
2 0.6189903846153846 0.9831730769230769 0.016826923076923076 0.019230769230769232
2 0.4579326923076923 0.9963942307692307 0.01201923076923077 0.007211538461538462
2 0.6370192307692307 0.9603365384615384 0.02403846153846154 0.01201923076923077
2 0.5372596153846154 0.9975961538461539 0.026442307692307692 0.004807692307692308
2 0.9459134615384616 0.6947115384615384 0.016826923076923076 0.014423076923076924
2 0.8858173076923077 0.7367788461538461 0.026442307692307692 0.01201923076923077
2 0.9603365384615384 0.7776442307692307 0.016826923076923076 0.01201923076923077
2 0.8317307692307693 0.8677884615384616 0.019230769230769232 0.004807692307692308
2 0.6454326923076923 0.8605769230769231 0.03125 0.009615384615384616
2 0.6454326923076923 0.8894230769230769 0.014423076923076924 0.009615384615384616
2 0.7860576923076923 0.8605769230769231 0.02403846153846154 0.009615384615384616
2 0.7199519230769231 0.8557692307692307 0.019230769230769232 0.019230769230769232
2 0.7608173076923077 0.84375 0.021634615384615384 0.02403846153846154
2 0.8233173076923077 0.7271634615384616 0.026442307692307692 0.021634615384615384
2 0.9495192307692307 0.7283653846153846 0.019230769230769232 0.004807692307692308
2 0.9050480769230769 0.7608173076923077 0.019230769230769232 0.016826923076923076
2 0.8125 0.8329326923076923 0.02403846153846154 0.01201923076923077
2 0.8954326923076923 0.8088942307692307 0.03125 0.01201923076923077
2 0.7163461538461539 0.890625 0.019230769230769232 0.016826923076923076
2 0.8509615384615384 0.7644230769230769 0.019230769230769232 0.019230769230769232
2 0.7848557692307693 0.7680288461538461 0.021634615384615384 0.021634615384615384
2 0.953125 0.7091346153846154 0.021634615384615384 0.019230769230769232
2 0.8737980769230769 0.7752403846153846 0.014423076923076924 0.01201923076923077
2 0.9507211538461539 0.7403846153846154 0.03125 0.014423076923076924
2 0.875 0.5913461538461539 0.019230769230769232 0.019230769230769232
2 0.9230769230769231 0.6237980769230769 0.019230769230769232 0.021634615384615384
2 0.9411057692307693 0.5637019230769231 0.016826923076923076 0.016826923076923076
2 0.9855769230769231 0.6899038461538461 0.02403846153846154 0.009615384615384616
2 0.9711538461538461 0.5552884615384616 0.03365384615384615 0.009615384615384616
2 0.8822115384615384 0.5745192307692307 0.014423076923076924 0.014423076923076924
2 0.9074519230769231 0.5685096153846154 0.026442307692307692 0.014423076923076924
2 0.9110576923076923 0.5829326923076923 0.019230769230769232 0.021634615384615384
2 0.9615384615384616 0.640625 0.02403846153846154 0.01201923076923077
2 0.9831730769230769 0.5889423076923077 0.028846153846153848 0.014423076923076924
2 0.9783653846153846 0.5697115384615384 0.014423076923076924 0.004807692307692308
2 0.9951923076923077 0.6081730769230769 0.004807692307692308 0.004807692307692308
2 0.9939903846153846 0.6418269230769231 0.01201923076923077 0.004807692307692308
2 0.7584134615384616 0.8882211538461539 0.026442307692307692 0.007211538461538462