2 0.4170673076923077 0.6286057692307693 0.007211538461538462 0.019230769230769232
2 0.42908653846153844 0.6358173076923077 0.007211538461538462 0.016826923076923076
2 0.44591346153846156 0.6274038461538461 0.004807692307692308 0.014423076923076924
2 0.44350961538461536 0.6622596153846154 0.009615384615384616 0.019230769230769232
2 0.4182692307692308 0.6514423076923077 0.004807692307692308 0.019230769230769232
2 0.43028846153846156 0.6971153846153846 0.007211538461538462 0.021634615384615384
2 0.4362980769230769 0.6790865384615384 0.007211538461538462 0.019230769230769232
2 0.42908653846153844 0.671875 0.009615384615384616 0.016826923076923076
2 0.4326923076923077 0.6454326923076923 0.007211538461538462 0.009615384615384616
2 0.4519230769230769 0.6598557692307693 0.007211538461538462 0.014423076923076924
2 0.45072115384615385 0.6742788461538461 0.009615384615384616 0.016826923076923076
2 0.44711538461538464 0.6959134615384616 0.01201923076923077 0.019230769230769232
2 0.43990384615384615 0.7199519230769231 0.004807692307692308 0.01201923076923077
2 0.4326923076923077 0.7536057692307693 0.009615384615384616 0.016826923076923076
2 0.44471153846153844 0.7355769230769231 0.007211538461538462 0.01201923076923077
2 0.45913461538461536 0.6778846153846154 0.007211538461538462 0.01201923076923077
2 0.4651442307692308 0.6622596153846154 0.007211538461538462 0.016826923076923076
2 0.46875 0.6935096153846154 0.009615384615384616 0.019230769230769232
2 0.4519230769230769 0.7079326923076923 0.009615384615384616 0.019230769230769232
2 0.45913461538461536 0.7427884615384616 0.009615384615384616 0.019230769230769232
2 0.47115384615384615 0.7512019230769231 0.007211538461538462 0.019230769230769232
2 0.48677884615384615 0.7139423076923077 0.009615384615384616 0.019230769230769232
2 0.5048076923076923 0.7151442307692307 0.007211538461538462 0.01201923076923077
2 0.49759615384615385 0.734375 0.007211538461538462 0.016826923076923076
2 0.4963942307692308 0.75 0.009615384615384616 0.019230769230769232
2 0.4795673076923077 0.7728365384615384 0.009615384615384616 0.019230769230769232
2 0.4675480769230769 0.7608173076923077 0.009615384615384616 0.016826923076923076
2 0.4579326923076923 0.7716346153846154 0.009615384615384616 0.019230769230769232
2 0.45552884615384615 0.7536057692307693 0.007211538461538462 0.01201923076923077
2 0.4483173076923077 0.7872596153846154 0.009615384615384616 0.019230769230769232
2 0.4567307692307692 0.8016826923076923 0.007211538461538462 0.02403846153846154
2 0.4639423076923077 0.8161057692307693 0.009615384615384616 0.021634615384615384
2 0.4543269230769231 0.8305288461538461 0.009615384615384616 0.019230769230769232
2 0.4543269230769231 0.8581730769230769 0.009615384615384616 0.016826923076923076
2 0.46634615384615385 0.8497596153846154 0.007211538461538462 0.021634615384615384
2 0.4723557692307692 0.8629807692307693 0.007211538461538462 0.019230769230769232
2 0.47716346153846156 0.8521634615384616 0.007211538461538462 0.021634615384615384
2 0.47475961538461536 0.828125 0.007211538461538462 0.019230769230769232
2 0.46875 0.8293269230769231 0.007211538461538462 0.016826923076923076
2 0.4795673076923077 0.7932692307692307 0.007211538461538462 0.021634615384615384
2 0.47716346153846156 0.8028846153846154 0.009615384615384616 0.019230769230769232
2 0.4891826923076923 0.7908653846153846 0.007211538461538462 0.021634615384615384
2 0.5096153846153846 0.7596153846153846 0.004807692307692308 0.016826923076923076
2 0.5072115384615384 0.7403846153846154 0.007211538461538462 0.019230769230769232
2 0.5192307692307693 0.7247596153846154 0.007211538461538462 0.019230769230769232
2 0.5204326923076923 0.75 0.007211538461538462 0.016826923076923076
2 0.5180288461538461 0.7764423076923077 0.007211538461538462 0.016826923076923076
2 0.49759615384615385 0.7980769230769231 0.009615384615384616 0.016826923076923076
2 0.5108173076923077 0.7704326923076923 0.007211538461538462 0.016826923076923076
2 0.5096153846153846 0.8052884615384616 0.007211538461538462 0.016826923076923076
2 0.5228365384615384 0.7992788461538461 0.01201923076923077 0.019230769230769232
2 0.5420673076923077 0.7944711538461539 0.007211538461538462 0.021634615384615384
2 0.5372596153846154 0.8052884615384616 0.007211538461538462 0.016826923076923076
2 0.5360576923076923 0.8197115384615384 0.007211538461538462 0.016826923076923076
2 0.5192307692307693 0.8185096153846154 0.007211538461538462 0.014423076923076924
2 0.5300480769230769 0.8269230769230769 0.009615384615384616 0.01201923076923077
2 0.4855769230769231 0.8449519230769231 0.009615384615384616 0.01201923076923077
2 0.4879807692307692 0.8605769230769231 0.007211538461538462 0.01201923076923077
2 0.484375 0.8701923076923077 0.009615384615384616 0.016826923076923076
2 0.47596153846153844 0.8966346153846154 0.007211538461538462 0.019230769230769232
2 0.4831730769230769 0.8978365384615384 0.004807692307692308 0.016826923076923076
2 0.49158653846153844 0.9122596153846154 0.007211538461538462 0.014423076923076924
2 0.484375 0.9098557692307693 0.007211538461538462 0.016826923076923076
2 0.4891826923076923 0.8209134615384616 0.004807692307692308 0.016826923076923076
2 0.4951923076923077 0.8173076923076923 0.007211538461538462 0.016826923076923076
2 0.5108173076923077 0.8365384615384616 0.007211538461538462 0.01201923076923077
2 0.5024038461538461 0.8485576923076923 0.007211538461538462 0.014423076923076924
2 0.5192307692307693 0.8497596153846154 0.007211538461538462 0.021634615384615384
2 0.5132211538461539 0.8605769230769231 0.007211538461538462 0.016826923076923076
2 0.5036057692307693 0.8617788461538461 0.007211538461538462 0.016826923076923076
2 0.5 0.8701923076923077 0.007211538461538462 0.016826923076923076
2 0.5096153846153846 0.8786057692307693 0.004807692307692308 0.021634615384615384
2 0.5096153846153846 0.90625 0.007211538461538462 0.016826923076923076
2 0.5324519230769231 0.8581730769230769 0.007211538461538462 0.021634615384615384
2 0.5396634615384616 0.8509615384615384 0.007211538461538462 0.019230769230769232
2 0.546875 0.8317307692307693 0.007211538461538462 0.016826923076923076
2 0.5504807692307693 0.8605769230769231 0.007211538461538462 0.019230769230769232
2 0.5432692307692307 0.8810096153846154 0.007211538461538462 0.019230769230769232
2 0.5528846153846154 0.8918269230769231 0.007211538461538462 0.019230769230769232
2 0.5649038461538461 0.8966346153846154 0.007211538461538462 0.019230769230769232
2 0.5805288461538461 0.8870192307692307 0.007211538461538462 0.021634615384615384
2 0.5793269230769231 0.9098557692307693 0.007211538461538462 0.016826923076923076
2 0.5805288461538461 0.9290865384615384 0.007211538461538462 0.019230769230769232
2 0.5925480769230769 0.9495192307692307 0.007211538461538462 0.014423076923076924
2 0.5384615384615384 0.90625 0.007211538461538462 0.016826923076923076
2 0.5348557692307693 0.9302884615384616 0.007211538461538462 0.016826923076923076
2 0.5216346153846154 0.9326923076923077 0.009615384615384616 0.019230769230769232
2 0.5036057692307693 0.9471153846153846 0.007211538461538462 0.019230769230769232
2 0.5144230769230769 0.9519230769230769 0.009615384615384616 0.019230769230769232
2 0.5216346153846154 0.984375 0.007211538461538462 0.019230769230769232
2 0.4963942307692308 0.9423076923076923 0.007211538461538462 0.014423076923076924
2 0.5012019230769231 0.9603365384615384 0.007211538461538462 0.016826923076923076
2 0.49399038461538464 0.9254807692307693 0.007211538461538462 0.014423076923076924
2 0.5024038461538461 0.9194711538461539 0.007211538461538462 0.016826923076923076
2 0.49278846153846156 0.8737980769230769 0.007211538461538462 0.019230769230769232
2 0.5 0.8305288461538461 0.007211538461538462 0.014423076923076924
2 0.47115384615384615 0.7764423076923077 0.007211538461538462 0.016826923076923076
2 0.23798076923076922 0.9206730769230769 0.009615384615384616 0.019230769230769232
2 0.22596153846153846 0.9122596153846154 0.01201923076923077 0.016826923076923076
2 0.2247596153846154 0.9266826923076923 0.007211538461538462 0.01201923076923077
2 0.22596153846153846 0.9459134615384616 0.007211538461538462 0.01201923076923077
2 0.22956730769230768 0.96875 0.007211538461538462 0.019230769230769232
2 0.24158653846153846 0.9471153846153846 0.007211538461538462 0.019230769230769232
2 0.23317307692307693 0.9362980769230769 0.009615384615384616 0.02403846153846154
2 0.25240384615384615 0.9603365384615384 0.007211538461538462 0.019230769230769232
2 0.24158653846153846 0.9747596153846154 0.009615384615384616 0.016826923076923076
2 0.24759615384615385 0.9903846153846154 0.007211538461538462 0.016826923076923076
2 0.25841346153846156 0.9939903846153846 0.009615384615384616 0.01201923076923077
2 0.22235576923076922 0.8894230769230769 0.009615384615384616 0.016826923076923076
2 0.2127403846153846 0.9086538461538461 0.01201923076923077 0.016826923076923076
2 0.2127403846153846 0.9278846153846154 0.009615384615384616 0.016826923076923076
2 0.21033653846153846 0.9579326923076923 0.007211538461538462 0.016826923076923076
2 0.21754807692307693 0.9771634615384616 0.007211538461538462 0.014423076923076924
2 0.23197115384615385 0.9927884615384616 0.007211538461538462 0.01201923076923077
2 0.2283653846153846 0.9819711538461539 0.007211538461538462 0.014423076923076924
2 0.2127403846153846 0.9411057692307693 0.009615384615384616 0.014423076923076924
2 0.20192307692307693 0.9411057692307693 0.007211538461538462 0.014423076923076924
2 0.1875 0.90625 0.009615384615384616 0.016826923076923076
2 0.20673076923076922 0.8882211538461539 0.007211538461538462 0.014423076923076924
2 0.20192307692307693 0.9603365384615384 0.009615384615384616 0.01201923076923077
2 0.18389423076923078 0.8798076923076923 0.009615384615384616 0.019230769230769232
2 0.2127403846153846 0.8353365384615384 0.009615384615384616 0.016826923076923076
2 0.19591346153846154 0.8425480769230769 0.009615384615384616 0.014423076923076924
2 0.18629807692307693 0.8509615384615384 0.007211538461538462 0.014423076923076924
2 0.18389423076923078 0.8329326923076923 0.007211538461538462 0.014423076923076924
2 0.18028846153846154 0.8389423076923077 0.009615384615384616 0.019230769230769232
2 0.17427884615384615 0.8569711538461539 0.009615384615384616 0.019230769230769232
2 0.16947115384615385 0.8882211538461539 0.007211538461538462 0.016826923076923076
2 0.1502403846153846 0.7884615384615384 0.007211538461538462 0.016826923076923076
2 0.17307692307692307 0.8028846153846154 0.007211538461538462 0.016826923076923076
2 0.16466346153846154 0.8173076923076923 0.009615384615384616 0.021634615384615384
2 0.1622596153846154 0.8233173076923077 0.009615384615384616 0.016826923076923076
2 0.16105769230769232 0.8425480769230769 0.007211538461538462 0.019230769230769232
2 0.16706730769230768 0.8461538461538461 0.004807692307692308 0.016826923076923076
2 0.09134615384615384 0.7367788461538461 0.007211538461538462 0.014423076923076924
2 0.08653846153846154 0.7668269230769231 0.009615384615384616 0.02403846153846154
2 0.10336538461538461 0.7800480769230769 0.007211538461538462 0.014423076923076924
2 0.1141826923076923 0.7932692307692307 0.004807692307692308 0.01201923076923077
2 0.12259615384615384 0.7848557692307693 0.009615384615384616 0.019230769230769232
2 0.13581730769230768 0.7788461538461539 0.009615384615384616 0.014423076923076924
2 0.11177884615384616 0.8149038461538461 0.009615384615384616 0.014423076923076924
2 0.11057692307692307 0.8341346153846154 0.007211538461538462 0.014423076923076924
2 0.11057692307692307 0.8545673076923077 0.007211538461538462 0.016826923076923076
2 0.140625 0.8305288461538461 0.007211538461538462 0.016826923076923076
2 0.14543269230769232 0.8161057692307693 0.007211538461538462 0.016826923076923076
2 0.13942307692307693 0.8485576923076923 0.009615384615384616 0.014423076923076924
2 0.14903846153846154 0.8557692307692307 0.007211538461538462 0.01201923076923077
2 0.13701923076923078 0.8990384615384616 0.004807692307692308 0.016826923076923076
2 0.14423076923076922 0.9002403846153846 0.009615384615384616 0.016826923076923076
2 0.15264423076923078 0.8088942307692307 0.01201923076923077 0.02403846153846154
2 0.04447115384615385 0.7752403846153846 0.009615384615384616 0.016826923076923076
2 0.04927884615384615 0.7403846153846154 0.009615384615384616 0.019230769230769232
2 0.039663461538461536 0.7283653846153846 0.007211538461538462 0.016826923076923076
2 0.028846153846153848 0.6923076923076923 0.007211538461538462 0.014423076923076924
2 0.05048076923076923 0.6911057692307693 0.009615384615384616 0.016826923076923076
2 0.021634615384615384 0.7572115384615384 0.009615384615384616 0.014423076923076924
2 0.009615384615384616 0.7475961538461539 0.007211538461538462 0.014423076923076924
2 0.009615384615384616 0.7247596153846154 0.009615384615384616 0.016826923076923076
2 0.003605769230769231 0.7079326923076923 0.007211538461538462 0.016826923076923076
2 0.002403846153846154 0.6610576923076923 0.004807692307692308 0.016826923076923076
2 0.03365384615384615 0.6514423076923077 0.009615384615384616 0.014423076923076924
2 0.02283653846153846 0.6574519230769231 0.007211538461538462 0.019230769230769232
2 0.020432692307692308 0.5997596153846154 0.007211538461538462 0.01201923076923077
2 0.025240384615384616 0.5757211538461539 0.009615384615384616 0.016826923076923076
2 0.016826923076923076 0.5745192307692307 0.009615384615384616 0.019230769230769232
2 0.008413461538461538 0.5949519230769231 0.01201923076923077 0.021634615384615384
2 0.008413461538461538 0.6322115384615384 0.009615384615384616 0.016826923076923076
2 0.06610576923076923 0.7704326923076923 0.009615384615384616 0.009615384615384616
2 0.07451923076923077 0.7572115384615384 0.007211538461538462 0.01201923076923077
2 0.09735576923076923 0.8016826923076923 0.007211538461538462 0.016826923076923076
2 0.09254807692307693 0.828125 0.007211538461538462 0.014423076923076924
2 0.09735576923076923 0.8233173076923077 0.007211538461538462 0.016826923076923076
2 0.24158653846153846 0.34375 0.009615384615384616 0.014423076923076924
2 0.22716346153846154 0.38221153846153844 0.009615384615384616 0.016826923076923076
2 0.23317307692307693 0.359375 0.007211538461538462 0.019230769230769232
2 0.2439903846153846 0.3629807692307692 0.009615384615384616 0.014423076923076924
2 0.2512019230769231 0.33653846153846156 0.007211538461538462 0.019230769230769232
2 0.265625 0.32211538461538464 0.007211538461538462 0.014423076923076924
2 0.2668269230769231 0.3293269230769231 0.004807692307692308 0.014423076923076924
2 0.28846153846153844 0.3112980769230769 0.007211538461538462 0.016826923076923076
2 0.30408653846153844 0.3245192307692308 0.009615384615384616 0.021634615384615384
2 0.2848557692307692 0.3401442307692308 0.01201923076923077 0.019230769230769232
2 0.2764423076923077 0.3545673076923077 0.009615384615384616 0.021634615384615384
2 0.25961538461538464 0.3581730769230769 0.009615384615384616 0.021634615384615384
2 0.25600961538461536 0.38822115384615385 0.009615384615384616 0.02403846153846154
2 0.2439903846153846 0.3870192307692308 0.009615384615384616 0.019230769230769232
2 0.234375 0.39903846153846156 0.009615384615384616 0.016826923076923076
2 0.23317307692307693 0.41225961538461536 0.01201923076923077 0.021634615384615384
2 0.21995192307692307 0.4423076923076923 0.009615384615384616 0.026442307692307692
2 0.24158653846153846 0.4375 0.007211538461538462 0.016826923076923076
2 0.24158653846153846 0.4579326923076923 0.007211538461538462 0.02403846153846154
2 0.2439903846153846 0.5012019230769231 0.007211538461538462 0.014423076923076924
2 0.23557692307692307 0.48677884615384615 0.009615384615384616 0.019230769230769232
2 0.2704326923076923 0.3918269230769231 0.009615384615384616 0.019230769230769232
2 0.2764423076923077 0.37259615384615385 0.007211538461538462 0.016826923076923076
2 0.28365384615384615 0.38461538461538464 0.004807692307692308 0.019230769230769232
2 0.2920673076923077 0.38221153846153844 0.007211538461538462 0.019230769230769232
2 0.3004807692307692 0.3557692307692308 0.007211538461538462 0.028846153846153848
2 0.31009615384615385 0.3629807692307692 0.009615384615384616 0.019230769230769232
2 0.30288461538461536 0.3894230769230769 0.007211538461538462 0.021634615384615384
2 0.3125 0.39302884615384615 0.007211538461538462 0.019230769230769232
2 0.32572115384615385 0.36658653846153844 0.007211538461538462 0.028846153846153848
2 0.33774038461538464 0.3713942307692308 0.009615384615384616 0.02403846153846154
2 0.35336538461538464 0.3762019230769231 0.01201923076923077 0.02403846153846154
2 0.35336538461538464 0.4050480769230769 0.007211538461538462 0.021634615384615384
2 0.3485576923076923 0.40625 0.007211538461538462 0.016826923076923076
2 0.33052884615384615 0.4098557692307692 0.01201923076923077 0.016826923076923076
2 0.33413461538461536 0.43149038461538464 0.01201923076923077 0.02403846153846154
2 0.32211538461538464 0.43028846153846156 0.009615384615384616 0.021634615384615384
2 0.2920673076923077 0.45072115384615385 0.007211538461538462 0.02403846153846154
2 0.28365384615384615 0.42788461538461536 0.007211538461538462 0.019230769230769232
2 0.25961538461538464 0.43509615384615385 0.009615384615384616 0.021634615384615384
2 0.2692307692307692 0.4110576923076923 0.007211538461538462 0.02403846153846154
2 0.27524038461538464 0.42908653846153844 0.007211538461538462 0.016826923076923076
2 0.27163461538461536 0.46153846153846156 0.007211538461538462 0.02403846153846154
2 0.3088942307692308 0.4495192307692308 0.009615384615384616 0.019230769230769232
2 0.3269230769230769 0.44711538461538464 0.004807692307692308 0.014423076923076924
2 0.3329326923076923 0.4495192307692308 0.004807692307692308 0.016826923076923076
2 0.3425480769230769 0.4411057692307692 0.007211538461538462 0.02403846153846154
2 0.35336538461538464 0.4326923076923077 0.007211538461538462 0.026442307692307692
2 0.35336538461538464 0.46153846153846156 0.007211538461538462 0.019230769230769232
2 0.3641826923076923 0.47475961538461536 0.009615384615384616 0.016826923076923076
2 0.3641826923076923 0.49399038461538464 0.009615384615384616 0.021634615384615384
2 0.3894230769230769 0.4879807692307692 0.007211538461538462 0.026442307692307692
2 0.3786057692307692 0.5144230769230769 0.009615384615384616 0.016826923076923076
2 0.36177884615384615 0.5036057692307693 0.009615384615384616 0.019230769230769232
2 0.3425480769230769 0.46033653846153844 0.007211538461538462 0.014423076923076924
2 0.3449519230769231 0.4831730769230769 0.01201923076923077 0.021634615384615384
2 0.3317307692307692 0.47475961538461536 0.007211538461538462 0.021634615384615384
2 0.3233173076923077 0.4639423076923077 0.009615384615384616 0.021634615384615384
2 0.30288461538461536 0.4795673076923077 0.009615384615384616 0.021634615384615384
2 0.31850961538461536 0.4723557692307692 0.007211538461538462 0.016826923076923076
2 0.31490384615384615 0.5 0.007211538461538462 0.019230769230769232
2 0.32091346153846156 0.49759615384615385 0.009615384615384616 0.021634615384615384
2 0.32211538461538464 0.5180288461538461 0.009615384615384616 0.021634615384615384
2 0.3076923076923077 0.5348557692307693 0.009615384615384616 0.021634615384615384
2 0.30408653846153844 0.5649038461538461 0.01201923076923077 0.021634615384615384
2 0.33533653846153844 0.5120192307692307 0.007211538461538462 0.021634615384615384
2 0.34975961538461536 0.5204326923076923 0.007211538461538462 0.021634615384615384
2 0.3605769230769231 0.5360576923076923 0.01201923076923077 0.02403846153846154
2 0.3581730769230769 0.5480769230769231 0.009615384615384616 0.02403846153846154
2 0.36899038461538464 0.5673076923076923 0.009615384615384616 0.021634615384615384
2 0.36538461538461536 0.5961538461538461 0.009615384615384616 0.02403846153846154
2 0.3605769230769231 0.5805288461538461 0.007211538461538462 0.019230769230769232
2 0.3545673076923077 0.5637019230769231 0.009615384615384616 0.016826923076923076
2 0.34975961538461536 0.5841346153846154 0.009615384615384616 0.019230769230769232
2 0.3401442307692308 0.5673076923076923 0.009615384615384616 0.02403846153846154
2 0.3317307692307692 0.5637019230769231 0.007211538461538462 0.021634615384615384
2 0.33653846153846156 0.5396634615384616 0.01201923076923077 0.02403846153846154
2 0.34615384615384615 0.5420673076923077 0.007211538461538462 0.02403846153846154
2 0.3389423076923077 0.5240384615384616 0.007211538461538462 0.016826923076923076
2 0.3004807692307692 0.5132211538461539 0.007211538461538462 0.019230769230769232
2 0.2920673076923077 0.4891826923076923 0.009615384615384616 0.021634615384615384
2 0.2920673076923077 0.515625 0.007211538461538462 0.021634615384615384
2 0.3004807692307692 0.4170673076923077 0.009615384615384616 0.019230769230769232
2 0.28846153846153844 0.40865384615384615 0.009615384615384616 0.021634615384615384
2 0.2800480769230769 0.40024038461538464 0.009615384615384616 0.019230769230769232
2 0.3245192307692308 0.5396634615384616 0.009615384615384616 0.014423076923076924
2 0.38221153846153844 0.5913461538461539 0.009615384615384616 0.016826923076923076
2 0.38100961538461536 0.5697115384615384 0.007211538461538462 0.01201923076923077
2 0.375 0.5396634615384616 0.007211538461538462 0.016826923076923076
2 0.38100961538461536 0.5336538461538461 0.007211538461538462 0.019230769230769232