2 0.33533653846153844 0.9891826923076923 0.036057692307692304 0.021634615384615384
2 0.29447115384615385 0.9891826923076923 0.036057692307692304 0.021634615384615384
2 0.07572115384615384 0.9831730769230769 0.04567307692307692 0.03365384615384615
2 0.046875 0.9867788461538461 0.036057692307692304 0.026442307692307692
2 0.2091346153846154 0.9903846153846154 0.0673076923076923 0.019230769230769232
2 0.13221153846153846 0.9903846153846154 0.0625 0.019230769230769232
2 0.05048076923076923 0.7307692307692307 0.04807692307692308 0.052884615384615384
2 0.11899038461538461 0.7163461538461539 0.04567307692307692 0.04326923076923077
2 0.15144230769230768 0.6862980769230769 0.04326923076923077 0.04326923076923077
2 0.23557692307692307 0.6754807692307693 0.04807692307692308 0.04567307692307692
2 0.21875 0.6274038461538461 0.04326923076923077 0.040865384615384616
2 0.2548076923076923 0.6045673076923077 0.04807692307692308 0.038461538461538464
2 0.27403846153846156 0.5588942307692307 0.04326923076923077 0.04326923076923077
2 0.3786057692307692 0.5420673076923077 0.05048076923076923 0.03365384615384615
2 0.27403846153846156 0.5084134615384616 0.04326923076923077 0.04807692307692308
2 0.3485576923076923 0.4891826923076923 0.04326923076923077 0.04567307692307692
2 0.35336538461538464 0.44350961538461536 0.04807692307692308 0.04567307692307692
2 0.3737980769230769 0.3798076923076923 0.05048076923076923 0.052884615384615384
2 0.27524038461538464 0.4170673076923077 0.040865384615384616 0.04326923076923077
2 0.23677884615384615 0.3786057692307692 0.04807692307692308 0.04807692307692308
2 0.23798076923076922 0.3425480769230769 0.04326923076923077 0.04326923076923077
2 0.22716346153846154 0.2932692307692308 0.04567307692307692 0.04567307692307692
2 0.15865384615384615 0.3762019230769231 0.052884615384615384 0.038461538461538464
2 0.09975961538461539 0.28365384615384615 0.036057692307692304 0.038461538461538464
2 0.20673076923076922 0.5504807692307693 0.04326923076923077 0.040865384615384616
2 0.05889423076923077 0.6153846153846154 0.06009615384615385 0.038461538461538464
2 0.026442307692307692 0.6442307692307693 0.052884615384615384 0.038461538461538464
2 0.021634615384615384 0.2704326923076923 0.038461538461538464 0.040865384615384616
2 0.11057692307692307 0.5853365384615384 0.04326923076923077 0.04807692307692308
2 0.009615384615384616 0.6141826923076923 0.019230769230769232 0.036057692307692304
2 0.015625 0.5817307692307693 0.03125 0.03365384615384615
2 0.0733173076923077 0.5288461538461539 0.040865384615384616 0.038461538461538464
2 0.02403846153846154 0.44711538461538464 0.04326923076923077 0.04326923076923077
2 0.007211538461538462 0.4026442307692308 0.014423076923076924 0.03125
2 0.037259615384615384 0.390625 0.036057692307692304 0.036057692307692304
2 0.10336538461538461 0.48197115384615385 0.04326923076923077 0.02403846153846154
2 0.28725961538461536 0.4795673076923077 0.04567307692307692 0.04807692307692308
2 0.24879807692307693 0.4639423076923077 0.055288461538461536 0.03125
2 0.2247596153846154 0.4423076923076923 0.04567307692307692 0.05048076923076923
2 0.1971153846153846 0.5276442307692307 0.04326923076923077 0.04326923076923077
2 0.07572115384615384 0.5673076923076923 0.04567307692307692 0.03365384615384615
2 0.125 0.5480769230769231 0.04326923076923077 0.040865384615384616
2 0.1622596153846154 0.4855769230769231 0.052884615384615384 0.055288461538461536
2 0.046875 0.4963942307692308 0.055288461538461536 0.036057692307692304