2 0.7367788461538461 0.3762019230769231 0.036057692307692304 0.04326923076923077
2 0.7463942307692307 0.421875 0.026442307692307692 0.04807692307692308
2 0.7596153846153846 0.4254807692307692 0.026442307692307692 0.038461538461538464
2 0.765625 0.47475961538461536 0.02403846153846154 0.028846153846153848
2 0.734375 0.4987980769230769 0.03365384615384615 0.036057692307692304
2 0.7524038461538461 0.5733173076923077 0.03125 0.03365384615384615
2 0.7644230769230769 0.6009615384615384 0.03365384615384615 0.03365384615384615
2 0.7367788461538461 0.6033653846153846 0.021634615384615384 0.03125
2 0.7199519230769231 0.5661057692307693 0.026442307692307692 0.036057692307692304
2 0.6971153846153846 0.49759615384615385 0.03125 0.036057692307692304
2 0.7043269230769231 0.5216346153846154 0.03125 0.03365384615384615
2 0.6887019230769231 0.5396634615384616 0.02403846153846154 0.02403846153846154
2 0.6682692307692307 0.5324519230769231 0.03365384615384615 0.038461538461538464
2 0.6790865384615384 0.6105769230769231 0.028846153846153848 0.03365384615384615
2 0.6237980769230769 0.6021634615384616 0.03365384615384615 0.03365384615384615
2 0.6394230769230769 0.5492788461538461 0.028846153846153848 0.038461538461538464
2 0.7103365384615384 0.41947115384615385 0.03365384615384615 0.038461538461538464
2 0.7163461538461539 0.4483173076923077 0.03365384615384615 0.03365384615384615
2 0.6850961538461539 0.43990384615384615 0.03125 0.040865384615384616
2 0.6923076923076923 0.38100961538461536 0.021634615384615384 0.04326923076923077
2 0.6682692307692307 0.3894230769230769 0.03125 0.04326923076923077
2 0.6730769230769231 0.4206730769230769 0.028846153846153848 0.03365384615384615
2 0.6478365384615384 0.44711538461538464 0.03125 0.038461538461538464
2 0.640625 0.4074519230769231 0.03125 0.038461538461538464
2 0.6382211538461539 0.37259615384615385 0.026442307692307692 0.038461538461538464
2 0.625 0.33413461538461536 0.036057692307692304 0.040865384615384616
2 0.6105769230769231 0.38221153846153844 0.028846153846153848 0.04326923076923077
2 0.5805288461538461 0.35697115384615385 0.03365384615384615 0.04567307692307692
2 0.5757211538461539 0.41346153846153844 0.03365384615384615 0.04567307692307692
2 0.6201923076923077 0.43149038461538464 0.028846153846153848 0.038461538461538464
2 0.6262019230769231 0.4675480769230769 0.028846153846153848 0.038461538461538464
2 0.6117788461538461 0.5036057692307693 0.03125 0.04807692307692308
2 0.59375 0.49038461538461536 0.028846153846153848 0.038461538461538464
2 0.5925480769230769 0.4182692307692308 0.021634615384615384 0.040865384615384616
2 0.6478365384615384 0.3076923076923077 0.03125 0.04567307692307692
2 0.6081730769230769 0.2776442307692308 0.028846153846153848 0.04567307692307692
2 0.5817307692307693 0.27403846153846156 0.03365384615384615 0.04807692307692308
2 0.5264423076923077 0.27283653846153844 0.03365384615384615 0.04567307692307692
2 0.5348557692307693 0.3004807692307692 0.03365384615384615 0.036057692307692304
2 0.49278846153846156 0.328125 0.036057692307692304 0.04807692307692308
2 0.5036057692307693 0.359375 0.03365384615384615 0.036057692307692304
2 0.5456730769230769 0.3737980769230769 0.03365384615384615 0.04326923076923077
2 0.5588942307692307 0.453125 0.028846153846153848 0.03365384615384615
2 0.5324519230769231 0.47475961538461536 0.028846153846153848 0.036057692307692304
2 0.5120192307692307 0.4831730769230769 0.02403846153846154 0.040865384615384616
2 0.5276442307692307 0.42427884615384615 0.02403846153846154 0.040865384615384616
2 0.5012019230769231 0.4375 0.038461538461538464 0.04326923076923077
2 0.4831730769230769 0.39663461538461536 0.036057692307692304 0.04326923076923077
2 0.46274038461538464 0.42908653846153844 0.036057692307692304 0.052884615384615384
2 0.46634615384615385 0.3449519230769231 0.028846153846153848 0.040865384615384616
2 0.44711538461538464 0.3581730769230769 0.03365384615384615 0.04807692307692308
2 0.4230769230769231 0.36658653846153844 0.02403846153846154 0.040865384615384616
2 0.4375 0.2824519230769231 0.03125 0.04807692307692308
2 0.4519230769230769 0.24158653846153846 0.038461538461538464 0.052884615384615384
2 0.40384615384615385 0.23798076923076922 0.036057692307692304 0.04567307692307692
2 0.3954326923076923 0.328125 0.036057692307692304 0.05048076923076923
2 0.3701923076923077 0.28365384615384615 0.01201923076923077 0.040865384615384616
2 0.3425480769230769 0.27403846153846156 0.03365384615384615 0.040865384615384616
2 0.3557692307692308 0.30528846153846156 0.03365384615384615 0.040865384615384616
2 0.35336538461538464 0.36899038461538464 0.03125 0.038461538461538464
2 0.3293269230769231 0.43509615384615385 0.03365384615384615 0.040865384615384616
2 0.27403846153846156 0.3245192307692308 0.03365384615384615 0.036057692307692304
2 0.29086538461538464 0.359375 0.028846153846153848 0.036057692307692304
2 0.2920673076923077 0.4014423076923077 0.03365384615384615 0.040865384615384616
2 0.31009615384615385 0.4639423076923077 0.028846153846153848 0.03365384615384615
2 0.3004807692307692 0.5120192307692307 0.03125 0.04326923076923077
2 0.33052884615384615 0.5504807692307693 0.028846153846153848 0.03365384615384615
2 0.3701923076923077 0.4651442307692308 0.036057692307692304 0.04567307692307692
2 0.24759615384615385 0.45072115384615385 0.03125 0.036057692307692304
2 0.27163461538461536 0.4987980769230769 0.026442307692307692 0.028846153846153848
2 0.22956730769230768 0.41586538461538464 0.019230769230769232 0.03365384615384615
2 0.18389423076923078 0.4879807692307692 0.03365384615384615 0.04567307692307692
2 0.15384615384615385 0.4891826923076923 0.028846153846153848 0.036057692307692304
2 0.17427884615384615 0.5120192307692307 0.021634615384615384 0.040865384615384616
2 0.19591346153846154 0.5516826923076923 0.028846153846153848 0.038461538461538464
2 0.23918269230769232 0.49038461538461536 0.028846153846153848 0.040865384615384616
2 0.27403846153846156 0.5360576923076923 0.026442307692307692 0.04326923076923077
2 0.30649038461538464 0.5516826923076923 0.021634615384615384 0.03365384615384615
2 0.3605769230769231 0.5360576923076923 0.02403846153846154 0.04326923076923077
2 0.3713942307692308 0.5600961538461539 0.028846153846153848 0.026442307692307692
2 0.33774038461538464 0.5769230769230769 0.026442307692307692 0.02403846153846154
2 0.2980769230769231 0.59375 0.028846153846153848 0.038461538461538464
2 0.2644230769230769 0.5901442307692307 0.03125 0.03365384615384615
2 0.22956730769230768 0.5817307692307693 0.028846153846153848 0.03365384615384615
2 0.32211538461538464 0.5889423076923077 0.021634615384615384 0.026442307692307692
2 0.3449519230769231 0.6346153846153846 0.026442307692307692 0.04326923076923077
2 0.37259615384615385 0.640625 0.028846153846153848 0.036057692307692304
2 0.3942307692307692 0.6634615384615384 0.026442307692307692 0.040865384615384616
2 0.40865384615384615 0.6370192307692307 0.026442307692307692 0.03365384615384615
2 0.4170673076923077 0.5913461538461539 0.02403846153846154 0.03365384615384615
2 0.4254807692307692 0.5697115384615384 0.026442307692307692 0.03365384615384615
2 0.44471153846153844 0.5504807692307693 0.026442307692307692 0.036057692307692304
2 0.44350961538461536 0.5997596153846154 0.028846153846153848 0.03365384615384615
2 0.4723557692307692 0.6141826923076923 0.02403846153846154 0.03365384615384615
2 0.45913461538461536 0.6394230769230769 0.02403846153846154 0.028846153846153848
2 0.43028846153846156 0.6610576923076923 0.02403846153846154 0.03365384615384615
2 0.4495192307692308 0.6899038461538461 0.03125 0.03365384615384615
2 0.49158653846153844 0.671875 0.028846153846153848 0.036057692307692304
2 0.49759615384615385 0.6141826923076923 0.026442307692307692 0.036057692307692304
2 0.47475961538461536 0.546875 0.02403846153846154 0.036057692307692304
2 0.42427884615384615 0.5024038461538461 0.028846153846153848 0.03365384615384615
2 0.4050480769230769 0.4963942307692308 0.021634615384615384 0.036057692307692304
2 0.47475961538461536 0.5108173076923077 0.028846153846153848 0.036057692307692304
2 0.5144230769230769 0.5432692307692307 0.026442307692307692 0.038461538461538464
2 0.5252403846153846 0.5697115384615384 0.01201923076923077 0.021634615384615384
2 0.5456730769230769 0.5769230769230769 0.028846153846153848 0.04326923076923077
2 0.5649038461538461 0.5432692307692307 0.028846153846153848 0.04326923076923077
2 0.5769230769230769 0.5625 0.036057692307692304 0.03125
2 0.5721153846153846 0.6117788461538461 0.036057692307692304 0.036057692307692304
2 0.546875 0.6382211538461539 0.028846153846153848 0.036057692307692304
2 0.5192307692307693 0.6346153846153846 0.021634615384615384 0.03365384615384615
2 0.5144230769230769 0.7091346153846154 0.028846153846153848 0.03125
2 0.53125 0.7692307692307693 0.021634615384615384 0.028846153846153848
2 0.5012019230769231 0.8161057692307693 0.02403846153846154 0.03365384615384615
2 0.4831730769230769 0.7403846153846154 0.026442307692307692 0.03125
2 0.45913461538461536 0.7103365384615384 0.021634615384615384 0.026442307692307692
2 0.43509615384615385 0.7668269230769231 0.021634615384615384 0.026442307692307692
2 0.4074519230769231 0.7740384615384616 0.026442307692307692 0.028846153846153848
2 0.37740384615384615 0.7632211538461539 0.02403846153846154 0.03125
2 0.3473557692307692 0.7632211538461539 0.028846153846153848 0.036057692307692304
2 0.36778846153846156 0.734375 0.021634615384615384 0.03125
2 0.38221153846153844 0.7199519230769231 0.026442307692307692 0.036057692307692304
2 0.4074519230769231 0.734375 0.021634615384615384 0.028846153846153848
2 0.43149038461538464 0.7319711538461539 0.02403846153846154 0.03365384615384615
2 0.4543269230769231 0.7307692307692307 0.021634615384615384 0.028846153846153848
2 0.33774038461538464 0.7163461538461539 0.02403846153846154 0.026442307692307692
2 0.3161057692307692 0.7355769230769231 0.026442307692307692 0.021634615384615384
2 0.29086538461538464 0.7463942307692307 0.02403846153846154 0.02403846153846154
2 0.26322115384615385 0.7319711538461539 0.02403846153846154 0.026442307692307692
2 0.2644230769230769 0.7103365384615384 0.02403846153846154 0.026442307692307692
2 0.3016826923076923 0.6790865384615384 0.02403846153846154 0.021634615384615384
2 0.3137019230769231 0.6550480769230769 0.02403846153846154 0.026442307692307692
2 0.28846153846153844 0.6574519230769231 0.02403846153846154 0.026442307692307692
2 0.2920673076923077 0.6225961538461539 0.026442307692307692 0.02403846153846154
2 0.26802884615384615 0.6213942307692307 0.02403846153846154 0.026442307692307692
2 0.25961538461538464 0.6694711538461539 0.02403846153846154 0.026442307692307692
2 0.24519230769230768 0.6598557692307693 0.02403846153846154 0.026442307692307692
2 0.23677884615384615 0.6935096153846154 0.026442307692307692 0.028846153846153848
2 0.23197115384615385 0.7548076923076923 0.021634615384615384 0.03125
2 0.21033653846153846 0.7439903846153846 0.019230769230769232 0.021634615384615384
2 0.21033653846153846 0.7067307692307693 0.026442307692307692 0.03125
2 0.21634615384615385 0.6622596153846154 0.021634615384615384 0.03365384615384615
2 0.22596153846153846 0.6310096153846154 0.02403846153846154 0.04326923076923077
2 0.20552884615384615 0.6334134615384616 0.021634615384615384 0.019230769230769232
2 0.19831730769230768 0.6165865384615384 0.028846153846153848 0.03125
2 0.17908653846153846 0.59375 0.019230769230769232 0.03365384615384615
2 0.16105769230769232 0.5600961538461539 0.021634615384615384 0.036057692307692304
2 0.14783653846153846 0.6286057692307693 0.026442307692307692 0.026442307692307692
2 0.14302884615384615 0.7091346153846154 0.02403846153846154 0.026442307692307692
2 0.18990384615384615 0.671875 0.028846153846153848 0.03125
2 0.1778846153846154 0.703125 0.026442307692307692 0.03125
2 0.18509615384615385 0.734375 0.026442307692307692 0.036057692307692304
2 0.15865384615384615 0.7259615384615384 0.026442307692307692 0.02403846153846154
2 0.12980769230769232 0.6370192307692307 0.02403846153846154 0.026442307692307692
2 0.12740384615384615 0.6574519230769231 0.028846153846153848 0.02403846153846154
2 0.09375 0.6550480769230769 0.02403846153846154 0.03365384615384615
2 0.12379807692307693 0.5793269230769231 0.02403846153846154 0.028846153846153848
2 0.13581730769230768 0.5504807692307693 0.021634615384615384 0.03365384615384615
2 0.11057692307692307 0.5420673076923077 0.026442307692307692 0.03125
2 0.1346153846153846 0.46634615384615385 0.016826923076923076 0.028846153846153848
2 0.7103365384615384 0.010817307692307692 0.014423076923076924 0.021634615384615384
2 0.7247596153846154 0.03245192307692308 0.019230769230769232 0.03125
2 0.7247596153846154 0.06971153846153846 0.019230769230769232 0.03125
2 0.7379807692307693 0.057692307692307696 0.014423076923076924 0.026442307692307692
2 0.7524038461538461 0.04567307692307692 0.019230769230769232 0.03365384615384615
2 0.7716346153846154 0.046875 0.019230769230769232 0.028846153846153848
2 0.7848557692307693 0.020432692307692308 0.016826923076923076 0.03365384615384615
2 0.7608173076923077 0.013221153846153846 0.019230769230769232 0.026442307692307692
2 0.7403846153846154 0.003605769230769231 0.014423076923076924 0.007211538461538462
2 0.8016826923076923 0.006009615384615385 0.021634615384615384 0.01201923076923077
2 0.8076923076923077 0.021634615384615384 0.019230769230769232 0.036057692307692304
2 0.8257211538461539 0.04807692307692308 0.021634615384615384 0.036057692307692304
2 0.8257211538461539 0.007211538461538462 0.016826923076923076 0.014423076923076924
2 0.8449519230769231 0.0673076923076923 0.014423076923076924 0.04326923076923077
2 0.8305288461538461 0.09615384615384616 0.021634615384615384 0.028846153846153848
2 0.8076923076923077 0.07451923076923077 0.021634615384615384 0.03365384615384615
2 0.7836538461538461 0.07211538461538461 0.019230769230769232 0.028846153846153848
2 0.7728365384615384 0.10817307692307693 0.019230769230769232 0.028846153846153848
2 0.7379807692307693 0.11057692307692307 0.021634615384615384 0.021634615384615384
2 0.7572115384615384 0.15384615384615385 0.016826923076923076 0.026442307692307692
2 0.7403846153846154 0.1658653846153846 0.016826923076923076 0.028846153846153848
2 0.7608173076923077 0.171875 0.02403846153846154 0.021634615384615384
2 0.7944711538461539 0.12620192307692307 0.019230769230769232 0.028846153846153848
2 0.8137019230769231 0.11899038461538461 0.016826923076923076 0.03125
2 0.8329326923076923 0.12860576923076922 0.016826923076923076 0.03365384615384615
2 0.8641826923076923 0.16947115384615385 0.021634615384615384 0.03365384615384615
2 0.84375 0.17548076923076922 0.016826923076923076 0.026442307692307692
2 0.8257211538461539 0.1875 0.021634615384615384 0.026442307692307692
2 0.8064903846153846 0.16826923076923078 0.016826923076923076 0.026442307692307692
2 0.7920673076923077 0.1875 0.019230769230769232 0.03125
2 0.78125 0.22716346153846154 0.021634615384615384 0.026442307692307692
2 0.7596153846153846 0.22956730769230768 0.014423076923076924 0.026442307692307692
2 0.7632211538461539 0.24519230769230768 0.016826923076923076 0.021634615384615384
2 0.78125 0.24759615384615385 0.016826923076923076 0.02403846153846154
2 0.8125 0.25841346153846156 0.016826923076923076 0.028846153846153848
2 0.8377403846153846 0.25240384615384615 0.019230769230769232 0.026442307692307692
2 0.8317307692307693 0.21514423076923078 0.019230769230769232 0.026442307692307692
2 0.8617788461538461 0.28846153846153844 0.021634615384615384 0.026442307692307692
2 0.859375 0.22596153846153846 0.016826923076923076 0.028846153846153848
2 0.8737980769230769 0.24759615384615385 0.016826923076923076 0.02403846153846154
2 0.7728365384615384 0.3737980769230769 0.016826923076923076 0.03125
2 0.7680288461538461 0.3401442307692308 0.014423076923076924 0.02403846153846154
2 0.7608173076923077 0.28966346153846156 0.019230769230769232 0.028846153846153848
2 0.7800480769230769 0.2920673076923077 0.019230769230769232 0.021634615384615384
2 0.7992788461538461 0.2860576923076923 0.016826923076923076 0.021634615384615384
2 0.7800480769230769 0.3137019230769231 0.021634615384615384 0.021634615384615384
2 0.8004807692307693 0.30649038461538464 0.016826923076923076 0.016826923076923076
2 0.8173076923076923 0.27403846153846156 0.016826923076923076 0.021634615384615384
2 0.8161057692307693 0.30528846153846156 0.01201923076923077 0.02403846153846154
2 0.8016826923076923 0.33413461538461536 0.016826923076923076 0.02403846153846154
2 0.8076923076923077 0.35697115384615385 0.014423076923076924 0.021634615384615384
2 0.7836538461538461 0.3425480769230769 0.014423076923076924 0.02403846153846154
2 0.7908653846153846 0.3557692307692308 0.016826923076923076 0.019230769230769232
2 0.8389423076923077 0.2956730769230769 0.019230769230769232 0.02403846153846154
2 0.8317307692307693 0.3173076923076923 0.016826923076923076 0.021634615384615384
2 0.8245192307692307 0.3473557692307692 0.019230769230769232 0.021634615384615384
2 0.8209134615384616 0.38461538461538464 0.019230769230769232 0.026442307692307692
2 0.8449519230769231 0.3329326923076923 0.016826923076923076 0.02403846153846154
2 0.8665865384615384 0.3473557692307692 0.019230769230769232 0.028846153846153848
2 0.8653846153846154 0.390625 0.016826923076923076 0.026442307692307692
2 0.8521634615384616 0.4170673076923077 0.021634615384615384 0.02403846153846154
2 0.8798076923076923 0.4014423076923077 0.016826923076923076 0.021634615384615384
2 0.8954326923076923 0.3641826923076923 0.021634615384615384 0.019230769230769232
2 0.8834134615384616 0.3293269230769231 0.021634615384615384 0.019230769230769232
2 0.9122596153846154 0.3737980769230769 0.014423076923076924 0.026442307692307692
2 0.8834134615384616 0.27163461538461536 0.019230769230769232 0.02403846153846154
2 0.9627403846153846 0.29447115384615385 0.03125 0.04567307692307692
2 0.984375 0.4387019230769231 0.03125 0.03365384615384615
2 0.953125 0.4519230769230769 0.03125 0.04807692307692308