2 0.3173076923076923 0.17548076923076922 0.014423076923076924 0.04326923076923077
2 0.32091346153846156 0.23557692307692307 0.016826923076923076 0.052884615384615384
2 0.37740384615384615 0.31971153846153844 0.016826923076923076 0.06490384615384616
2 0.4050480769230769 0.4014423076923077 0.019230769230769232 0.04807692307692308
2 0.484375 0.36177884615384615 0.021634615384615384 0.04807692307692308
2 0.4951923076923077 0.5180288461538461 0.019230769230769232 0.04326923076923077
2 0.35096153846153844 0.4651442307692308 0.021634615384615384 0.055288461538461536
2 0.3605769230769231 0.41346153846153844 0.021634615384615384 0.057692307692307696
2 0.22235576923076922 0.24519230769230768 0.02403846153846154 0.036057692307692304
2 0.055288461538461536 0.32091346153846156 0.01201923076923077 0.04567307692307692
2 0.03485576923076923 0.4579326923076923 0.019230769230769232 0.03365384615384615
2 0.12379807692307693 0.40024038461538464 0.014423076923076924 0.04326923076923077
2 0.0889423076923077 0.4266826923076923 0.01201923076923077 0.052884615384615384
2 0.051682692307692304 0.49399038461538464 0.016826923076923076 0.028846153846153848
2 0.026442307692307692 0.32091346153846156 0.01201923076923077 0.038461538461538464
2 0.004807692307692308 0.27524038461538464 0.009615384615384616 0.03365384615384615
2 0.16466346153846154 0.37259615384615385 0.014423076923076924 0.036057692307692304
2 0.18269230769230768 0.40865384615384615 0.021634615384615384 0.04807692307692308
2 0.1875 0.49399038461538464 0.02403846153846154 0.038461538461538464
2 0.13942307692307693 0.47475961538461536 0.014423076923076924 0.038461538461538464
2 0.12379807692307693 0.4651442307692308 0.016826923076923076 0.038461538461538464
2 0.21514423076923078 0.4206730769230769 0.019230769230769232 0.03365384615384615
2 0.2800480769230769 0.41947115384615385 0.014423076923076924 0.040865384615384616
2 0.2439903846153846 0.42908653846153844 0.021634615384615384 0.038461538461538464
2 0.24759615384615385 0.3317307692307692 0.021634615384615384 0.03365384615384615
2 0.23317307692307693 0.29086538461538464 0.009615384615384616 0.055288461538461536
2 0.28365384615384615 0.27524038461538464 0.021634615384615384 0.038461538461538464
2 0.4170673076923077 0.49759615384615385 0.026442307692307692 0.05048076923076923
2 0.3918269230769231 0.5480769230769231 0.021634615384615384 0.055288461538461536
2 0.34975961538461536 0.6887019230769231 0.01201923076923077 0.04807692307692308
2 0.4639423076923077 0.5877403846153846 0.02403846153846154 0.04326923076923077
2 0.5072115384615384 0.5721153846153846 0.02403846153846154 0.04326923076923077
2 0.5300480769230769 0.6201923076923077 0.021634615384615384 0.04326923076923077
2 0.5612980769230769 0.6225961538461539 0.016826923076923076 0.05048076923076923
2 0.5144230769230769 0.7944711538461539 0.019230769230769232 0.04326923076923077
2 0.4831730769230769 0.6550480769230769 0.021634615384615384 0.04326923076923077
2 0.41947115384615385 0.6742788461538461 0.019230769230769232 0.038461538461538464
2 0.32211538461538464 0.49759615384615385 0.021634615384615384 0.04807692307692308
2 0.27884615384615385 0.5649038461538461 0.016826923076923076 0.04807692307692308
2 0.203125 0.6021634615384616 0.009615384615384616 0.03365384615384615
2 0.26802884615384615 0.5120192307692307 0.021634615384615384 0.04807692307692308
2 0.23798076923076922 0.5144230769230769 0.019230769230769232 0.040865384615384616
2 0.20432692307692307 0.35697115384615385 0.016826923076923076 0.038461538461538464
2 0.3004807692307692 0.36778846153846156 0.019230769230769232 0.05048076923076923
2 0.3269230769230769 0.3545673076923077 0.014423076923076924 0.052884615384615384
2 0.34134615384615385 0.5372596153846154 0.016826923076923076 0.05048076923076923
2 0.4098557692307692 0.44350961538461536 0.02403846153846154 0.04326923076923077
2 0.30408653846153844 0.6201923076923077 0.014423076923076924 0.04326923076923077
2 0.32091346153846156 0.6790865384615384 0.016826923076923076 0.04326923076923077
2 0.25721153846153844 0.6478365384615384 0.019230769230769232 0.04807692307692308
2 0.20793269230769232 0.5300480769230769 0.01201923076923077 0.04326923076923077
2 0.4182692307692308 0.6081730769230769 0.014423076923076924 0.038461538461538464
2 0.5384615384615384 0.8629807692307693 0.01201923076923077 0.04807692307692308
2 0.5576923076923077 0.7091346153846154 0.021634615384615384 0.038461538461538464
2 0.5036057692307693 0.6694711538461539 0.021634615384615384 0.057692307692307696
2 0.29086538461538464 0.4651442307692308 0.014423076923076924 0.03365384615384615
2 0.3449519230769231 0.26802884615384615 0.021634615384615384 0.05048076923076923
2 0.3233173076923077 0.5745192307692307 0.014423076923076924 0.04807692307692308
2 0.39903846153846156 0.6346153846153846 0.016826923076923076 0.04326923076923077
2 0.36899038461538464 0.46033653846153844 0.021634615384615384 0.055288461538461536
2 0.2692307692307692 0.7355769230769231 0.016826923076923076 0.021634615384615384
2 0.22596153846153846 0.640625 0.016826923076923076 0.038461538461538464
2 0.28365384615384615 0.8064903846153846 0.016826923076923076 0.04807692307692308
2 0.3557692307692308 0.7451923076923077 0.026442307692307692 0.028846153846153848
2 0.3713942307692308 0.8052884615384616 0.016826923076923076 0.036057692307692304
2 0.30408653846153844 0.7067307692307693 0.016826923076923076 0.04326923076923077
2 0.2608173076923077 0.578125 0.016826923076923076 0.040865384615384616
2 0.44591346153846156 0.5865384615384616 0.021634615384615384 0.0625
2 0.4411057692307692 0.7199519230769231 0.028846153846153848 0.06009615384615385
2 0.3173076923076923 0.8689903846153846 0.016826923076923076 0.038461538461538464
2 0.31971153846153844 0.8197115384615384 0.019230769230769232 0.03125
2 0.3858173076923077 0.7199519230769231 0.021634615384615384 0.04326923076923077
2 0.4795673076923077 0.7475961538461539 0.014423076923076924 0.040865384615384616
2 0.5252403846153846 0.7536057692307693 0.019230769230769232 0.04326923076923077
2 0.4723557692307692 0.7163461538461539 0.014423076923076924 0.036057692307692304
2 0.43149038461538464 0.796875 0.021634615384615384 0.04807692307692308
2 0.45913461538461536 0.8473557692307693 0.019230769230769232 0.03365384615384615
2 0.36899038461538464 0.8449519230769231 0.021634615384615384 0.038461538461538464
2 0.3425480769230769 0.8617788461538461 0.016826923076923076 0.03365384615384615
2 0.44471153846153844 0.9579326923076923 0.019230769230769232 0.03365384615384615
2 0.5120192307692307 0.9435096153846154 0.019230769230769232 0.038461538461538464
2 0.5036057692307693 0.8473557692307693 0.019230769230769232 0.03365384615384615
2 0.5721153846153846 0.8004807692307693 0.028846153846153848 0.04807692307692308
2 0.5901442307692307 0.8425480769230769 0.014423076923076924 0.04807692307692308
2 0.5817307692307693 0.9603365384615384 0.019230769230769232 0.04326923076923077
2 0.6165865384615384 0.9423076923076923 0.016826923076923076 0.04326923076923077
2 0.8461538461538461 0.6358173076923077 0.026442307692307692 0.038461538461538464
2 0.8040865384615384 0.6045673076923077 0.016826923076923076 0.04326923076923077
2 0.8245192307692307 0.6141826923076923 0.014423076923076924 0.06009615384615385
2 0.828125 0.6875 0.021634615384615384 0.03365384615384615
2 0.8737980769230769 0.7103365384615384 0.016826923076923076 0.03365384615384615
2 0.7872596153846154 0.6862980769230769 0.016826923076923076 0.03365384615384615
2 0.9002403846153846 0.7692307692307693 0.02403846153846154 0.052884615384615384
2 0.84375 0.7235576923076923 0.021634615384615384 0.04326923076923077
2 0.8569711538461539 0.7872596153846154 0.02403846153846154 0.038461538461538464
2 0.7716346153846154 0.7776442307692307 0.016826923076923076 0.028846153846153848
2 0.8221153846153846 0.7475961538461539 0.019230769230769232 0.03365384615384615
2 0.8894230769230769 0.8353365384615384 0.016826923076923076 0.03125
2 0.9290865384615384 0.8257211538461539 0.019230769230769232 0.038461538461538464
2 0.9387019230769231 0.9158653846153846 0.016826923076923076 0.038461538461538464
2 0.7608173076923077 0.8713942307692307 0.014423076923076924 0.03365384615384615
2 0.8004807692307693 0.8798076923076923 0.019230769230769232 0.04567307692307692
2 0.7427884615384616 0.8088942307692307 0.016826923076923076 0.028846153846153848
2 0.7055288461538461 0.9266826923076923 0.014423076923076924 0.03125
2 0.7704326923076923 0.8353365384615384 0.016826923076923076 0.03365384615384615
2 0.8870192307692307 0.9098557692307693 0.021634615384615384 0.036057692307692304
2 0.90625 0.8161057692307693 0.02403846153846154 0.03365384615384615
2 0.8341346153846154 0.8088942307692307 0.016826923076923076 0.028846153846153848
2 0.7956730769230769 0.7704326923076923 0.016826923076923076 0.028846153846153848
2 0.9086538461538461 0.8966346153846154 0.014423076923076924 0.026442307692307692
2 0.8497596153846154 0.8858173076923077 0.021634615384615384 0.03125
2 0.8317307692307693 0.8425480769230769 0.01201923076923077 0.04326923076923077
2 0.8605769230769231 0.9747596153846154 0.028846153846153848 0.03365384615384615
2 0.9074519230769231 0.9579326923076923 0.019230769230769232 0.036057692307692304
2 0.9326923076923077 0.9735576923076923 0.019230769230769232 0.052884615384615384
2 0.7295673076923077 0.8413461538461539 0.01201923076923077 0.021634615384615384
2 0.7379807692307693 0.96875 0.01201923076923077 0.026442307692307692
2 0.7487980769230769 0.9314903846153846 0.01201923076923077 0.036057692307692304
2 0.7620192307692307 0.9543269230769231 0.01201923076923077 0.038461538461538464
2 0.7800480769230769 0.9627403846153846 0.016826923076923076 0.038461538461538464
2 0.8209134615384616 0.9122596153846154 0.016826923076923076 0.038461538461538464