2 0.12379807692307693 0.7235576923076923 0.01201923076923077 0.019230769230769232
2 0.22115384615384615 0.7584134615384616 0.004807692307692308 0.016826923076923076
2 0.2403846153846154 0.8028846153846154 0.01201923076923077 0.019230769230769232
2 0.23557692307692307 0.8485576923076923 0.01201923076923077 0.026442307692307692
2 0.4266826923076923 0.6045673076923077 0.009615384615384616 0.021634615384615384
2 0.3894230769230769 0.6225961538461539 0.01201923076923077 0.019230769230769232
2 0.43509615384615385 0.6862980769230769 0.014423076923076924 0.021634615384615384
2 0.41466346153846156 0.6694711538461539 0.009615384615384616 0.028846153846153848
2 0.17908653846153846 0.7716346153846154 0.009615384615384616 0.04326923076923077
2 0.14423076923076922 0.7367788461538461 0.014423076923076924 0.021634615384615384
2 0.5096153846153846 0.7572115384615384 0.009615384615384616 0.019230769230769232
2 0.5228365384615384 0.7836538461538461 0.01201923076923077 0.026442307692307692
2 0.4699519230769231 0.6682692307692307 0.01201923076923077 0.026442307692307692
2 0.29086538461538464 0.7776442307692307 0.009615384615384616 0.021634615384615384
2 0.3713942307692308 0.6177884615384616 0.014423076923076924 0.019230769230769232
2 0.3557692307692308 0.5985576923076923 0.01201923076923077 0.014423076923076924
2 0.2764423076923077 0.7524038461538461 0.009615384615384616 0.014423076923076924
2 0.375 0.7391826923076923 0.01201923076923077 0.016826923076923076
2 0.48677884615384615 0.7235576923076923 0.014423076923076924 0.02403846153846154
2 0.5180288461538461 0.8353365384615384 0.007211538461538462 0.019230769230769232
2 0.39302884615384615 0.78125 0.009615384615384616 0.014423076923076924
2 0.22115384615384615 0.8341346153846154 0.014423076923076924 0.016826923076923076
2 0.1622596153846154 0.7283653846153846 0.009615384615384616 0.01201923076923077
2 0.6141826923076923 0.6105769230769231 0.007211538461538462 0.014423076923076924
2 0.32091346153846156 0.6526442307692307 0.007211538461538462 0.014423076923076924
2 0.23317307692307693 0.7824519230769231 0.009615384615384616 0.016826923076923076
2 0.10336538461538461 0.7524038461538461 0.01201923076923077 0.02403846153846154
2 0.08052884615384616 0.8629807692307693 0.007211538461538462 0.021634615384615384
2 0.08413461538461539 0.8040865384615384 0.007211538461538462 0.007211538461538462
2 0.15865384615384615 0.7596153846153846 0.009615384615384616 0.019230769230769232
2 0.31009615384615385 0.7067307692307693 0.009615384615384616 0.026442307692307692
2 0.3870192307692308 0.6658653846153846 0.009615384615384616 0.03125
2 0.4483173076923077 0.8485576923076923 0.009615384615384616 0.021634615384615384
2 0.3161057692307692 0.7620192307692307 0.01201923076923077 0.02403846153846154
2 0.35096153846153844 0.6442307692307693 0.009615384615384616 0.014423076923076924
2 0.20552884615384615 0.7788461538461539 0.014423076923076924 0.019230769230769232
2 0.21634615384615385 0.8040865384615384 0.007211538461538462 0.021634615384615384
2 0.12379807692307693 0.8149038461538461 0.009615384615384616 0.016826923076923076
2 0.10336538461538461 0.7896634615384616 0.009615384615384616 0.016826923076923076
2 0.19230769230769232 0.7644230769230769 0.009615384615384616 0.014423076923076924
2 0.1814903846153846 0.8257211538461539 0.007211538461538462 0.019230769230769232
2 0.19951923076923078 0.8665865384615384 0.009615384615384616 0.02403846153846154
2 0.19831730769230768 0.8221153846153846 0.01201923076923077 0.016826923076923076
2 0.15384615384615385 0.8076923076923077 0.009615384615384616 0.019230769230769232
2 0.09254807692307693 0.8509615384615384 0.009615384615384616 0.016826923076923076
2 0.17307692307692307 0.8173076923076923 0.007211538461538462 0.016826923076923076
2 0.140625 0.8100961538461539 0.009615384615384616 0.014423076923076924
2 0.4074519230769231 0.6923076923076923 0.009615384615384616 0.019230769230769232
2 0.13581730769230768 0.8377403846153846 0.01201923076923077 0.01201923076923077
2 0.3329326923076923 0.6442307692307693 0.009615384615384616 0.021634615384615384
2 0.4483173076923077 0.6634615384615384 0.01201923076923077 0.021634615384615384
2 0.47475961538461536 0.765625 0.009615384615384616 0.01201923076923077
2 0.38221153846153844 0.7824519230769231 0.007211538461538462 0.021634615384615384
2 0.08774038461538461 0.8185096153846154 0.014423076923076924 0.02403846153846154
2 0.1814903846153846 0.8497596153846154 0.009615384615384616 0.019230769230769232
2 0.40865384615384615 0.8353365384615384 0.004807692307692308 0.01201923076923077
2 0.33533653846153844 0.7115384615384616 0.01201923076923077 0.021634615384615384
2 0.3713942307692308 0.6538461538461539 0.01201923076923077 0.016826923076923076
2 0.3629807692307692 0.671875 0.009615384615384616 0.02403846153846154
2 0.3557692307692308 0.7055288461538461 0.009615384615384616 0.03125
2 0.3425480769230769 0.7391826923076923 0.014423076923076924 0.021634615384615384
2 0.3858173076923077 0.7067307692307693 0.007211538461538462 0.016826923076923076
2 0.6322115384615384 0.6213942307692307 0.004807692307692308 0.01201923076923077
2 0.6454326923076923 0.6514423076923077 0.007211538461538462 0.016826923076923076
2 0.5997596153846154 0.5925480769230769 0.007211538461538462 0.019230769230769232
2 0.6021634615384616 0.7043269230769231 0.007211538461538462 0.01201923076923077
2 0.453125 0.6983173076923077 0.009615384615384616 0.026442307692307692
2 0.4206730769230769 0.734375 0.014423076923076924 0.026442307692307692
2 0.2920673076923077 0.7271634615384616 0.016826923076923076 0.019230769230769232
2 0.3389423076923077 0.6766826923076923 0.01201923076923077 0.02403846153846154
2 0.34375 0.7716346153846154 0.01201923076923077 0.019230769230769232
2 0.44591346153846156 0.7403846153846154 0.01201923076923077 0.028846153846153848
2 0.47475961538461536 0.8100961538461539 0.009615384615384616 0.026442307692307692
2 0.5913461538461539 0.5733173076923077 0.009615384615384616 0.021634615384615384
2 0.484375 0.7920673076923077 0.009615384615384616 0.019230769230769232
2 0.12620192307692307 0.7932692307692307 0.01201923076923077 0.019230769230769232
2 0.11778846153846154 0.7524038461538461 0.009615384615384616 0.014423076923076924
2 0.27283653846153844 0.7920673076923077 0.009615384615384616 0.019230769230769232
2 0.34615384615384615 0.8004807692307693 0.007211538461538462 0.02403846153846154
2 0.38221153846153844 0.8473557692307693 0.009615384615384616 0.02403846153846154
2 0.4050480769230769 0.7716346153846154 0.01201923076923077 0.019230769230769232
2 0.3713942307692308 0.7872596153846154 0.007211538461538462 0.021634615384615384
2 0.45072115384615385 0.796875 0.01201923076923077 0.019230769230769232
2 0.6225961538461539 0.6274038461538461 0.009615384615384616 0.021634615384615384
2 0.6033653846153846 0.671875 0.01201923076923077 0.02403846153846154
2 0.5829326923076923 0.6069711538461539 0.016826923076923076 0.021634615384615384
2 0.6370192307692307 0.7043269230769231 0.009615384615384616 0.021634615384615384
2 0.5612980769230769 0.65625 0.009615384615384616 0.021634615384615384
2 0.5588942307692307 0.7620192307692307 0.007211538461538462 0.014423076923076924
2 0.5733173076923077 0.6899038461538461 0.002403846153846154 0.01201923076923077
2 0.42908653846153844 0.7596153846153846 0.009615384615384616 0.019230769230769232
2 0.46153846153846156 0.7740384615384616 0.007211538461538462 0.019230769230769232
2 0.6105769230769231 0.7235576923076923 0.004807692307692308 0.014423076923076924
2 0.6201923076923077 0.7331730769230769 0.009615384615384616 0.016826923076923076
2 0.6189903846153846 0.7067307692307693 0.007211538461538462 0.016826923076923076
2 0.5540865384615384 0.7127403846153846 0.004807692307692308 0.01201923076923077
2 0.5877403846153846 0.7019230769230769 0.002403846153846154 0.021634615384615384
2 0.5649038461538461 0.5757211538461539 0.01201923076923077 0.021634615384615384
2 0.5805288461538461 0.5769230769230769 0.007211538461538462 0.019230769230769232
2 0.6033653846153846 0.7716346153846154 0.01201923076923077 0.014423076923076924