2 0.13822115384615385 0.7067307692307693 0.019230769230769232 0.028846153846153848
2 0.1778846153846154 0.7103365384615384 0.016826923076923076 0.03125
2 0.20192307692307693 0.7007211538461539 0.014423076923076924 0.016826923076923076
2 0.2403846153846154 0.7115384615384616 0.016826923076923076 0.021634615384615384
2 0.07572115384615384 0.7355769230769231 0.01201923076923077 0.019230769230769232
2 0.11057692307692307 0.75 0.009615384615384616 0.019230769230769232
2 0.09014423076923077 0.8293269230769231 0.016826923076923076 0.021634615384615384
2 0.03365384615384615 0.7692307692307693 0.014423076923076924 0.026442307692307692
2 0.20673076923076922 0.7391826923076923 0.016826923076923076 0.026442307692307692
2 0.06850961538461539 0.8882211538461539 0.021634615384615384 0.03125
2 0.1201923076923077 0.8293269230769231 0.021634615384615384 0.021634615384615384
2 0.24879807692307693 0.7403846153846154 0.019230769230769232 0.019230769230769232
2 0.28966346153846156 0.734375 0.016826923076923076 0.021634615384615384
2 0.29086538461538464 0.7872596153846154 0.016826923076923076 0.021634615384615384
2 0.15384615384615385 0.7764423076923077 0.019230769230769232 0.026442307692307692
2 0.625 0.4639423076923077 0.014423076923076924 0.019230769230769232
2 0.30528846153846156 0.8341346153846154 0.019230769230769232 0.019230769230769232
2 0.20432692307692307 0.8425480769230769 0.019230769230769232 0.026442307692307692
2 0.015625 0.8497596153846154 0.014423076923076924 0.038461538461538464
2 0.16706730769230768 0.8978365384615384 0.016826923076923076 0.036057692307692304
2 0.15504807692307693 0.8377403846153846 0.016826923076923076 0.021634615384615384
2 0.2620192307692308 0.8161057692307693 0.019230769230769232 0.02403846153846154
2 0.20793269230769232 0.8725961538461539 0.019230769230769232 0.02403846153846154
2 0.11658653846153846 0.8966346153846154 0.016826923076923076 0.028846153846153848
2 0.04567307692307692 0.8713942307692307 0.01201923076923077 0.026442307692307692
2 0.16105769230769232 0.7463942307692307 0.019230769230769232 0.02403846153846154
2 0.19110576923076922 0.7512019230769231 0.01201923076923077 0.021634615384615384
2 0.23677884615384615 0.8665865384615384 0.021634615384615384 0.028846153846153848
2 0.06610576923076923 0.8209134615384616 0.016826923076923076 0.026442307692307692
2 0.078125 0.7752403846153846 0.019230769230769232 0.026442307692307692
2 0.052884615384615384 0.8425480769230769 0.021634615384615384 0.026442307692307692
2 0.20552884615384615 0.7704326923076923 0.021634615384615384 0.026442307692307692
2 0.22115384615384615 0.8076923076923077 0.021634615384615384 0.028846153846153848
2 0.22956730769230768 0.7740384615384616 0.016826923076923076 0.028846153846153848
2 0.30408653846153844 0.7487980769230769 0.01201923076923077 0.021634615384615384
2 0.1346153846153846 0.8689903846153846 0.019230769230769232 0.036057692307692304
2 0.15865384615384615 0.9759615384615384 0.021634615384615384 0.02403846153846154
2 0.07091346153846154 0.9519230769230769 0.01201923076923077 0.038461538461538464
2 0.17908653846153846 0.7884615384615384 0.016826923076923076 0.028846153846153848
2 0.02283653846153846 0.9026442307692307 0.028846153846153848 0.028846153846153848
2 0.018028846153846152 0.9278846153846154 0.021634615384615384 0.038461538461538464
2 0.109375 0.9338942307692307 0.019230769230769232 0.028846153846153848
2 0.04567307692307692 0.9026442307692307 0.021634615384615384 0.03365384615384615
2 0.4951923076923077 0.5288461538461539 0.019230769230769232 0.03125
2 0.5504807692307693 0.46033653846153844 0.01201923076923077 0.036057692307692304
2 0.47115384615384615 0.5757211538461539 0.021634615384615384 0.019230769230769232
2 0.4362980769230769 0.6370192307692307 0.01201923076923077 0.02403846153846154
2 0.6370192307692307 0.5276442307692307 0.01201923076923077 0.019230769230769232
2 0.5036057692307693 0.6141826923076923 0.014423076923076924 0.016826923076923076
2 0.5673076923076923 0.5084134615384616 0.019230769230769232 0.028846153846153848
2 0.5456730769230769 0.5084134615384616 0.01201923076923077 0.014423076923076924
2 0.390625 0.6634615384615384 0.021634615384615384 0.026442307692307692
2 0.41346153846153844 0.6814903846153846 0.016826923076923076 0.028846153846153848
2 0.4375 0.7139423076923077 0.019230769230769232 0.026442307692307692
2 0.48197115384615385 0.6742788461538461 0.014423076923076924 0.021634615384615384
2 0.40625 0.7271634615384616 0.019230769230769232 0.019230769230769232
2 0.3954326923076923 0.7403846153846154 0.016826923076923076 0.016826923076923076
2 0.546875 0.5372596153846154 0.019230769230769232 0.02403846153846154
2 0.6262019230769231 0.5504807692307693 0.01201923076923077 0.02403846153846154
2 0.6514423076923077 0.6141826923076923 0.01201923076923077 0.028846153846153848
2 0.6682692307692307 0.5817307692307693 0.01201923076923077 0.019230769230769232
2 0.53125 0.5817307692307693 0.014423076923076924 0.021634615384615384
2 0.4891826923076923 0.6358173076923077 0.014423076923076924 0.026442307692307692
2 0.4675480769230769 0.6057692307692307 0.021634615384615384 0.03365384615384615
2 0.4639423076923077 0.6454326923076923 0.019230769230769232 0.026442307692307692
2 0.5757211538461539 0.5528846153846154 0.019230769230769232 0.028846153846153848
2 0.59375 0.6201923076923077 0.01201923076923077 0.028846153846153848
2 0.5228365384615384 0.6322115384615384 0.01201923076923077 0.019230769230769232
2 0.546875 0.6310096153846154 0.01201923076923077 0.028846153846153848
2 0.6682692307692307 0.6346153846153846 0.021634615384615384 0.021634615384615384
2 0.5625 0.6899038461538461 0.016826923076923076 0.016826923076923076
2 0.5600961538461539 0.5973557692307693 0.014423076923076924 0.021634615384615384
2 0.5192307692307693 0.6670673076923077 0.019230769230769232 0.03365384615384615
2 0.4699519230769231 0.7379807692307693 0.016826923076923076 0.019230769230769232
2 0.5240384615384616 0.5192307692307693 0.016826923076923076 0.028846153846153848
2 0.5805288461538461 0.4699519230769231 0.019230769230769232 0.021634615384615384
2 0.5973557692307693 0.4723557692307692 0.014423076923076924 0.026442307692307692
2 0.6069711538461539 0.49038461538461536 0.014423076923076924 0.040865384615384616
2 0.6165865384615384 0.6610576923076923 0.016826923076923076 0.03365384615384615
2 0.6598557692307693 0.7079326923076923 0.016826923076923076 0.026442307692307692
2 0.5060096153846154 0.7007211538461539 0.01201923076923077 0.028846153846153848