2 0.22956730769230768 0.9699519230769231 0.021634615384615384 0.021634615384615384
2 0.2403846153846154 0.9338942307692307 0.028846153846153848 0.021634615384615384
2 0.23076923076923078 0.8822115384615384 0.02403846153846154 0.02403846153846154
2 0.24278846153846154 0.8461538461538461 0.02403846153846154 0.02403846153846154
2 0.2403846153846154 0.8257211538461539 0.028846153846153848 0.01201923076923077
2 0.23076923076923078 0.8028846153846154 0.019230769230769232 0.019230769230769232
2 0.18509615384615385 0.7848557692307693 0.02403846153846154 0.014423076923076924
2 0.1971153846153846 0.7704326923076923 0.019230769230769232 0.01201923076923077
2 0.20673076923076922 0.7367788461538461 0.019230769230769232 0.021634615384615384
2 0.17307692307692307 0.7295673076923077 0.02403846153846154 0.02403846153846154
2 0.171875 0.7151442307692307 0.019230769230769232 0.007211538461538462
2 0.11778846153846154 0.7560096153846154 0.019230769230769232 0.021634615384615384
2 0.12259615384615384 0.7319711538461539 0.019230769230769232 0.021634615384615384
2 0.06009615384615385 0.9146634615384616 0.02403846153846154 0.016826923076923076
2 0.17307692307692307 0.8653846153846154 0.019230769230769232 0.019230769230769232
2 0.1875 0.8425480769230769 0.019230769230769232 0.019230769230769232
2 0.1466346153846154 0.9098557692307693 0.02403846153846154 0.021634615384615384
2 0.19471153846153846 0.9050480769230769 0.028846153846153848 0.016826923076923076
2 0.17908653846153846 0.9723557692307693 0.03125 0.016826923076923076
2 0.20192307692307693 0.9939903846153846 0.014423076923076924 0.01201923076923077
2 0.20432692307692307 0.9927884615384616 0.019230769230769232 0.014423076923076924
2 0.18028846153846154 0.9951923076923077 0.014423076923076924 0.009615384615384616
2 0.13942307692307693 0.9927884615384616 0.02403846153846154 0.014423076923076924
2 0.06971153846153846 0.9915865384615384 0.019230769230769232 0.016826923076923076
2 0.07932692307692307 0.9939903846153846 0.02403846153846154 0.01201923076923077
2 0.1466346153846154 0.9615384615384616 0.02403846153846154 0.009615384615384616
2 0.11538461538461539 0.9266826923076923 0.02403846153846154 0.02403846153846154
2 0.11658653846153846 0.9002403846153846 0.021634615384615384 0.019230769230769232
2 0.12860576923076922 0.8810096153846154 0.03125 0.016826923076923076
2 0.15144230769230768 0.84375 0.02403846153846154 0.019230769230769232
2 0.17548076923076922 0.8209134615384616 0.019230769230769232 0.019230769230769232
2 0.21153846153846154 0.8149038461538461 0.028846153846153848 0.019230769230769232
2 0.18629807692307693 0.8016826923076923 0.019230769230769232 0.014423076923076924
2 0.16706730769230768 0.8028846153846154 0.01201923076923077 0.014423076923076924
2 0.14302884615384615 0.7920673076923077 0.021634615384615384 0.021634615384615384
2 0.13942307692307693 0.8125 0.02403846153846154 0.014423076923076924
2 0.1658653846153846 0.7764423076923077 0.019230769230769232 0.009615384615384616
2 0.1502403846153846 0.7680288461538461 0.016826923076923076 0.016826923076923076
2 0.17427884615384615 0.7536057692307693 0.019230769230769232 0.019230769230769232
2 0.15504807692307693 0.7439903846153846 0.016826923076923076 0.016826923076923076
2 0.09134615384615384 0.7752403846153846 0.019230769230769232 0.021634615384615384
2 0.025240384615384616 0.7584134615384616 0.016826923076923076 0.01201923076923077
2 0.07451923076923077 0.7355769230769231 0.028846153846153848 0.014423076923076924
2 0.09975961538461539 0.828125 0.03125 0.016826923076923076
2 0.027644230769230768 0.8016826923076923 0.021634615384615384 0.021634615384615384
2 0.013221153846153846 0.8377403846153846 0.021634615384615384 0.021634615384615384
2 0.056490384615384616 0.8449519230769231 0.036057692307692304 0.021634615384615384
2 0.03245192307692308 0.8641826923076923 0.036057692307692304 0.021634615384615384
2 0.11778846153846154 0.8533653846153846 0.019230769230769232 0.019230769230769232
2 0.09735576923076923 0.8701923076923077 0.02403846153846154 0.014423076923076924
2 0.0829326923076923 0.890625 0.03125 0.016826923076923076
2 0.037259615384615384 0.8870192307692307 0.026442307692307692 0.014423076923076924
2 0.019230769230769232 0.9387019230769231 0.028846153846153848 0.021634615384615384
2 0.055288461538461536 0.9543269230769231 0.028846153846153848 0.019230769230769232
2 0.007211538461538462 0.9603365384615384 0.014423076923076924 0.019230769230769232
2 0.01201923076923077 0.9951923076923077 0.02403846153846154 0.009615384615384616
2 0.02283653846153846 0.9927884615384616 0.016826923076923076 0.014423076923076924
2 0.04326923076923077 0.9939903846153846 0.028846153846153848 0.01201923076923077
2 0.06129807692307692 0.9939903846153846 0.021634615384615384 0.01201923076923077
2 0.009615384615384616 0.9951923076923077 0.014423076923076924 0.009615384615384616
2 0.07091346153846154 0.7872596153846154 0.03125 0.03125
2 0.1466346153846154 0.9939903846153846 0.02403846153846154 0.01201923076923077
2 0.12620192307692307 0.9939903846153846 0.016826923076923076 0.01201923076923077
2 0.09495192307692307 0.9939903846153846 0.036057692307692304 0.01201923076923077
2 0.051682692307692304 0.9915865384615384 0.021634615384615384 0.016826923076923076
2 0.042067307692307696 0.9735576923076923 0.021634615384615384 0.02403846153846154
2 0.14182692307692307 0.7115384615384616 0.02403846153846154 0.019230769230769232
2 0.054086538461538464 0.7055288461538461 0.021634615384615384 0.021634615384615384
2 0.5612980769230769 0.3870192307692308 0.02403846153846154 0.02403846153846154
2 0.5432692307692307 0.35096153846153844 0.019230769230769232 0.019230769230769232
2 0.5492788461538461 0.32572115384615385 0.026442307692307692 0.014423076923076924
2 0.5300480769230769 0.3161057692307692 0.026442307692307692 0.016826923076923076
2 0.5600961538461539 0.28966346153846156 0.028846153846153848 0.014423076923076924
2 0.5036057692307693 0.40024038461538464 0.021634615384615384 0.019230769230769232
2 0.4879807692307692 0.421875 0.014423076923076924 0.016826923076923076
2 0.4675480769230769 0.4387019230769231 0.021634615384615384 0.021634615384615384
2 0.47475961538461536 0.46274038461538464 0.021634615384615384 0.014423076923076924
2 0.4326923076923077 0.4723557692307692 0.028846153846153848 0.016826923076923076
2 0.4098557692307692 0.49038461538461536 0.021634615384615384 0.019230769230769232
2 0.36899038461538464 0.5 0.021634615384615384 0.019230769230769232
2 0.31850961538461536 0.5024038461538461 0.021634615384615384 0.014423076923076924
2 0.29927884615384615 0.5240384615384616 0.021634615384615384 0.014423076923076924
2 0.31490384615384615 0.5432692307692307 0.02403846153846154 0.014423076923076924
2 0.2668269230769231 0.5528846153846154 0.014423076923076924 0.014423076923076924
2 0.26322115384615385 0.5685096153846154 0.016826923076923076 0.016826923076923076
2 0.28966346153846156 0.6009615384615384 0.019230769230769232 0.014423076923076924
2 0.19471153846153846 0.6021634615384616 0.019230769230769232 0.021634615384615384
2 0.21033653846153846 0.5817307692307693 0.019230769230769232 0.009615384615384616
2 0.23076923076923078 0.5408653846153846 0.019230769230769232 0.014423076923076924
2 0.2860576923076923 0.5024038461538461 0.02403846153846154 0.014423076923076924
2 0.2776442307692308 0.47836538461538464 0.026442307692307692 0.014423076923076924
2 0.2091346153846154 0.5564903846153846 0.02403846153846154 0.016826923076923076
2 0.18389423076923078 0.49278846153846156 0.021634615384615384 0.014423076923076924
2 0.17427884615384615 0.53125 0.021634615384615384 0.019230769230769232
2 0.23918269230769232 0.5084134615384616 0.021634615384615384 0.01201923076923077
2 0.33052884615384615 0.47475961538461536 0.026442307692307692 0.014423076923076924
2 0.35336538461538464 0.44711538461538464 0.014423076923076924 0.014423076923076924
2 0.36899038461538464 0.43028846153846156 0.016826923076923076 0.019230769230769232
2 0.40384615384615385 0.4110576923076923 0.019230769230769232 0.014423076923076924
2 0.4338942307692308 0.4182692307692308 0.016826923076923076 0.014423076923076924
2 0.46153846153846156 0.39302884615384615 0.014423076923076924 0.016826923076923076
2 0.3762019230769231 0.48197115384615385 0.026442307692307692 0.014423076923076924
2 0.27283653846153844 0.53125 0.026442307692307692 0.014423076923076924
2 0.26802884615384615 0.5180288461538461 0.016826923076923076 0.007211538461538462
2 0.45552884615384615 0.37259615384615385 0.03125 0.014423076923076924
2 0.43028846153846156 0.35216346153846156 0.019230769230769232 0.021634615384615384
2 0.4807692307692308 0.2860576923076923 0.019230769230769232 0.014423076923076924
2 0.47596153846153844 0.265625 0.019230769230769232 0.01201923076923077
2 0.4723557692307692 0.23918269230769232 0.019230769230769232 0.01201923076923077
2 0.39302884615384615 0.23076923076923078 0.016826923076923076 0.009615384615384616
2 0.3425480769230769 0.22235576923076922 0.01201923076923077 0.01201923076923077
2 0.3173076923076923 0.22716346153846154 0.014423076923076924 0.016826923076923076
2 0.3004807692307692 0.234375 0.019230769230769232 0.01201923076923077
2 0.28125 0.24759615384615385 0.019230769230769232 0.009615384615384616
2 0.26322115384615385 0.24519230769230768 0.01201923076923077 0.009615384615384616
2 0.2247596153846154 0.24158653846153846 0.01201923076923077 0.01201923076923077
2 0.2403846153846154 0.2668269230769231 0.019230769230769232 0.009615384615384616
2 0.23557692307692307 0.2860576923076923 0.019230769230769232 0.014423076923076924
2 0.23677884615384615 0.30528846153846156 0.016826923076923076 0.009615384615384616
2 0.20793269230769232 0.3076923076923077 0.021634615384615384 0.014423076923076924
2 0.24278846153846154 0.32572115384615385 0.014423076923076924 0.01201923076923077
2 0.2283653846153846 0.3401442307692308 0.019230769230769232 0.01201923076923077
2 0.21634615384615385 0.34975961538461536 0.028846153846153848 0.01201923076923077
2 0.203125 0.3954326923076923 0.016826923076923076 0.016826923076923076
2 0.2247596153846154 0.3918269230769231 0.016826923076923076 0.014423076923076924
2 0.17427884615384615 0.4050480769230769 0.021634615384615384 0.02403846153846154
2 0.14543269230769232 0.4254807692307692 0.021634615384615384 0.019230769230769232
2 0.11899038461538461 0.42427884615384615 0.016826923076923076 0.014423076923076924
2 0.09014423076923077 0.42427884615384615 0.021634615384615384 0.016826923076923076
2 0.10096153846153846 0.4411057692307692 0.02403846153846154 0.016826923076923076
2 0.5036057692307693 0.3641826923076923 0.021634615384615384 0.021634615384615384
2 0.5096153846153846 0.34615384615384615 0.019230769230769232 0.019230769230769232
2 0.5060096153846154 0.3088942307692308 0.021634615384615384 0.016826923076923076
2 0.4723557692307692 0.32572115384615385 0.021634615384615384 0.016826923076923076
2 0.4362980769230769 0.2848557692307692 0.021634615384615384 0.021634615384615384
2 0.484375 0.36778846153846156 0.016826923076923076 0.019230769230769232
2 0.48197115384615385 0.3485576923076923 0.021634615384615384 0.014423076923076924
2 0.20673076923076922 0.4723557692307692 0.03365384615384615 0.02403846153846154
2 0.25 0.47475961538461536 0.019230769230769232 0.021634615384615384
2 0.27163461538461536 0.4495192307692308 0.02403846153846154 0.014423076923076924
2 0.28846153846153844 0.43028846153846156 0.014423076923076924 0.019230769230769232
2 0.3317307692307692 0.39302884615384615 0.02403846153846154 0.01201923076923077
2 0.3870192307692308 0.3786057692307692 0.014423076923076924 0.016826923076923076
2 0.34375 0.328125 0.019230769230769232 0.01201923076923077
2 0.33533653846153844 0.3137019230769231 0.016826923076923076 0.016826923076923076
2 0.31850961538461536 0.3004807692307692 0.01201923076923077 0.009615384615384616
2 0.21754807692307693 0.42908653846153844 0.016826923076923076 0.016826923076923076
2 0.18629807692307693 0.4206730769230769 0.014423076923076924 0.014423076923076924
2 0.15144230769230768 0.4639423076923077 0.019230769230769232 0.019230769230769232
2 0.2764423076923077 0.28365384615384615 0.014423076923076924 0.014423076923076924
2 0.2932692307692308 0.3004807692307692 0.028846153846153848 0.014423076923076924
2 0.38461538461538464 0.4014423076923077 0.019230769230769232 0.019230769230769232
2 0.3641826923076923 0.39302884615384615 0.007211538461538462 0.01201923076923077
2 0.3076923076923077 0.41466346153846156 0.019230769230769232 0.014423076923076924
2 0.3161057692307692 0.4483173076923077 0.016826923076923076 0.014423076923076924
2 0.328125 0.4266826923076923 0.016826923076923076 0.014423076923076924
2 0.2860576923076923 0.4026442307692308 0.014423076923076924 0.01201923076923077
2 0.25600961538461536 0.3954326923076923 0.021634615384615384 0.01201923076923077
2 0.27283653846153844 0.38341346153846156 0.016826923076923076 0.016826923076923076
2 0.2439903846153846 0.38341346153846156 0.016826923076923076 0.016826923076923076
2 0.24639423076923078 0.4254807692307692 0.016826923076923076 0.019230769230769232
2 0.24519230769230768 0.44350961538461536 0.019230769230769232 0.01201923076923077
2 0.265625 0.4182692307692308 0.016826923076923076 0.014423076923076924
2 0.24158653846153846 0.4579326923076923 0.016826923076923076 0.016826923076923076
2 0.29927884615384615 0.46274038461538464 0.019230769230769232 0.009615384615384616
2 0.4050480769230769 0.29447115384615385 0.021634615384615384 0.014423076923076924
2 0.38100961538461536 0.28725961538461536 0.01201923076923077 0.01201923076923077
2 0.36778846153846156 0.2776442307692308 0.014423076923076924 0.01201923076923077
2 0.34134615384615385 0.25721153846153844 0.014423076923076924 0.014423076923076924
2 0.3581730769230769 0.2956730769230769 0.014423076923076924 0.009615384615384616
2 0.3137019230769231 0.28846153846153844 0.021634615384615384 0.009615384615384616
2 0.30528846153846156 0.2776442307692308 0.014423076923076924 0.007211538461538462
2 0.3293269230769231 0.265625 0.014423076923076924 0.01201923076923077
2 0.40384615384615385 0.35336538461538464 0.014423076923076924 0.009615384615384616
2 0.37259615384615385 0.3713942307692308 0.014423076923076924 0.009615384615384616
2 0.3629807692307692 0.359375 0.014423076923076924 0.01201923076923077
2 0.375 0.3449519230769231 0.014423076923076924 0.01201923076923077
2 0.4014423076923077 0.33653846153846156 0.019230769230769232 0.019230769230769232
2 0.31850961538461536 0.3425480769230769 0.01201923076923077 0.01201923076923077
2 0.2536057692307692 0.36538461538461536 0.01201923076923077 0.014423076923076924
2 0.3389423076923077 0.34375 0.019230769230769232 0.014423076923076924
2 0.3076923076923077 0.3581730769230769 0.019230769230769232 0.014423076923076924
2 0.33653846153846156 0.36778846153846156 0.019230769230769232 0.014423076923076924
2 0.265625 0.2956730769230769 0.01201923076923077 0.014423076923076924
2 0.3449519230769231 0.4074519230769231 0.016826923076923076 0.016826923076923076
2 0.41947115384615385 0.390625 0.021634615384615384 0.021634615384615384
2 0.4483173076923077 0.33413461538461536 0.016826923076923076 0.019230769230769232
2 0.44711538461538464 0.3173076923076923 0.019230769230769232 0.014423076923076924
2 0.46033653846153844 0.2536057692307692 0.016826923076923076 0.016826923076923076
2 0.265625 0.2644230769230769 0.021634615384615384 0.009615384615384616
2 0.2860576923076923 0.3581730769230769 0.019230769230769232 0.009615384615384616