2 0.6322115384615384 0.4206730769230769 0.016826923076923076 0.004807692307692308
2 0.6394230769230769 0.4338942307692308 0.01201923076923077 0.01201923076923077
2 0.6310096153846154 0.45072115384615385 0.014423076923076924 0.004807692307692308
2 0.6658653846153846 0.44711538461538464 0.014423076923076924 0.014423076923076924
2 0.6550480769230769 0.421875 0.019230769230769232 0.004807692307692308
2 0.703125 0.4362980769230769 0.019230769230769232 0.009615384615384616
2 0.6838942307692307 0.4423076923076923 0.019230769230769232 0.007211538461538462
2 0.6766826923076923 0.4338942307692308 0.014423076923076924 0.009615384615384616
2 0.6490384615384616 0.4375 0.007211538461538462 0.009615384615384616
2 0.6634615384615384 0.4567307692307692 0.016826923076923076 0.009615384615384616
2 0.6790865384615384 0.4567307692307692 0.014423076923076924 0.014423076923076924
2 0.7019230769230769 0.453125 0.014423076923076924 0.014423076923076924
2 0.7259615384615384 0.44591346153846156 0.01201923076923077 0.004807692307692308
2 0.7608173076923077 0.43990384615384615 0.014423076923076924 0.014423076923076924
2 0.7415865384615384 0.45072115384615385 0.009615384615384616 0.009615384615384616
2 0.6826923076923077 0.46634615384615385 0.01201923076923077 0.007211538461538462
2 0.6646634615384616 0.4699519230769231 0.01201923076923077 0.01201923076923077
2 0.6971153846153846 0.47475961538461536 0.014423076923076924 0.014423076923076924
2 0.7139423076923077 0.4579326923076923 0.019230769230769232 0.009615384615384616
2 0.75 0.4675480769230769 0.019230769230769232 0.007211538461538462
2 0.7572115384615384 0.4795673076923077 0.014423076923076924 0.01201923076923077
2 0.71875 0.49399038461538464 0.019230769230769232 0.009615384615384616
2 0.7199519230769231 0.5120192307692307 0.01201923076923077 0.007211538461538462
2 0.7391826923076923 0.5060096153846154 0.016826923076923076 0.004807692307692308
2 0.7560096153846154 0.5048076923076923 0.019230769230769232 0.009615384615384616
2 0.7800480769230769 0.4879807692307692 0.019230769230769232 0.009615384615384616
2 0.7668269230769231 0.47596153846153844 0.014423076923076924 0.009615384615384616
2 0.7788461538461539 0.46634615384615385 0.014423076923076924 0.014423076923076924
2 0.7608173076923077 0.4639423076923077 0.014423076923076924 0.004807692307692308
2 0.7956730769230769 0.45552884615384615 0.01201923076923077 0.01201923076923077
2 0.8112980769230769 0.4651442307692308 0.02403846153846154 0.004807692307692308
2 0.8233173076923077 0.4735576923076923 0.021634615384615384 0.009615384615384616
2 0.8401442307692307 0.46274038461538464 0.014423076923076924 0.014423076923076924
2 0.8689903846153846 0.46274038461538464 0.014423076923076924 0.009615384615384616
2 0.859375 0.47596153846153844 0.014423076923076924 0.014423076923076924
2 0.8725961538461539 0.48197115384615385 0.014423076923076924 0.014423076923076924
2 0.8605769230769231 0.48677884615384615 0.019230769230769232 0.009615384615384616
2 0.8365384615384616 0.484375 0.009615384615384616 0.014423076923076924
2 0.8377403846153846 0.47716346153846156 0.016826923076923076 0.009615384615384616
2 0.8004807692307693 0.4879807692307692 0.014423076923076924 0.014423076923076924
2 0.8100961538461539 0.48677884615384615 0.019230769230769232 0.009615384615384616
2 0.7980769230769231 0.49759615384615385 0.014423076923076924 0.014423076923076924
2 0.765625 0.5180288461538461 0.016826923076923076 0.004807692307692308
2 0.7451923076923077 0.515625 0.019230769230769232 0.007211538461538462
2 0.7295673076923077 0.5276442307692307 0.016826923076923076 0.014423076923076924
2 0.7548076923076923 0.5300480769230769 0.009615384615384616 0.01201923076923077
2 0.7836538461538461 0.5276442307692307 0.014423076923076924 0.007211538461538462
2 0.8052884615384616 0.5060096153846154 0.009615384615384616 0.01201923076923077
2 0.7776442307692307 0.5204326923076923 0.01201923076923077 0.01201923076923077
2 0.8125 0.5204326923076923 0.014423076923076924 0.014423076923076924
2 0.8064903846153846 0.5324519230769231 0.016826923076923076 0.016826923076923076
2 0.8004807692307693 0.5528846153846154 0.016826923076923076 0.014423076923076924
2 0.8112980769230769 0.5492788461538461 0.019230769230769232 0.009615384615384616
2 0.8257211538461539 0.5480769230769231 0.014423076923076924 0.01201923076923077
2 0.8269230769230769 0.5300480769230769 0.009615384615384616 0.009615384615384616
2 0.8341346153846154 0.5408653846153846 0.01201923076923077 0.01201923076923077
2 0.8533653846153846 0.4951923076923077 0.009615384615384616 0.01201923076923077
2 0.8701923076923077 0.49759615384615385 0.009615384615384616 0.01201923076923077
2 0.8798076923076923 0.4951923076923077 0.014423076923076924 0.009615384615384616
2 0.9074519230769231 0.48677884615384615 0.01201923076923077 0.01201923076923077
2 0.9086538461538461 0.49278846153846156 0.009615384615384616 0.009615384615384616
2 0.9230769230769231 0.5024038461538461 0.014423076923076924 0.004807692307692308
2 0.9206730769230769 0.4951923076923077 0.009615384615384616 0.009615384615384616
2 0.8293269230769231 0.4987980769230769 0.014423076923076924 0.004807692307692308
2 0.8245192307692307 0.5060096153846154 0.014423076923076924 0.004807692307692308
2 0.8449519230769231 0.5216346153846154 0.01201923076923077 0.01201923076923077
2 0.8569711538461539 0.5132211538461539 0.009615384615384616 0.009615384615384616
2 0.8581730769230769 0.5300480769230769 0.02403846153846154 0.009615384615384616
2 0.8701923076923077 0.5240384615384616 0.019230769230769232 0.007211538461538462
2 0.8713942307692307 0.5132211538461539 0.016826923076923076 0.009615384615384616
2 0.8798076923076923 0.5108173076923077 0.009615384615384616 0.01201923076923077
2 0.8882211538461539 0.5216346153846154 0.01201923076923077 0.014423076923076924
2 0.9170673076923077 0.5204326923076923 0.01201923076923077 0.01201923076923077
2 0.8665865384615384 0.5432692307692307 0.02403846153846154 0.007211538461538462
2 0.8581730769230769 0.5516826923076923 0.021634615384615384 0.004807692307692308
2 0.8389423076923077 0.5588942307692307 0.01201923076923077 0.009615384615384616
2 0.8689903846153846 0.5625 0.014423076923076924 0.01201923076923077
2 0.8894230769230769 0.5564903846153846 0.019230769230769232 0.007211538461538462
2 0.9014423076923077 0.5661057692307693 0.01201923076923077 0.01201923076923077
2 0.9050480769230769 0.578125 0.014423076923076924 0.01201923076923077
2 0.8954326923076923 0.5949519230769231 0.014423076923076924 0.016826923076923076
2 0.9194711538461539 0.5925480769230769 0.014423076923076924 0.007211538461538462
2 0.9387019230769231 0.59375 0.019230769230769232 0.009615384615384616
2 0.9603365384615384 0.6069711538461539 0.014423076923076924 0.004807692307692308
2 0.9158653846153846 0.5516826923076923 0.01201923076923077 0.01201923076923077
2 0.9399038461538461 0.546875 0.01201923076923077 0.01201923076923077
2 0.9435096153846154 0.5336538461538461 0.014423076923076924 0.014423076923076924
2 0.9591346153846154 0.5168269230769231 0.019230769230769232 0.007211538461538462
2 0.9639423076923077 0.5276442307692307 0.019230769230769232 0.009615384615384616
2 0.9939903846153846 0.5348557692307693 0.01201923076923077 0.009615384615384616
2 0.9543269230769231 0.5096153846153846 0.014423076923076924 0.007211538461538462
2 0.9723557692307693 0.5132211538461539 0.016826923076923076 0.009615384615384616
2 0.9362980769230769 0.5048076923076923 0.014423076923076924 0.004807692307692308
2 0.9302884615384616 0.5132211538461539 0.014423076923076924 0.007211538461538462
2 0.8834134615384616 0.5048076923076923 0.01201923076923077 0.014423076923076924
2 0.8389423076923077 0.5108173076923077 0.014423076923076924 0.009615384615384616
2 0.7824519230769231 0.47836538461538464 0.016826923076923076 0.004807692307692308
2 0.9362980769230769 0.24158653846153846 0.016826923076923076 0.007211538461538462
2 0.9278846153846154 0.2283653846153846 0.019230769230769232 0.009615384615384616
2 0.9423076923076923 0.22716346153846154 0.009615384615384616 0.01201923076923077
2 0.9627403846153846 0.23076923076923078 0.01201923076923077 0.007211538461538462
2 0.9867788461538461 0.23317307692307693 0.01201923076923077 0.01201923076923077
2 0.9639423076923077 0.24639423076923078 0.019230769230769232 0.009615384615384616
2 0.9519230769230769 0.23677884615384615 0.019230769230769232 0.014423076923076924
2 0.9771634615384616 0.25721153846153844 0.01201923076923077 0.01201923076923077
2 0.9927884615384616 0.24519230769230768 0.014423076923076924 0.014423076923076924
2 0.9987980769230769 0.25 0.002403846153846154 0.004807692307692308
2 0.9050480769230769 0.2247596153846154 0.016826923076923076 0.007211538461538462
2 0.9242788461538461 0.21514423076923078 0.016826923076923076 0.01201923076923077
2 0.9435096153846154 0.21394230769230768 0.01201923076923077 0.014423076923076924
2 0.9759615384615384 0.2127403846153846 0.009615384615384616 0.014423076923076924
2 0.9951923076923077 0.22115384615384615 0.009615384615384616 0.01201923076923077
2 0.9963942307692307 0.22956730769230768 0.007211538461538462 0.01201923076923077
2 0.9579326923076923 0.21514423076923078 0.014423076923076924 0.009615384615384616
2 0.9579326923076923 0.20432692307692307 0.01201923076923077 0.01201923076923077
2 0.9230769230769231 0.18870192307692307 0.016826923076923076 0.007211538461538462
2 0.9026442307692307 0.2091346153846154 0.016826923076923076 0.009615384615384616
2 0.9783653846153846 0.20432692307692307 0.014423076923076924 0.007211538461538462
2 0.8966346153846154 0.18509615384615385 0.016826923076923076 0.009615384615384616
2 0.8485576923076923 0.21394230769230768 0.014423076923076924 0.007211538461538462
2 0.8557692307692307 0.19591346153846154 0.014423076923076924 0.014423076923076924
2 0.8653846153846154 0.18629807692307693 0.01201923076923077 0.014423076923076924
2 0.8473557692307693 0.18509615384615385 0.014423076923076924 0.007211538461538462
2 0.8533653846153846 0.18028846153846154 0.01201923076923077 0.01201923076923077
2 0.8725961538461539 0.17427884615384615 0.019230769230769232 0.009615384615384616
2 0.9050480769230769 0.17067307692307693 0.019230769230769232 0.009615384615384616
2 0.8016826923076923 0.14783653846153846 0.009615384615384616 0.01201923076923077
2 0.8161057692307693 0.17307692307692307 0.009615384615384616 0.01201923076923077
2 0.8317307692307693 0.16466346153846154 0.021634615384615384 0.009615384615384616
2 0.8377403846153846 0.16105769230769232 0.009615384615384616 0.01201923076923077
2 0.8569711538461539 0.15985576923076922 0.019230769230769232 0.009615384615384616
2 0.8605769230769231 0.1658653846153846 0.01201923076923077 0.01201923076923077
2 0.7487980769230769 0.08653846153846154 0.016826923076923076 0.009615384615384616
2 0.7800480769230769 0.0829326923076923 0.016826923076923076 0.016826923076923076
2 0.7944711538461539 0.09975961538461539 0.016826923076923076 0.007211538461538462
2 0.8076923076923077 0.11057692307692307 0.014423076923076924 0.004807692307692308
2 0.7980769230769231 0.11899038461538461 0.019230769230769232 0.007211538461538462
2 0.7920673076923077 0.13221153846153846 0.014423076923076924 0.009615384615384616
2 0.8305288461538461 0.109375 0.01201923076923077 0.009615384615384616
2 0.8497596153846154 0.10817307692307693 0.014423076923076924 0.007211538461538462
2 0.8701923076923077 0.10817307692307693 0.014423076923076924 0.007211538461538462
2 0.8449519230769231 0.13942307692307693 0.014423076923076924 0.007211538461538462
2 0.8305288461538461 0.14423076923076922 0.009615384615384616 0.01201923076923077
2 0.8629807692307693 0.13822115384615385 0.01201923076923077 0.009615384615384616
2 0.8713942307692307 0.14783653846153846 0.014423076923076924 0.004807692307692308
2 0.9158653846153846 0.13701923076923078 0.016826923076923076 0.004807692307692308
2 0.9170673076923077 0.14423076923076922 0.014423076923076924 0.009615384615384616
2 0.8221153846153846 0.15144230769230768 0.026442307692307692 0.01201923076923077
2 0.7908653846153846 0.038461538461538464 0.016826923076923076 0.009615384615384616
2 0.7548076923076923 0.04447115384615385 0.019230769230769232 0.009615384615384616
2 0.7415865384615384 0.03365384615384615 0.014423076923076924 0.007211538461538462
2 0.7043269230769231 0.020432692307692308 0.014423076923076924 0.009615384615384616
2 0.703125 0.04447115384615385 0.014423076923076924 0.009615384615384616
2 0.7704326923076923 0.015625 0.009615384615384616 0.01201923076923077
2 0.7608173076923077 0.008413461538461538 0.009615384615384616 0.007211538461538462
2 0.7367788461538461 0.007211538461538462 0.009615384615384616 0.007211538461538462
2 0.7199519230769231 0.006009615384615385 0.009615384615384616 0.004807692307692308
2 0.671875 0.003605769230769231 0.014423076923076924 0.002403846153846154
2 0.6622596153846154 0.025240384615384616 0.014423076923076924 0.01201923076923077
2 0.6694711538461539 0.014423076923076924 0.019230769230769232 0.009615384615384616
2 0.6081730769230769 0.01201923076923077 0.01201923076923077 0.009615384615384616
2 0.5841346153846154 0.015625 0.01201923076923077 0.014423076923076924
2 0.5829326923076923 0.007211538461538462 0.019230769230769232 0.007211538461538462
2 0.6033653846153846 0.004807692307692308 0.01201923076923077 0.007211538461538462
2 0.640625 0.006009615384615385 0.009615384615384616 0.007211538461538462
2 0.7836538461538461 0.06129807692307692 0.009615384615384616 0.009615384615384616
2 0.7704326923076923 0.06971153846153846 0.01201923076923077 0.004807692307692308
2 0.8161057692307693 0.09375 0.016826923076923076 0.007211538461538462
2 0.84375 0.0889423076923077 0.009615384615384616 0.01201923076923077
2 0.8389423076923077 0.09495192307692307 0.014423076923076924 0.004807692307692308
2 0.34134615384615385 0.23557692307692307 0.014423076923076924 0.009615384615384616
2 0.38100961538461536 0.21995192307692307 0.016826923076923076 0.009615384615384616
2 0.3581730769230769 0.22596153846153846 0.009615384615384616 0.014423076923076924
2 0.36177884615384615 0.23798076923076922 0.01201923076923077 0.009615384615384616
2 0.33413461538461536 0.24519230769230768 0.009615384615384616 0.014423076923076924
2 0.31850961538461536 0.25961538461538464 0.014423076923076924 0.007211538461538462
2 0.32572115384615385 0.2608173076923077 0.009615384615384616 0.009615384615384616
2 0.30649038461538464 0.2824519230769231 0.019230769230769232 0.004807692307692308
2 0.32091346153846156 0.29927884615384615 0.014423076923076924 0.019230769230769232
2 0.33653846153846156 0.2800480769230769 0.016826923076923076 0.016826923076923076
2 0.35096153846153844 0.27163461538461536 0.016826923076923076 0.014423076923076924
2 0.3557692307692308 0.2536057692307692 0.019230769230769232 0.007211538461538462
2 0.3870192307692308 0.24879807692307693 0.014423076923076924 0.016826923076923076
2 0.3858173076923077 0.23677884615384615 0.016826923076923076 0.009615384615384616
2 0.39903846153846156 0.22716346153846154 0.014423076923076924 0.01201923076923077
2 0.41225961538461536 0.22716346153846154 0.021634615384615384 0.014423076923076924
2 0.4423076923076923 0.21394230769230768 0.028846153846153848 0.007211538461538462
2 0.4375 0.23557692307692307 0.009615384615384616 0.01201923076923077
2 0.45913461538461536 0.23557692307692307 0.014423076923076924 0.016826923076923076
2 0.5036057692307693 0.2403846153846154 0.014423076923076924 0.009615384615384616
2 0.4891826923076923 0.23076923076923078 0.016826923076923076 0.009615384615384616
2 0.3894230769230769 0.2644230769230769 0.019230769230769232 0.009615384615384616
2 0.3701923076923077 0.2704326923076923 0.016826923076923076 0.007211538461538462
2 0.38221153846153844 0.27884615384615385 0.01201923076923077 0.014423076923076924
2 0.3798076923076923 0.28725961538461536 0.01201923076923077 0.01201923076923077
2 0.35336538461538464 0.2956730769230769 0.016826923076923076 0.019230769230769232
2 0.3605769230769231 0.30528846153846156 0.019230769230769232 0.009615384615384616
2 0.3870192307692308 0.2980769230769231 0.01201923076923077 0.014423076923076924
2 0.390625 0.3076923076923077 0.019230769230769232 0.004807692307692308
2 0.3641826923076923 0.32211538461538464 0.028846153846153848 0.004807692307692308
2 0.36778846153846156 0.33413461538461536 0.019230769230769232 0.019230769230769232
2 0.37259615384615385 0.35096153846153844 0.02403846153846154 0.014423076923076924
2 0.4014423076923077 0.35216346153846156 0.014423076923076924 0.014423076923076924
2 0.40384615384615385 0.34615384615384615 0.014423076923076924 0.007211538461538462
2 0.40625 0.328125 0.019230769230769232 0.009615384615384616
2 0.43028846153846156 0.3317307692307692 0.019230769230769232 0.016826923076923076
2 0.42908653846153844 0.31971153846153844 0.014423076923076924 0.014423076923076924
2 0.45072115384615385 0.28846153846153844 0.014423076923076924 0.016826923076923076
2 0.42788461538461536 0.2800480769230769 0.01201923076923077 0.014423076923076924
2 0.4362980769230769 0.2548076923076923 0.021634615384615384 0.007211538461538462
2 0.4098557692307692 0.265625 0.014423076923076924 0.014423076923076924
2 0.42908653846153844 0.2704326923076923 0.014423076923076924 0.004807692307692308
2 0.46153846153846156 0.2668269230769231 0.026442307692307692 0.007211538461538462
2 0.4495192307692308 0.30528846153846156 0.01201923076923077 0.01201923076923077
2 0.44711538461538464 0.3245192307692308 0.007211538461538462 0.007211538461538462
2 0.4483173076923077 0.33052884615384615 0.016826923076923076 0.004807692307692308
2 0.43990384615384615 0.3401442307692308 0.02403846153846154 0.009615384615384616
2 0.43149038461538464 0.35216346153846156 0.016826923076923076 0.014423076923076924
2 0.46033653846153844 0.35216346153846156 0.016826923076923076 0.004807692307692308
2 0.4735576923076923 0.3629807692307692 0.019230769230769232 0.009615384615384616
2 0.4951923076923077 0.3629807692307692 0.02403846153846154 0.009615384615384616
2 0.48677884615384615 0.3894230769230769 0.026442307692307692 0.009615384615384616
2 0.515625 0.3786057692307692 0.016826923076923076 0.007211538461538462
2 0.5048076923076923 0.36177884615384615 0.019230769230769232 0.01201923076923077
2 0.45913461538461536 0.3401442307692308 0.014423076923076924 0.009615384615384616
2 0.4831730769230769 0.34375 0.019230769230769232 0.014423076923076924
2 0.4735576923076923 0.33052884615384615 0.014423076923076924 0.016826923076923076
2 0.4651442307692308 0.32091346153846156 0.014423076923076924 0.014423076923076924
2 0.4807692307692308 0.3004807692307692 0.021634615384615384 0.009615384615384616
2 0.4735576923076923 0.3161057692307692 0.01201923076923077 0.01201923076923077
2 0.5012019230769231 0.3125 0.014423076923076924 0.014423076923076924
2 0.4987980769230769 0.31971153846153844 0.02403846153846154 0.009615384615384616
2 0.5204326923076923 0.31971153846153844 0.02403846153846154 0.009615384615384616
2 0.5372596153846154 0.30649038461538464 0.019230769230769232 0.009615384615384616
2 0.5685096153846154 0.30288461538461536 0.014423076923076924 0.016826923076923076
2 0.5120192307692307 0.33413461538461536 0.014423076923076924 0.014423076923076924
2 0.5216346153846154 0.34975961538461536 0.019230769230769232 0.007211538461538462
2 0.5372596153846154 0.36177884615384615 0.016826923076923076 0.019230769230769232
2 0.5492788461538461 0.359375 0.016826923076923076 0.019230769230769232
2 0.5697115384615384 0.3701923076923077 0.014423076923076924 0.016826923076923076
2 0.5997596153846154 0.36658653846153844 0.016826923076923076 0.014423076923076924
2 0.5841346153846154 0.36177884615384615 0.009615384615384616 0.014423076923076924
2 0.5661057692307693 0.3545673076923077 0.016826923076923076 0.009615384615384616
2 0.5877403846153846 0.34975961538461536 0.021634615384615384 0.009615384615384616
2 0.5697115384615384 0.3401442307692308 0.019230769230769232 0.014423076923076924
2 0.5649038461538461 0.3317307692307692 0.019230769230769232 0.007211538461538462
2 0.5408653846153846 0.33653846153846156 0.019230769230769232 0.016826923076923076
2 0.5444711538461539 0.34615384615384615 0.021634615384615384 0.007211538461538462
2 0.5252403846153846 0.33774038461538464 0.016826923076923076 0.007211538461538462
2 0.515625 0.2980769230769231 0.014423076923076924 0.014423076923076924
2 0.49038461538461536 0.28966346153846156 0.021634615384615384 0.01201923076923077
2 0.5168269230769231 0.28966346153846156 0.016826923076923076 0.01201923076923077
2 0.41586538461538464 0.296875 0.01201923076923077 0.014423076923076924
2 0.40625 0.2848557692307692 0.016826923076923076 0.014423076923076924
2 0.39903846153846156 0.27524038461538464 0.014423076923076924 0.014423076923076924
2 0.5420673076923077 0.3245192307692308 0.014423076923076924 0.007211538461538462
2 0.59375 0.38461538461538464 0.014423076923076924 0.014423076923076924
2 0.5721153846153846 0.38221153846153844 0.009615384615384616 0.01201923076923077
2 0.5420673076923077 0.3762019230769231 0.016826923076923076 0.009615384615384616
2 0.5348557692307693 0.38100961538461536 0.021634615384615384 0.007211538461538462