2 0.1814903846153846 0.020432692307692308 0.10096153846153846 0.028846153846153848
2 0.22115384615384615 0.028846153846153848 0.06490384615384616 0.04567307692307692
2 0.2644230769230769 0.02283653846153846 0.0985576923076923 0.038461538461538464
2 0.328125 0.026442307692307692 0.057692307692307696 0.04326923076923077
2 0.1310096153846154 0.02283653846153846 0.08173076923076923 0.03365384615384615
2 0.11778846153846154 0.021634615384615384 0.06971153846153846 0.03125
2 0.2439903846153846 0.020432692307692308 0.08173076923076923 0.03125
2 0.05048076923076923 0.03125 0.06971153846153846 0.05048076923076923
2 0.042067307692307696 0.02403846153846154 0.08413461538461539 0.03365384615384615
2 0.15625 0.02283653846153846 0.0985576923076923 0.03365384615384615
2 0.16105769230769232 0.03245192307692308 0.07451923076923077 0.052884615384615384
2 0.21033653846153846 0.019230769230769232 0.11538461538461539 0.028846153846153848
2 0.15264423076923078 0.020432692307692308 0.11538461538461539 0.028846153846153848
2 0.13581730769230768 0.020432692307692308 0.10576923076923077 0.028846153846153848
2 0.25961538461538464 0.027644230769230768 0.06971153846153846 0.04807692307692308
2 0.42908653846153844 0.028846153846153848 0.07211538461538461 0.052884615384615384
2 0.2620192307692308 0.040865384615384616 0.10576923076923077 0.07451923076923077
2 0.3786057692307692 0.07932692307692307 0.10336538461538461 0.06971153846153846
2 0.3870192307692308 0.15144230769230768 0.11538461538461539 0.06009615384615385
2 0.41947115384615385 0.25600961538461536 0.08413461538461539 0.08413461538461539
2 0.24759615384615385 0.1971153846153846 0.09615384615384616 0.05048076923076923
2 0.19951923076923078 0.26322115384615385 0.08413461538461539 0.08413461538461539
2 0.1778846153846154 0.3293269230769231 0.08653846153846154 0.08413461538461539
2 0.16346153846153846 0.15745192307692307 0.07451923076923077 0.07692307692307693
2 0.019230769230769232 0.025240384615384616 0.038461538461538464 0.036057692307692304
2 0.052884615384615384 0.0673076923076923 0.10576923076923077 0.08173076923076923
2 0.17668269230769232 0.4110576923076923 0.11057692307692307 0.055288461538461536