2 0.08774038461538461 0.9435096153846154 0.019230769230769232 0.016826923076923076
2 0.1045673076923077 0.9627403846153846 0.019230769230769232 0.019230769230769232
2 0.12980769230769232 0.9831730769230769 0.016826923076923076 0.009615384615384616
2 0.1141826923076923 0.9399038461538461 0.016826923076923076 0.016826923076923076
2 0.10817307692307693 0.953125 0.019230769230769232 0.019230769230769232
2 0.15745192307692307 0.9639423076923077 0.02403846153846154 0.014423076923076924
2 0.1814903846153846 0.9711538461538461 0.019230769230769232 0.019230769230769232
2 0.22596153846153846 0.9795673076923077 0.021634615384615384 0.009615384615384616
2 0.07692307692307693 0.9230769230769231 0.02403846153846154 0.014423076923076924
2 0.06850961538461539 0.9050480769230769 0.021634615384615384 0.009615384615384616
2 0.10096153846153846 0.9050480769230769 0.014423076923076924 0.016826923076923076
2 0.11298076923076923 0.9242788461538461 0.019230769230769232 0.014423076923076924
2 0.16466346153846154 0.9387019230769231 0.016826923076923076 0.016826923076923076
2 0.1778846153846154 0.9519230769230769 0.021634615384615384 0.019230769230769232
2 0.08173076923076923 0.8918269230769231 0.014423076923076924 0.014423076923076924
2 0.09134615384615384 0.8786057692307693 0.028846153846153848 0.009615384615384616
2 0.12980769230769232 0.8978365384615384 0.02403846153846154 0.007211538461538462
2 0.14182692307692307 0.8858173076923077 0.028846153846153848 0.01201923076923077
2 0.12620192307692307 0.8713942307692307 0.02403846153846154 0.01201923076923077
2 0.1045673076923077 0.8677884615384616 0.014423076923076924 0.01201923076923077
2 0.09615384615384616 0.8581730769230769 0.016826923076923076 0.014423076923076924
2 0.11177884615384616 0.8545673076923077 0.02403846153846154 0.009615384615384616
2 0.11778846153846154 0.8245192307692307 0.016826923076923076 0.016826923076923076
2 0.12740384615384615 0.8461538461538461 0.014423076923076924 0.014423076923076924
2 0.14903846153846154 0.8449519230769231 0.016826923076923076 0.016826923076923076
2 0.14423076923076922 0.828125 0.021634615384615384 0.021634615384615384
2 0.15625 0.8076923076923077 0.02403846153846154 0.019230769230769232
2 0.19951923076923078 0.8413461538461539 0.026442307692307692 0.01201923076923077
2 0.1875 0.828125 0.021634615384615384 0.009615384615384616
2 0.18509615384615385 0.8149038461538461 0.021634615384615384 0.009615384615384616
2 0.21514423076923078 0.8064903846153846 0.026442307692307692 0.009615384615384616
2 0.21754807692307693 0.8257211538461539 0.02403846153846154 0.014423076923076924
2 0.18389423076923078 0.8605769230769231 0.02403846153846154 0.009615384615384616
2 0.2127403846153846 0.8557692307692307 0.028846153846153848 0.01201923076923077
2 0.16826923076923078 0.8774038461538461 0.02403846153846154 0.014423076923076924
2 0.20673076923076922 0.8966346153846154 0.014423076923076924 0.016826923076923076
2 0.1814903846153846 0.8942307692307693 0.026442307692307692 0.009615384615384616
2 0.1935096153846154 0.9146634615384616 0.021634615384615384 0.009615384615384616
2 0.18870192307692307 0.9254807692307693 0.021634615384615384 0.007211538461538462
2 0.15384615384615385 0.9447115384615384 0.014423076923076924 0.014423076923076924
2 0.21995192307692307 0.9483173076923077 0.014423076923076924 0.014423076923076924
2 0.21875 0.9579326923076923 0.021634615384615384 0.009615384615384616
2 0.19951923076923078 0.9555288461538461 0.021634615384615384 0.009615384615384616
2 0.25240384615384615 0.9423076923076923 0.014423076923076924 0.01201923076923077
2 0.2704326923076923 0.9615384615384616 0.014423076923076924 0.014423076923076924
2 0.24158653846153846 0.8774038461538461 0.01201923076923077 0.01201923076923077
2 0.21875 0.8798076923076923 0.014423076923076924 0.016826923076923076
2 0.24158653846153846 0.8665865384615384 0.014423076923076924 0.019230769230769232
2 0.23677884615384615 0.8461538461538461 0.019230769230769232 0.019230769230769232
2 0.23317307692307693 0.8293269230769231 0.016826923076923076 0.016826923076923076
2 0.2764423076923077 0.8425480769230769 0.026442307692307692 0.01201923076923077
2 0.23798076923076922 0.8149038461538461 0.01201923076923077 0.01201923076923077
2 0.22596153846153846 0.7956730769230769 0.019230769230769232 0.016826923076923076
2 0.24759615384615385 0.7848557692307693 0.014423076923076924 0.014423076923076924
2 0.26322115384615385 0.7716346153846154 0.021634615384615384 0.009615384615384616
2 0.2764423076923077 0.7992788461538461 0.019230769230769232 0.01201923076923077
2 0.2848557692307692 0.8149038461538461 0.019230769230769232 0.019230769230769232
2 0.2956730769230769 0.7836538461538461 0.02403846153846154 0.004807692307692308
2 0.296875 0.7728365384615384 0.01201923076923077 0.016826923076923076
2 0.30408653846153844 0.8028846153846154 0.016826923076923076 0.014423076923076924
2 0.3245192307692308 0.8004807692307693 0.028846153846153848 0.01201923076923077
2 0.3329326923076923 0.7836538461538461 0.016826923076923076 0.014423076923076924
2 0.3605769230769231 0.7848557692307693 0.014423076923076924 0.014423076923076924
2 0.27403846153846156 0.859375 0.021634615384615384 0.009615384615384616
2 0.29086538461538464 0.8894230769230769 0.019230769230769232 0.014423076923076924
2 0.2668269230769231 0.8942307692307693 0.019230769230769232 0.014423076923076924
2 0.29927884615384615 0.9050480769230769 0.026442307692307692 0.009615384615384616
2 0.3004807692307692 0.8954326923076923 0.019230769230769232 0.007211538461538462
2 0.30408653846153844 0.8774038461538461 0.014423076923076924 0.014423076923076924
2 0.30528846153846156 0.8689903846153846 0.016826923076923076 0.016826923076923076
2 0.296875 0.8581730769230769 0.019230769230769232 0.009615384615384616
2 0.296875 0.8425480769230769 0.019230769230769232 0.01201923076923077
2 0.29927884615384615 0.8317307692307693 0.014423076923076924 0.014423076923076924
2 0.3112980769230769 0.8185096153846154 0.019230769230769232 0.014423076923076924
2 0.3317307692307692 0.8233173076923077 0.016826923076923076 0.01201923076923077
2 0.3269230769230769 0.859375 0.016826923076923076 0.016826923076923076
2 0.3269230769230769 0.8485576923076923 0.016826923076923076 0.014423076923076924
2 0.3233173076923077 0.8882211538461539 0.016826923076923076 0.019230769230769232
2 0.3401442307692308 0.8894230769230769 0.014423076923076924 0.014423076923076924
2 0.3293269230769231 0.8786057692307693 0.016826923076923076 0.016826923076923076
2 0.34375 0.9170673076923077 0.019230769230769232 0.016826923076923076
2 0.36778846153846156 0.9278846153846154 0.02403846153846154 0.009615384615384616
2 0.3629807692307692 0.8569711538461539 0.016826923076923076 0.016826923076923076
2 0.35096153846153844 0.8353365384615384 0.01201923076923077 0.01201923076923077
2 0.34975961538461536 0.8269230769230769 0.014423076923076924 0.014423076923076924
2 0.34615384615384615 0.8197115384615384 0.01201923076923077 0.014423076923076924
2 0.36538461538461536 0.8028846153846154 0.02403846153846154 0.009615384615384616
2 0.38221153846153844 0.8185096153846154 0.021634615384615384 0.009615384615384616
2 0.3713942307692308 0.7932692307692307 0.01201923076923077 0.014423076923076924
2 0.38100961538461536 0.7788461538461539 0.021634615384615384 0.009615384615384616
2 0.4050480769230769 0.7908653846153846 0.021634615384615384 0.007211538461538462
2 0.41586538461538464 0.7716346153846154 0.019230769230769232 0.01201923076923077
2 0.43028846153846156 0.7872596153846154 0.014423076923076924 0.014423076923076924
2 0.40865384615384615 0.8040865384615384 0.019230769230769232 0.009615384615384616
2 0.40024038461538464 0.8317307692307693 0.02403846153846154 0.009615384615384616
2 0.3894230769230769 0.8413461538461539 0.021634615384615384 0.014423076923076924
2 0.3918269230769231 0.8521634615384616 0.016826923076923076 0.016826923076923076
2 0.37740384615384615 0.8641826923076923 0.019230769230769232 0.01201923076923077
2 0.36658653846153844 0.875 0.019230769230769232 0.009615384615384616
2 0.38341346153846156 0.8834134615384616 0.016826923076923076 0.016826923076923076
2 0.3641826923076923 0.8978365384615384 0.016826923076923076 0.016826923076923076
2 0.33774038461538464 0.9026442307692307 0.016826923076923076 0.016826923076923076
2 0.3858173076923077 0.8942307692307693 0.01201923076923077 0.009615384615384616
2 0.4074519230769231 0.8918269230769231 0.019230769230769232 0.009615384615384616
2 0.4266826923076923 0.875 0.014423076923076924 0.016826923076923076
2 0.4266826923076923 0.8834134615384616 0.021634615384615384 0.009615384615384616
2 0.44711538461538464 0.8774038461538461 0.016826923076923076 0.016826923076923076
2 0.4519230769230769 0.8701923076923077 0.016826923076923076 0.007211538461538462
2 0.4723557692307692 0.8665865384615384 0.014423076923076924 0.016826923076923076
2 0.46634615384615385 0.8557692307692307 0.016826923076923076 0.009615384615384616
2 0.4879807692307692 0.8521634615384616 0.026442307692307692 0.007211538461538462
2 0.48677884615384615 0.84375 0.014423076923076924 0.014423076923076924
2 0.5012019230769231 0.8269230769230769 0.02403846153846154 0.009615384615384616
2 0.47475961538461536 0.8125 0.028846153846153848 0.009615384615384616
2 0.4723557692307692 0.8245192307692307 0.02403846153846154 0.009615384615384616
2 0.46153846153846156 0.8341346153846154 0.014423076923076924 0.016826923076923076
2 0.43990384615384615 0.8293269230769231 0.016826923076923076 0.016826923076923076
2 0.4326923076923077 0.8173076923076923 0.026442307692307692 0.01201923076923077
2 0.45072115384615385 0.8088942307692307 0.014423076923076924 0.009615384615384616
2 0.4254807692307692 0.8569711538461539 0.021634615384615384 0.009615384615384616
2 0.44350961538461536 0.8605769230769231 0.02403846153846154 0.01201923076923077
2 0.4423076923076923 0.8461538461538461 0.01201923076923077 0.01201923076923077
2 0.5805288461538461 0.8064903846153846 0.016826923076923076 0.01201923076923077
2 0.6009615384615384 0.8112980769230769 0.014423076923076924 0.014423076923076924
2 0.6009615384615384 0.7992788461538461 0.014423076923076924 0.016826923076923076
2 0.5817307692307693 0.7944711538461539 0.009615384615384616 0.009615384615384616
2 0.5997596153846154 0.7896634615384616 0.01201923076923077 0.01201923076923077
2 0.625 0.8137019230769231 0.028846153846153848 0.004807692307692308
2 0.6201923076923077 0.8064903846153846 0.014423076923076924 0.009615384615384616
2 0.6358173076923077 0.8016826923076923 0.01201923076923077 0.014423076923076924
2 0.6141826923076923 0.7932692307692307 0.01201923076923077 0.01201923076923077
2 0.6274038461538461 0.7872596153846154 0.009615384615384616 0.009615384615384616
2 0.6081730769230769 0.7716346153846154 0.014423076923076924 0.016826923076923076
2 0.6382211538461539 0.7824519230769231 0.01201923076923077 0.014423076923076924
2 0.6466346153846154 0.7680288461538461 0.019230769230769232 0.009615384615384616
2 0.6634615384615384 0.7764423076923077 0.019230769230769232 0.009615384615384616
2 0.6610576923076923 0.7548076923076923 0.019230769230769232 0.007211538461538462
2 0.6754807692307693 0.7680288461538461 0.014423076923076924 0.007211538461538462
2 0.703125 0.7716346153846154 0.019230769230769232 0.019230769230769232
2 0.7007211538461539 0.7524038461538461 0.016826923076923076 0.014423076923076924
2 0.6814903846153846 0.7884615384615384 0.01201923076923077 0.014423076923076924
2 0.6586538461538461 0.8173076923076923 0.01201923076923077 0.016826923076923076
2 0.6646634615384616 0.8064903846153846 0.016826923076923076 0.014423076923076924
2 0.6526442307692307 0.7956730769230769 0.016826923076923076 0.016826923076923076
2 0.6862980769230769 0.8245192307692307 0.019230769230769232 0.009615384615384616
2 0.6814903846153846 0.8088942307692307 0.016826923076923076 0.009615384615384616
2 0.6983173076923077 0.8076923076923077 0.01201923076923077 0.014423076923076924
2 0.7211538461538461 0.8317307692307693 0.016826923076923076 0.014423076923076924
2 0.7163461538461539 0.8028846153846154 0.014423076923076924 0.014423076923076924
2 0.6983173076923077 0.7896634615384616 0.016826923076923076 0.009615384615384616
2 0.7247596153846154 0.7848557692307693 0.016826923076923076 0.009615384615384616
2 0.7451923076923077 0.8257211538461539 0.016826923076923076 0.016826923076923076
2 0.7451923076923077 0.8185096153846154 0.01201923076923077 0.016826923076923076
2 0.7427884615384616 0.8088942307692307 0.014423076923076924 0.016826923076923076
2 0.7379807692307693 0.7944711538461539 0.019230769230769232 0.009615384615384616
2 0.7680288461538461 0.8016826923076923 0.016826923076923076 0.016826923076923076
2 0.7524038461538461 0.7800480769230769 0.014423076923076924 0.016826923076923076
2 0.7247596153846154 0.7680288461538461 0.016826923076923076 0.014423076923076924
2 0.75 0.7680288461538461 0.014423076923076924 0.016826923076923076
2 0.7668269230769231 0.7596153846153846 0.014423076923076924 0.014423076923076924
2 0.7439903846153846 0.7379807692307693 0.014423076923076924 0.019230769230769232
2 0.7836538461538461 0.7932692307692307 0.014423076923076924 0.014423076923076924
2 0.7716346153846154 0.8257211538461539 0.016826923076923076 0.007211538461538462
2 0.78125 0.8329326923076923 0.016826923076923076 0.016826923076923076
2 0.7956730769230769 0.8197115384615384 0.028846153846153848 0.009615384615384616
2 0.8221153846153846 0.8413461538461539 0.021634615384615384 0.01201923076923077
2 0.8461538461538461 0.8485576923076923 0.016826923076923076 0.016826923076923076
2 0.8233173076923077 0.8257211538461539 0.014423076923076924 0.014423076923076924
2 0.8173076923076923 0.8149038461538461 0.02403846153846154 0.01201923076923077
2 0.8425480769230769 0.8149038461538461 0.01201923076923077 0.01201923076923077
2 0.8509615384615384 0.8293269230769231 0.016826923076923076 0.01201923076923077
2 0.8497596153846154 0.8365384615384616 0.014423076923076924 0.01201923076923077
2 0.8701923076923077 0.8317307692307693 0.014423076923076924 0.01201923076923077
2 0.8161057692307693 0.7932692307692307 0.021634615384615384 0.007211538461538462
2 0.8125 0.7848557692307693 0.019230769230769232 0.009615384615384616
2 0.7848557692307693 0.7860576923076923 0.016826923076923076 0.014423076923076924
2 0.7764423076923077 0.7704326923076923 0.019230769230769232 0.007211538461538462
2 0.8028846153846154 0.7692307692307693 0.014423076923076924 0.019230769230769232
2 0.7920673076923077 0.7451923076923077 0.019230769230769232 0.019230769230769232
2 0.7740384615384616 0.7367788461538461 0.021634615384615384 0.007211538461538462
2 0.7596153846153846 0.7235576923076923 0.016826923076923076 0.014423076923076924
2 0.7848557692307693 0.7271634615384616 0.019230769230769232 0.016826923076923076
2 0.7848557692307693 0.7103365384615384 0.014423076923076924 0.016826923076923076
2 0.8088942307692307 0.7295673076923077 0.014423076923076924 0.014423076923076924
2 0.8161057692307693 0.7139423076923077 0.02403846153846154 0.01201923076923077
2 0.828125 0.7548076923076923 0.019230769230769232 0.01201923076923077
2 0.8233173076923077 0.765625 0.026442307692307692 0.009615384615384616
2 0.8305288461538461 0.7764423076923077 0.016826923076923076 0.016826923076923076
2 0.84375 0.7992788461538461 0.02403846153846154 0.009615384615384616
2 0.8461538461538461 0.7908653846153846 0.014423076923076924 0.016826923076923076
2 0.8509615384615384 0.7800480769230769 0.019230769230769232 0.009615384615384616
2 0.8617788461538461 0.7728365384615384 0.01201923076923077 0.014423076923076924
2 0.8557692307692307 0.7584134615384616 0.02403846153846154 0.009615384615384616
2 0.8497596153846154 0.75 0.021634615384615384 0.009615384615384616
2 0.8473557692307693 0.734375 0.014423076923076924 0.014423076923076924
2 0.8377403846153846 0.7295673076923077 0.014423076923076924 0.004807692307692308
2 0.8377403846153846 0.71875 0.009615384615384616 0.01201923076923077
2 0.859375 0.7163461538461539 0.014423076923076924 0.01201923076923077
2 0.8774038461538461 0.7019230769230769 0.01201923076923077 0.009615384615384616
2 0.8834134615384616 0.7115384615384616 0.014423076923076924 0.009615384615384616
2 0.875 0.7451923076923077 0.021634615384615384 0.009615384615384616
2 0.8918269230769231 0.7776442307692307 0.014423076923076924 0.016826923076923076
2 0.8834134615384616 0.7596153846153846 0.014423076923076924 0.009615384615384616
2 0.9050480769230769 0.7548076923076923 0.021634615384615384 0.009615384615384616
2 0.8942307692307693 0.7415865384615384 0.01201923076923077 0.01201923076923077
2 0.8942307692307693 0.734375 0.021634615384615384 0.007211538461538462
2 0.8918269230769231 0.7211538461538461 0.016826923076923076 0.004807692307692308
2 0.90625 0.7259615384615384 0.021634615384615384 0.009615384615384616
2 0.9170673076923077 0.7115384615384616 0.014423076923076924 0.009615384615384616
2 0.9242788461538461 0.7211538461538461 0.009615384615384616 0.004807692307692308
2 0.9447115384615384 0.7163461538461539 0.01201923076923077 0.01201923076923077
2 0.9362980769230769 0.7295673076923077 0.02403846153846154 0.009615384615384616
2 0.9266826923076923 0.7415865384615384 0.014423076923076924 0.016826923076923076
2 0.9302884615384616 0.75 0.021634615384615384 0.01201923076923077
2 0.921875 0.7620192307692307 0.01201923076923077 0.014423076923076924
2 0.9110576923076923 0.7692307692307693 0.019230769230769232 0.009615384615384616
2 0.9122596153846154 0.7788461538461539 0.007211538461538462 0.009615384615384616
2 0.9302884615384616 0.7740384615384616 0.019230769230769232 0.007211538461538462
2 0.921875 0.7860576923076923 0.01201923076923077 0.014423076923076924
2 0.9038461538461539 0.7896634615384616 0.014423076923076924 0.01201923076923077
2 0.9086538461538461 0.7980769230769231 0.019230769230769232 0.009615384615384616
2 0.8665865384615384 0.8028846153846154 0.016826923076923076 0.01201923076923077
2 0.875 0.8088942307692307 0.019230769230769232 0.009615384615384616
2 0.8617788461538461 0.8221153846153846 0.009615384615384616 0.007211538461538462
2 0.8858173076923077 0.8197115384615384 0.014423076923076924 0.014423076923076924
2 0.9074519230769231 0.8389423076923077 0.02403846153846154 0.009615384615384616
2 0.9170673076923077 0.828125 0.014423076923076924 0.01201923076923077
2 0.9326923076923077 0.8257211538461539 0.021634615384615384 0.009615384615384616
2 0.9399038461538461 0.8161057692307693 0.014423076923076924 0.009615384615384616
2 0.9567307692307693 0.8221153846153846 0.021634615384615384 0.009615384615384616
2 0.9603365384615384 0.8112980769230769 0.019230769230769232 0.009615384615384616
2 0.9447115384615384 0.7956730769230769 0.019230769230769232 0.007211538461538462
2 0.9435096153846154 0.7872596153846154 0.01201923076923077 0.009615384615384616
2 0.9879807692307693 0.8161057692307693 0.014423076923076924 0.007211538461538462
2 0.9879807692307693 0.8076923076923077 0.014423076923076924 0.009615384615384616
2 0.9759615384615384 0.7908653846153846 0.019230769230769232 0.009615384615384616
2 0.9879807692307693 0.7824519230769231 0.014423076923076924 0.007211538461538462
2 0.9879807692307693 0.7764423076923077 0.014423076923076924 0.009615384615384616
2 0.9603365384615384 0.7788461538461539 0.019230769230769232 0.009615384615384616
2 0.9783653846153846 0.7524038461538461 0.019230769230769232 0.009615384615384616
2 0.9819711538461539 0.7115384615384616 0.014423076923076924 0.014423076923076924
2 0.9603365384615384 0.7391826923076923 0.014423076923076924 0.01201923076923077
2 0.9723557692307693 0.734375 0.019230769230769232 0.007211538461538462
2 0.9651442307692307 0.7223557692307693 0.019230769230769232 0.016826923076923076
2 0.9891826923076923 0.7199519230769231 0.014423076923076924 0.007211538461538462
2 0.9939903846153846 0.7067307692307693 0.004807692307692308 0.004807692307692308
2 0.9939903846153846 0.6971153846153846 0.004807692307692308 0.009615384615384616
2 0.8701923076923077 0.7331730769230769 0.016826923076923076 0.016826923076923076
2 0.9014423076923077 0.8088942307692307 0.02403846153846154 0.009615384615384616
2 0.41225961538461536 0.9963942307692307 0.028846153846153848 0.007211538461538462
2 0.4230769230769231 0.9975961538461539 0.026442307692307692 0.004807692307692308
2 0.4723557692307692 0.9975961538461539 0.02403846153846154 0.004807692307692308
2 0.5192307692307693 0.9951923076923077 0.016826923076923076 0.009615384615384616
2 0.5637019230769231 0.9987980769230769 0.026442307692307692 0.002403846153846154
2 0.4987980769230769 0.9963942307692307 0.019230769230769232 0.007211538461538462
2 0.4723557692307692 0.9987980769230769 0.03365384615384615 0.002403846153846154
2 0.4411057692307692 0.9963942307692307 0.014423076923076924 0.007211538461538462
2 0.4266826923076923 0.9987980769230769 0.019230769230769232 0.002403846153846154
2 0.4795673076923077 0.9975961538461539 0.02403846153846154 0.004807692307692308
2 0.5697115384615384 0.9975961538461539 0.02403846153846154 0.004807692307692308
2 0.5300480769230769 0.9963942307692307 0.016826923076923076 0.007211538461538462
2 0.5372596153846154 0.9963942307692307 0.016826923076923076 0.007211538461538462
2 0.5192307692307693 0.9963942307692307 0.016826923076923076 0.007211538461538462
2 0.5048076923076923 0.9987980769230769 0.021634615384615384 0.002403846153846154
2 0.5072115384615384 0.9951923076923077 0.016826923076923076 0.009615384615384616
2 0.4567307692307692 0.9963942307692307 0.016826923076923076 0.007211538461538462
2 0.48677884615384615 0.9987980769230769 0.028846153846153848 0.002403846153846154
2 0.43149038461538464 0.9975961538461539 0.014423076923076924 0.004807692307692308
2 0.47115384615384615 0.9975961538461539 0.019230769230769232 0.004807692307692308
2 0.515625 0.9987980769230769 0.019230769230769232 0.002403846153846154
2 0.5144230769230769 0.9987980769230769 0.026442307692307692 0.002403846153846154
2 0.5504807692307693 0.9987980769230769 0.02403846153846154 0.002403846153846154
2 0.5396634615384616 0.9975961538461539 0.026442307692307692 0.004807692307692308
2 0.5697115384615384 0.9987980769230769 0.028846153846153848 0.002403846153846154
2 0.5949519230769231 0.9975961538461539 0.03125 0.004807692307692308
2 0.6514423076923077 1 0.028846153846153848 0
2 0.5901442307692307 0.9963942307692307 0.01201923076923077 0.007211538461538462
2 0.5661057692307693 0.9951923076923077 0.021634615384615384 0.009615384615384616
2 0.5444711538461539 0.9963942307692307 0.016826923076923076 0.007211538461538462
2 0.5769230769230769 0.9987980769230769 0.028846153846153848 0.002403846153846154
2 0.5576923076923077 0.9963942307692307 0.014423076923076924 0.007211538461538462
2 0.5769230769230769 0.9975961538461539 0.009615384615384616 0.004807692307692308
2 0.5973557692307693 0.9975961538461539 0.03125 0.004807692307692308
2 0.6129807692307693 0.9987980769230769 0.019230769230769232 0.002403846153846154
2 0.6358173076923077 0.9987980769230769 0.01201923076923077 0.002403846153846154
2 0.703125 0.9987980769230769 0.016826923076923076 0.002403846153846154
2 0.7199519230769231 1 0.01201923076923077 0
2 0.7247596153846154 1 0.01201923076923077 0
2 0.7115384615384616 1 0.014423076923076924 0
2 0.6983173076923077 0.9987980769230769 0.016826923076923076 0.002403846153846154
2 0.6682692307692307 0.9987980769230769 0.014423076923076924 0.002403846153846154
2 0.7115384615384616 0.9975961538461539 0.019230769230769232 0.004807692307692308
2 0.7295673076923077 0.9987980769230769 0.016826923076923076 0.002403846153846154
2 0.7668269230769231 1 0.014423076923076924 0
2 0.7764423076923077 1 0.014423076923076924 0
2 0.8233173076923077 1 0.016826923076923076 0
2 0.8257211538461539 0.9987980769230769 0.021634615384615384 0.002403846153846154
2 0.7536057692307693 1 0.016826923076923076 0
2 0.3713942307692308 0.9963942307692307 0.009615384615384616 0.007211538461538462
2 0.3918269230769231 0.9963942307692307 0.01201923076923077 0.007211538461538462
2 0.4206730769230769 0.9987980769230769 0.01201923076923077 0.002403846153846154