2 0.8329326923076923 0.5829326923076923 0.019230769230769232 0.021634615384615384
2 0.7932692307692307 0.5973557692307693 0.026442307692307692 0.026442307692307692
2 0.7704326923076923 0.5805288461538461 0.014423076923076924 0.016826923076923076
2 0.7379807692307693 0.5901442307692307 0.021634615384615384 0.021634615384615384
2 0.6899038461538461 0.6057692307692307 0.019230769230769232 0.02403846153846154
2 0.9302884615384616 0.6538461538461539 0.019230769230769232 0.021634615384615384
2 0.8581730769230769 0.6310096153846154 0.021634615384615384 0.021634615384615384
2 0.890625 0.6153846153846154 0.02403846153846154 0.028846153846153848
2 0.7692307692307693 0.6105769230769231 0.03125 0.028846153846153848
2 0.7043269230769231 0.6370192307692307 0.03125 0.03125
2 0.6875 0.6682692307692307 0.026442307692307692 0.026442307692307692
2 0.6742788461538461 0.7043269230769231 0.028846153846153848 0.026442307692307692
2 0.8978365384615384 0.7632211538461539 0.026442307692307692 0.040865384615384616
2 0.8786057692307693 0.7019230769230769 0.03365384615384615 0.03365384615384615
2 0.7860576923076923 0.6310096153846154 0.021634615384615384 0.03125
2 0.8461538461538461 0.7175480769230769 0.03125 0.03125
2 0.9675480769230769 0.7103365384615384 0.02403846153846154 0.02403846153846154
2 0.9483173076923077 0.7247596153846154 0.021634615384615384 0.03365384615384615
2 0.9819711538461539 0.7620192307692307 0.021634615384615384 0.021634615384615384
2 0.9266826923076923 0.8040865384615384 0.021634615384615384 0.019230769230769232
2 0.8269230769230769 0.6682692307692307 0.03125 0.028846153846153848
2 0.71875 0.6899038461538461 0.026442307692307692 0.026442307692307692
2 0.7608173076923077 0.7175480769230769 0.028846153846153848 0.03125
2 0.7548076923076923 0.6899038461538461 0.028846153846153848 0.028846153846153848
2 0.7259615384615384 0.6225961538461539 0.026442307692307692 0.03365384615384615
2 0.5685096153846154 0.5576923076923077 0.019230769230769232 0.021634615384615384
2 0.5 0.4387019230769231 0.019230769230769232 0.021634615384615384
2 0.9002403846153846 0.6959134615384616 0.019230769230769232 0.04326923076923077
2 0.8197115384615384 0.7115384615384616 0.021634615384615384 0.03365384615384615
2 0.8509615384615384 0.7752403846153846 0.02403846153846154 0.026442307692307692
2 0.7644230769230769 0.7451923076923077 0.019230769230769232 0.03365384615384615
2 0.9675480769230769 0.8425480769230769 0.021634615384615384 0.019230769230769232
2 0.9182692307692307 0.7475961538461539 0.028846153846153848 0.02403846153846154
2 0.9879807692307693 0.7584134615384616 0.014423076923076924 0.019230769230769232
2 0.7992788461538461 0.7692307692307693 0.026442307692307692 0.02403846153846154
2 0.7896634615384616 0.6935096153846154 0.02403846153846154 0.026442307692307692
2 0.8076923076923077 0.8545673076923077 0.02403846153846154 0.026442307692307692
2 0.8918269230769231 0.9038461538461539 0.014423076923076924 0.038461538461538464
2 0.9338942307692307 0.8533653846153846 0.026442307692307692 0.028846153846153848
2 0.8930288461538461 0.8161057692307693 0.016826923076923076 0.026442307692307692
2 0.8641826923076923 0.8269230769230769 0.021634615384615384 0.028846153846153848
2 0.8329326923076923 0.8221153846153846 0.03125 0.028846153846153848
2 0.9627403846153846 0.8858173076923077 0.02403846153846154 0.02403846153846154
2 0.9314903846153846 0.9098557692307693 0.021634615384615384 0.02403846153846154
2 0.9903846153846154 0.8605769230769231 0.009615384615384616 0.016826923076923076
2 0.9879807692307693 0.8870192307692307 0.014423076923076924 0.021634615384615384
2 0.8353365384615384 0.8605769230769231 0.021634615384615384 0.04807692307692308
2 0.4411057692307692 0.34134615384615385 0.016826923076923076 0.028846153846153848
2 0.41947115384615385 0.3870192307692308 0.03125 0.03365384615384615
2 0.5204326923076923 0.484375 0.019230769230769232 0.019230769230769232
2 0.48677884615384615 0.49158653846153844 0.016826923076923076 0.026442307692307692
2 0.36899038461538464 0.3449519230769231 0.026442307692307692 0.021634615384615384
2 0.5925480769230769 0.6129807692307693 0.02403846153846154 0.021634615384615384
2 0.5925480769230769 0.5408653846153846 0.019230769230769232 0.019230769230769232
2 0.5492788461538461 0.5745192307692307 0.019230769230769232 0.026442307692307692
2 0.5024038461538461 0.5492788461538461 0.021634615384615384 0.03125
2 0.5528846153846154 0.5252403846153846 0.016826923076923076 0.02403846153846154
2 0.5228365384615384 0.5192307692307693 0.019230769230769232 0.016826923076923076
2 0.44350961538461536 0.515625 0.009615384615384616 0.040865384615384616
2 0.36778846153846156 0.4266826923076923 0.019230769230769232 0.016826923076923076
2 0.3317307692307692 0.5853365384615384 0.019230769230769232 0.021634615384615384
2 0.32572115384615385 0.4651442307692308 0.016826923076923076 0.016826923076923076
2 0.46634615384615385 0.39663461538461536 0.02403846153846154 0.019230769230769232
2 0.43990384615384615 0.4074519230769231 0.019230769230769232 0.03365384615384615
2 0.46033653846153844 0.42788461538461536 0.021634615384615384 0.03365384615384615
2 0.41346153846153844 0.4326923076923077 0.019230769230769232 0.04326923076923077
2 0.39663461538461536 0.5012019230769231 0.02403846153846154 0.026442307692307692
2 0.47115384615384615 0.5372596153846154 0.016826923076923076 0.036057692307692304
2 0.5372596153846154 0.5420673076923077 0.014423076923076924 0.02403846153846154
2 0.43509615384615385 0.5733173076923077 0.016826923076923076 0.01201923076923077
2 0.4579326923076923 0.4579326923076923 0.019230769230769232 0.016826923076923076
2 0.515625 0.6201923076923077 0.019230769230769232 0.026442307692307692
2 0.7079326923076923 0.7379807692307693 0.016826923076923076 0.016826923076923076
2 0.4699519230769231 0.4807692307692308 0.016826923076923076 0.014423076923076924
2 0.43990384615384615 0.453125 0.019230769230769232 0.016826923076923076
2 0.44711538461538464 0.47475961538461536 0.014423076923076924 0.016826923076923076
2 0.5 0.5721153846153846 0.016826923076923076 0.014423076923076924
2 0.48197115384615385 0.5552884615384616 0.009615384615384616 0.019230769230769232
2 0.37740384615384615 0.5120192307692307 0.004807692307692308 0.019230769230769232
2 0.3713942307692308 0.46274038461538464 0.009615384615384616 0.019230769230769232
2 0.39302884615384615 0.40865384615384615 0.01201923076923077 0.014423076923076924
2 0.41225961538461536 0.35216346153846156 0.01201923076923077 0.01201923076923077
2 0.3942307692307692 0.3545673076923077 0.014423076923076924 0.014423076923076924
2 0.38221153846153844 0.38341346153846156 0.014423076923076924 0.016826923076923076
2 0.6923076923076923 0.7043269230769231 0.014423076923076924 0.026442307692307692
2 0.3173076923076923 0.49759615384615385 0.014423076923076924 0.014423076923076924
2 0.3401442307692308 0.49278846153846156 0.016826923076923076 0.014423076923076924
2 0.45072115384615385 0.6310096153846154 0.014423076923076924 0.016826923076923076
2 0.49399038461538464 0.6430288461538461 0.019230769230769232 0.016826923076923076
2 0.46634615384615385 0.5973557692307693 0.016826923076923076 0.016826923076923076
2 0.5036057692307693 0.5120192307692307 0.014423076923076924 0.019230769230769232
2 0.5144230769230769 0.4567307692307692 0.014423076923076924 0.016826923076923076
2 0.39783653846153844 0.5661057692307693 0.014423076923076924 0.014423076923076924
2 0.4543269230769231 0.5288461538461539 0.01201923076923077 0.014423076923076924
2 0.5 0.6021634615384616 0.016826923076923076 0.016826923076923076
2 0.4651442307692308 0.5757211538461539 0.014423076923076924 0.014423076923076924
2 0.3762019230769231 0.5408653846153846 0.009615384615384616 0.014423076923076924
2 0.3701923076923077 0.5612980769230769 0.01201923076923077 0.01201923076923077
2 0.4326923076923077 0.47115384615384615 0.009615384615384616 0.014423076923076924
2 0.3629807692307692 0.5829326923076923 0.007211538461538462 0.016826923076923076
2 0.41586538461538464 0.5456730769230769 0.01201923076923077 0.009615384615384616
2 0.41947115384615385 0.4795673076923077 0.019230769230769232 0.016826923076923076
2 0.5757211538461539 0.6045673076923077 0.009615384615384616 0.02403846153846154
2 0.5432692307692307 0.6274038461538461 0.016826923076923076 0.016826923076923076
2 0.5192307692307693 0.546875 0.014423076923076924 0.019230769230769232
2 0.4050480769230769 0.5228365384615384 0.019230769230769232 0.016826923076923076