2 0.021634615384615384 0.6862980769230769 0.04326923076923077 0.02403846153846154
2 0.07211538461538461 0.6730769230769231 0.038461538461538464 0.04326923076923077
2 0.09254807692307693 0.6466346153846154 0.04326923076923077 0.04326923076923077
2 0.1622596153846154 0.5997596153846154 0.07932692307692307 0.019230769230769232
2 0.19471153846153846 0.47836538461538464 0.0673076923076923 0.02403846153846154
2 0.25240384615384615 0.5685096153846154 0.038461538461538464 0.038461538461538464
2 0.35697115384615385 0.5372596153846154 0.04567307692307692 0.04567307692307692
2 0.36658653846153844 0.45913461538461536 0.055288461538461536 0.02403846153846154
2 0.43149038461538464 0.43990384615384615 0.036057692307692304 0.03365384615384615
2 0.4567307692307692 0.49278846153846156 0.04807692307692308 0.02403846153846154
2 0.4735576923076923 0.41947115384615385 0.038461538461538464 0.036057692307692304
2 0.46634615384615385 0.38461538461538464 0.04807692307692308 0.02403846153846154
2 0.53125 0.44591346153846156 0.057692307692307696 0.028846153846153848
2 0.5240384615384616 0.39783653846153844 0.04807692307692308 0.03365384615384615
2 0.5300480769230769 0.47836538461538464 0.040865384615384616 0.040865384615384616
2 0.5817307692307693 0.3942307692307692 0.028846153846153848 0.03125
2 0.4795673076923077 0.6802884615384616 0.03125 0.028846153846153848
2 0.31971153846153844 0.8100961538461539 0.04326923076923077 0.02403846153846154
2 0.3173076923076923 0.8629807692307693 0.038461538461538464 0.038461538461538464
2 0.27403846153846156 0.8930288461538461 0.028846153846153848 0.03365384615384615
2 0.3088942307692308 0.9435096153846154 0.03125 0.03365384615384615
2 0.3918269230769231 0.9459134615384616 0.0625 0.021634615384615384
2 0.3317307692307692 0.9194711538461539 0.038461538461538464 0.02403846153846154
2 0.40024038461538464 0.9158653846153846 0.05048076923076923 0.02403846153846154
2 0.40865384615384615 0.8473557692307693 0.028846153846153848 0.026442307692307692
2 0.37259615384615385 0.8641826923076923 0.03365384615384615 0.036057692307692304
2 0.44471153846153844 0.8834134615384616 0.028846153846153848 0.03125
2 0.41586538461538464 0.5769230769230769 0.038461538461538464 0.038461538461538464
2 0.203125 0.7704326923076923 0.055288461538461536 0.02403846153846154
2 0.10216346153846154 0.8149038461538461 0.026442307692307692 0.028846153846153848
2 0.24639423076923078 0.8377403846153846 0.036057692307692304 0.03365384615384615
2 0.16826923076923078 0.7896634615384616 0.04326923076923077 0.04326923076923077
2 0.32211538461538464 0.7788461538461539 0.038461538461538464 0.038461538461538464
2 0.19110576923076922 0.7331730769230769 0.04567307692307692 0.016826923076923076
2 0.23076923076923078 0.703125 0.04807692307692308 0.019230769230769232
2 0.1502403846153846 0.6802884615384616 0.04567307692307692 0.04567307692307692
2 0.49399038461538464 0.5625 0.026442307692307692 0.028846153846153848
2 0.3425480769230769 0.6358173076923077 0.038461538461538464 0.038461538461538464
2 0.2920673076923077 0.7235576923076923 0.04807692307692308 0.021634615384615384
2 0.3389423076923077 0.6947115384615384 0.04326923076923077 0.019230769230769232
2 0.20673076923076922 0.65625 0.04807692307692308 0.021634615384615384
2 0.2848557692307692 0.6165865384615384 0.0673076923076923 0.02403846153846154
2 0.5985576923076923 0.6802884615384616 0.028846153846153848 0.03125
2 0.421875 0.7920673076923077 0.04567307692307692 0.016826923076923076
2 0.4567307692307692 0.8365384615384616 0.028846153846153848 0.028846153846153848
2 0.5132211538461539 0.7668269230769231 0.040865384615384616 0.014423076923076924
2 0.5408653846153846 0.8353365384615384 0.028846153846153848 0.028846153846153848
2 0.15384615384615385 0.7536057692307693 0.07211538461538461 0.019230769230769232
2 0.09375 0.7788461538461539 0.052884615384615384 0.02403846153846154
2 0.4723557692307692 0.53125 0.036057692307692304 0.038461538461538464
2 0.27884615384615385 0.7475961538461539 0.038461538461538464 0.040865384615384616
2 0.3004807692307692 0.5564903846153846 0.038461538461538464 0.038461538461538464
2 0.5444711538461539 0.6983173076923077 0.04567307692307692 0.02403846153846154
2 0.6045673076923077 0.6478365384615384 0.03125 0.03365384615384615
2 0.6706730769230769 0.6370192307692307 0.04807692307692308 0.021634615384615384
2 0.5805288461538461 0.7692307692307693 0.040865384615384616 0.026442307692307692
2 0.6706730769230769 0.36658653846153844 0.03365384615384615 0.03365384615384615
2 0.7151442307692307 0.3557692307692308 0.03125 0.028846153846153848
2 0.8449519230769231 0.3557692307692308 0.055288461538461536 0.02403846153846154
2 0.71875 0.3918269230769231 0.028846153846153848 0.028846153846153848
2 0.7524038461538461 0.46274038461538464 0.02403846153846154 0.026442307692307692
2 0.5829326923076923 0.4639423076923077 0.03125 0.03125
2 0.6346153846153846 0.4362980769230769 0.03365384615384615 0.03365384615384615
2 0.8185096153846154 0.3245192307692308 0.036057692307692304 0.03365384615384615
2 0.9338942307692307 0.33653846153846156 0.036057692307692304 0.036057692307692304
2 0.8954326923076923 0.3088942307692308 0.03125 0.03125
2 0.9050480769230769 0.44471153846153844 0.026442307692307692 0.028846153846153848
2 0.46274038461538464 0.7367788461538461 0.040865384615384616 0.040865384615384616
2 0.2644230769230769 0.8125 0.02403846153846154 0.021634615384615384
2 0.45552884615384615 0.8653846153846154 0.03125 0.014423076923076924
2 0.44471153846153844 0.8161057692307693 0.04807692307692308 0.016826923076923076
2 0.44350961538461536 0.765625 0.05048076923076923 0.021634615384615384
2 0.3942307692307692 0.6730769230769231 0.03365384615384615 0.03365384615384615
2 0.3473557692307692 0.7211538461538461 0.036057692307692304 0.03365384615384615
2 0.3425480769230769 0.5745192307692307 0.03125 0.019230769230769232
2 0.4735576923076923 0.6105769230769231 0.02403846153846154 0.02403846153846154
2 0.3954326923076923 0.6358173076923077 0.040865384615384616 0.040865384615384616
2 0.48197115384615385 0.5877403846153846 0.04567307692307692 0.02403846153846154
2 0.6213942307692307 0.6045673076923077 0.04567307692307692 0.019230769230769232
2 0.7019230769230769 0.5540865384615384 0.028846153846153848 0.028846153846153848
2 0.6045673076923077 0.5 0.03125 0.03125
2 0.5745192307692307 0.5576923076923077 0.038461538461538464 0.040865384615384616
2 0.7584134615384616 0.6418269230769231 0.036057692307692304 0.038461538461538464
2 0.5625 0.7295673076923077 0.028846153846153848 0.028846153846153848
2 0.6850961538461539 0.7524038461538461 0.02403846153846154 0.026442307692307692
2 0.5913461538461539 0.8028846153846154 0.04807692307692308 0.021634615384615384
2 0.42908653846153844 0.6514423076923077 0.04567307692307692 0.014423076923076924
2 0.4182692307692308 0.5925480769230769 0.04807692307692308 0.021634615384615384
2 0.8473557692307693 0.4519230769230769 0.03125 0.03365384615384615
2 0.7415865384615384 0.4182692307692308 0.05048076923076923 0.019230769230769232
2 0.8365384615384616 0.41346153846153844 0.03365384615384615 0.03365384615384615
2 0.8810096153846154 0.38461538461538464 0.05048076923076923 0.028846153846153848
2 0.7560096153846154 0.5144230769230769 0.04326923076923077 0.019230769230769232
2 0.7716346153846154 0.49038461538461536 0.02403846153846154 0.02403846153846154
2 0.8076923076923077 0.4795673076923077 0.052884615384615384 0.021634615384615384
2 0.8076923076923077 0.5036057692307693 0.04807692307692308 0.019230769230769232
2 0.7776442307692307 0.6189903846153846 0.03125 0.03125
2 0.7596153846153846 0.6887019230769231 0.04326923076923077 0.019230769230769232
2 0.7560096153846154 0.734375 0.038461538461538464 0.016826923076923076
2 0.6105769230769231 0.7271634615384616 0.03365384615384615 0.03365384615384615
2 0.6394230769230769 0.6983173076923077 0.04326923076923077 0.019230769230769232
2 0.6201923076923077 0.7548076923076923 0.038461538461538464 0.019230769230769232
2 0.47115384615384615 0.6274038461538461 0.057692307692307696 0.019230769230769232
2 0.6778846153846154 0.53125 0.03365384615384615 0.03125
2 0.44350961538461536 0.18028846153846154 0.021634615384615384 0.02403846153846154
2 0.46875 0.14423076923076922 0.028846153846153848 0.028846153846153848
2 0.5204326923076923 0.17307692307692307 0.021634615384615384 0.021634615384615384
2 0.5865384615384616 0.10096153846153846 0.02403846153846154 0.021634615384615384
2 0.6394230769230769 0.15625 0.02403846153846154 0.026442307692307692
2 0.43509615384615385 0.19831730769230768 0.028846153846153848 0.026442307692307692
2 0.484375 0.1875 0.021634615384615384 0.019230769230769232
2 0.6081730769230769 0.21634615384615385 0.02403846153846154 0.02403846153846154
2 0.5564903846153846 0.15985576923076922 0.026442307692307692 0.02403846153846154
2 0.6370192307692307 0.07932692307692307 0.019230769230769232 0.019230769230769232
2 0.53125 0.12860576923076922 0.02403846153846154 0.02403846153846154
2 0.7175480769230769 0.18629807692307693 0.026442307692307692 0.014423076923076924
2 0.6899038461538461 0.2403846153846154 0.02403846153846154 0.021634615384615384
2 0.7223557692307693 0.15144230769230768 0.021634615384615384 0.021634615384615384
2 0.5733173076923077 0.17908653846153846 0.05048076923076923 0.019230769230769232
2 0.5504807692307693 0.20072115384615385 0.038461538461538464 0.014423076923076924
2 0.65625 0.11057692307692307 0.028846153846153848 0.03125
2 0.7355769230769231 0.06129807692307692 0.02403846153846154 0.021634615384615384
2 0.7331730769230769 0.11658653846153846 0.03365384615384615 0.016826923076923076
2 0.7283653846153846 0.2247596153846154 0.028846153846153848 0.014423076923076924
2 0.6826923076923077 0.16947115384615385 0.028846153846153848 0.02403846153846154
2 0.6310096153846154 0.22956730769230768 0.02403846153846154 0.02403846153846154
2 0.8161057692307693 0.22596153846153846 0.038461538461538464 0.014423076923076924
2 0.8293269230769231 0.2692307692307692 0.028846153846153848 0.009615384615384616
2 0.8076923076923077 0.1141826923076923 0.03365384615384615 0.014423076923076924
2 0.7980769230769231 0.14903846153846154 0.03365384615384615 0.019230769230769232
2 0.7572115384615384 0.1875 0.02403846153846154 0.019230769230769232
2 0.5721153846153846 0.12379807692307693 0.02403846153846154 0.02403846153846154
2 0.8100961538461539 0.171875 0.028846153846153848 0.01201923076923077
2 0.8677884615384616 0.19230769230769232 0.028846153846153848 0.028846153846153848
2 0.8425480769230769 0.15985576923076922 0.036057692307692304 0.03125
2 0.8365384615384616 0.13341346153846154 0.04807692307692308 0.019230769230769232
2 0.7295673076923077 0.24278846153846154 0.036057692307692304 0.014423076923076924
2 0.6694711538461539 0.12620192307692307 0.021634615384615384 0.019230769230769232
2 0.9411057692307693 0.3701923076923077 0.040865384615384616 0.026442307692307692
2 0.6442307692307693 0.171875 0.028846153846153848 0.02403846153846154
2 0.6694711538461539 0.13701923076923078 0.03125 0.01201923076923077