2 0.33533653846153844 0.8413461538461539 0.05048076923076923 0.04807692307692308
2 0.38822115384615385 0.8521634615384616 0.055288461538461536 0.055288461538461536
2 0.4831730769230769 0.7992788461538461 0.038461538461538464 0.0673076923076923
2 0.5576923076923077 0.8088942307692307 0.04326923076923077 0.04567307692307692
2 0.5913461538461539 0.7944711538461539 0.038461538461538464 0.036057692307692304
2 0.6682692307692307 0.6646634615384616 0.03365384615384615 0.055288461538461536
2 0.12620192307692307 0.5805288461538461 0.05048076923076923 0.04807692307692308
2 0.15625 0.7391826923076923 0.052884615384615384 0.055288461538461536
2 0.04447115384615385 0.5360576923076923 0.05048076923076923 0.052884615384615384
2 0.43990384615384615 0.7283653846153846 0.052884615384615384 0.052884615384615384
2 0.008413461538461538 0.3269230769230769 0.016826923076923076 0.04807692307692308
2 0.3173076923076923 0.7331730769230769 0.038461538461538464 0.052884615384615384
2 0.5576923076923077 0.6971153846153846 0.04326923076923077 0.04807692307692308
2 0.234375 0.5973557692307693 0.040865384615384616 0.055288461538461536
2 0.2824519230769231 0.5600961538461539 0.040865384615384616 0.04326923076923077
2 0.5216346153846154 0.6694711538461539 0.028846153846153848 0.06009615384615385
2 0.7692307692307693 0.6802884615384616 0.03365384615384615 0.04807692307692308
2 0.6742788461538461 0.48197115384615385 0.05048076923076923 0.05048076923076923
2 0.19230769230769232 0.5084134615384616 0.028846153846153848 0.06009615384615385
2 0.4338942307692308 0.6526442307692307 0.04567307692307692 0.04807692307692308
2 0.23918269230769232 0.4543269230769231 0.036057692307692304 0.03365384615384615
2 0.5396634615384616 0.46875 0.055288461538461536 0.052884615384615384
2 0.0673076923076923 0.4483173076923077 0.04326923076923077 0.04567307692307692
2 0.007211538461538462 0.3641826923076923 0.014423076923076924 0.04807692307692308
2 0.35697115384615385 0.5276442307692307 0.036057692307692304 0.036057692307692304
2 0.5576923076923077 0.6298076923076923 0.04807692307692308 0.04807692307692308
2 0.6514423076923077 0.5949519230769231 0.03365384615384615 0.04567307692307692
2 0.6466346153846154 0.7644230769230769 0.03365384615384615 0.038461538461538464
2 0.7283653846153846 0.625 0.03365384615384615 0.04807692307692308
2 0.7620192307692307 0.5228365384615384 0.038461538461538464 0.036057692307692304
2 0.41225961538461536 0.6081730769230769 0.040865384615384616 0.04326923076923077
2 0.25961538461538464 0.6862980769230769 0.038461538461538464 0.055288461538461536
2 0.18990384615384615 0.4050480769230769 0.03365384615384615 0.052884615384615384
2 0.45552884615384615 0.38341346153846156 0.03365384615384615 0.06009615384615385
2 0.5793269230769231 0.5372596153846154 0.038461538461538464 0.057692307692307696
2 0.38461538461538464 0.45552884615384615 0.04807692307692308 0.04567307692307692
2 0.7932692307692307 0.4170673076923077 0.03365384615384615 0.05048076923076923
2 0.10697115384615384 0.4254807692307692 0.036057692307692304 0.038461538461538464
2 0.18269230769230768 0.6526442307692307 0.038461538461538464 0.040865384615384616
2 0.25600961538461536 0.3581730769230769 0.036057692307692304 0.057692307692307696
2 0.4879807692307692 0.6165865384615384 0.028846153846153848 0.055288461538461536
2 0.6129807692307693 0.7295673076923077 0.04326923076923077 0.040865384615384616
2 0.7163461538461539 0.5372596153846154 0.038461538461538464 0.036057692307692304
2 0.1502403846153846 0.4110576923076923 0.038461538461538464 0.038461538461538464
2 0.1045673076923077 0.3485576923076923 0.040865384615384616 0.04326923076923077
2 0.31971153846153844 0.3125 0.04326923076923077 0.038461538461538464
2 0.3942307692307692 0.2848557692307692 0.052884615384615384 0.05048076923076923
2 0.4483173076923077 0.3161057692307692 0.026442307692307692 0.052884615384615384
2 0.15985576923076922 0.5336538461538461 0.036057692307692304 0.03365384615384615
2 0.24879807692307693 0.8100961538461539 0.05048076923076923 0.052884615384615384
2 0.008413461538461538 0.4735576923076923 0.016826923076923076 0.02403846153846154
2 0.06009615384615385 0.3858173076923077 0.03365384615384615 0.036057692307692304
2 0.11298076923076923 0.27403846153846156 0.04326923076923077 0.04807692307692308
2 0.27524038461538464 0.484375 0.03125 0.057692307692307696
2 0.7067307692307693 0.6706730769230769 0.028846153846153848 0.03365384615384615
2 0.24759615384615385 0.25721153846153844 0.028846153846153848 0.052884615384615384
2 0.47836538461538464 0.4699519230769231 0.03365384615384615 0.057692307692307696
2 0.42788461538461536 0.5072115384615384 0.04326923076923077 0.04326923076923077
2 0.5324519230769231 0.5901442307692307 0.04567307692307692 0.04567307692307692
2 0.6009615384615384 0.671875 0.028846153846153848 0.06490384615384616
2 0.6153846153846154 0.6069711538461539 0.03365384615384615 0.04567307692307692
2 0.30649038461538464 0.234375 0.04567307692307692 0.04567307692307692
2 0.009615384615384616 0.4639423076923077 0.019230769230769232 0.052884615384615384
2 0.021634615384615384 0.4495192307692308 0.03365384615384615 0.03365384615384615
2 0.38100961538461536 0.39783653846153844 0.026442307692307692 0.04567307692307692
2 0.15985576923076922 0.4855769230769231 0.036057692307692304 0.057692307692307696
2 0.6153846153846154 0.39903846153846156 0.04807692307692308 0.052884615384615384
2 0.5504807692307693 0.3870192307692308 0.038461538461538464 0.052884615384615384
2 0.18269230769230768 0.3233173076923077 0.038461538461538464 0.038461538461538464
2 0.21514423076923078 0.32572115384615385 0.040865384615384616 0.040865384615384616
2 0.3557692307692308 0.4026442307692308 0.028846153846153848 0.04326923076923077
2 0.7427884615384616 0.45072115384615385 0.052884615384615384 0.05048076923076923
2 0.052884615384615384 0.30649038461538464 0.038461538461538464 0.036057692307692304
2 0.007211538461538462 0.2620192307692308 0.014423076923076924 0.038461538461538464