2 0.9819711538461539 0.7235576923076923 0.03125 0.06971153846153846
2 0.9807692307692307 0.703125 0.03125 0.0673076923076923
2 0.9807692307692307 0.7475961538461539 0.03125 0.06971153846153846
2 0.9771634615384616 0.8665865384615384 0.03365384615384615 0.04807692307692308
2 0.9783653846153846 0.8161057692307693 0.03125 0.0673076923076923
2 0.9747596153846154 0.8689903846153846 0.038461538461538464 0.04807692307692308
2 0.9747596153846154 0.8557692307692307 0.038461538461538464 0.04567307692307692
2 0.9807692307692307 0.75 0.028846153846153848 0.06490384615384616
2 0.9807692307692307 0.8149038461538461 0.028846153846153848 0.07451923076923077
2 0.9795673076923077 0.7944711538461539 0.03125 0.04807692307692308
2 0.9675480769230769 0.8641826923076923 0.04807692307692308 0.052884615384615384
2 0.9735576923076923 0.9567307692307693 0.036057692307692304 0.04567307692307692
2 0.9735576923076923 0.9711538461538461 0.036057692307692304 0.05048076923076923
2 0.9735576923076923 0.9194711538461539 0.038461538461538464 0.04807692307692308
2 0.9747596153846154 0.9110576923076923 0.036057692307692304 0.04567307692307692
2 0.9807692307692307 0.8533653846153846 0.026442307692307692 0.06490384615384616
2 0.9735576923076923 0.7932692307692307 0.04326923076923077 0.05048076923076923
2 0.9759615384615384 0.8653846153846154 0.038461538461538464 0.07932692307692307
2 0.9819711538461539 0.9014423076923077 0.02403846153846154 0.07451923076923077
2 0.9723557692307693 0.9158653846153846 0.040865384615384616 0.055288461538461536
2 0.9831730769230769 0.8533653846153846 0.021634615384615384 0.06490384615384616
2 0.9795673076923077 0.9050480769230769 0.026442307692307692 0.0625
2 0.9771634615384616 0.9867788461538461 0.026442307692307692 0.026442307692307692
2 0.9723557692307693 0.9795673076923077 0.036057692307692304 0.040865384615384616
2 0.9795673076923077 0.9651442307692307 0.02403846153846154 0.0673076923076923
2 0.7199519230769231 0.5144230769230769 0.040865384615384616 0.06490384615384616
2 0.7151442307692307 0.7632211538461539 0.055288461538461536 0.057692307692307696
2 0.6646634615384616 0.7283653846153846 0.06490384615384616 0.07211538461538461
2 0.6430288461538461 0.5997596153846154 0.0625 0.06490384615384616
2 0.5985576923076923 0.5721153846153846 0.06490384615384616 0.06490384615384616
2 0.5612980769230769 0.6802884615384616 0.0673076923076923 0.0673076923076923
2 0.6117788461538461 0.6947115384615384 0.0673076923076923 0.0673076923076923
2 0.5348557692307693 0.7608173076923077 0.05048076923076923 0.052884615384615384
2 0.5420673076923077 0.5612980769230769 0.04567307692307692 0.07211538461538461
2 0.5745192307692307 0.47115384615384615 0.05048076923076923 0.07451923076923077
2 0.5192307692307693 0.5120192307692307 0.052884615384615384 0.0673076923076923
2 0.4735576923076923 0.4519230769230769 0.05048076923076923 0.0673076923076923
2 0.46875 0.5264423076923077 0.057692307692307696 0.057692307692307696
2 0.4026442307692308 0.5540865384615384 0.052884615384615384 0.0625
2 0.47836538461538464 0.6213942307692307 0.052884615384615384 0.055288461538461536
2 0.5216346153846154 0.6370192307692307 0.04807692307692308 0.0625
2 0.44350961538461536 0.7391826923076923 0.0625 0.0625
2 0.4831730769230769 0.765625 0.03365384615384615 0.036057692307692304
2 0.4182692307692308 0.8317307692307693 0.040865384615384616 0.06490384615384616
2 0.39903846153846156 0.6887019230769231 0.04807692307692308 0.0625
2 0.37740384615384615 0.8016826923076923 0.052884615384615384 0.052884615384615384
2 0.3605769230769231 0.8497596153846154 0.04567307692307692 0.055288461538461536
2 0.39903846153846156 0.41947115384615385 0.06009615384615385 0.0625
2 0.4639423076923077 0.32211538461538464 0.0625 0.06971153846153846
2 0.4375 0.21033653846153846 0.0673076923076923 0.0673076923076923
2 0.4206730769230769 0.3076923076923077 0.06490384615384616 0.06490384615384616
2 0.39302884615384615 0.24759615384615385 0.06490384615384616 0.0625
2 0.38822115384615385 0.1622596153846154 0.06971153846153846 0.06971153846153846
2 0.32572115384615385 0.3557692307692308 0.06490384615384616 0.06490384615384616
2 0.36177884615384615 0.38461538461538464 0.04326923076923077 0.0673076923076923
2 0.375 0.48677884615384615 0.052884615384615384 0.055288461538461536
2 0.3293269230769231 0.43509615384615385 0.06009615384615385 0.0625
2 0.27163461538461536 0.4110576923076923 0.07211538461538461 0.07211538461538461
2 0.2776442307692308 0.32091346153846156 0.05048076923076923 0.07692307692307693
2 0.2247596153846154 0.3557692307692308 0.04326923076923077 0.07211538461538461
2 0.2860576923076923 0.4891826923076923 0.052884615384615384 0.057692307692307696
2 0.3233173076923077 0.4326923076923077 0.05048076923076923 0.06971153846153846
2 0.328125 0.546875 0.052884615384615384 0.055288461538461536
2 0.3557692307692308 0.5925480769230769 0.038461538461538464 0.057692307692307696
2 0.3389423076923077 0.6442307692307693 0.04807692307692308 0.04807692307692308
2 0.3713942307692308 0.6262019230769231 0.040865384615384616 0.05048076923076923
2 0.31971153846153844 0.6971153846153846 0.040865384615384616 0.055288461538461536
2 0.2848557692307692 0.7956730769230769 0.055288461538461536 0.055288461538461536
2 0.2403846153846154 0.7127403846153846 0.040865384615384616 0.0625
2 0.2764423076923077 0.6923076923076923 0.04567307692307692 0.04567307692307692
2 0.21153846153846154 0.6334134615384616 0.052884615384615384 0.05048076923076923
2 0.13221153846153846 0.703125 0.05048076923076923 0.052884615384615384
2 0.3269230769230769 0.8713942307692307 0.040865384615384616 0.04567307692307692
2 0.28846153846153844 0.8822115384615384 0.04807692307692308 0.05048076923076923
2 0.3425480769230769 0.7668269230769231 0.04326923076923077 0.057692307692307696
2 0.2848557692307692 0.5793269230769231 0.04807692307692308 0.05048076923076923
2 0.20793269230769232 0.5600961538461539 0.052884615384615384 0.052884615384615384
2 0.21754807692307693 0.5072115384615384 0.05048076923076923 0.052884615384615384
2 0.24519230769230768 0.4483173076923077 0.05048076923076923 0.055288461538461536
2 0.18509615384615385 0.5817307692307693 0.04567307692307692 0.04567307692307692
2 0.1778846153846154 0.5048076923076923 0.028846153846153848 0.04807692307692308
2 0.1466346153846154 0.5180288461538461 0.04326923076923077 0.04326923076923077
2 0.1502403846153846 0.5588942307692307 0.03365384615384615 0.057692307692307696
2 0.12860576923076922 0.5877403846153846 0.04326923076923077 0.04326923076923077
2 0.19110576923076922 0.3894230769230769 0.040865384615384616 0.0673076923076923
2 0.2283653846153846 0.22235576923076922 0.04567307692307692 0.06971153846153846
2 0.234375 0.13822115384615385 0.052884615384615384 0.06490384615384616
2 0.28846153846153844 0.051682692307692304 0.06490384615384616 0.07211538461538461
2 0.3629807692307692 0.03485576923076923 0.0673076923076923 0.06490384615384616
2 0.3004807692307692 0.15985576923076922 0.06490384615384616 0.0673076923076923
2 0.24759615384615385 0.018028846153846152 0.04326923076923077 0.036057692307692304
2 0.20793269230769232 0.05048076923076923 0.06009615384615385 0.057692307692307696
2 0.16826923076923078 0.06129807692307692 0.05048076923076923 0.09134615384615384
2 0.125 0.07932692307692307 0.05048076923076923 0.07932692307692307
2 0.16706730769230768 0.1935096153846154 0.055288461538461536 0.0673076923076923
2 0.203125 0.140625 0.057692307692307696 0.055288461538461536
2 0.0673076923076923 0.1310096153846154 0.04807692307692308 0.08653846153846154
2 0.12259615384615384 0.1502403846153846 0.040865384615384616 0.040865384615384616
2 0.14543269230769232 0.25961538461538464 0.04807692307692308 0.055288461538461536
2 0.19951923076923078 0.2692307692307692 0.06009615384615385 0.057692307692307696
2 0.18629807692307693 0.3076923076923077 0.04326923076923077 0.055288461538461536
2 0.13822115384615385 0.35697115384615385 0.040865384615384616 0.0625
2 0.08533653846153846 0.3449519230769231 0.040865384615384616 0.040865384615384616
2 0.03365384615384615 0.33653846153846156 0.04807692307692308 0.06490384615384616
2 0.0733173076923077 0.26322115384615385 0.04326923076923077 0.055288461538461536
2 0.078125 0.21394230769230768 0.04567307692307692 0.04807692307692308
2 0.0673076923076923 0.5432692307692307 0.052884615384615384 0.052884615384615384
2 0.018028846153846152 0.5384615384615384 0.036057692307692304 0.0673076923076923
2 0.026442307692307692 0.609375 0.038461538461538464 0.052884615384615384
2 0.125 0.45913461538461536 0.040865384615384616 0.05048076923076923
2 0.08774038461538461 0.38221153846153844 0.03125 0.057692307692307696
2 0.07692307692307693 0.016826923076923076 0.04807692307692308 0.03365384615384615
2 0.1466346153846154 0.018028846153846152 0.04807692307692308 0.036057692307692304
2 0.17548076923076922 0.013221153846153846 0.057692307692307696 0.026442307692307692
2 0.037259615384615384 0.016826923076923076 0.04567307692307692 0.03365384615384615
2 0.026442307692307692 0.014423076923076924 0.038461538461538464 0.028846153846153848
2 0.020432692307692308 0.15144230769230768 0.028846153846153848 0.0625
2 0.008413461538461538 0.35216346153846156 0.01201923076923077 0.057692307692307696
2 0.25961538461538464 0.5384615384615384 0.05048076923076923 0.05048076923076923
2 0.08533653846153846 0.025240384615384616 0.06009615384615385 0.05048076923076923
2 0.057692307692307696 0.44471153846153844 0.036057692307692304 0.04807692307692308
2 0.9939903846153846 0.03125 0.01201923076923077 0.04807692307692308
2 0.9795673076923077 0.02283653846153846 0.028846153846153848 0.028846153846153848
2 0.9519230769230769 0.02283653846153846 0.026442307692307692 0.028846153846153848
2 0.9242788461538461 0.019230769230769232 0.02403846153846154 0.02403846153846154
2 0.8882211538461539 0.020432692307692308 0.028846153846153848 0.026442307692307692
2 0.8701923076923077 0.018028846153846152 0.028846153846153848 0.02403846153846154
2 0.9723557692307693 0.0625 0.03365384615384615 0.04807692307692308
2 0.9266826923076923 0.07692307692307693 0.03125 0.052884615384615384
2 0.9182692307692307 0.02283653846153846 0.028846153846153848 0.028846153846153848
2 0.8954326923076923 0.06610576923076923 0.026442307692307692 0.05048076923076923
2 0.8834134615384616 0.028846153846153848 0.03365384615384615 0.03365384615384615
2 0.9615384615384616 0.12139423076923077 0.03365384615384615 0.052884615384615384
2 0.984375 0.14783653846153846 0.03125 0.040865384615384616
2 0.8822115384615384 0.15144230769230768 0.028846153846153848 0.057692307692307696
2 0.9002403846153846 0.23317307692307693 0.040865384615384616 0.04326923076923077
2 0.9483173076923077 0.22355769230769232 0.026442307692307692 0.057692307692307696
2 0.9723557692307693 0.26322115384615385 0.026442307692307692 0.04807692307692308
2 0.9134615384615384 0.34134615384615385 0.028846153846153848 0.052884615384615384
2 0.8377403846153846 0.2644230769230769 0.03365384615384615 0.055288461538461536
2 0.8413461538461539 0.16947115384615385 0.04567307692307692 0.04326923076923077
2 0.8449519230769231 0.3245192307692308 0.038461538461538464 0.055288461538461536
2 0.9266826923076923 0.421875 0.03365384615384615 0.04567307692307692
2 0.8870192307692307 0.3870192307692308 0.02403846153846154 0.052884615384615384
2 0.8762019230769231 0.45913461538461536 0.04326923076923077 0.04567307692307692
2 0.8545673076923077 0.41947115384615385 0.04326923076923077 0.04326923076923077
2 0.8233173076923077 0.41225961538461536 0.04326923076923077 0.04326923076923077
2 0.8293269230769231 0.48677884615384615 0.02403846153846154 0.04326923076923077
2 0.8004807692307693 0.4807692307692308 0.038461538461538464 0.038461538461538464
2 0.8149038461538461 0.5348557692307693 0.04326923076923077 0.04326923076923077
2 0.9014423076923077 0.5084134615384616 0.028846153846153848 0.04567307692307692
2 0.9182692307692307 0.5444711538461539 0.03125 0.05048076923076923
2 0.9699519230769231 0.3329326923076923 0.036057692307692304 0.038461538461538464
2 0.953125 0.29086538461538464 0.028846153846153848 0.04807692307692308
2 0.8112980769230769 0.3401442307692308 0.028846153846153848 0.052884615384615384
2 0.9663461538461539 0.49759615384615385 0.028846153846153848 0.055288461538461536