2 0.7235576923076923 0.7427884615384616 0.028846153846153848 0.028846153846153848
2 0.7055288461538461 0.71875 0.03125 0.028846153846153848
2 0.6923076923076923 0.7439903846153846 0.021634615384615384 0.038461538461538464
2 0.7211538461538461 0.6177884615384616 0.028846153846153848 0.038461538461538464
2 0.6730769230769231 0.7055288461538461 0.026442307692307692 0.036057692307692304
2 0.7139423076923077 0.5697115384615384 0.019230769230769232 0.03365384615384615
2 0.6971153846153846 0.5673076923076923 0.026442307692307692 0.038461538461538464
2 0.6887019230769231 0.5276442307692307 0.03365384615384615 0.03125
2 0.6418269230769231 0.5372596153846154 0.021634615384615384 0.040865384615384616
2 0.5925480769230769 0.4735576923076923 0.03365384615384615 0.04326923076923077
2 0.6598557692307693 0.5745192307692307 0.03365384615384615 0.026442307692307692
2 0.6682692307692307 0.5985576923076923 0.03365384615384615 0.036057692307692304
2 0.6850961538461539 0.6466346153846154 0.03125 0.038461538461538464
2 0.6526442307692307 0.6454326923076923 0.03365384615384615 0.038461538461538464
2 0.6370192307692307 0.7536057692307693 0.03365384615384615 0.03365384615384615
2 0.5805288461538461 0.7463942307692307 0.03365384615384615 0.03365384615384615
2 0.6213942307692307 0.6838942307692307 0.03125 0.038461538461538464
2 0.5985576923076923 0.6959134615384616 0.03125 0.036057692307692304
2 0.6382211538461539 0.5985576923076923 0.028846153846153848 0.03365384615384615
2 0.6033653846153846 0.6021634615384616 0.03125 0.03365384615384615
2 0.5817307692307693 0.6213942307692307 0.028846153846153848 0.028846153846153848
2 0.5685096153846154 0.6598557692307693 0.03125 0.04807692307692308
2 0.5480769230769231 0.6442307692307693 0.028846153846153848 0.03365384615384615
2 0.5721153846153846 0.5853365384615384 0.028846153846153848 0.036057692307692304
2 0.5600961538461539 0.44711538461538464 0.03365384615384615 0.04326923076923077
2 0.5276442307692307 0.4411057692307692 0.03365384615384615 0.04326923076923077
2 0.47836538461538464 0.4579326923076923 0.04807692307692308 0.06009615384615385
2 0.53125 0.5252403846153846 0.03365384615384615 0.04326923076923077
2 0.4987980769230769 0.5396634615384616 0.03365384615384615 0.040865384615384616
2 0.5300480769230769 0.5757211538461539 0.036057692307692304 0.038461538461538464
2 0.5144230769230769 0.6117788461538461 0.03365384615384615 0.038461538461538464
2 0.5504807692307693 0.578125 0.02403846153846154 0.038461538461538464
2 0.5625 0.5396634615384616 0.028846153846153848 0.036057692307692304
2 0.5745192307692307 0.49759615384615385 0.03125 0.04807692307692308
2 0.5889423076923077 0.5252403846153846 0.02403846153846154 0.04326923076923077
2 0.5913461538461539 0.5637019230769231 0.028846153846153848 0.03365384615384615
2 0.5649038461538461 0.7920673076923077 0.026442307692307692 0.036057692307692304
2 0.5396634615384616 0.8064903846153846 0.02403846153846154 0.03125
2 0.5180288461538461 0.6983173076923077 0.028846153846153848 0.040865384615384616
2 0.5012019230769231 0.7295673076923077 0.028846153846153848 0.04567307692307692
2 0.53125 0.7584134615384616 0.03125 0.03365384615384615
2 0.5348557692307693 0.7115384615384616 0.03365384615384615 0.03125
2 0.4423076923076923 0.49759615384615385 0.03365384615384615 0.05048076923076923
2 0.4014423076923077 0.421875 0.036057692307692304 0.05048076923076923
2 0.48197115384615385 0.5865384615384616 0.02403846153846154 0.03365384615384615
2 0.49158653846153844 0.6322115384615384 0.02403846153846154 0.036057692307692304
2 0.46875 0.6394230769230769 0.026442307692307692 0.040865384615384616
2 0.4699519230769231 0.6983173076923077 0.02403846153846154 0.03365384615384615
2 0.4807692307692308 0.7776442307692307 0.02403846153846154 0.03365384615384615
2 0.47596153846153844 0.8521634615384616 0.03365384615384615 0.03365384615384615
2 0.44591346153846156 0.8822115384615384 0.028846153846153848 0.028846153846153848
2 0.45552884615384615 0.7668269230769231 0.03125 0.03365384615384615
2 0.4110576923076923 0.8413461538461539 0.026442307692307692 0.036057692307692304
2 0.39302884615384615 0.8786057692307693 0.02403846153846154 0.03365384615384615
2 0.41947115384615385 0.7872596153846154 0.021634615384615384 0.028846153846153848
2 0.43149038461538464 0.7620192307692307 0.026442307692307692 0.03365384615384615
2 0.40384615384615385 0.7536057692307693 0.026442307692307692 0.028846153846153848
2 0.4026442307692308 0.7091346153846154 0.03125 0.03125
2 0.38341346153846156 0.7247596153846154 0.028846153846153848 0.03125
2 0.375 0.7487980769230769 0.026442307692307692 0.040865384615384616
2 0.36899038461538464 0.7908653846153846 0.02403846153846154 0.028846153846153848
2 0.3557692307692308 0.8137019230769231 0.02403846153846154 0.038461538461538464
2 0.3425480769230769 0.8677884615384616 0.03125 0.038461538461538464
2 0.3329326923076923 0.7956730769230769 0.026442307692307692 0.03365384615384615
2 0.3016826923076923 0.8665865384615384 0.028846153846153848 0.036057692307692304
2 0.3088942307692308 0.9158653846153846 0.02403846153846154 0.03365384615384615
2 0.30528846153846156 0.7920673076923077 0.03125 0.036057692307692304
2 0.28725961538461536 0.7163461538461539 0.03365384615384615 0.038461538461538464
2 0.3245192307692308 0.6322115384615384 0.03365384615384615 0.04326923076923077
2 0.3798076923076923 0.6610576923076923 0.028846153846153848 0.040865384615384616
2 0.36177884615384615 0.6502403846153846 0.019230769230769232 0.028846153846153848
2 0.43149038461538464 0.6622596153846154 0.03365384615384615 0.038461538461538464
2 0.43509615384615385 0.6971153846153846 0.02403846153846154 0.03125
2 0.4543269230769231 0.6033653846153846 0.038461538461538464 0.036057692307692304
2 0.4375 0.5649038461538461 0.03365384615384615 0.05048076923076923
2 0.41586538461538464 0.5901442307692307 0.03365384615384615 0.04567307692307692
2 0.4170673076923077 0.5144230769230769 0.026442307692307692 0.05048076923076923
2 0.3942307692307692 0.5228365384615384 0.021634615384615384 0.05048076923076923
2 0.37740384615384615 0.5324519230769231 0.019230769230769232 0.04326923076923077
2 0.3485576923076923 0.5036057692307693 0.038461538461538464 0.04326923076923077
2 0.35697115384615385 0.4206730769230769 0.038461538461538464 0.04326923076923077
2 0.2956730769230769 0.4495192307692308 0.03365384615384615 0.040865384615384616
2 0.32572115384615385 0.453125 0.019230769230769232 0.036057692307692304
2 0.38822115384615385 0.4579326923076923 0.03365384615384615 0.040865384615384616
2 0.31009615384615385 0.4795673076923077 0.036057692307692304 0.03125
2 0.3076923076923077 0.5348557692307693 0.03125 0.04326923076923077
2 0.2848557692307692 0.6045673076923077 0.03365384615384615 0.038461538461538464
2 0.2692307692307692 0.6322115384615384 0.036057692307692304 0.03125
2 0.25721153846153844 0.6802884615384616 0.028846153846153848 0.03125
2 0.22956730769230768 0.6634615384615384 0.03125 0.03125
2 0.22716346153846154 0.5012019230769231 0.036057692307692304 0.04326923076923077
2 0.20432692307692307 0.6213942307692307 0.03365384615384615 0.038461538461538464
2 0.24639423076923078 0.5697115384615384 0.03365384615384615 0.04567307692307692
2 0.23317307692307693 0.7019230769230769 0.026442307692307692 0.040865384615384616
2 0.31850961538461536 0.6911057692307693 0.026442307692307692 0.04326923076923077
2 0.3329326923076923 0.7175480769230769 0.028846153846153848 0.028846153846153848
2 0.1971153846153846 0.6610576923076923 0.03125 0.038461538461538464
2 0.1875 0.5769230769230769 0.021634615384615384 0.026442307692307692
2 0.25841346153846156 0.7512019230769231 0.02403846153846154 0.03365384615384615
2 0.22355769230769232 0.7475961538461539 0.026442307692307692 0.03365384615384615
2 0.1875 0.7427884615384616 0.026442307692307692 0.03365384615384615
2 0.15144230769230768 0.7223557692307693 0.028846153846153848 0.03365384615384615
2 0.13822115384615385 0.6598557692307693 0.03125 0.038461538461538464
2 0.13221153846153846 0.6862980769230769 0.02403846153846154 0.03365384615384615
2 0.10817307692307693 0.6598557692307693 0.03125 0.028846153846153848
2 0.18269230769230768 0.7992788461538461 0.026442307692307692 0.036057692307692304
2 0.20552884615384615 0.8185096153846154 0.026442307692307692 0.03365384615384615
2 0.2283653846153846 0.7800480769230769 0.028846153846153848 0.028846153846153848
2 0.27403846153846156 0.8100961538461539 0.02403846153846154 0.03125
2 0.25 0.8137019230769231 0.02403846153846154 0.026442307692307692
2 0.2764423076923077 0.8918269230769231 0.021634615384615384 0.03125
2 0.2512019230769231 0.8966346153846154 0.02403846153846154 0.036057692307692304
2 0.1935096153846154 0.90625 0.026442307692307692 0.040865384615384616
2 0.171875 0.8978365384615384 0.021634615384615384 0.02403846153846154
2 0.14543269230769232 0.8930288461538461 0.021634615384615384 0.03365384615384615
2 0.10096153846153846 0.8689903846153846 0.026442307692307692 0.03125
2 0.11778846153846154 0.8846153846153846 0.026442307692307692 0.02403846153846154
2 0.13822115384615385 0.8629807692307693 0.03125 0.026442307692307692
2 0.17067307692307693 0.8605769230769231 0.026442307692307692 0.03365384615384615
2 0.19831730769230768 0.8545673076923077 0.03125 0.028846153846153848
2 0.22596153846153846 0.8665865384615384 0.03365384615384615 0.03365384615384615
2 0.4495192307692308 0.8185096153846154 0.028846153846153848 0.03125
2 0.051682692307692304 0.8209134615384616 0.02403846153846154 0.040865384615384616
2 0.0673076923076923 0.7067307692307693 0.026442307692307692 0.03365384615384615
2 0.09254807692307693 0.71875 0.026442307692307692 0.038461538461538464
2 0.07932692307692307 0.7391826923076923 0.03125 0.03125
2 0.1045673076923077 0.7932692307692307 0.026442307692307692 0.03125
2 0.1201923076923077 0.7223557692307693 0.026442307692307692 0.04326923076923077
2 0.13822115384615385 0.7524038461538461 0.019230769230769232 0.036057692307692304
2 0.15384615384615385 0.7776442307692307 0.026442307692307692 0.028846153846153848
2 0.14783653846153846 0.8317307692307693 0.028846153846153848 0.026442307692307692
2 0.08774038461538461 0.8100961538461539 0.028846153846153848 0.04567307692307692
2 0.09254807692307693 0.6370192307692307 0.016826923076923076 0.028846153846153848
2 0.24639423076923078 0.5324519230769231 0.03365384615384615 0.03365384615384615
2 0.7439903846153846 0.078125 0.021634615384615384 0.03365384615384615
2 0.6646634615384616 0.140625 0.016826923076923076 0.028846153846153848
2 0.6802884615384616 0.12740384615384615 0.019230769230769232 0.028846153846153848
2 0.6959134615384616 0.12139423076923077 0.016826923076923076 0.02403846153846154
2 0.7175480769230769 0.10697115384615384 0.02403846153846154 0.03125
2 0.6790865384615384 0.16105769230769232 0.016826923076923076 0.03125
2 0.6802884615384616 0.19591346153846154 0.019230769230769232 0.03125
2 0.7043269230769231 0.17307692307692307 0.021634615384615384 0.036057692307692304
2 0.7247596153846154 0.17067307692307693 0.019230769230769232 0.03365384615384615
2 0.7367788461538461 0.14543269230769232 0.016826923076923076 0.03365384615384615
2 0.7524038461538461 0.12980769230769232 0.021634615384615384 0.028846153846153848
2 0.7115384615384616 0.2764423076923077 0.016826923076923076 0.03365384615384615
2 0.6935096153846154 0.23076923076923078 0.019230769230769232 0.03125
2 0.7259615384615384 0.22956730769230768 0.021634615384615384 0.03125
2 0.7367788461538461 0.19951923076923078 0.016826923076923076 0.03365384615384615
2 0.7596153846153846 0.1971153846153846 0.021634615384615384 0.03365384615384615
2 0.7764423076923077 0.17307692307692307 0.026442307692307692 0.038461538461538464
2 0.7740384615384616 0.12740384615384615 0.01201923076923077 0.03125
2 0.7644230769230769 0.08774038461538461 0.01201923076923077 0.03365384615384615
2 0.7463942307692307 0.30408653846153844 0.021634615384615384 0.038461538461538464
2 0.6959134615384616 0.2848557692307692 0.021634615384615384 0.03125
2 0.75 0.24519230769230768 0.019230769230769232 0.03125
2 0.7692307692307693 0.23918269230769232 0.016826923076923076 0.02403846153846154
2 0.7367788461538461 0.34375 0.019230769230769232 0.02403846153846154
2 0.6947115384615384 0.3425480769230769 0.01201923076923077 0.02403846153846154
2 0.7043269230769231 0.3798076923076923 0.016826923076923076 0.026442307692307692
2 0.7175480769230769 0.3545673076923077 0.01201923076923077 0.026442307692307692
2 0.7620192307692307 0.28725961538461536 0.01201923076923077 0.02403846153846154
2 0.7319711538461539 0.484375 0.016826923076923076 0.028846153846153848
2 0.7271634615384616 0.453125 0.016826923076923076 0.02403846153846154
2 0.7067307692307693 0.421875 0.01201923076923077 0.028846153846153848
2 0.7115384615384616 0.45552884615384615 0.009615384615384616 0.02403846153846154
2 0.71875 0.4026442307692308 0.016826923076923076 0.026442307692307692
2 0.7379807692307693 0.40384615384615385 0.016826923076923076 0.019230769230769232
2 0.7403846153846154 0.4254807692307692 0.019230769230769232 0.019230769230769232
2 0.7451923076923077 0.4567307692307692 0.019230769230769232 0.028846153846153848
2 0.7572115384615384 0.39663461538461536 0.019230769230769232 0.021634615384615384
2 0.7584134615384616 0.4170673076923077 0.016826923076923076 0.016826923076923076
2 0.7620192307692307 0.4423076923076923 0.01201923076923077 0.02403846153846154
2 0.765625 0.4639423076923077 0.014423076923076924 0.019230769230769232
2 0.78125 0.4879807692307692 0.016826923076923076 0.02403846153846154
2 0.7836538461538461 0.4543269230769231 0.016826923076923076 0.019230769230769232
2 0.7884615384615384 0.42427884615384615 0.014423076923076924 0.02403846153846154
2 0.7680288461538461 0.3713942307692308 0.021634615384615384 0.028846153846153848
2 0.7920673076923077 0.36658653846153844 0.021634615384615384 0.026442307692307692
2 0.8185096153846154 0.3954326923076923 0.02403846153846154 0.026442307692307692
2 0.8040865384615384 0.43990384615384615 0.019230769230769232 0.021634615384615384
2 0.8245192307692307 0.4495192307692308 0.019230769230769232 0.03125
2 0.8365384615384616 0.43149038461538464 0.016826923076923076 0.026442307692307692
2 0.8245192307692307 0.3605769230769231 0.014423076923076924 0.028846153846153848
2 0.7836538461538461 0.33052884615384615 0.016826923076923076 0.02403846153846154
2 0.7800480769230769 0.30408653846153844 0.019230769230769232 0.028846153846153848
2 0.7632211538461539 0.32091346153846156 0.009615384615384616 0.02403846153846154
2 0.7848557692307693 0.21875 0.02403846153846154 0.026442307692307692
2 0.796875 0.29086538461538464 0.016826923076923076 0.028846153846153848
2 0.8004807692307693 0.3317307692307692 0.016826923076923076 0.026442307692307692
2 0.8137019230769231 0.3389423076923077 0.014423076923076924 0.028846153846153848
2 0.7752403846153846 0.41225961538461536 0.01201923076923077 0.019230769230769232
2 0.8401442307692307 0.5012019230769231 0.019230769230769232 0.02403846153846154
2 0.8233173076923077 0.49038461538461536 0.016826923076923076 0.028846153846153848
2 0.75 0.36658653846153844 0.01201923076923077 0.021634615384615384
2 0.7367788461538461 0.36899038461538464 0.014423076923076924 0.019230769230769232
2 0.8088942307692307 0.5180288461538461 0.019230769230769232 0.028846153846153848
2 0.9038461538461539 0.4411057692307692 0.03125 0.038461538461538464
2 0.8966346153846154 0.5877403846153846 0.03125 0.04326923076923077
2 0.9314903846153846 0.5769230769230769 0.036057692307692304 0.038461538461538464
2 0.9663461538461539 0.5721153846153846 0.03125 0.04326923076923077
2 0.96875 0.49759615384615385 0.03365384615384615 0.04567307692307692
2 0.9915865384615384 0.49399038461538464 0.016826923076923076 0.04807692307692308
2 0.9939903846153846 0.5600961538461539 0.01201923076923077 0.036057692307692304