2 0.9987980769230769 0.8653846153846154 0.002403846153846154 0.01201923076923077
2 0.9963942307692307 0.8016826923076923 0.007211538461538462 0.028846153846153848
2 0.9975961538461539 0.8822115384615384 0.004807692307692308 0.026442307692307692
2 0.9927884615384616 0.8161057692307693 0.014423076923076924 0.019230769230769232
2 0.9939903846153846 0.84375 0.01201923076923077 0.021634615384615384
2 0.9723557692307693 0.8569711538461539 0.02403846153846154 0.021634615384615384
2 0.9471153846153846 0.8701923076923077 0.02403846153846154 0.026442307692307692
2 0.9639423076923077 0.7584134615384616 0.02403846153846154 0.026442307692307692
2 0.9435096153846154 0.7608173076923077 0.021634615384615384 0.019230769230769232
2 0.9254807692307693 0.7848557692307693 0.02403846153846154 0.026442307692307692
2 0.9206730769230769 0.7355769230769231 0.02403846153846154 0.028846153846153848
2 0.890625 0.7295673076923077 0.028846153846153848 0.026442307692307692
2 0.9110576923076923 0.8822115384615384 0.02403846153846154 0.02403846153846154
2 0.9723557692307693 0.9314903846153846 0.021634615384615384 0.021634615384615384
2 0.9915865384615384 0.9122596153846154 0.016826923076923076 0.02403846153846154
2 0.9975961538461539 0.9050480769230769 0.004807692307692308 0.019230769230769232
2 0.9963942307692307 0.9338942307692307 0.007211538461538462 0.019230769230769232
2 0.9939903846153846 0.9411057692307693 0.01201923076923077 0.019230769230769232
2 0.9975961538461539 0.9723557692307693 0.004807692307692308 0.014423076923076924
2 0.9711538461538461 0.9819711538461539 0.021634615384615384 0.007211538461538462
2 0.9002403846153846 0.9086538461538461 0.021634615384615384 0.02403846153846154
2 0.8786057692307693 0.8725961538461539 0.021634615384615384 0.028846153846153848
2 0.8870192307692307 0.8269230769230769 0.028846153846153848 0.028846153846153848
2 0.8737980769230769 0.8100961538461539 0.02403846153846154 0.021634615384615384
2 0.8677884615384616 0.7680288461538461 0.019230769230769232 0.028846153846153848
2 0.8834134615384616 0.7824519230769231 0.021634615384615384 0.021634615384615384
2 0.9507211538461539 0.9807692307692307 0.019230769230769232 0.01201923076923077
2 0.9194711538461539 0.9447115384615384 0.014423076923076924 0.02403846153846154
2 0.9122596153846154 0.9254807692307693 0.019230769230769232 0.019230769230769232
2 0.9014423076923077 0.9411057692307693 0.019230769230769232 0.021634615384615384
2 0.9122596153846154 0.9831730769230769 0.019230769230769232 0.009615384615384616
2 0.9266826923076923 0.9771634615384616 0.019230769230769232 0.021634615384615384
2 0.8641826923076923 0.9375 0.021634615384615384 0.021634615384615384
2 0.8822115384615384 0.90625 0.019230769230769232 0.019230769230769232
2 0.9290865384615384 0.8846153846153846 0.021634615384615384 0.019230769230769232
2 0.8689903846153846 0.9735576923076923 0.02403846153846154 0.026442307692307692
2 0.8557692307692307 0.8930288461538461 0.02403846153846154 0.02403846153846154
2 0.8425480769230769 0.8461538461538461 0.014423076923076924 0.026442307692307692
2 0.8497596153846154 0.8173076923076923 0.019230769230769232 0.021634615384615384
2 0.9879807692307693 0.8798076923076923 0.02403846153846154 0.02403846153846154
2 0.828125 0.8269230769230769 0.019230769230769232 0.021634615384615384
2 0.8185096153846154 0.7992788461538461 0.016826923076923076 0.028846153846153848
2 0.8173076923076923 0.7716346153846154 0.02403846153846154 0.021634615384615384
2 0.8185096153846154 0.7283653846153846 0.02403846153846154 0.021634615384615384
2 0.8353365384615384 0.7848557692307693 0.016826923076923076 0.02403846153846154
2 0.8485576923076923 0.7415865384615384 0.028846153846153848 0.028846153846153848
2 0.8028846153846154 0.7259615384615384 0.016826923076923076 0.019230769230769232
2 0.7824519230769231 0.7367788461538461 0.016826923076923076 0.02403846153846154
2 0.7944711538461539 0.7548076923076923 0.021634615384615384 0.028846153846153848
2 0.7680288461538461 0.7740384615384616 0.021634615384615384 0.019230769230769232
2 0.7824519230769231 0.7704326923076923 0.019230769230769232 0.026442307692307692
2 0.7992788461538461 0.7788461538461539 0.021634615384615384 0.019230769230769232
2 0.7932692307692307 0.8076923076923077 0.021634615384615384 0.019230769230769232
2 0.78125 0.7896634615384616 0.014423076923076924 0.019230769230769232
2 0.7764423076923077 0.8100961538461539 0.016826923076923076 0.02403846153846154
2 0.8064903846153846 0.8449519230769231 0.019230769230769232 0.026442307692307692
2 0.7632211538461539 0.8545673076923077 0.02403846153846154 0.021634615384615384
2 0.7740384615384616 0.8665865384615384 0.016826923076923076 0.026442307692307692
2 0.8269230769230769 0.8713942307692307 0.019230769230769232 0.019230769230769232
2 0.8149038461538461 0.8870192307692307 0.019230769230769232 0.02403846153846154
2 0.8161057692307693 0.9206730769230769 0.016826923076923076 0.03125
2 0.8353365384615384 0.9014423076923077 0.026442307692307692 0.026442307692307692
2 0.7560096153846154 0.7644230769230769 0.016826923076923076 0.014423076923076924
2 0.7427884615384616 0.7896634615384616 0.019230769230769232 0.019230769230769232
2 0.7367788461538461 0.8004807692307693 0.016826923076923076 0.016826923076923076
2 0.7283653846153846 0.7572115384615384 0.019230769230769232 0.021634615384615384
2 0.7223557692307693 0.7836538461538461 0.021634615384615384 0.019230769230769232
2 0.7079326923076923 0.8125 0.014423076923076924 0.019230769230769232
2 0.7115384615384616 0.7848557692307693 0.014423076923076924 0.01201923076923077
2 0.7259615384615384 0.828125 0.021634615384615384 0.019230769230769232
2 0.7127403846153846 0.8677884615384616 0.019230769230769232 0.02403846153846154
2 0.7055288461538461 0.8810096153846154 0.019230769230769232 0.019230769230769232
2 0.7524038461538461 0.9026442307692307 0.019230769230769232 0.021634615384615384
2 0.7860576923076923 0.9050480769230769 0.019230769230769232 0.026442307692307692
2 0.7307692307692307 0.8677884615384616 0.016826923076923076 0.021634615384615384
2 0.7463942307692307 0.8293269230769231 0.019230769230769232 0.028846153846153848
2 0.9627403846153846 0.8125 0.02403846153846154 0.019230769230769232
2 0.9146634615384616 0.8040865384615384 0.014423076923076924 0.02403846153846154
2 0.7463942307692307 0.5168269230769231 0.016826923076923076 0.014423076923076924
2 0.7367788461538461 0.5084134615384616 0.01201923076923077 0.014423076923076924
2 0.7259615384615384 0.5036057692307693 0.009615384615384616 0.019230769230769232
2 0.7115384615384616 0.49759615384615385 0.014423076923076924 0.014423076923076924
2 0.6971153846153846 0.4807692307692308 0.009615384615384616 0.019230769230769232
2 0.6911057692307693 0.5048076923076923 0.016826923076923076 0.014423076923076924
2 0.71875 0.5384615384615384 0.016826923076923076 0.014423076923076924
2 0.7367788461538461 0.5336538461538461 0.014423076923076924 0.016826923076923076
2 0.7115384615384616 0.6033653846153846 0.014423076923076924 0.014423076923076924
2 0.703125 0.5733173076923077 0.014423076923076924 0.01201923076923077
2 0.6862980769230769 0.6201923076923077 0.016826923076923076 0.014423076923076924
2 0.7103365384615384 0.7067307692307693 0.019230769230769232 0.014423076923076924
2 0.6875 0.7427884615384616 0.014423076923076924 0.019230769230769232
2 0.6778846153846154 0.7211538461538461 0.019230769230769232 0.019230769230769232
2 0.6923076923076923 0.7199519230769231 0.01201923076923077 0.021634615384615384
2 0.6165865384615384 0.6875 0.014423076923076924 0.019230769230769232
2 0.6165865384615384 0.7692307692307693 0.021634615384615384 0.021634615384615384
2 0.5997596153846154 0.7620192307692307 0.016826923076923076 0.028846153846153848
2 0.5889423076923077 0.7115384615384616 0.014423076923076924 0.02403846153846154
2 0.5745192307692307 0.7067307692307693 0.014423076923076924 0.02403846153846154
2 0.5673076923076923 0.6706730769230769 0.021634615384615384 0.019230769230769232
2 0.5504807692307693 0.6875 0.016826923076923076 0.02403846153846154
2 0.5661057692307693 0.7415865384615384 0.016826923076923076 0.019230769230769232
2 0.5793269230769231 0.7536057692307693 0.02403846153846154 0.021634615384615384
2 0.5336538461538461 0.671875 0.021634615384615384 0.019230769230769232
2 0.5288461538461539 0.6298076923076923 0.019230769230769232 0.016826923076923076
2 0.5204326923076923 0.5961538461538461 0.019230769230769232 0.026442307692307692
2 0.5060096153846154 0.5817307692307693 0.014423076923076924 0.02403846153846154
2 0.49759615384615385 0.5432692307692307 0.01201923076923077 0.02403846153846154
2 0.47716346153846156 0.5504807692307693 0.014423076923076924 0.019230769230769232
2 0.5072115384615384 0.6069711538461539 0.014423076923076924 0.021634615384615384
2 0.5168269230769231 0.6274038461538461 0.019230769230769232 0.019230769230769232
2 0.5084134615384616 0.6658653846153846 0.016826923076923076 0.019230769230769232
2 0.49759615384615385 0.65625 0.014423076923076924 0.014423076923076924
2 0.48677884615384615 0.6430288461538461 0.016826923076923076 0.016826923076923076
2 0.4735576923076923 0.6298076923076923 0.019230769230769232 0.019230769230769232
2 0.5144230769230769 0.7055288461538461 0.014423076923076924 0.021634615384615384
2 0.5324519230769231 0.6983173076923077 0.019230769230769232 0.019230769230769232
2 0.5300480769230769 0.7139423076923077 0.014423076923076924 0.021634615384615384
2 0.5108173076923077 0.7271634615384616 0.019230769230769232 0.016826923076923076
2 0.5396634615384616 0.734375 0.019230769230769232 0.016826923076923076
2 0.5120192307692307 0.7620192307692307 0.019230769230769232 0.019230769230769232
2 0.4855769230769231 0.7283653846153846 0.016826923076923076 0.014423076923076924
2 0.49038461538461536 0.7103365384615384 0.01201923076923077 0.021634615384615384
2 0.5012019230769231 0.6875 0.014423076923076924 0.02403846153846154
2 0.48677884615384615 0.6706730769230769 0.019230769230769232 0.019230769230769232
2 0.4735576923076923 0.6923076923076923 0.019230769230769232 0.019230769230769232
2 0.4699519230769231 0.6610576923076923 0.01201923076923077 0.02403846153846154
2 0.46153846153846156 0.6790865384615384 0.016826923076923076 0.019230769230769232
2 0.4543269230769231 0.6490384615384616 0.009615384615384616 0.021634615384615384
2 0.49759615384615385 0.7295673076923077 0.01201923076923077 0.021634615384615384
2 0.5024038461538461 0.7451923076923077 0.014423076923076924 0.019230769230769232
2 0.4723557692307692 0.75 0.01201923076923077 0.02403846153846154
2 0.47115384615384615 0.7283653846153846 0.016826923076923076 0.019230769230769232
2 0.4651442307692308 0.7127403846153846 0.009615384615384616 0.019230769230769232
2 0.4519230769230769 0.6983173076923077 0.014423076923076924 0.019230769230769232
2 0.4411057692307692 0.6622596153846154 0.01201923076923077 0.02403846153846154
2 0.4423076923076923 0.6346153846153846 0.014423076923076924 0.021634615384615384
2 0.44711538461538464 0.6189903846153846 0.014423076923076924 0.019230769230769232
2 0.45913461538461536 0.6033653846153846 0.019230769230769232 0.016826923076923076
2 0.47115384615384615 0.5673076923076923 0.019230769230769232 0.019230769230769232
2 0.46033653846153844 0.578125 0.009615384615384616 0.02403846153846154
2 0.4651442307692308 0.5336538461538461 0.014423076923076924 0.021634615384615384
2 0.44350961538461536 0.5216346153846154 0.016826923076923076 0.016826923076923076
2 0.453125 0.5504807692307693 0.014423076923076924 0.026442307692307692
2 0.4387019230769231 0.5576923076923077 0.019230769230769232 0.016826923076923076
2 0.4266826923076923 0.5600961538461539 0.009615384615384616 0.026442307692307692
2 0.44711538461538464 0.7199519230769231 0.016826923076923076 0.019230769230769232
2 0.4375 0.7307692307692307 0.01201923076923077 0.021634615384615384
2 0.44591346153846156 0.75 0.016826923076923076 0.016826923076923076
2 0.4483173076923077 0.7668269230769231 0.01201923076923077 0.014423076923076924
2 0.4699519230769231 0.7740384615384616 0.016826923076923076 0.014423076923076924
2 0.4543269230769231 0.7896634615384616 0.019230769230769232 0.019230769230769232
2 0.4723557692307692 0.8112980769230769 0.019230769230769232 0.016826923076923076
2 0.4338942307692308 0.4735576923076923 0.01201923076923077 0.021634615384615384
2 0.4170673076923077 0.5240384615384616 0.021634615384615384 0.021634615384615384
2 0.39903846153846156 0.5216346153846154 0.009615384615384616 0.021634615384615384
2 0.40384615384615385 0.4891826923076923 0.014423076923076924 0.014423076923076924
2 0.38461538461538464 0.4855769230769231 0.019230769230769232 0.019230769230769232
2 0.3762019230769231 0.5012019230769231 0.014423076923076924 0.01201923076923077
2 0.3545673076923077 0.47836538461538464 0.019230769230769232 0.019230769230769232
2 0.3713942307692308 0.5252403846153846 0.01201923076923077 0.021634615384615384
2 0.38461538461538464 0.5504807692307693 0.014423076923076924 0.019230769230769232
2 0.4098557692307692 0.578125 0.009615384615384616 0.02403846153846154
2 0.40625 0.6045673076923077 0.014423076923076924 0.019230769230769232
2 0.43990384615384615 0.5961538461538461 0.014423076923076924 0.02403846153846154
2 0.45072115384615385 0.5817307692307693 0.009615384615384616 0.016826923076923076
2 0.43028846153846156 0.6213942307692307 0.009615384615384616 0.019230769230769232
2 0.42427884615384615 0.6286057692307693 0.01201923076923077 0.014423076923076924
2 0.41466346153846156 0.6298076923076923 0.01201923076923077 0.019230769230769232
2 0.4014423076923077 0.6237980769230769 0.014423076923076924 0.014423076923076924
2 0.39302884615384615 0.6009615384615384 0.014423076923076924 0.019230769230769232
2 0.38341346153846156 0.5913461538461539 0.014423076923076924 0.014423076923076924
2 0.39302884615384615 0.5685096153846154 0.014423076923076924 0.016826923076923076
2 0.31490384615384615 0.5480769230769231 0.01201923076923077 0.021634615384615384
2 0.33052884615384615 0.5288461538461539 0.01201923076923077 0.014423076923076924
2 0.3389423076923077 0.5456730769230769 0.01201923076923077 0.019230769230769232
2 0.3545673076923077 0.5396634615384616 0.014423076923076924 0.026442307692307692
2 0.3545673076923077 0.5841346153846154 0.014423076923076924 0.02403846153846154
2 0.31009615384615385 0.6117788461538461 0.014423076923076924 0.014423076923076924
2 0.3545673076923077 0.6237980769230769 0.016826923076923076 0.016826923076923076
2 0.359375 0.6045673076923077 0.016826923076923076 0.016826923076923076
2 0.38822115384615385 0.6526442307692307 0.01201923076923077 0.019230769230769232
2 0.37740384615384615 0.6574519230769231 0.014423076923076924 0.01201923076923077
2 0.36899038461538464 0.6634615384615384 0.01201923076923077 0.014423076923076924
2 0.3629807692307692 0.640625 0.014423076923076924 0.01201923076923077
2 0.36899038461538464 0.6274038461538461 0.01201923076923077 0.014423076923076924
2 0.4014423076923077 0.6682692307692307 0.009615384615384616 0.01201923076923077
2 0.3713942307692308 0.6899038461538461 0.009615384615384616 0.02403846153846154
2 0.35697115384615385 0.6742788461538461 0.009615384615384616 0.021634615384615384
2 0.35336538461538464 0.7055288461538461 0.01201923076923077 0.016826923076923076
2 0.3641826923076923 0.7151442307692307 0.009615384615384616 0.01201923076923077
2 0.35697115384615385 0.7391826923076923 0.014423076923076924 0.01201923076923077
2 0.3894230769230769 0.7319711538461539 0.007211538461538462 0.016826923076923076
2 0.39663461538461536 0.7163461538461539 0.016826923076923076 0.019230769230769232
2 0.4206730769230769 0.7211538461538461 0.01201923076923077 0.021634615384615384
2 0.41346153846153844 0.6790865384615384 0.01201923076923077 0.014423076923076924
2 0.41346153846153844 0.6971153846153846 0.01201923076923077 0.016826923076923076
2 0.4110576923076923 0.7512019230769231 0.009615384615384616 0.02403846153846154
2 0.30288461538461536 0.6538461538461539 0.009615384615384616 0.009615384615384616
2 0.3076923076923077 0.671875 0.009615384615384616 0.016826923076923076
2 0.3161057692307692 0.6875 0.014423076923076924 0.016826923076923076
2 0.32572115384615385 0.7007211538461539 0.009615384615384616 0.014423076923076924
2 0.32211538461538464 0.7512019230769231 0.014423076923076924 0.014423076923076924
2 0.34134615384615385 0.7319711538461539 0.009615384615384616 0.016826923076923076
2 0.33774038461538464 0.7163461538461539 0.009615384615384616 0.019230769230769232
2 0.38822115384615385 0.5144230769230769 0.01201923076923077 0.019230769230769232
2 0.37740384615384615 0.7584134615384616 0.019230769230769232 0.016826923076923076
2 0.3401442307692308 0.5901442307692307 0.014423076923076924 0.02403846153846154
2 0.328125 0.6418269230769231 0.014423076923076924 0.019230769230769232
2 0.5600961538461539 0.7836538461538461 0.019230769230769232 0.019230769230769232
2 0.5276442307692307 0.7788461538461539 0.021634615384615384 0.021634615384615384
2 0.4891826923076923 0.8473557692307693 0.014423076923076924 0.021634615384615384
2 0.4735576923076923 0.8581730769230769 0.01201923076923077 0.019230769230769232
2 0.49158653846153844 0.8052884615384616 0.016826923076923076 0.019230769230769232