2 0.8100961538461539 0.7451923076923077 0.04807692307692308 0.014423076923076924
2 0.7415865384615384 0.7415865384615384 0.038461538461538464 0.038461538461538464
2 0.6466346153846154 0.6790865384615384 0.07211538461538461 0.021634615384615384
2 0.5528846153846154 0.6478365384615384 0.052884615384615384 0.021634615384615384
2 0.5973557692307693 0.5588942307692307 0.038461538461538464 0.036057692307692304
2 0.421875 0.5480769230769231 0.03365384615384615 0.036057692307692304
2 0.4831730769230769 0.7091346153846154 0.04326923076923077 0.04326923076923077
2 0.5420673076923077 0.6983173076923077 0.04326923076923077 0.04567307692307692
2 0.7331730769230769 0.8521634615384616 0.040865384615384616 0.028846153846153848
2 0.6526442307692307 0.9927884615384616 0.028846153846153848 0.014423076923076924
2 0.49759615384615385 0.9939903846153846 0.021634615384615384 0.01201923076923077
2 0.5600961538461539 0.9651442307692307 0.03125 0.03125
2 0.53125 0.9975961538461539 0.057692307692307696 0.004807692307692308
2 0.45552884615384615 0.9939903846153846 0.021634615384615384 0.01201923076923077
2 0.6502403846153846 0.9975961538461539 0.04326923076923077 0.004807692307692308
2 0.7019230769230769 0.9939903846153846 0.021634615384615384 0.01201923076923077
2 0.5913461538461539 0.9182692307692307 0.028846153846153848 0.028846153846153848
2 0.5504807692307693 0.8978365384615384 0.052884615384615384 0.02403846153846154
2 0.4543269230769231 0.8942307692307693 0.04326923076923077 0.026442307692307692
2 0.47596153846153844 0.9471153846153846 0.04326923076923077 0.014423076923076924
2 0.4879807692307692 0.9651442307692307 0.040865384615384616 0.016826923076923076
2 0.5360576923076923 0.8629807692307693 0.036057692307692304 0.021634615384615384
2 0.5360576923076923 0.7896634615384616 0.028846153846153848 0.028846153846153848
2 0.5252403846153846 0.8305288461538461 0.03365384615384615 0.03365384615384615
2 0.6346153846153846 0.8245192307692307 0.036057692307692304 0.026442307692307692
2 0.6814903846153846 0.8389423076923077 0.03365384615384615 0.038461538461538464
2 0.6983173076923077 0.7824519230769231 0.03125 0.03125
2 0.44591346153846156 0.6358173076923077 0.055288461538461536 0.028846153846153848
2 0.38822115384615385 0.6658653846153846 0.06490384615384616 0.02403846153846154
2 0.23197115384615385 0.7139423076923077 0.03365384615384615 0.03125
2 0.34375 0.5841346153846154 0.036057692307692304 0.038461538461538464
2 0.359375 0.5360576923076923 0.038461538461538464 0.038461538461538464
2 0.30408653846153844 0.5096153846153846 0.05048076923076923 0.02403846153846154
2 0.3016826923076923 0.47475961538461536 0.055288461538461536 0.019230769230769232
2 0.10817307692307693 0.53125 0.04807692307692308 0.021634615384615384
2 0.2668269230769231 0.5625 0.04807692307692308 0.02403846153846154
2 0.24759615384615385 0.6358173076923077 0.028846153846153848 0.03365384615384615
2 0.44591346153846156 0.7415865384615384 0.038461538461538464 0.038461538461538464
2 0.37259615384615385 0.7920673076923077 0.052884615384615384 0.019230769230769232
2 0.3317307692307692 0.8774038461538461 0.040865384615384616 0.009615384615384616
2 0.43149038461538464 0.8040865384615384 0.036057692307692304 0.038461538461538464
2 0.43028846153846156 0.8377403846153846 0.036057692307692304 0.03365384615384615
2 0.6081730769230769 0.8725961538461539 0.03125 0.03125
2 0.5949519230769231 0.7668269230769231 0.038461538461538464 0.038461538461538464
2 0.6081730769230769 0.734375 0.036057692307692304 0.038461538461538464
2 0.4014423076923077 0.7199519230769231 0.036057692307692304 0.038461538461538464
2 0.5060096153846154 0.6430288461538461 0.036057692307692304 0.036057692307692304
2 0.31009615384615385 0.765625 0.03365384615384615 0.028846153846153848
2 0.2439903846153846 0.7463942307692307 0.04807692307692308 0.019230769230769232
2 0.2800480769230769 0.8173076923076923 0.038461538461538464 0.038461538461538464
2 0.41346153846153844 0.8713942307692307 0.03125 0.028846153846153848
2 0.32091346153846156 0.6370192307692307 0.04326923076923077 0.016826923076923076
2 0.03245192307692308 0.5036057692307693 0.052884615384615384 0.014423076923076924
2 0.20432692307692307 0.4795673076923077 0.04326923076923077 0.02403846153846154
2 0.25 0.5408653846153846 0.06490384615384616 0.02403846153846154
2 0.484375 0.7764423076923077 0.036057692307692304 0.019230769230769232
2 0.7055288461538461 0.7127403846153846 0.057692307692307696 0.02403846153846154
2 0.359375 0.7427884615384616 0.03365384615384615 0.03365384615384615
2 0.2920673076923077 0.6574519230769231 0.03365384615384615 0.03365384615384615
2 0.4891826923076923 0.6887019230769231 0.0625 0.02403846153846154
2 0.18028846153846154 0.8064903846153846 0.02403846153846154 0.016826923076923076
2 0.28846153846153844 0.8521634615384616 0.03125 0.03125
2 0.09975961538461539 0.7896634615384616 0.036057692307692304 0.036057692307692304
2 0.16826923076923078 0.7079326923076923 0.03125 0.03125
2 0.09975961538461539 0.6911057692307693 0.038461538461538464 0.016826923076923076
2 0.2127403846153846 0.765625 0.036057692307692304 0.03365384615384615
2 0.3581730769230769 0.8137019230769231 0.03125 0.03125
2 0.34375 0.6057692307692307 0.06971153846153846 0.026442307692307692
2 0.19471153846153846 0.6105769230769231 0.04807692307692308 0.05048076923076923
2 0.030048076923076924 0.7524038461538461 0.03125 0.03125
2 0.08533653846153846 0.7487980769230769 0.026442307692307692 0.026442307692307692
2 0.19471153846153846 0.6730769230769231 0.038461538461538464 0.036057692307692304
2 0.16346153846153846 0.5697115384615384 0.04567307692307692 0.019230769230769232
2 0.15504807692307693 0.5180288461538461 0.04807692307692308 0.021634615384615384
2 0.19831730769230768 0.5757211538461539 0.028846153846153848 0.028846153846153848
2 0.109375 0.625 0.052884615384615384 0.021634615384615384
2 0.05048076923076923 0.59375 0.036057692307692304 0.021634615384615384
2 0.055288461538461536 0.6935096153846154 0.03365384615384615 0.03365384615384615
2 0.036057692307692304 0.7247596153846154 0.028846153846153848 0.028846153846153848
2 0.05048076923076923 0.5432692307692307 0.03125 0.03125
2 0.10216346153846154 0.4651442307692308 0.04326923076923077 0.040865384615384616
2 0.054086538461538464 0.44591346153846156 0.03365384615384615 0.036057692307692304
2 0.28125 0.15384615384615385 0.036057692307692304 0.03365384615384615
2 0.3173076923076923 0.20192307692307693 0.03365384615384615 0.03125
2 0.30649038461538464 0.1778846153846154 0.038461538461538464 0.04326923076923077
2 0.22235576923076922 0.17668269230769232 0.028846153846153848 0.028846153846153848
2 0.19831730769230768 0.125 0.038461538461538464 0.019230769230769232
2 0.22596153846153846 0.22115384615384615 0.038461538461538464 0.016826923076923076
2 0.12980769230769232 0.09495192307692307 0.057692307692307696 0.026442307692307692
2 0.18269230769230768 0.15865384615384615 0.036057692307692304 0.03365384615384615
2 0.11057692307692307 0.14543269230769232 0.040865384615384616 0.028846153846153848
2 0.12379807692307693 0.2403846153846154 0.026442307692307692 0.02403846153846154
2 0.15625 0.18269230769230768 0.03125 0.028846153846153848
2 0.056490384615384616 0.10817307692307693 0.036057692307692304 0.019230769230769232
2 0.06610576923076923 0.0625 0.03125 0.028846153846153848
2 0.018028846153846152 0.2536057692307692 0.036057692307692304 0.016826923076923076
2 0.016826923076923076 0.20793269230769232 0.03365384615384615 0.021634615384615384
2 0.0889423076923077 0.27283653846153844 0.026442307692307692 0.026442307692307692
2 0.057692307692307696 0.24278846153846154 0.028846153846153848 0.028846153846153848
2 0.07692307692307693 0.0889423076923077 0.038461538461538464 0.02403846153846154
2 0.08653846153846154 0.16947115384615385 0.03125 0.016826923076923076
2 0.1310096153846154 0.21394230769230768 0.026442307692307692 0.02403846153846154
2 0.002403846153846154 0.08653846153846154 0.004807692307692308 0.014423076923076924
2 0.008413461538461538 0.15384615384615385 0.016826923076923076 0.02403846153846154
2 0.04927884615384615 0.17307692307692307 0.052884615384615384 0.014423076923076924
2 0.051682692307692304 0.28846153846153844 0.02403846153846154 0.014423076923076924