2 0.9855769230769231 0.8389423076923077 0.007211538461538462 0.01201923076923077
2 0.9831730769230769 0.8569711538461539 0.01201923076923077 0.014423076923076924
2 0.9831730769230769 0.8894230769230769 0.009615384615384616 0.021634615384615384
2 0.9831730769230769 0.9338942307692307 0.007211538461538462 0.014423076923076924
2 0.9807692307692307 0.9507211538461539 0.01201923076923077 0.019230769230769232
2 0.9831730769230769 0.9098557692307693 0.009615384615384616 0.028846153846153848
2 0.9831730769230769 0.9495192307692307 0.007211538461538462 0.03125
2 0.9579326923076923 0.9050480769230769 0.021634615384615384 0.028846153846153848
2 0.9783653846153846 0.8858173076923077 0.019230769230769232 0.02403846153846154
2 0.984375 0.8822115384615384 0.009615384615384616 0.026442307692307692
2 0.9807692307692307 0.9543269230769231 0.009615384615384616 0.01201923076923077
2 0.9771634615384616 0.9855769230769231 0.016826923076923076 0.026442307692307692
2 0.9783653846153846 0.9951923076923077 0.01201923076923077 0.009615384615384616
2 0.9819711538461539 0.9879807692307693 0.004807692307692308 0.02403846153846154
2 0.953125 0.9663461538461539 0.021634615384615384 0.021634615384615384
2 0.9795673076923077 0.9158653846153846 0.016826923076923076 0.021634615384615384
2 0.9326923076923077 0.9615384615384616 0.019230769230769232 0.02403846153846154
2 0.9182692307692307 0.9723557692307693 0.019230769230769232 0.021634615384615384
2 0.9098557692307693 0.9471153846153846 0.019230769230769232 0.02403846153846154
2 0.9038461538461539 0.9182692307692307 0.019230769230769232 0.019230769230769232
2 0.9338942307692307 0.8413461538461539 0.02403846153846154 0.02403846153846154
2 0.9603365384615384 0.8329326923076923 0.019230769230769232 0.02403846153846154
2 0.9855769230769231 0.7740384615384616 0.009615384615384616 0.026442307692307692
2 0.9735576923076923 0.8557692307692307 0.021634615384615384 0.026442307692307692
2 0.9831730769230769 0.7920673076923077 0.014423076923076924 0.019230769230769232
2 0.984375 0.8185096153846154 0.009615384615384616 0.02403846153846154
2 0.9507211538461539 0.7896634615384616 0.019230769230769232 0.02403846153846154
2 0.9483173076923077 0.75 0.021634615384615384 0.021634615384615384
2 0.9543269230769231 0.7319711538461539 0.021634615384615384 0.02403846153846154
2 0.9350961538461539 0.7331730769230769 0.01201923076923077 0.028846153846153848
2 0.9134615384615384 0.7536057692307693 0.019230769230769232 0.026442307692307692
2 0.9146634615384616 0.7055288461538461 0.021634615384615384 0.026442307692307692
2 0.8846153846153846 0.7007211538461539 0.019230769230769232 0.028846153846153848
2 0.9038461538461539 0.7740384615384616 0.019230769230769232 0.02403846153846154
2 0.8990384615384616 0.8521634615384616 0.019230769230769232 0.026442307692307692
2 0.9158653846153846 0.8569711538461539 0.016826923076923076 0.021634615384615384
2 0.8870192307692307 0.8810096153846154 0.021634615384615384 0.026442307692307692
2 0.8858173076923077 0.9134615384615384 0.019230769230769232 0.02403846153846154
2 0.8774038461538461 0.9723557692307693 0.02403846153846154 0.021634615384615384
2 0.890625 0.9975961538461539 0.019230769230769232 0.004807692307692308
2 0.8557692307692307 0.9867788461538461 0.019230769230769232 0.02403846153846154
2 0.8521634615384616 0.9459134615384616 0.028846153846153848 0.028846153846153848
2 0.8689903846153846 0.9194711538461539 0.014423076923076924 0.028846153846153848
2 0.8701923076923077 0.875 0.021634615384615384 0.021634615384615384
2 0.8653846153846154 0.8425480769230769 0.026442307692307692 0.02403846153846154
2 0.8774038461538461 0.7980769230769231 0.019230769230769232 0.03365384615384615
2 0.8641826923076923 0.7788461538461539 0.021634615384615384 0.026442307692307692
2 0.8713942307692307 0.7512019230769231 0.016826923076923076 0.016826923076923076
2 0.859375 0.7379807692307693 0.02403846153846154 0.02403846153846154
2 0.8413461538461539 0.7091346153846154 0.02403846153846154 0.03125
2 0.8269230769230769 0.7536057692307693 0.019230769230769232 0.02403846153846154
2 0.8088942307692307 0.7403846153846154 0.019230769230769232 0.021634615384615384
2 0.8125 0.6959134615384616 0.019230769230769232 0.02403846153846154
2 0.7980769230769231 0.6935096153846154 0.014423076923076924 0.019230769230769232
2 0.7764423076923077 0.7043269230769231 0.019230769230769232 0.019230769230769232
2 0.7872596153846154 0.7223557692307693 0.021634615384615384 0.021634615384615384
2 0.7908653846153846 0.7475961538461539 0.014423076923076924 0.02403846153846154
2 0.8076923076923077 0.7704326923076923 0.02403846153846154 0.02403846153846154
2 0.8173076923076923 0.796875 0.019230769230769232 0.02403846153846154
2 0.8401442307692307 0.7896634615384616 0.021634615384615384 0.019230769230769232
2 0.8317307692307693 0.8137019230769231 0.016826923076923076 0.019230769230769232
2 0.84375 0.8617788461538461 0.021634615384615384 0.02403846153846154
2 0.8461538461538461 0.8257211538461539 0.016826923076923076 0.019230769230769232
2 0.8221153846153846 0.8689903846153846 0.021634615384615384 0.028846153846153848
2 0.8125 0.8413461538461539 0.02403846153846154 0.02403846153846154
2 0.7956730769230769 0.8100961538461539 0.019230769230769232 0.02403846153846154
2 0.7836538461538461 0.7764423076923077 0.019230769230769232 0.019230769230769232
2 0.7716346153846154 0.7584134615384616 0.014423076923076924 0.016826923076923076
2 0.7608173076923077 0.7415865384615384 0.019230769230769232 0.021634615384615384
2 0.7487980769230769 0.7319711538461539 0.009615384615384616 0.016826923076923076
2 0.7668269230769231 0.7788461538461539 0.014423076923076924 0.02403846153846154
2 0.7512019230769231 0.8221153846153846 0.019230769230769232 0.019230769230769232
2 0.7740384615384616 0.8701923076923077 0.016826923076923076 0.028846153846153848
2 0.7620192307692307 0.8329326923076923 0.021634615384615384 0.028846153846153848
2 0.7391826923076923 0.8689903846153846 0.019230769230769232 0.021634615384615384
2 0.7367788461538461 0.7980769230769231 0.016826923076923076 0.028846153846153848
2 0.7331730769230769 0.7524038461538461 0.014423076923076924 0.021634615384615384
2 0.7163461538461539 0.7908653846153846 0.014423076923076924 0.021634615384615384
2 0.7127403846153846 0.7475961538461539 0.016826923076923076 0.016826923076923076
2 0.7223557692307693 0.7223557692307693 0.021634615384615384 0.019230769230769232
2 0.6983173076923077 0.7752403846153846 0.01201923076923077 0.019230769230769232
2 0.703125 0.7475961538461539 0.016826923076923076 0.016826923076923076
2 0.7019230769230769 0.8293269230769231 0.021634615384615384 0.021634615384615384
2 0.6935096153846154 0.8461538461538461 0.014423076923076924 0.02403846153846154
2 0.7199519230769231 0.8329326923076923 0.019230769230769232 0.019230769230769232
2 0.8016826923076923 0.8894230769230769 0.019230769230769232 0.026442307692307692
2 0.8497596153846154 0.9086538461538461 0.019230769230769232 0.026442307692307692
2 0.7524038461538461 0.4879807692307692 0.009615384615384616 0.014423076923076924
2 0.7415865384615384 0.47716346153846156 0.01201923076923077 0.014423076923076924
2 0.7319711538461539 0.4699519230769231 0.01201923076923077 0.009615384615384616
2 0.7175480769230769 0.4651442307692308 0.014423076923076924 0.014423076923076924
2 0.7019230769230769 0.44711538461538464 0.01201923076923077 0.019230769230769232
2 0.6947115384615384 0.4699519230769231 0.009615384615384616 0.014423076923076924
2 0.7223557692307693 0.5048076923076923 0.01201923076923077 0.016826923076923076
2 0.7403846153846154 0.5024038461538461 0.014423076923076924 0.014423076923076924
2 0.703125 0.5408653846153846 0.014423076923076924 0.016826923076923076
2 0.7103365384615384 0.5709134615384616 0.01201923076923077 0.019230769230769232
2 0.6850961538461539 0.5853365384615384 0.014423076923076924 0.014423076923076924
2 0.7067307692307693 0.6742788461538461 0.009615384615384616 0.019230769230769232
2 0.6826923076923077 0.7115384615384616 0.014423076923076924 0.016826923076923076
2 0.6730769230769231 0.6887019230769231 0.019230769230769232 0.014423076923076924
2 0.6129807692307693 0.6502403846153846 0.016826923076923076 0.019230769230769232
2 0.6081730769230769 0.7295673076923077 0.014423076923076924 0.02403846153846154
2 0.5949519230769231 0.7199519230769231 0.026442307692307692 0.02403846153846154
2 0.5757211538461539 0.7127403846153846 0.026442307692307692 0.02403846153846154
2 0.5600961538461539 0.6995192307692307 0.019230769230769232 0.021634615384615384
2 0.5853365384615384 0.6706730769230769 0.019230769230769232 0.016826923076923076
2 0.5721153846153846 0.6658653846153846 0.016826923076923076 0.016826923076923076
2 0.5637019230769231 0.6298076923076923 0.019230769230769232 0.021634615384615384
2 0.546875 0.6454326923076923 0.014423076923076924 0.02403846153846154
2 0.53125 0.6286057692307693 0.014423076923076924 0.019230769230769232
2 0.5096153846153846 0.6598557692307693 0.016826923076923076 0.016826923076923076
2 0.5288461538461539 0.6538461538461539 0.014423076923076924 0.02403846153846154
2 0.5540865384615384 0.6622596153846154 0.014423076923076924 0.014423076923076924
2 0.5060096153846154 0.6814903846153846 0.009615384615384616 0.021634615384615384
2 0.5540865384615384 0.7415865384615384 0.019230769230769232 0.019230769230769232
2 0.5204326923076923 0.734375 0.014423076923076924 0.021634615384615384
2 0.5072115384615384 0.7139423076923077 0.014423076923076924 0.03365384615384615
2 0.49759615384615385 0.7019230769230769 0.014423076923076924 0.014423076923076924
2 0.4963942307692308 0.7632211538461539 0.014423076923076924 0.019230769230769232
2 0.47836538461538464 0.8040865384615384 0.014423076923076924 0.016826923076923076
2 0.46274038461538464 0.7680288461538461 0.014423076923076924 0.021634615384615384
2 0.5288461538461539 0.5865384615384616 0.019230769230769232 0.019230769230769232
2 0.5228365384615384 0.5516826923076923 0.014423076923076924 0.026442307692307692
2 0.5060096153846154 0.5372596153846154 0.014423076923076924 0.019230769230769232
2 0.5012019230769231 0.49759615384615385 0.016826923076923076 0.019230769230769232
2 0.4807692307692308 0.5048076923076923 0.014423076923076924 0.019230769230769232
2 0.4699519230769231 0.48677884615384615 0.016826923076923076 0.016826923076923076
2 0.48677884615384615 0.5997596153846154 0.016826923076923076 0.016826923076923076
2 0.5072115384615384 0.6189903846153846 0.016826923076923076 0.016826923076923076
2 0.515625 0.5853365384615384 0.016826923076923076 0.016826923076923076
2 0.5060096153846154 0.5637019230769231 0.014423076923076924 0.016826923076923076
2 0.4723557692307692 0.5853365384615384 0.016826923076923076 0.016826923076923076
2 0.4639423076923077 0.5300480769230769 0.016826923076923076 0.016826923076923076
2 0.46875 0.6165865384615384 0.014423076923076924 0.021634615384615384
2 0.4855769230769231 0.6262019230769231 0.01201923076923077 0.021634615384615384
2 0.4987980769230769 0.6430288461538461 0.019230769230769232 0.016826923076923076
2 0.4855769230769231 0.625 0.01201923076923077 0.019230769230769232
2 0.47115384615384615 0.6478365384615384 0.016826923076923076 0.016826923076923076
2 0.48677884615384615 0.6670673076923077 0.014423076923076924 0.021634615384615384
2 0.47475961538461536 0.6634615384615384 0.009615384615384616 0.019230769230769232
2 0.46274038461538464 0.6658653846153846 0.014423076923076924 0.014423076923076924
2 0.46634615384615385 0.6814903846153846 0.014423076923076924 0.019230769230769232
2 0.4807692307692308 0.6826923076923077 0.014423076923076924 0.019230769230769232
2 0.47836538461538464 0.7307692307692307 0.016826923076923076 0.014423076923076924
2 0.4675480769230769 0.7067307692307693 0.016826923076923076 0.014423076923076924
2 0.44711538461538464 0.7415865384615384 0.019230769230769232 0.019230769230769232
2 0.46274038461538464 0.7307692307692307 0.019230769230769232 0.014423076923076924
2 0.453125 0.6021634615384616 0.009615384615384616 0.019230769230769232
2 0.44711538461538464 0.5721153846153846 0.009615384615384616 0.021634615384615384
2 0.4579326923076923 0.5564903846153846 0.016826923076923076 0.019230769230769232
2 0.4411057692307692 0.5444711538461539 0.016826923076923076 0.019230769230769232
2 0.44350961538461536 0.5096153846153846 0.01201923076923077 0.021634615384615384
2 0.45552884615384615 0.5024038461538461 0.016826923076923076 0.016826923076923076
2 0.4483173076923077 0.4735576923076923 0.016826923076923076 0.016826923076923076
2 0.4411057692307692 0.4266826923076923 0.014423076923076924 0.02403846153846154
2 0.4230769230769231 0.47475961538461536 0.02403846153846154 0.019230769230769232
2 0.43028846153846156 0.5697115384615384 0.014423076923076924 0.016826923076923076
2 0.43990384615384615 0.6153846153846154 0.01201923076923077 0.021634615384615384
2 0.4423076923076923 0.5865384615384616 0.009615384615384616 0.021634615384615384
2 0.4579326923076923 0.6310096153846154 0.014423076923076924 0.019230769230769232
2 0.4483173076923077 0.6490384615384616 0.019230769230769232 0.019230769230769232
2 0.4326923076923077 0.6862980769230769 0.009615384615384616 0.019230769230769232
2 0.4423076923076923 0.6766826923076923 0.014423076923076924 0.02403846153846154
2 0.41586538461538464 0.6730769230769231 0.014423076923076924 0.021634615384615384
2 0.40024038461538464 0.6201923076923077 0.009615384615384616 0.016826923076923076
2 0.41346153846153844 0.5817307692307693 0.014423076923076924 0.01201923076923077
2 0.4014423076923077 0.5757211538461539 0.014423076923076924 0.014423076923076924
2 0.41225961538461536 0.5288461538461539 0.009615384615384616 0.021634615384615384
2 0.42908653846153844 0.5168269230769231 0.009615384615384616 0.02403846153846154
2 0.40384615384615385 0.47475961538461536 0.019230769230769232 0.019230769230769232
2 0.4110576923076923 0.4423076923076923 0.016826923076923076 0.016826923076923076
2 0.3894230769230769 0.4411057692307692 0.019230769230769232 0.019230769230769232
2 0.38100961538461536 0.453125 0.019230769230769232 0.016826923076923076
2 0.3762019230769231 0.47596153846153844 0.019230769230769232 0.019230769230769232
2 0.38822115384615385 0.5 0.016826923076923076 0.014423076923076924
2 0.3605769230769231 0.43028846153846156 0.014423076923076924 0.019230769230769232
2 0.38822115384615385 0.6009615384615384 0.016826923076923076 0.014423076923076924
2 0.3762019230769231 0.6081730769230769 0.014423076923076924 0.019230769230769232
2 0.36658653846153844 0.6141826923076923 0.014423076923076924 0.016826923076923076
2 0.3629807692307692 0.5901442307692307 0.014423076923076924 0.016826923076923076
2 0.3545673076923077 0.5709134615384616 0.01201923076923077 0.016826923076923076
2 0.34615384615384615 0.5841346153846154 0.009615384615384616 0.019230769230769232
2 0.3858173076923077 0.6862980769230769 0.01201923076923077 0.01201923076923077
2 0.39302884615384615 0.6706730769230769 0.019230769230769232 0.016826923076923076
2 0.36177884615384615 0.6442307692307693 0.009615384615384616 0.014423076923076924
2 0.36177884615384615 0.6670673076923077 0.009615384615384616 0.014423076923076924
2 0.35096153846153844 0.6574519230769231 0.01201923076923077 0.016826923076923076
2 0.35336538461538464 0.6887019230769231 0.014423076923076924 0.01201923076923077
2 0.33774038461538464 0.6838942307692307 0.007211538461538462 0.019230769230769232
2 0.33533653846153844 0.6658653846153846 0.009615384615384616 0.014423076923076924
2 0.3173076923076923 0.6995192307692307 0.014423076923076924 0.01201923076923077
2 0.31971153846153844 0.6634615384615384 0.007211538461538462 0.016826923076923076
2 0.32211538461538464 0.6490384615384616 0.01201923076923077 0.01201923076923077
2 0.3125 0.6370192307692307 0.01201923076923077 0.01201923076923077
2 0.3076923076923077 0.6201923076923077 0.009615384615384616 0.016826923076923076
2 0.30288461538461536 0.5997596153846154 0.014423076923076924 0.014423076923076924
2 0.31009615384615385 0.5588942307692307 0.014423076923076924 0.014423076923076924
2 0.3581730769230769 0.49158653846153844 0.014423076923076924 0.02403846153846154
2 0.3401442307692308 0.4951923076923077 0.009615384615384616 0.014423076923076924
2 0.3317307692307692 0.49759615384615385 0.014423076923076924 0.009615384615384616
2 0.33653846153846156 0.4795673076923077 0.009615384615384616 0.01201923076923077
2 0.3293269230769231 0.5108173076923077 0.014423076923076924 0.014423076923076924
2 0.3557692307692308 0.5336538461538461 0.014423076923076924 0.019230769230769232
2 0.3713942307692308 0.7103365384615384 0.01201923076923077 0.021634615384615384
2 0.36778846153846156 0.6850961538461539 0.009615384615384616 0.019230769230769232
2 0.4074519230769231 0.5564903846153846 0.01201923076923077 0.014423076923076924
2 0.3545673076923077 0.6237980769230769 0.009615384615384616 0.019230769230769232
2 0.3293269230769231 0.6045673076923077 0.01201923076923077 0.014423076923076924
2 0.17668269230769232 0.7800480769230769 0.007211538461538462 0.009615384615384616
2 0.2283653846153846 0.7860576923076923 0.009615384615384616 0.004807692307692308
2 0.21394230769230768 0.7872596153846154 0.004807692307692308 0.007211538461538462
2 0.203125 0.7836538461538461 0.007211538461538462 0.009615384615384616
2 0.24519230769230768 0.7560096153846154 0.004807692307692308 0.007211538461538462
2 0.22956730769230768 0.7319711538461539 0.004807692307692308 0.007211538461538462
2 0.22355769230769232 0.7295673076923077 0.004807692307692308 0.007211538461538462
2 0.21995192307692307 0.6947115384615384 0.007211538461538462 0.009615384615384616
2 0.007211538461538462 0.7163461538461539 0.009615384615384616 0.007211538461538462
2 0.18269230769230768 0.75 0.004807692307692308 0.007211538461538462
2 0.15865384615384615 0.7295673076923077 0.007211538461538462 0.009615384615384616
2 0.16466346153846154 0.7043269230769231 0.007211538461538462 0.009615384615384616