2 0.018028846153846152 0.6454326923076923 0.028846153846153848 0.014423076923076924
2 0.054086538461538464 0.6502403846153846 0.03125 0.009615384615384616
2 0.04807692307692308 0.6610576923076923 0.03125 0.01201923076923077
2 0.020432692307692308 0.6790865384615384 0.028846153846153848 0.009615384615384616
2 0.026442307692307692 0.6971153846153846 0.03125 0.01201923076923077
2 0.009615384615384616 0.7355769230769231 0.016826923076923076 0.01201923076923077
2 0.05048076923076923 0.6838942307692307 0.026442307692307692 0.01201923076923077
2 0.08052884615384616 0.6790865384615384 0.021634615384615384 0.01201923076923077
2 0.09134615384615384 0.6586538461538461 0.026442307692307692 0.009615384615384616
2 0.12139423076923077 0.6646634615384616 0.021634615384615384 0.01201923076923077
2 0.14783653846153846 0.6574519230769231 0.019230769230769232 0.009615384615384616
2 0.19591346153846154 0.6478365384615384 0.02403846153846154 0.009615384615384616
2 0.13701923076923078 0.6706730769230769 0.03125 0.009615384615384616
2 0.12860576923076922 0.6850961538461539 0.026442307692307692 0.009615384615384616
2 0.1141826923076923 0.6947115384615384 0.026442307692307692 0.007211538461538462
2 0.15144230769230768 0.6959134615384616 0.03365384615384615 0.01201923076923077
2 0.0625 0.6995192307692307 0.02403846153846154 0.007211538461538462
2 0.05048076923076923 0.7079326923076923 0.026442307692307692 0.007211538461538462
2 0.039663461538461536 0.71875 0.026442307692307692 0.009615384615384616
2 0.052884615384615384 0.7223557692307693 0.016826923076923076 0.01201923076923077
2 0.04807692307692308 0.7379807692307693 0.02403846153846154 0.01201923076923077
2 0.04447115384615385 0.75 0.03125 0.009615384615384616
2 0.04807692307692308 0.7548076923076923 0.026442307692307692 0.009615384615384616
2 0.02403846153846154 0.7716346153846154 0.016826923076923076 0.009615384615384616
2 0.04326923076923077 0.7740384615384616 0.016826923076923076 0.009615384615384616
2 0.009615384615384616 0.7728365384615384 0.019230769230769232 0.01201923076923077
2 0.036057692307692304 0.7860576923076923 0.02403846153846154 0.01201923076923077
2 0.08052884615384616 0.7992788461538461 0.026442307692307692 0.009615384615384616
2 0.11177884615384616 0.8076923076923077 0.02403846153846154 0.01201923076923077
2 0.07692307692307693 0.7584134615384616 0.02403846153846154 0.007211538461538462
2 0.06370192307692307 0.7668269230769231 0.016826923076923076 0.009615384615384616
2 0.09014423076923077 0.7668269230769231 0.021634615384615384 0.007211538461538462
2 0.08533653846153846 0.7019230769230769 0.02403846153846154 0.01201923076923077
2 0.11177884615384616 0.7067307692307693 0.021634615384615384 0.007211538461538462
2 0.109375 0.7163461538461539 0.03365384615384615 0.009615384615384616
2 0.08774038461538461 0.7103365384615384 0.02403846153846154 0.009615384615384616
2 0.07451923076923077 0.7283653846153846 0.028846153846153848 0.007211538461538462
2 0.07451923076923077 0.7355769230769231 0.026442307692307692 0.007211538461538462
2 0.10336538461538461 0.7247596153846154 0.021634615384615384 0.007211538461538462
2 0.1201923076923077 0.7391826923076923 0.028846153846153848 0.009615384615384616
2 0.17307692307692307 0.6862980769230769 0.028846153846153848 0.007211538461538462
2 0.17908653846153846 0.6694711538461539 0.028846153846153848 0.009615384615384616
2 0.15625 0.6754807692307693 0.021634615384615384 0.007211538461538462
2 0.20673076923076922 0.6658653846153846 0.021634615384615384 0.007211538461538462
2 0.2247596153846154 0.6742788461538461 0.026442307692307692 0.009615384615384616
2 0.2091346153846154 0.6778846153846154 0.021634615384615384 0.004807692307692308
2 0.25 0.6995192307692307 0.021634615384615384 0.009615384615384616
2 0.2247596153846154 0.6875 0.016826923076923076 0.009615384615384616
2 0.27884615384615385 0.7079326923076923 0.028846153846153848 0.01201923076923077
2 0.2620192307692308 0.7307692307692307 0.036057692307692304 0.007211538461538462
2 0.17307692307692307 0.7091346153846154 0.028846153846153848 0.01201923076923077
2 0.1466346153846154 0.7223557692307693 0.021634615384615384 0.009615384615384616
2 0.14903846153846154 0.7283653846153846 0.019230769230769232 0.007211538461538462
2 0.16105769230769232 0.7367788461538461 0.03125 0.009615384615384616
2 0.20192307692307693 0.6995192307692307 0.026442307692307692 0.01201923076923077
2 0.20432692307692307 0.7115384615384616 0.02403846153846154 0.01201923076923077
2 0.23197115384615385 0.7115384615384616 0.019230769230769232 0.01201923076923077
2 0.19591346153846154 0.7199519230769231 0.019230769230769232 0.007211538461538462
2 0.21394230769230768 0.7283653846153846 0.019230769230769232 0.01201923076923077
2 0.1935096153846154 0.7379807692307693 0.028846153846153848 0.009615384615384616
2 0.20072115384615385 0.7403846153846154 0.016826923076923076 0.007211538461538462
2 0.17908653846153846 0.7560096153846154 0.02403846153846154 0.01201923076923077
2 0.15384615384615385 0.7548076923076923 0.026442307692307692 0.014423076923076924
2 0.12139423076923077 0.7512019230769231 0.02403846153846154 0.009615384615384616
2 0.11538461538461539 0.7716346153846154 0.02403846153846154 0.007211538461538462
2 0.12740384615384615 0.7776442307692307 0.026442307692307692 0.007211538461538462
2 0.14182692307692307 0.7716346153846154 0.016826923076923076 0.007211538461538462
2 0.15985576923076922 0.7692307692307693 0.019230769230769232 0.007211538461538462
2 0.1778846153846154 0.7620192307692307 0.021634615384615384 0.007211538461538462
2 0.20793269230769232 0.7548076923076923 0.02403846153846154 0.007211538461538462
2 0.23677884615384615 0.7439903846153846 0.021634615384615384 0.007211538461538462
2 0.22115384615384615 0.7463942307692307 0.021634615384615384 0.009615384615384616
2 0.23557692307692307 0.7355769230769231 0.02403846153846154 0.01201923076923077
2 0.003605769230769231 0.7944711538461539 0.007211538461538462 0.007211538461538462
2 0.040865384615384616 0.7956730769230769 0.021634615384615384 0.01201923076923077
2 0.03365384615384615 0.8064903846153846 0.026442307692307692 0.009615384615384616
2 0.008413461538461538 0.7860576923076923 0.014423076923076924 0.01201923076923077
2 0.3701923076923077 0.6826923076923077 0.019230769230769232 0.01201923076923077
2 0.39663461538461536 0.6899038461538461 0.019230769230769232 0.009615384615384616
2 0.37740384615384615 0.6706730769230769 0.019230769230769232 0.007211538461538462
2 0.40024038461538464 0.6658653846153846 0.026442307692307692 0.009615384615384616
2 0.3942307692307692 0.6778846153846154 0.026442307692307692 0.007211538461538462
2 0.40865384615384615 0.6478365384615384 0.021634615384615384 0.009615384615384616
2 0.4254807692307692 0.6622596153846154 0.019230769230769232 0.01201923076923077
2 0.43990384615384615 0.6574519230769231 0.021634615384615384 0.009615384615384616
2 0.43028846153846156 0.6802884615384616 0.02403846153846154 0.007211538461538462
2 0.4110576923076923 0.6826923076923077 0.016826923076923076 0.007211538461538462
2 0.41346153846153844 0.6911057692307693 0.028846153846153848 0.004807692307692308
2 0.4483173076923077 0.6754807692307693 0.021634615384615384 0.007211538461538462
2 0.45913461538461536 0.6971153846153846 0.019230769230769232 0.007211538461538462
2 0.47836538461538464 0.6995192307692307 0.021634615384615384 0.01201923076923077
2 0.45913461538461536 0.6838942307692307 0.016826923076923076 0.01201923076923077
2 0.47596153846153844 0.6875 0.016826923076923076 0.009615384615384616
2 0.4519230769230769 0.6466346153846154 0.02403846153846154 0.007211538461538462
2 0.4735576923076923 0.6334134615384616 0.02403846153846154 0.01201923076923077
2 0.48677884615384615 0.6478365384615384 0.02403846153846154 0.007211538461538462
2 0.47115384615384615 0.6538461538461539 0.021634615384615384 0.007211538461538462
2 0.4879807692307692 0.6670673076923077 0.02403846153846154 0.009615384615384616
2 0.4963942307692308 0.6875 0.016826923076923076 0.009615384615384616
2 0.5168269230769231 0.6826923076923077 0.03125 0.009615384615384616
2 0.5180288461538461 0.7151442307692307 0.03125 0.009615384615384616
2 0.5408653846153846 0.7007211538461539 0.019230769230769232 0.007211538461538462
2 0.5408653846153846 0.6959134615384616 0.02403846153846154 0.009615384615384616
2 0.5661057692307693 0.7079326923076923 0.021634615384615384 0.009615384615384616
2 0.5120192307692307 0.6334134615384616 0.02403846153846154 0.009615384615384616
2 0.5144230769230769 0.6526442307692307 0.02403846153846154 0.007211538461538462
2 0.49158653846153844 0.6574519230769231 0.021634615384615384 0.007211538461538462
2 0.5252403846153846 0.6634615384615384 0.028846153846153848 0.007211538461538462
2 0.5480769230769231 0.6742788461538461 0.021634615384615384 0.007211538461538462
2 0.5420673076923077 0.6826923076923077 0.02403846153846154 0.009615384615384616
2 0.5661057692307693 0.6899038461538461 0.02403846153846154 0.007211538461538462
2 0.5721153846153846 0.6814903846153846 0.026442307692307692 0.007211538461538462
2 0.5612980769230769 0.6490384615384616 0.028846153846153848 0.007211538461538462
2 0.5637019230769231 0.6153846153846154 0.02403846153846154 0.01201923076923077
2 0.5829326923076923 0.640625 0.021634615384615384 0.009615384615384616
2 0.5853365384615384 0.6009615384615384 0.028846153846153848 0.01201923076923077
2 0.6153846153846154 0.5877403846153846 0.02403846153846154 0.007211538461538462
2 0.6141826923076923 0.6081730769230769 0.03365384615384615 0.01201923076923077
2 0.5973557692307693 0.6165865384615384 0.03365384615384615 0.009615384615384616
2 0.6069711538461539 0.6237980769230769 0.02403846153846154 0.01201923076923077
2 0.609375 0.6442307692307693 0.02403846153846154 0.01201923076923077
2 0.5997596153846154 0.6634615384615384 0.021634615384615384 0.009615384615384616
2 0.5925480769230769 0.671875 0.021634615384615384 0.009615384615384616
2 0.6105769230769231 0.7211538461538461 0.019230769230769232 0.01201923076923077
2 0.6382211538461539 0.7283653846153846 0.03125 0.007211538461538462
2 0.5889423076923077 0.703125 0.021634615384615384 0.009615384615384616
2 0.6165865384615384 0.6959134615384616 0.028846153846153848 0.01201923076923077
2 0.6442307692307693 0.6935096153846154 0.028846153846153848 0.01201923076923077
2 0.6262019230769231 0.671875 0.016826923076923076 0.009615384615384616
2 0.6213942307692307 0.6646634615384616 0.021634615384615384 0.009615384615384616
2 0.6382211538461539 0.6574519230769231 0.021634615384615384 0.01201923076923077
2 0.6442307692307693 0.6358173076923077 0.03365384615384615 0.009615384615384616
2 0.6334134615384616 0.6081730769230769 0.021634615384615384 0.009615384615384616
2 0.640625 0.59375 0.016826923076923076 0.007211538461538462
2 0.6634615384615384 0.6081730769230769 0.026442307692307692 0.009615384615384616
2 0.6682692307692307 0.5973557692307693 0.021634615384615384 0.01201923076923077
2 0.6646634615384616 0.6141826923076923 0.028846153846153848 0.009615384615384616
2 0.671875 0.6298076923076923 0.03125 0.009615384615384616
2 0.6682692307692307 0.6382211538461539 0.03125 0.007211538461538462
2 0.6742788461538461 0.6502403846153846 0.026442307692307692 0.01201923076923077
2 0.6634615384615384 0.6598557692307693 0.019230769230769232 0.007211538461538462
2 0.6598557692307693 0.6682692307692307 0.021634615384615384 0.009615384615384616
2 0.6478365384615384 0.6826923076923077 0.019230769230769232 0.007211538461538462
2 0.6730769230769231 0.6826923076923077 0.021634615384615384 0.01201923076923077
2 0.6225961538461539 0.7055288461538461 0.021634615384615384 0.009615384615384616
2 0.6454326923076923 0.7079326923076923 0.016826923076923076 0.01201923076923077
2 0.6646634615384616 0.7103365384615384 0.016826923076923076 0.009615384615384616
2 0.6802884615384616 0.7127403846153846 0.01201923076923077 0.007211538461538462
2 0.7055288461538461 0.71875 0.028846153846153848 0.007211538461538462
2 0.6670673076923077 0.7007211538461539 0.016826923076923076 0.009615384615384616
2 0.6899038461538461 0.6971153846153846 0.016826923076923076 0.007211538461538462
2 0.7211538461538461 0.7091346153846154 0.02403846153846154 0.009615384615384616
2 0.7331730769230769 0.7007211538461539 0.021634615384615384 0.01201923076923077
2 0.7463942307692307 0.6959134615384616 0.019230769230769232 0.009615384615384616
2 0.7560096153846154 0.703125 0.021634615384615384 0.007211538461538462
2 0.7139423076923077 0.6706730769230769 0.02403846153846154 0.007211538461538462
2 0.7127403846153846 0.6790865384615384 0.02403846153846154 0.009615384615384616
2 0.703125 0.6598557692307693 0.026442307692307692 0.009615384615384616
2 0.6959134615384616 0.6129807692307693 0.02403846153846154 0.009615384615384616
2 0.6983173076923077 0.5997596153846154 0.021634615384615384 0.01201923076923077
2 0.7139423076923077 0.5805288461538461 0.028846153846153848 0.007211538461538462
2 0.7139423076923077 0.5889423076923077 0.016826923076923076 0.007211538461538462
2 0.7235576923076923 0.6033653846153846 0.016826923076923076 0.009615384615384616
2 0.7367788461538461 0.6033653846153846 0.016826923076923076 0.009615384615384616
2 0.71875 0.6141826923076923 0.019230769230769232 0.009615384615384616
2 0.7007211538461539 0.6262019230769231 0.019230769230769232 0.009615384615384616
2 0.7151442307692307 0.6237980769230769 0.021634615384615384 0.01201923076923077
2 0.7259615384615384 0.6370192307692307 0.026442307692307692 0.01201923076923077
2 0.7055288461538461 0.640625 0.019230769230769232 0.01201923076923077
2 0.7247596153846154 0.6514423076923077 0.014423076923076924 0.009615384615384616
2 0.7475961538461539 0.6574519230769231 0.016826923076923076 0.009615384615384616
2 0.7728365384615384 0.6610576923076923 0.016826923076923076 0.007211538461538462
2 0.7487980769230769 0.6310096153846154 0.021634615384615384 0.009615384615384616
2 0.75 0.6225961538461539 0.019230769230769232 0.009615384615384616
2 0.7572115384615384 0.6117788461538461 0.021634615384615384 0.009615384615384616
2 0.7512019230769231 0.5949519230769231 0.019230769230769232 0.01201923076923077
2 0.7584134615384616 0.6021634615384616 0.021634615384615384 0.007211538461538462
2 0.78125 0.5985576923076923 0.02403846153846154 0.007211538461538462
2 0.7824519230769231 0.5817307692307693 0.01201923076923077 0.01201923076923077
2 0.78125 0.609375 0.016826923076923076 0.007211538461538462
2 0.796875 0.6033653846153846 0.016826923076923076 0.009615384615384616
2 0.8137019230769231 0.6586538461538461 0.019230769230769232 0.009615384615384616
2 0.8040865384615384 0.6346153846153846 0.021634615384615384 0.007211538461538462
2 0.7872596153846154 0.6201923076923077 0.014423076923076924 0.009615384615384616
2 0.8064903846153846 0.6165865384615384 0.021634615384615384 0.01201923076923077
2 0.7896634615384616 0.6742788461538461 0.03125 0.009615384615384616
2 0.7560096153846154 0.6790865384615384 0.02403846153846154 0.009615384615384616
2 0.7331730769230769 0.6682692307692307 0.021634615384615384 0.007211538461538462
2 0.7596153846153846 0.6658653846153846 0.021634615384615384 0.01201923076923077
2 0.7908653846153846 0.6983173076923077 0.021634615384615384 0.01201923076923077
2 0.796875 0.6887019230769231 0.021634615384615384 0.007211538461538462
2 0.8076923076923077 0.7019230769230769 0.019230769230769232 0.009615384615384616
2 0.8125 0.6802884615384616 0.021634615384615384 0.009615384615384616
2 0.8064903846153846 0.6634615384615384 0.019230769230769232 0.007211538461538462
2 0.7860576923076923 0.6550480769230769 0.021634615384615384 0.007211538461538462
2 0.8245192307692307 0.5949519230769231 0.028846153846153848 0.009615384615384616
2 0.8413461538461539 0.5793269230769231 0.019230769230769232 0.007211538461538462
2 0.8581730769230769 0.5877403846153846 0.021634615384615384 0.007211538461538462
2 0.8689903846153846 0.5913461538461539 0.016826923076923076 0.007211538461538462
2 0.8942307692307693 0.5925480769230769 0.019230769230769232 0.01201923076923077
2 0.9387019230769231 0.6382211538461539 0.028846153846153848 0.01201923076923077
2 0.828125 0.6466346153846154 0.028846153846153848 0.01201923076923077
2 0.8353365384615384 0.6322115384615384 0.02403846153846154 0.01201923076923077
2 0.828125 0.6682692307692307 0.026442307692307692 0.01201923076923077
2 0.8581730769230769 0.6802884615384616 0.021634615384615384 0.01201923076923077
2 0.8774038461538461 0.671875 0.028846153846153848 0.009615384615384616
2 0.3076923076923077 0.9819711538461539 0.03365384615384615 0.009615384615384616
2 0.3858173076923077 0.984375 0.03365384615384615 0.009615384615384616
2 0.421875 0.9891826923076923 0.03365384615384615 0.009615384615384616
2 0.4519230769230769 0.96875 0.03365384615384615 0.007211538461538462
2 0.46033653846153844 0.984375 0.04326923076923077 0.007211538461538462
2 0.43509615384615385 0.9963942307692307 0.036057692307692304 0.007211538461538462
2 0.49038461538461536 0.9783653846153846 0.036057692307692304 0.007211538461538462
2 0.5204326923076923 0.9651442307692307 0.03125 0.01201923076923077
2 0.5204326923076923 0.9867788461538461 0.028846153846153848 0.009615384615384616
2 0.5516826923076923 0.9831730769230769 0.03365384615384615 0.007211538461538462
2 0.5877403846153846 0.9807692307692307 0.03365384615384615 0.01201923076923077
2 0.5817307692307693 0.9675480769230769 0.038461538461538464 0.007211538461538462
2 0.6418269230769231 0.96875 0.026442307692307692 0.007211538461538462
2 0.6694711538461539 0.9879807692307693 0.02403846153846154 0.009615384615384616
2 0.6971153846153846 0.9903846153846154 0.021634615384615384 0.009615384615384616
2 0.6286057692307693 0.9951923076923077 0.028846153846153848 0.009615384615384616
2 0.6670673076923077 0.9975961538461539 0.026442307692307692 0.004807692307692308
2 0.6225961538461539 0.9855769230769231 0.03365384615384615 0.007211538461538462