2 0.5216346153846154 0.6069711538461539 0.014423076923076924 0.04326923076923077
2 0.5420673076923077 0.6983173076923077 0.014423076923076924 0.04326923076923077
2 0.5216346153846154 0.7512019230769231 0.028846153846153848 0.028846153846153848
2 0.5168269230769231 0.6442307692307693 0.019230769230769232 0.021634615384615384
2 0.4963942307692308 0.6382211538461539 0.01201923076923077 0.03125
2 0.5060096153846154 0.6754807692307693 0.014423076923076924 0.038461538461538464
2 0.48677884615384615 0.7091346153846154 0.02403846153846154 0.02403846153846154
2 0.48677884615384615 0.7463942307692307 0.02403846153846154 0.021634615384615384
2 0.47475961538461536 0.6911057692307693 0.014423076923076924 0.05048076923076923
2 0.484375 0.6550480769230769 0.01201923076923077 0.04567307692307692
2 0.4639423076923077 0.6490384615384616 0.02403846153846154 0.02403846153846154
2 0.453125 0.6670673076923077 0.01201923076923077 0.04326923076923077
2 0.4831730769230769 0.6129807692307693 0.028846153846153848 0.02403846153846154
2 0.46274038461538464 0.609375 0.01201923076923077 0.038461538461538464
2 0.4951923076923077 0.5576923076923077 0.01201923076923077 0.04326923076923077
2 0.47836538461538464 0.5721153846153846 0.026442307692307692 0.028846153846153848
2 0.4567307692307692 0.5805288461538461 0.026442307692307692 0.02403846153846154
2 0.46153846153846156 0.5300480769230769 0.014423076923076924 0.04326923076923077
2 0.43149038461538464 0.5324519230769231 0.009615384615384616 0.03365384615384615
2 0.4206730769230769 0.5264423076923077 0.03365384615384615 0.03125
2 0.43028846153846156 0.5817307692307693 0.03125 0.03125
2 0.39302884615384615 0.5180288461538461 0.016826923076923076 0.04807692307692308
2 0.4110576923076923 0.5576923076923077 0.019230769230769232 0.04567307692307692
2 0.3942307692307692 0.5769230769230769 0.016826923076923076 0.038461538461538464
2 0.4074519230769231 0.6033653846153846 0.016826923076923076 0.04326923076923077
2 0.40865384615384615 0.6394230769230769 0.019230769230769232 0.021634615384615384
2 0.38100961538461536 0.6129807692307693 0.019230769230769232 0.038461538461538464
2 0.39302884615384615 0.6586538461538461 0.021634615384615384 0.019230769230769232
2 0.37740384615384615 0.6742788461538461 0.01201923076923077 0.04326923076923077
2 0.3701923076923077 0.5408653846153846 0.016826923076923076 0.038461538461538464
2 0.3449519230769231 0.5612980769230769 0.014423076923076924 0.04326923076923077
2 0.3557692307692308 0.5973557692307693 0.03125 0.03125
2 0.3557692307692308 0.6550480769230769 0.03365384615384615 0.036057692307692304
2 0.3245192307692308 0.6274038461538461 0.028846153846153848 0.03125
2 0.3293269230769231 0.5949519230769231 0.016826923076923076 0.03125
2 0.3076923076923077 0.5721153846153846 0.016826923076923076 0.04326923076923077
2 0.2956730769230769 0.6081730769230769 0.014423076923076924 0.04326923076923077
2 0.3173076923076923 0.6658653846153846 0.014423076923076924 0.040865384615384616
2 0.296875 0.6586538461538461 0.03365384615384615 0.03365384615384615
2 0.2800480769230769 0.6382211538461539 0.016826923076923076 0.04567307692307692
2 0.2512019230769231 0.6189903846153846 0.03125 0.028846153846153848
2 0.42908653846153844 0.7199519230769231 0.019230769230769232 0.038461538461538464
2 0.40865384615384615 0.7295673076923077 0.016826923076923076 0.04326923076923077
2 0.37740384615384615 0.7127403846153846 0.014423076923076924 0.040865384615384616
2 0.38100961538461536 0.7560096153846154 0.026442307692307692 0.026442307692307692
2 0.36177884615384615 0.8004807692307693 0.026442307692307692 0.028846153846153848
2 0.3449519230769231 0.7836538461538461 0.016826923076923076 0.038461538461538464
2 0.3449519230769231 0.8125 0.03365384615384615 0.028846153846153848
2 0.3389423076923077 0.7271634615384616 0.014423076923076924 0.036057692307692304
2 0.3425480769230769 0.6935096153846154 0.03365384615384615 0.03365384615384615
2 0.3125 0.7199519230769231 0.019230769230769232 0.04807692307692308
2 0.2920673076923077 0.7067307692307693 0.019230769230769232 0.057692307692307696
2 0.27524038461538464 0.6862980769230769 0.019230769230769232 0.04807692307692308
2 0.25 0.671875 0.016826923076923076 0.038461538461538464
2 0.21394230769230768 0.6862980769230769 0.03125 0.03365384615384615
2 0.22716346153846154 0.7487980769230769 0.03125 0.028846153846153848
2 0.24639423076923078 0.7451923076923077 0.03125 0.03125
2 0.27403846153846156 0.765625 0.03365384615384615 0.03125
2 0.30288461538461536 0.7752403846153846 0.028846153846153848 0.03125
2 0.32091346153846156 0.8245192307692307 0.03365384615384615 0.036057692307692304
2 0.28846153846153844 0.8173076923076923 0.03125 0.028846153846153848
2 0.2620192307692308 0.8197115384615384 0.016826923076923076 0.04807692307692308
2 0.24879807692307693 0.7992788461538461 0.021634615384615384 0.052884615384615384
2 0.21153846153846154 0.7860576923076923 0.019230769230769232 0.040865384615384616
2 0.19230769230769232 0.8221153846153846 0.019230769230769232 0.04326923076923077
2 0.171875 0.8545673076923077 0.019230769230769232 0.04807692307692308
2 0.15144230769230768 0.8858173076923077 0.028846153846153848 0.026442307692307692
2 0.1502403846153846 0.9555288461538461 0.019230769230769232 0.05048076923076923
2 0.17067307692307693 0.9350961538461539 0.019230769230769232 0.038461538461538464
2 0.19471153846153846 0.9098557692307693 0.019230769230769232 0.04807692307692308
2 0.22596153846153846 0.8413461538461539 0.03125 0.03125
2 0.26802884615384615 0.9242788461538461 0.016826923076923076 0.05048076923076923
2 0.2644230769230769 0.8629807692307693 0.026442307692307692 0.028846153846153848
2 0.22355769230769232 0.9254807692307693 0.019230769230769232 0.04567307692307692
2 0.203125 0.9591346153846154 0.03365384615384615 0.03125
2 0.19471153846153846 0.984375 0.019230769230769232 0.019230769230769232
2 0.21394230769230768 0.9819711538461539 0.016826923076923076 0.02403846153846154
2 0.23557692307692307 0.9639423076923077 0.019230769230769232 0.04567307692307692
2 0.25 0.9735576923076923 0.03125 0.026442307692307692
2 0.2764423076923077 0.9903846153846154 0.016826923076923076 0.009615384615384616
2 0.3545673076923077 0.9879807692307693 0.014423076923076924 0.014423076923076924
2 0.32091346153846156 0.9699519230769231 0.014423076923076924 0.038461538461538464
2 0.3016826923076923 0.984375 0.019230769230769232 0.016826923076923076
2 0.4951923076923077 0.8149038461538461 0.01201923076923077 0.03365384615384615
2 0.49038461538461536 0.78125 0.014423076923076924 0.038461538461538464
2 0.4699519230769231 0.7584134615384616 0.03125 0.03125
2 0.4675480769230769 0.7956730769230769 0.03125 0.028846153846153848
2 0.43990384615384615 0.9867788461538461 0.01201923076923077 0.019230769230769232
2 0.4014423076923077 0.9603365384615384 0.014423076923076924 0.028846153846153848
2 0.39903846153846156 0.9903846153846154 0.016826923076923076 0.01201923076923077
2 0.3701923076923077 0.9735576923076923 0.016826923076923076 0.038461538461538464
2 0.3858173076923077 0.9519230769230769 0.019230769230769232 0.028846153846153848
2 0.37259615384615385 0.9230769230769231 0.028846153846153848 0.028846153846153848
2 0.35336538461538464 0.9050480769230769 0.019230769230769232 0.03365384615384615
2 0.33653846153846156 0.9122596153846154 0.014423076923076924 0.038461538461538464
2 0.37259615384615385 0.8774038461538461 0.019230769230769232 0.038461538461538464
2 0.3173076923076923 0.8689903846153846 0.036057692307692304 0.03365384615384615
2 0.3125 0.9122596153846154 0.019230769230769232 0.038461538461538464
2 0.3173076923076923 0.9387019230769231 0.02403846153846154 0.02403846153846154
2 0.2956730769230769 0.9182692307692307 0.019230769230769232 0.04326923076923077
2 0.2860576923076923 0.9026442307692307 0.028846153846153848 0.03125
2 0.3545673076923077 0.9459134615384616 0.014423076923076924 0.040865384615384616
2 0.38221153846153844 0.8389423076923077 0.016826923076923076 0.03365384615384615
2 0.38822115384615385 0.8882211538461539 0.016826923076923076 0.03125
2 0.9098557692307693 0.9831730769230769 0.026442307692307692 0.02403846153846154
2 0.9170673076923077 0.9939903846153846 0.01201923076923077 0.002403846153846154
2 0.9242788461538461 0.9723557692307693 0.014423076923076924 0.036057692307692304
2 0.9302884615384616 0.9290865384615384 0.014423076923076924 0.04807692307692308
2 0.9086538461538461 0.8737980769230769 0.01201923076923077 0.03365384615384615
2 0.9326923076923077 0.8930288461538461 0.009615384615384616 0.028846153846153848
2 0.9471153846153846 0.9507211538461539 0.01201923076923077 0.04567307692307692
2 0.9615384615384616 0.9747596153846154 0.014423076923076924 0.038461538461538464
2 0.9603365384615384 0.9338942307692307 0.026442307692307692 0.026442307692307692
2 0.9867788461538461 0.8677884615384616 0.014423076923076924 0.02403846153846154
2 0.9903846153846154 0.8221153846153846 0.007211538461538462 0.04326923076923077
2 0.984375 0.8028846153846154 0.016826923076923076 0.038461538461538464
2 0.9903846153846154 0.7560096153846154 0.009615384615384616 0.05048076923076923
2 0.9759615384615384 0.7247596153846154 0.021634615384615384 0.021634615384615384
2 0.9579326923076923 0.6995192307692307 0.03365384615384615 0.03365384615384615
2 0.9939903846153846 0.6550480769230769 0.007211538461538462 0.04567307692307692
2 0.9891826923076923 0.6778846153846154 0.014423076923076924 0.028846153846153848
2 0.9927884615384616 0.6899038461538461 0.007211538461538462 0.038461538461538464
2 0.9867788461538461 0.5552884615384616 0.02403846153846154 0.028846153846153848
2 0.9915865384615384 0.5336538461538461 0.014423076923076924 0.02403846153846154
2 0.9963942307692307 0.5384615384615384 0.004807692307692308 0.052884615384615384
2 0.9903846153846154 0.6298076923076923 0.014423076923076924 0.02403846153846154
2 0.9963942307692307 0.5901442307692307 0.004807692307692308 0.036057692307692304
2 0.9903846153846154 0.6165865384615384 0.014423076923076924 0.021634615384615384
2 0.9951923076923077 0.5817307692307693 0.007211538461538462 0.04326923076923077
2 0.9927884615384616 0.7644230769230769 0.004807692307692308 0.04807692307692308
2 0.9891826923076923 0.7211538461538461 0.014423076923076924 0.02403846153846154
2 0.9867788461538461 0.8185096153846154 0.014423076923076924 0.021634615384615384
2 0.9927884615384616 0.765625 0.004807692307692308 0.040865384615384616
2 0.9879807692307693 0.828125 0.01201923076923077 0.021634615384615384
2 0.9939903846153846 0.7175480769230769 0.004807692307692308 0.03125
2 0.9939903846153846 0.71875 0.004807692307692308 0.028846153846153848
2 0.9939903846153846 0.6478365384615384 0.007211538461538462 0.040865384615384616
2 0.9915865384615384 0.6105769230769231 0.01201923076923077 0.019230769230769232
2 0.9915865384615384 0.5841346153846154 0.014423076923076924 0.02403846153846154
2 0.9927884615384616 0.53125 0.014423076923076924 0.02403846153846154
2 0.9927884615384616 0.5480769230769231 0.01201923076923077 0.019230769230769232
2 0.9927884615384616 0.5913461538461539 0.01201923076923077 0.02403846153846154
2 0.9951923076923077 0.6298076923076923 0.004807692307692308 0.038461538461538464
2 0.9915865384615384 0.5552884615384616 0.014423076923076924 0.02403846153846154
2 0.9963942307692307 0.5408653846153846 0.004807692307692308 0.04326923076923077
2 0.9975961538461539 0.5120192307692307 0.004807692307692308 0.038461538461538464
2 0.9975961538461539 0.45552884615384615 0.004807692307692308 0.04326923076923077
2 0.9975961538461539 0.5072115384615384 0.004807692307692308 0.038461538461538464
2 0.9975961538461539 0.49399038461538464 0.004807692307692308 0.04326923076923077
2 0.9951923076923077 0.49399038461538464 0.009615384615384616 0.01201923076923077
2 0.9963942307692307 0.47475961538461536 0.007211538461538462 0.019230769230769232
2 0.9975961538461539 0.47716346153846156 0.004807692307692308 0.040865384615384616
2 0.9927884615384616 0.4423076923076923 0.014423076923076924 0.021634615384615384
2 0.9939903846153846 0.40024038461538464 0.01201923076923077 0.02403846153846154
2 0.9939903846153846 0.4014423076923077 0.01201923076923077 0.021634615384615384
2 0.9951923076923077 0.41225961538461536 0.009615384615384616 0.019230769230769232
2 0.9927884615384616 0.453125 0.014423076923076924 0.02403846153846154
2 0.9975961538461539 0.4050480769230769 0.004807692307692308 0.04326923076923077
2 0.9987980769230769 0.36538461538461536 0.002403846153846154 0.03125
2 0.9939903846153846 0.34375 0.01201923076923077 0.021634615384615384
2 0.9987980769230769 0.31850961538461536 0.002403846153846154 0.038461538461538464
2 0.9951923076923077 0.3329326923076923 0.009615384615384616 0.02403846153846154
2 0.9939903846153846 0.2956730769230769 0.01201923076923077 0.021634615384615384
2 0.9951923076923077 0.24759615384615385 0.009615384615384616 0.026442307692307692
2 0.9987980769230769 0.30649038461538464 0.002403846153846154 0.03365384615384615
2 0.9975961538461539 0.24639423076923078 0.004807692307692308 0.019230769230769232
2 0.9987980769230769 0.25240384615384615 0.002403846153846154 0.04567307692307692
2 0.9939903846153846 0.2980769230769231 0.01201923076923077 0.026442307692307692
2 0.9987980769230769 0.28725961538461536 0.002403846153846154 0.04326923076923077
2 0.9951923076923077 0.34375 0.009615384615384616 0.021634615384615384
2 0.9987980769230769 0.38341346153846156 0.002403846153846154 0.038461538461538464
2 0.9951923076923077 0.2920673076923077 0.009615384615384616 0.019230769230769232
2 0.9987980769230769 0.33413461538461536 0.002403846153846154 0.036057692307692304
2 0.9987980769230769 0.328125 0.002403846153846154 0.04326923076923077
2 0.9927884615384616 0.40384615384615385 0.014423076923076924 0.021634615384615384
2 0.9951923076923077 0.6394230769230769 0.004807692307692308 0.038461538461538464
2 0.9951923076923077 0.6141826923076923 0.004807692307692308 0.03365384615384615
2 0.9951923076923077 0.43990384615384615 0.009615384615384616 0.016826923076923076