2 0.008413461538461538 0.5625 0.016826923076923076 0.0673076923076923
2 0.03485576923076923 0.5480769230769231 0.040865384615384616 0.06971153846153846
2 0.06009615384615385 0.8149038461538461 0.04326923076923077 0.06971153846153846
2 0.013221153846153846 0.8485576923076923 0.026442307692307692 0.06009615384615385
2 0.0985576923076923 0.8569711538461539 0.05048076923076923 0.057692307692307696
2 0.12139423076923077 0.8040865384615384 0.04567307692307692 0.055288461538461536
2 0.11298076923076923 0.7007211538461539 0.04326923076923077 0.0673076923076923
2 0.0985576923076923 0.6334134615384616 0.055288461538461536 0.06971153846153846
2 0.12980769230769232 0.5733173076923077 0.057692307692307696 0.06009615384615385
2 0.010817307692307692 0.953125 0.021634615384615384 0.05048076923076923
2 0.042067307692307696 0.9543269230769231 0.03365384615384615 0.04567307692307692
2 0.078125 0.9411057692307693 0.03125 0.038461538461538464
2 0.10817307692307693 0.9555288461538461 0.040865384615384616 0.05048076923076923
2 0.17908653846153846 0.9495192307692307 0.038461538461538464 0.04326923076923077
2 0.16706730769230768 0.9050480769230769 0.03365384615384615 0.038461538461538464
2 0.109375 0.9026442307692307 0.038461538461538464 0.04326923076923077
2 0.13581730769230768 0.7307692307692307 0.038461538461538464 0.04326923076923077
2 0.17067307692307693 0.7067307692307693 0.040865384615384616 0.04807692307692308
2 0.17427884615384615 0.6658653846153846 0.04567307692307692 0.04807692307692308
2 0.20793269230769232 0.6442307692307693 0.05048076923076923 0.04807692307692308
2 0.20192307692307693 0.5540865384615384 0.038461538461538464 0.0625
2 0.23677884615384615 0.5420673076923077 0.04326923076923077 0.06009615384615385
2 0.2764423076923077 0.5733173076923077 0.040865384615384616 0.057692307692307696
2 0.30528846153846156 0.6574519230769231 0.038461538461538464 0.05048076923076923
2 0.36778846153846156 0.6646634615384616 0.038461538461538464 0.04807692307692308
2 0.39903846153846156 0.6069711538461539 0.04326923076923077 0.052884615384615384
2 0.41466346153846156 0.6490384615384616 0.04326923076923077 0.052884615384615384
2 0.4050480769230769 0.7295673076923077 0.036057692307692304 0.04807692307692308
2 0.36658653846153844 0.7355769230769231 0.040865384615384616 0.038461538461538464
2 0.4266826923076923 0.8028846153846154 0.03365384615384615 0.04326923076923077
2 0.44711538461538464 0.6850961538461539 0.028846153846153848 0.04326923076923077
2 0.4014423076923077 0.7884615384615384 0.028846153846153848 0.038461538461538464
2 0.33413461538461536 0.7848557692307693 0.038461538461538464 0.04807692307692308
2 0.3112980769230769 0.6995192307692307 0.036057692307692304 0.04326923076923077
2 0.2848557692307692 0.6899038461538461 0.036057692307692304 0.04567307692307692
2 0.2608173076923077 0.6454326923076923 0.03365384615384615 0.04326923076923077
2 0.22115384615384615 0.6850961538461539 0.040865384615384616 0.055288461538461536
2 0.21394230769230768 0.7295673076923077 0.04326923076923077 0.040865384615384616
2 0.18269230769230768 0.7620192307692307 0.05048076923076923 0.04807692307692308
2 0.17548076923076922 0.8221153846153846 0.03365384615384615 0.04326923076923077
2 0.203125 0.859375 0.04326923076923077 0.057692307692307696
2 0.22235576923076922 0.8173076923076923 0.038461538461538464 0.052884615384615384
2 0.2439903846153846 0.8858173076923077 0.03365384615384615 0.04567307692307692
2 0.25841346153846156 0.7572115384615384 0.040865384615384616 0.04567307692307692
2 0.1466346153846154 0.8245192307692307 0.03125 0.040865384615384616
2 0.21394230769230768 0.9002403846153846 0.03365384615384615 0.038461538461538464
2 0.21153846153846154 0.9831730769230769 0.03365384615384615 0.03365384615384615
2 0.2668269230769231 0.9254807692307693 0.036057692307692304 0.04567307692307692
2 0.2980769230769231 0.9158653846153846 0.03365384615384615 0.04326923076923077
2 0.2980769230769231 0.8581730769230769 0.04326923076923077 0.052884615384615384
2 0.13341346153846154 0.984375 0.03365384615384615 0.03125
2 0.03245192307692308 0.8689903846153846 0.038461538461538464 0.04807692307692308
2 0.3329326923076923 0.6382211538461539 0.040865384615384616 0.05048076923076923
2 0.6165865384615384 0.4807692307692308 0.036057692307692304 0.04567307692307692
2 0.6682692307692307 0.5384615384615384 0.04326923076923077 0.052884615384615384
2 0.6995192307692307 0.5228365384615384 0.03365384615384615 0.04326923076923077
2 0.6153846153846154 0.6334134615384616 0.036057692307692304 0.040865384615384616
2 0.6466346153846154 0.6213942307692307 0.04326923076923077 0.038461538461538464
2 0.6838942307692307 0.6057692307692307 0.038461538461538464 0.055288461538461536
2 0.7175480769230769 0.5913461538461539 0.05048076923076923 0.04807692307692308
2 0.71875 0.4519230769230769 0.03365384615384615 0.040865384615384616
2 0.7487980769230769 0.4879807692307692 0.038461538461538464 0.052884615384615384
2 0.7319711538461539 0.5192307692307693 0.028846153846153848 0.04807692307692308
2 0.7860576923076923 0.5024038461538461 0.038461538461538464 0.04326923076923077
2 0.7824519230769231 0.44711538461538464 0.036057692307692304 0.05048076923076923
2 0.7872596153846154 0.5360576923076923 0.03125 0.038461538461538464
2 0.7259615384615384 0.65625 0.040865384615384616 0.036057692307692304
2 0.7872596153846154 0.6514423076923077 0.038461538461538464 0.040865384615384616
2 0.7944711538461539 0.7199519230769231 0.036057692307692304 0.04326923076923077
2 0.8125 0.6105769230769231 0.028846153846153848 0.04567307692307692
2 0.8293269230769231 0.5252403846153846 0.038461538461538464 0.052884615384615384
2 0.8353365384615384 0.4375 0.040865384615384616 0.052884615384615384
2 0.8581730769230769 0.42908653846153844 0.03125 0.05048076923076923
2 0.796875 0.3737980769230769 0.036057692307692304 0.05048076923076923
2 0.8161057692307693 0.29927884615384615 0.04326923076923077 0.04567307692307692
2 0.8545673076923077 0.265625 0.04807692307692308 0.05048076923076923
2 0.8461538461538461 0.3233173076923077 0.038461538461538464 0.04807692307692308
2 0.8870192307692307 0.39783653846153844 0.03365384615384615 0.04807692307692308
2 0.8786057692307693 0.4567307692307692 0.03365384615384615 0.038461538461538464
2 0.9014423076923077 0.5 0.036057692307692304 0.038461538461538464
2 0.8701923076923077 0.5276442307692307 0.040865384615384616 0.03365384615384615
2 0.8701923076923077 0.5637019230769231 0.03365384615384615 0.038461538461538464
2 0.8545673076923077 0.6057692307692307 0.028846153846153848 0.04326923076923077
2 0.8449519230769231 0.6790865384615384 0.028846153846153848 0.040865384615384616
2 0.8822115384615384 0.703125 0.036057692307692304 0.038461538461538464
2 0.8870192307692307 0.6322115384615384 0.036057692307692304 0.036057692307692304
2 0.9134615384615384 0.6550480769230769 0.036057692307692304 0.03365384615384615
2 0.9411057692307693 0.5985576923076923 0.026442307692307692 0.04807692307692308
2 0.9134615384615384 0.53125 0.03125 0.038461538461538464
2 0.8401442307692307 0.7367788461538461 0.03365384615384615 0.03125
2 0.8545673076923077 0.7584134615384616 0.03125 0.040865384615384616
2 0.875 0.7680288461538461 0.026442307692307692 0.036057692307692304
2 0.8822115384615384 0.703125 0.03125 0.04326923076923077
2 0.9807692307692307 0.65625 0.03365384615384615 0.040865384615384616
2 0.8737980769230769 0.1814903846153846 0.038461538461538464 0.057692307692307696
2 0.9230769230769231 0.20552884615384615 0.04326923076923077 0.06490384615384616
2 0.953125 0.1622596153846154 0.038461538461538464 0.05048076923076923
2 0.9783653846153846 0.20432692307692307 0.038461538461538464 0.055288461538461536
2 0.9591346153846154 0.2608173076923077 0.04326923076923077 0.04326923076923077
2 0.9074519230769231 0.2692307692307692 0.03365384615384615 0.05048076923076923
2 0.9170673076923077 0.3798076923076923 0.036057692307692304 0.05048076923076923
2 0.9471153846153846 0.41225961538461536 0.038461538461538464 0.057692307692307696
2 0.9350961538461539 0.4699519230769231 0.038461538461538464 0.055288461538461536
2 0.9543269230769231 0.5480769230769231 0.03125 0.038461538461538464
2 0.9831730769230769 0.5396634615384616 0.03365384615384615 0.036057692307692304
2 0.9699519230769231 0.43509615384615385 0.03125 0.04567307692307692
2 0.9567307692307693 0.3173076923076923 0.036057692307692304 0.04567307692307692
2 0.9759615384615384 0.35336538461538464 0.036057692307692304 0.04807692307692308
2 0.9855769230769231 0.5877403846153846 0.028846153846153848 0.038461538461538464
2 0.8605769230769231 0.6346153846153846 0.03365384615384615 0.04326923076923077
2 0.41947115384615385 0.17548076923076922 0.019230769230769232 0.036057692307692304
2 0.4362980769230769 0.15625 0.02403846153846154 0.038461538461538464
2 0.4519230769230769 0.14302884615384615 0.021634615384615384 0.038461538461538464
2 0.4735576923076923 0.13581730769230768 0.026442307692307692 0.036057692307692304
2 0.5 0.10697115384615384 0.02403846153846154 0.036057692307692304
2 0.43028846153846156 0.20673076923076922 0.021634615384615384 0.04567307692307692
2 0.46033653846153844 0.2644230769230769 0.02403846153846154 0.038461538461538464
2 0.4675480769230769 0.20673076923076922 0.026442307692307692 0.04567307692307692
2 0.4891826923076923 0.19831730769230768 0.028846153846153848 0.036057692307692304
2 0.5 0.17307692307692307 0.02403846153846154 0.040865384615384616
2 0.5180288461538461 0.17427884615384615 0.03125 0.040865384615384616
2 0.49278846153846156 0.25841346153846156 0.028846153846153848 0.04807692307692308
2 0.5216346153846154 0.3329326923076923 0.026442307692307692 0.040865384615384616
2 0.4495192307692308 0.30528846153846156 0.026442307692307692 0.036057692307692304
2 0.4543269230769231 0.421875 0.028846153846153848 0.04807692307692308
2 0.4651442307692308 0.3798076923076923 0.026442307692307692 0.038461538461538464
2 0.4831730769230769 0.4074519230769231 0.03125 0.055288461538461536
2 0.4831730769230769 0.3076923076923077 0.02403846153846154 0.03125
2 0.5180288461538461 0.2704326923076923 0.021634615384615384 0.040865384615384616
2 0.5276442307692307 0.21995192307692307 0.021634615384615384 0.040865384615384616
2 0.5036057692307693 0.3449519230769231 0.01201923076923077 0.016826923076923076
2 0.484375 0.46274038461538464 0.02403846153846154 0.04567307692307692
2 0.5216346153846154 0.43028846153846156 0.02403846153846154 0.03125
2 0.5384615384615384 0.41947115384615385 0.021634615384615384 0.040865384615384616
2 0.5168269230769231 0.4699519230769231 0.007211538461538462 0.038461538461538464
2 0.4675480769230769 0.4855769230769231 0.021634615384615384 0.036057692307692304
2 0.45552884615384615 0.5072115384615384 0.021634615384615384 0.038461538461538464
2 0.5216346153846154 0.5060096153846154 0.02403846153846154 0.03365384615384615
2 0.5480769230769231 0.4699519230769231 0.021634615384615384 0.03125
2 0.5492788461538461 0.39663461538461536 0.016826923076923076 0.040865384615384616
2 0.5336538461538461 0.30649038461538464 0.026442307692307692 0.04567307692307692
2 0.5120192307692307 0.375 0.019230769230769232 0.040865384615384616
2 0.5300480769230769 0.47596153846153844 0.021634615384615384 0.038461538461538464
2 0.5745192307692307 0.5060096153846154 0.019230769230769232 0.038461538461538464
2 0.5216346153846154 0.5048076923076923 0.026442307692307692 0.038461538461538464
2 0.5709134615384616 0.4675480769230769 0.019230769230769232 0.028846153846153848
2 0.5204326923076923 0.4326923076923077 0.026442307692307692 0.04326923076923077
2 0.5300480769230769 0.3858173076923077 0.019230769230769232 0.028846153846153848
2 0.44591346153846156 0.3401442307692308 0.026442307692307692 0.028846153846153848