2 0.2704326923076923 0.3870192307692308 0.05048076923076923 0.05048076923076923
2 0.25841346153846156 0.44471153846153844 0.04326923076923077 0.04567307692307692
2 0.23317307692307693 0.4483173076923077 0.03125 0.03125
2 0.2283653846153846 0.5072115384615384 0.038461538461538464 0.03365384615384615
2 0.24278846153846154 0.6334134615384616 0.040865384615384616 0.040865384615384616
2 0.2283653846153846 0.6670673076923077 0.040865384615384616 0.036057692307692304
2 0.25961538461538464 0.6670673076923077 0.03125 0.028846153846153848
2 0.2800480769230769 0.6201923076923077 0.038461538461538464 0.040865384615384616
2 0.2644230769230769 0.5444711538461539 0.038461538461538464 0.04807692307692308
2 0.30408653846153844 0.45072115384615385 0.038461538461538464 0.04326923076923077
2 0.29447115384615385 0.4831730769230769 0.040865384615384616 0.038461538461538464
2 0.3329326923076923 0.4831730769230769 0.040865384615384616 0.038461538461538464
2 0.33052884615384615 0.40384615384615385 0.02403846153846154 0.04326923076923077
2 0.3605769230769231 0.4182692307692308 0.040865384615384616 0.0625
2 0.35096153846153844 0.4483173076923077 0.03125 0.038461538461538464
2 0.375 0.484375 0.038461538461538464 0.036057692307692304
2 0.3125 0.5432692307692307 0.028846153846153848 0.05048076923076923
2 0.30408653846153844 0.5673076923076923 0.036057692307692304 0.040865384615384616
2 0.32091346153846156 0.59375 0.026442307692307692 0.03365384615384615
2 0.34975961538461536 0.5877403846153846 0.040865384615384616 0.040865384615384616
2 0.3245192307692308 0.6814903846153846 0.03365384615384615 0.040865384615384616
2 0.3798076923076923 0.6153846153846154 0.036057692307692304 0.04326923076923077
2 0.39783653846153844 0.6754807692307693 0.04326923076923077 0.04326923076923077
2 0.40865384615384615 0.7415865384615384 0.038461538461538464 0.038461538461538464
2 0.43990384615384615 0.75 0.03365384615384615 0.036057692307692304
2 0.47475961538461536 0.28125 0.05048076923076923 0.04807692307692308
2 0.4375 0.28725961538461536 0.04326923076923077 0.04807692307692308
2 0.39302884615384615 0.31490384615384615 0.04807692307692308 0.052884615384615384
2 0.41586538461538464 0.3581730769230769 0.04807692307692308 0.04567307692307692
2 0.39663461538461536 0.3954326923076923 0.04326923076923077 0.04326923076923077
2 0.390625 0.4375 0.03365384615384615 0.04326923076923077
2 0.41225961538461536 0.4699519230769231 0.03125 0.04807692307692308
2 0.40384615384615385 0.5108173076923077 0.038461538461538464 0.038461538461538464
2 0.41466346153846156 0.5588942307692307 0.036057692307692304 0.052884615384615384
2 0.4387019230769231 0.5408653846153846 0.03365384615384615 0.05048076923076923
2 0.4266826923076923 0.4074519230769231 0.028846153846153848 0.052884615384615384
2 0.4423076923076923 0.453125 0.026442307692307692 0.04326923076923077
2 0.47115384615384615 0.4543269230769231 0.04567307692307692 0.04326923076923077
2 0.4879807692307692 0.4987980769230769 0.038461538461538464 0.05048076923076923
2 0.47115384615384615 0.3870192307692308 0.04807692307692308 0.04326923076923077
2 0.44350961538461536 0.36177884615384615 0.021634615384615384 0.052884615384615384
2 0.5084134615384616 0.40865384615384615 0.03365384615384615 0.052884615384615384
2 0.5456730769230769 0.2920673076923077 0.04326923076923077 0.052884615384615384
2 0.5300480769230769 0.31850961538461536 0.038461538461538464 0.04807692307692308
2 0.5853365384615384 0.35697115384615385 0.05048076923076923 0.04807692307692308
2 0.6117788461538461 0.38341346153846156 0.04326923076923077 0.04326923076923077
2 0.5661057692307693 0.3942307692307692 0.04567307692307692 0.04567307692307692
2 0.5889423076923077 0.44350961538461536 0.04326923076923077 0.04807692307692308
2 0.6117788461538461 0.48677884615384615 0.05048076923076923 0.05048076923076923
2 0.53125 0.47115384615384615 0.03365384615384615 0.04807692307692308
2 0.5673076923076923 0.4891826923076923 0.03365384615384615 0.04807692307692308
2 0.5180288461538461 0.5288461538461539 0.04326923076923077 0.038461538461538464
2 0.5396634615384616 0.5432692307692307 0.03125 0.04807692307692308
2 0.5853365384615384 0.5757211538461539 0.04326923076923077 0.04807692307692308
2 0.5793269230769231 0.6177884615384616 0.03125 0.03125
2 0.5360576923076923 0.6165865384615384 0.040865384615384616 0.038461538461538464
2 0.4987980769230769 0.6538461538461539 0.04807692307692308 0.04807692307692308
2 0.47596153846153844 0.6129807692307693 0.038461538461538464 0.057692307692307696
2 0.4567307692307692 0.6334134615384616 0.040865384615384616 0.04326923076923077
2 0.4855769230769231 0.7223557692307693 0.03365384615384615 0.04567307692307692
2 0.46274038461538464 0.6923076923076923 0.038461538461538464 0.04807692307692308
2 0.49158653846153844 0.8798076923076923 0.036057692307692304 0.03365384615384615
2 0.5288461538461539 0.9387019230769231 0.026442307692307692 0.038461538461538464
2 0.5204326923076923 0.8185096153846154 0.028846153846153848 0.038461538461538464
2 0.515625 0.71875 0.03125 0.028846153846153848
2 0.5492788461538461 0.7055288461538461 0.040865384615384616 0.038461538461538464
2 0.5528846153846154 0.7728365384615384 0.03365384615384615 0.04326923076923077
2 0.5600961538461539 0.8521634615384616 0.036057692307692304 0.03365384615384615
2 0.6021634615384616 0.8016826923076923 0.036057692307692304 0.036057692307692304
2 0.59375 0.7295673076923077 0.036057692307692304 0.038461538461538464
2 0.5805288461538461 0.703125 0.02403846153846154 0.04807692307692308
2 0.6262019230769231 0.8485576923076923 0.038461538461538464 0.038461538461538464
2 0.6117788461538461 0.8870192307692307 0.03125 0.04326923076923077
2 0.6490384615384616 0.8954326923076923 0.03365384615384615 0.036057692307692304
2 0.6526442307692307 0.8557692307692307 0.028846153846153848 0.028846153846153848
2 0.6923076923076923 0.8942307692307693 0.03365384615384615 0.038461538461538464
2 0.7680288461538461 0.8737980769230769 0.03365384615384615 0.036057692307692304
2 0.7391826923076923 0.8401442307692307 0.03365384615384615 0.036057692307692304
2 0.6754807692307693 0.7704326923076923 0.038461538461538464 0.038461538461538464
2 0.6574519230769231 0.7391826923076923 0.03365384615384615 0.03125
2 0.6490384615384616 0.6862980769230769 0.03365384615384615 0.036057692307692304
2 0.6478365384615384 0.65625 0.038461538461538464 0.038461538461538464
2 0.6213942307692307 0.6334134615384616 0.03365384615384615 0.04807692307692308
2 0.6514423076923077 0.5757211538461539 0.03365384615384615 0.040865384615384616
2 0.7019230769230769 0.7463942307692307 0.038461538461538464 0.03365384615384615
2 0.7391826923076923 0.7487980769230769 0.036057692307692304 0.036057692307692304
2 0.7740384615384616 0.7692307692307693 0.03365384615384615 0.038461538461538464
2 0.7067307692307693 0.6418269230769231 0.03365384615384615 0.038461538461538464
2 0.7283653846153846 0.6177884615384616 0.040865384615384616 0.040865384615384616
2 0.7992788461538461 0.6947115384615384 0.036057692307692304 0.038461538461538464
2 0.7680288461538461 0.6454326923076923 0.038461538461538464 0.038461538461538464
2 0.7764423076923077 0.5 0.04326923076923077 0.04326923076923077
2 0.7223557692307693 0.5396634615384616 0.040865384615384616 0.04326923076923077
2 0.7944711538461539 0.5372596153846154 0.040865384615384616 0.038461538461538464
2 0.8076923076923077 0.5997596153846154 0.04326923076923077 0.038461538461538464
2 0.7932692307692307 0.6382211538461539 0.019230769230769232 0.03125
2 0.7536057692307693 0.6670673076923077 0.038461538461538464 0.036057692307692304
2 0.7992788461538461 0.8786057692307693 0.03365384615384615 0.036057692307692304
2 0.8040865384615384 0.7680288461538461 0.036057692307692304 0.038461538461538464
2 0.8353365384615384 0.7331730769230769 0.03365384615384615 0.03365384615384615
2 0.84375 0.6899038461538461 0.028846153846153848 0.04567307692307692
2 0.8365384615384616 0.6298076923076923 0.040865384615384616 0.040865384615384616
2 0.8425480769230769 0.578125 0.036057692307692304 0.038461538461538464
2 0.8245192307692307 0.4639423076923077 0.04567307692307692 0.04567307692307692
2 0.8257211538461539 0.41346153846153844 0.04807692307692308 0.036057692307692304
2 0.8521634615384616 0.3701923076923077 0.04567307692307692 0.06009615384615385
2 0.7692307692307693 0.30288461538461536 0.04807692307692308 0.04326923076923077
2 0.7487980769230769 0.33413461538461536 0.03125 0.052884615384615384
2 0.7475961538461539 0.41947115384615385 0.04326923076923077 0.04326923076923077
2 0.703125 0.36778846153846156 0.04567307692307692 0.06009615384615385
2 0.7331730769230769 0.3076923076923077 0.03365384615384615 0.036057692307692304
2 0.6995192307692307 0.2608173076923077 0.04567307692307692 0.057692307692307696
2 0.6430288461538461 0.2548076923076923 0.04326923076923077 0.0673076923076923
2 0.6514423076923077 0.3112980769230769 0.04807692307692308 0.04807692307692308
2 0.6610576923076923 0.40865384615384615 0.03125 0.057692307692307696
2 0.6370192307692307 0.39903846153846156 0.03125 0.0625
2 0.7283653846153846 0.8942307692307693 0.04326923076923077 0.04567307692307692
2 0.6887019230769231 0.8389423076923077 0.028846153846153848 0.05048076923076923
2 0.7007211538461539 0.8617788461538461 0.02403846153846154 0.028846153846153848
2 0.8329326923076923 0.8653846153846154 0.028846153846153848 0.03125
2 0.8329326923076923 0.8401442307692307 0.03365384615384615 0.03365384615384615
2 0.8689903846153846 0.8966346153846154 0.03125 0.040865384615384616
2 0.8978365384615384 0.8858173076923077 0.026442307692307692 0.03125
2 0.8677884615384616 0.8257211538461539 0.03125 0.03365384615384615
2 0.9002403846153846 0.8413461538461539 0.038461538461538464 0.038461538461538464
2 0.9338942307692307 0.8774038461538461 0.03365384615384615 0.038461538461538464
2 0.9435096153846154 0.8389423076923077 0.038461538461538464 0.036057692307692304
2 0.9338942307692307 0.8004807692307693 0.040865384615384616 0.04326923076923077
2 0.8629807692307693 0.7836538461538461 0.03365384615384615 0.03125
2 0.8413461538461539 0.7920673076923077 0.028846153846153848 0.028846153846153848
2 0.8954326923076923 0.7860576923076923 0.036057692307692304 0.038461538461538464
2 0.9254807692307693 0.734375 0.03125 0.036057692307692304
2 0.8918269230769231 0.75 0.02403846153846154 0.04326923076923077
2 0.890625 0.6875 0.040865384615384616 0.038461538461538464
2 0.8834134615384616 0.5769230769230769 0.040865384615384616 0.038461538461538464
2 0.8774038461538461 0.5264423076923077 0.04567307692307692 0.04326923076923077
2 0.9014423076923077 0.47716346153846156 0.028846153846153848 0.03125
2 0.9603365384615384 0.5805288461538461 0.038461538461538464 0.04807692307692308
2 0.9411057692307693 0.6574519230769231 0.038461538461538464 0.040865384615384616
2 0.9879807692307693 0.5757211538461539 0.014423076923076924 0.038461538461538464
2 0.9915865384615384 0.5480769230769231 0.007211538461538462 0.036057692307692304
2 0.9831730769230769 0.6418269230769231 0.021634615384615384 0.03125
2 0.9867788461538461 0.6538461538461539 0.014423076923076924 0.05048076923076923
2 0.9735576923076923 0.6610576923076923 0.026442307692307692 0.055288461538461536
2 0.9795673076923077 0.7487980769230769 0.021634615384615384 0.028846153846153848
2 0.9819711538461539 0.6887019230769231 0.021634615384615384 0.028846153846153848
2 0.9879807692307693 0.7836538461538461 0.004807692307692308 0.06009615384615385
2 0.9807692307692307 0.7620192307692307 0.019230769230769232 0.026442307692307692
2 0.9831730769230769 0.7908653846153846 0.014423076923076924 0.021634615384615384
2 0.9783653846153846 0.8509615384615384 0.021634615384615384 0.026442307692307692
2 0.96875 0.8689903846153846 0.03125 0.028846153846153848
2 0.9519230769230769 0.703125 0.028846153846153848 0.038461538461538464
2 0.010817307692307692 0.27283653846153844 0.016826923076923076 0.052884615384615384
2 0.014423076923076924 0.46153846153846156 0.028846153846153848 0.055288461538461536
2 0.2980769230769231 0.004807692307692308 0.014423076923076924 0.009615384615384616
2 0.2776442307692308 0.006009615384615385 0.016826923076923076 0.01201923076923077
2 0.25841346153846156 0.007211538461538462 0.016826923076923076 0.014423076923076924
2 0.23076923076923078 0.006009615384615385 0.019230769230769232 0.01201923076923077
2 0.23557692307692307 0.008413461538461538 0.02403846153846154 0.016826923076923076
2 0.20673076923076922 0.007211538461538462 0.019230769230769232 0.014423076923076924
2 0.18990384615384615 0.004807692307692308 0.019230769230769232 0.009615384615384616
2 0.1814903846153846 0.004807692307692308 0.021634615384615384 0.009615384615384616
2 0.15865384615384615 0.006009615384615385 0.019230769230769232 0.01201923076923077
2 0.2800480769230769 0.004807692307692308 0.021634615384615384 0.009615384615384616
2 0.2800480769230769 0.004807692307692308 0.016826923076923076 0.009615384615384616
2 0.24639423076923078 0.004807692307692308 0.021634615384615384 0.009615384615384616
2 0.22235576923076922 0.006009615384615385 0.021634615384615384 0.01201923076923077
2 0.15865384615384615 0.007211538461538462 0.02403846153846154 0.014423076923076924
2 0.17668269230769232 0.004807692307692308 0.021634615384615384 0.009615384615384616
2 0.20552884615384615 0.004807692307692308 0.021634615384615384 0.009615384615384616
2 0.21995192307692307 0.03485576923076923 0.02403846153846154 0.036057692307692304
2 0.2608173076923077 0.039663461538461536 0.028846153846153848 0.026442307692307692
2 0.23557692307692307 0.09134615384615384 0.028846153846153848 0.02403846153846154
2 0.18990384615384615 0.12980769230769232 0.019230769230769232 0.036057692307692304
2 0.19110576923076922 0.051682692307692304 0.026442307692307692 0.028846153846153848
2 0.16947115384615385 0.04567307692307692 0.028846153846153848 0.026442307692307692
2 0.14903846153846154 0.019230769230769232 0.03125 0.026442307692307692
2 0.14543269230769232 0.06009615384615385 0.026442307692307692 0.026442307692307692
2 0.17307692307692307 0.1045673076923077 0.026442307692307692 0.02403846153846154
2 0.14903846153846154 0.12620192307692307 0.02403846153846154 0.038461538461538464
2 0.1310096153846154 0.10817307692307693 0.019230769230769232 0.038461538461538464
2 0.11177884615384616 0.10697115384615384 0.014423076923076924 0.036057692307692304
2 0.25240384615384615 0.10697115384615384 0.026442307692307692 0.026442307692307692
2 0.25721153846153844 0.17908653846153846 0.014423076923076924 0.036057692307692304
2 0.24278846153846154 0.2283653846153846 0.019230769230769232 0.03365384615384615
2 0.2283653846153846 0.1814903846153846 0.028846153846153848 0.026442307692307692
2 0.20192307692307693 0.1814903846153846 0.028846153846153848 0.026442307692307692
2 0.19951923076923078 0.20673076923076922 0.021634615384615384 0.02403846153846154
2 0.22115384615384615 0.20432692307692307 0.019230769230769232 0.02403846153846154
2 0.18509615384615385 0.20072115384615385 0.021634615384615384 0.019230769230769232
2 0.16105769230769232 0.21514423076923078 0.026442307692307692 0.028846153846153848
2 0.171875 0.1466346153846154 0.02403846153846154 0.02403846153846154
2 0.14182692307692307 0.16105769230769232 0.028846153846153848 0.026442307692307692
2 0.12379807692307693 0.16346153846153846 0.016826923076923076 0.04326923076923077
2 0.10576923076923077 0.171875 0.02403846153846154 0.02403846153846154
2 0.13221153846153846 0.20673076923076922 0.021634615384615384 0.03125
2 0.23918269230769232 0.2800480769230769 0.026442307692307692 0.026442307692307692
2 0.22596153846153846 0.25600961538461536 0.019230769230769232 0.036057692307692304
2 0.20072115384615385 0.2548076923076923 0.02403846153846154 0.02403846153846154
2 0.17668269230769232 0.24639423076923078 0.02403846153846154 0.02403846153846154
2 0.09375 0.19471153846153846 0.021634615384615384 0.02403846153846154
2 0.10216346153846154 0.24519230769230768 0.02403846153846154 0.03365384615384615
2 0.12740384615384615 0.25600961538461536 0.016826923076923076 0.02403846153846154
2 0.203125 0.359375 0.02403846153846154 0.026442307692307692
2 0.14182692307692307 0.3629807692307692 0.019230769230769232 0.03125
2 0.1045673076923077 0.39903846153846156 0.019230769230769232 0.028846153846153848
2 0.09134615384615384 0.36658653846153844 0.014423076923076924 0.026442307692307692
2 0.07091346153846154 0.3762019230769231 0.021634615384615384 0.021634615384615384
2 0.23076923076923078 0.3233173076923077 0.026442307692307692 0.02403846153846154
2 0.21033653846153846 0.31850961538461536 0.02403846153846154 0.02403846153846154
2 0.18990384615384615 0.31850961538461536 0.026442307692307692 0.026442307692307692
2 0.17067307692307693 0.30408653846153844 0.014423076923076924 0.02403846153846154
2 0.15985576923076922 0.3317307692307692 0.016826923076923076 0.026442307692307692
2 0.140625 0.31971153846153844 0.019230769230769232 0.021634615384615384
2 0.09014423076923077 0.3137019230769231 0.02403846153846154 0.021634615384615384
2 0.078125 0.29447115384615385 0.021634615384615384 0.02403846153846154
2 0.11778846153846154 0.2980769230769231 0.019230769230769232 0.028846153846153848
2 0.1346153846153846 0.28365384615384615 0.019230769230769232 0.021634615384615384
2 0.15264423076923078 0.2704326923076923 0.016826923076923076 0.03365384615384615
2 0.17427884615384615 0.27403846153846156 0.021634615384615384 0.021634615384615384
2 0.19471153846153846 0.28365384615384615 0.019230769230769232 0.019230769230769232
2 0.06009615384615385 0.33413461538461536 0.004807692307692308 0.038461538461538464
2 0.171875 0.002403846153846154 0.016826923076923076 0.004807692307692308
2 0.2620192307692308 0.004807692307692308 0.014423076923076924 0.009615384615384616