2 0.3161057692307692 0.5060096153846154 0.03365384615384615 0.038461538461538464
2 0.36538461538461536 0.515625 0.038461538461538464 0.0625
2 0.4423076923076923 0.5360576923076923 0.036057692307692304 0.052884615384615384
2 0.3137019230769231 0.5901442307692307 0.036057692307692304 0.05048076923076923
2 0.18990384615384615 0.5841346153846154 0.036057692307692304 0.05048076923076923
2 0.25841346153846156 0.5360576923076923 0.026442307692307692 0.04326923076923077
2 0.09735576923076923 0.7487980769230769 0.03365384615384615 0.038461538461538464
2 0.03245192307692308 0.7896634615384616 0.03125 0.03365384615384615
2 0.010817307692307692 0.9122596153846154 0.021634615384615384 0.03365384615384615
2 0.0673076923076923 0.7536057692307693 0.02403846153846154 0.03365384615384615
2 0.1658653846153846 0.7115384615384616 0.04567307692307692 0.03365384615384615
2 0.24879807692307693 0.6911057692307693 0.036057692307692304 0.036057692307692304
2 0.4074519230769231 0.5853365384615384 0.040865384615384616 0.038461538461538464
2 0.49759615384615385 0.5216346153846154 0.03365384615384615 0.05048076923076923
2 0.5216346153846154 0.5228365384615384 0.02403846153846154 0.04326923076923077
2 0.5625 0.5528846153846154 0.028846153846153848 0.04326923076923077
2 0.4963942307692308 0.6117788461538461 0.036057692307692304 0.04567307692307692
2 0.4026442307692308 0.6466346153846154 0.040865384615384616 0.03125
2 0.5853365384615384 0.6394230769230769 0.028846153846153848 0.038461538461538464
2 0.6574519230769231 0.5997596153846154 0.028846153846153848 0.03365384615384615
2 0.5384615384615384 0.578125 0.02403846153846154 0.04567307692307692
2 0.28966346153846156 0.7115384615384616 0.028846153846153848 0.038461538461538464
2 0.34615384615384615 0.7451923076923077 0.03365384615384615 0.04326923076923077
2 0.46153846153846156 0.625 0.03365384615384615 0.03365384615384615
2 0.27283653846153844 0.6201923076923077 0.03365384615384615 0.04326923076923077
2 0.21875 0.7644230769230769 0.03125 0.038461538461538464
2 0.37259615384615385 0.7932692307692307 0.036057692307692304 0.038461538461538464
2 0.5877403846153846 0.765625 0.026442307692307692 0.028846153846153848
2 0.6358173076923077 0.6526442307692307 0.03365384615384615 0.055288461538461536
2 0.6550480769230769 0.7235576923076923 0.026442307692307692 0.036057692307692304
2 0.21033653846153846 0.6490384615384616 0.026442307692307692 0.052884615384615384
2 0.1141826923076923 0.8076923076923077 0.026442307692307692 0.036057692307692304
2 0.609375 0.6165865384615384 0.019230769230769232 0.03365384615384615
2 0.25240384615384615 0.8040865384615384 0.03125 0.03125
2 0.19591346153846154 0.7764423076923077 0.028846153846153848 0.052884615384615384
2 0.38100961538461536 0.6766826923076923 0.038461538461538464 0.03125
2 0.49278846153846156 0.7788461538461539 0.021634615384615384 0.038461538461538464
2 0.8737980769230769 0.5168269230769231 0.028846153846153848 0.028846153846153848
2 0.8665865384615384 0.6586538461538461 0.019230769230769232 0.03365384615384615
2 0.9362980769230769 0.5697115384615384 0.03365384615384615 0.038461538461538464
2 0.5324519230769231 0.6201923076923077 0.03365384615384615 0.038461538461538464
2 0.4483173076923077 0.6682692307692307 0.038461538461538464 0.040865384615384616
2 0.14903846153846154 0.828125 0.03365384615384615 0.03125
2 0.22596153846153846 0.8353365384615384 0.02403846153846154 0.03365384615384615
2 0.4230769230769231 0.8473557692307693 0.036057692307692304 0.036057692307692304
2 0.6754807692307693 0.7956730769230769 0.02403846153846154 0.038461538461538464
2 0.3449519230769231 0.8161057692307693 0.02403846153846154 0.052884615384615384
2 0.18629807692307693 0.8329326923076923 0.03125 0.04807692307692308
2 0.2764423076923077 0.8725961538461539 0.026442307692307692 0.040865384615384616
2 0.4026442307692308 0.7536057692307693 0.028846153846153848 0.03365384615384615
2 0.11778846153846154 0.8641826923076923 0.02403846153846154 0.036057692307692304
2 0.06971153846153846 0.8810096153846154 0.02403846153846154 0.036057692307692304
2 0.04807692307692308 0.8954326923076923 0.021634615384615384 0.036057692307692304
2 0.14903846153846154 0.8737980769230769 0.028846153846153848 0.021634615384615384
2 0.11538461538461539 0.9170673076923077 0.028846153846153848 0.040865384615384616
2 0.3245192307692308 0.9014423076923077 0.02403846153846154 0.038461538461538464
2 0.4254807692307692 0.8942307692307693 0.028846153846153848 0.038461538461538464
2 0.4411057692307692 0.7764423076923077 0.021634615384615384 0.040865384615384616
2 0.4963942307692308 0.6502403846153846 0.036057692307692304 0.04326923076923077
2 0.6682692307692307 0.6514423076923077 0.026442307692307692 0.06009615384615385
2 0.6887019230769231 0.6826923076923077 0.02403846153846154 0.04326923076923077
2 0.47115384615384615 0.8052884615384616 0.03365384615384615 0.057692307692307696
2 0.34615384615384615 0.6081730769230769 0.026442307692307692 0.05048076923076923
2 0.5204326923076923 0.7139423076923077 0.03125 0.055288461538461536
2 0.5480769230769231 0.828125 0.03125 0.04807692307692308
2 0.38100961538461536 0.9230769230769231 0.026442307692307692 0.052884615384615384
2 0.24278846153846154 0.8894230769230769 0.021634615384615384 0.052884615384615384
2 0.21875 0.8918269230769231 0.016826923076923076 0.038461538461538464
2 0.5745192307692307 0.6790865384615384 0.02403846153846154 0.03365384615384615
2 0.9831730769230769 0.4891826923076923 0.026442307692307692 0.04807692307692308
2 0.9855769230769231 0.6322115384615384 0.028846153846153848 0.03125
2 0.9002403846153846 0.6478365384615384 0.028846153846153848 0.055288461538461536
2 0.9326923076923077 0.640625 0.019230769230769232 0.04807692307692308
2 0.9627403846153846 0.5540865384615384 0.021634615384615384 0.03365384615384615
2 0.4495192307692308 0.7199519230769231 0.03365384615384615 0.038461538461538464
2 0.5384615384615384 0.6598557692307693 0.028846153846153848 0.038461538461538464
2 0.6442307692307693 0.7764423076923077 0.016826923076923076 0.026442307692307692
2 0.28365384615384615 0.7776442307692307 0.02403846153846154 0.03365384615384615
2 0.08413461538461539 0.8076923076923077 0.02403846153846154 0.036057692307692304
2 0.26802884615384615 0.9495192307692307 0.03365384615384615 0.04326923076923077
2 0.33653846153846156 0.8701923076923077 0.019230769230769232 0.026442307692307692
2 0.6165865384615384 0.7175480769230769 0.036057692307692304 0.04326923076923077
2 0.39302884615384615 0.8449519230769231 0.026442307692307692 0.06490384615384616
2 0.5060096153846154 0.8377403846153846 0.036057692307692304 0.055288461538461536