2 0.9435096153846154 0.9435096153846154 0.10336538461538461 0.10096153846153846
2 0.8725961538461539 0.9579326923076923 0.23557692307692307 0.07692307692307693
2 0.8894230769230769 0.9795673076923077 0.22115384615384615 0.03365384615384615
2 0.6237980769230769 0.9579326923076923 0.18028846153846154 0.07692307692307693
2 0.4182692307692308 0.9543269230769231 0.1971153846153846 0.08653846153846154
2 0.054086538461538464 0.9615384615384616 0.10817307692307693 0.07692307692307693
2 0.054086538461538464 0.9663461538461539 0.10817307692307693 0.0673076923076923
2 0.38100961538461536 0.9447115384615384 0.20432692307692307 0.10576923076923077
2 0.19471153846153846 0.9447115384615384 0.13942307692307693 0.10817307692307693
2 0.26802884615384615 0.9579326923076923 0.17067307692307693 0.08173076923076923
2 0.1141826923076923 0.953125 0.1971153846153846 0.09134615384615384
2 0.07091346153846154 0.9543269230769231 0.10817307692307693 0.09134615384615384
2 0.6983173076923077 0.9375 0.13701923076923078 0.11778846153846154
2 0.8088942307692307 0.9375 0.14182692307692307 0.11538461538461539
2 0.6935096153846154 0.9555288461538461 0.20432692307692307 0.08173076923076923
2 0.9507211538461539 0.9567307692307693 0.08413461538461539 0.07451923076923077
2 0.7992788461538461 0.9579326923076923 0.20432692307692307 0.07451923076923077
2 0.6237980769230769 0.9399038461538461 0.13701923076923078 0.11298076923076923
2 0.890625 0.9543269230769231 0.20432692307692307 0.08173076923076923
2 0.7055288461538461 0.9459134615384616 0.13221153846153846 0.10096153846153846
2 0.8088942307692307 0.9495192307692307 0.11778846153846154 0.09134615384615384
2 0.9507211538461539 0.9711538461538461 0.0985576923076923 0.04567307692307692
2 0.9591346153846154 0.9483173076923077 0.08173076923076923 0.09134615384615384
2 0.9387019230769231 0.9483173076923077 0.12259615384615384 0.09134615384615384
2 0.9146634615384616 0.9567307692307693 0.17067307692307693 0.07692307692307693
2 0.7512019230769231 0.9483173076923077 0.14182692307692307 0.09375
2 0.3173076923076923 0.9591346153846154 0.22115384615384615 0.07932692307692307
2 0.9483173076923077 0.9471153846153846 0.0985576923076923 0.09375
2 0.9338942307692307 0.9411057692307693 0.13221153846153846 0.10576923076923077
2 0.9399038461538461 0.9435096153846154 0.11057692307692307 0.10096153846153846
2 0.8870192307692307 0.9326923076923077 0.15865384615384615 0.125
2 0.7055288461538461 0.9338942307692307 0.16105769230769232 0.125
2 0.4795673076923077 0.9362980769230769 0.15625 0.12259615384615384
2 0.09134615384615384 0.9399038461538461 0.13942307692307693 0.1201923076923077
2 0.1971153846153846 0.9759615384615384 0.21153846153846154 0.04807692307692308
2 0.2920673076923077 0.9459134615384616 0.1466346153846154 0.10576923076923077
2 0.3485576923076923 0.9603365384615384 0.20673076923076922 0.07692307692307693
2 0.07932692307692307 0.9435096153846154 0.12980769230769232 0.11298076923076923
2 0.49278846153846156 0.921875 0.1875 0.15144230769230768
2 0.6766826923076923 0.9459134615384616 0.23798076923076922 0.10336538461538461
2 0.5168269230769231 0.9459134615384616 0.24519230769230768 0.10336538461538461
2 0.6322115384615384 0.9375 0.14903846153846154 0.11778846153846154
2 0.9350961538461539 0.9350961538461539 0.125 0.11778846153846154
2 0.9423076923076923 0.9387019230769231 0.11538461538461539 0.11057692307692307
2 0.9387019230769231 0.9411057692307693 0.12259615384615384 0.10576923076923077
2 0.9134615384615384 0.9495192307692307 0.17307692307692307 0.09134615384615384
2 0.90625 0.9543269230769231 0.1875 0.08173076923076923
2 0.890625 0.9507211538461539 0.13221153846153846 0.0889423076923077
2 0.8774038461538461 0.9567307692307693 0.24519230769230768 0.07932692307692307
2 0.1935096153846154 0.9242788461538461 0.18990384615384615 0.14903846153846154
2 0.9302884615384616 0.9387019230769231 0.13942307692307693 0.11057692307692307
2 0.7800480769230769 0.9302884615384616 0.17067307692307693 0.12980769230769232
2 0.9399038461538461 0.9399038461538461 0.11538461538461539 0.10817307692307693
2 0.9350961538461539 0.9278846153846154 0.12980769230769232 0.13221153846153846
2 0.9194711538461539 0.9338942307692307 0.13701923076923078 0.12259615384615384
2 0.9387019230769231 0.9435096153846154 0.12259615384615384 0.10096153846153846
2 0.14302884615384615 0.9507211538461539 0.20432692307692307 0.09615384615384616
2 0.34134615384615385 0.9278846153846154 0.16826923076923078 0.13942307692307693
2 0.5180288461538461 0.9831730769230769 0.2620192307692308 0.028846153846153848
2 0.8725961538461539 0.421875 0.2548076923076923 0.15865384615384615
2 0.9338942307692307 0.2512019230769231 0.13221153846153846 0.14903846153846154
2 0.9338942307692307 0.0733173076923077 0.13221153846153846 0.1466346153846154
2 0.9471153846153846 0.40384615384615385 0.10576923076923077 0.15625
2 0.9350961538461539 0.09014423076923077 0.12980769230769232 0.18028846153846154
2 0.9591346153846154 0.9711538461538461 0.08173076923076923 0.04567307692307692
2 0.9627403846153846 0.96875 0.07451923076923077 0.05048076923076923
2 0.9723557692307693 0.9771634615384616 0.040865384615384616 0.03365384615384615
2 0.9639423076923077 0.9663461538461539 0.0625 0.055288461538461536
2 0.9603365384615384 0.9639423076923077 0.06971153846153846 0.06009615384615385
2 0.9639423076923077 0.9699519230769231 0.057692307692307696 0.04807692307692308
2 0.9723557692307693 0.96875 0.055288461538461536 0.05048076923076923
2 0.9675480769230769 0.96875 0.06490384615384616 0.05048076923076923
2 0.9639423076923077 0.9759615384615384 0.07211538461538461 0.036057692307692304
2 0.9711538461538461 0.9555288461538461 0.057692307692307696 0.07692307692307693
2 0.9627403846153846 0.7716346153846154 0.07451923076923077 0.0889423076923077
2 0.9675480769230769 0.8677884615384616 0.06490384615384616 0.06971153846153846
2 0.9663461538461539 0.7740384615384616 0.0673076923076923 0.06971153846153846
2 0.9663461538461539 0.9146634615384616 0.0673076923076923 0.07692307692307693
2 0.9651442307692307 0.9495192307692307 0.06971153846153846 0.07932692307692307
2 0.9663461538461539 0.9362980769230769 0.0673076923076923 0.07692307692307693
2 0.9651442307692307 0.8473557692307693 0.06971153846153846 0.07692307692307693
2 0.9663461538461539 0.7487980769230769 0.0673076923076923 0.07692307692307693
2 0.9675480769230769 0.9711538461538461 0.06490384615384616 0.04567307692307692
2 0.9675480769230769 0.9783653846153846 0.06490384615384616 0.03125
2 0.9639423076923077 0.9663461538461539 0.0625 0.055288461538461536
2 0.9627403846153846 0.96875 0.07451923076923077 0.05048076923076923
2 0.9723557692307693 0.9699519230769231 0.05048076923076923 0.04807692307692308
2 0.9675480769230769 0.9759615384615384 0.06490384615384616 0.036057692307692304
2 0.9591346153846154 0.8882211538461539 0.08173076923076923 0.09134615384615384
2 0.9591346153846154 0.7800480769230769 0.08173076923076923 0.08173076923076923
2 0.9591346153846154 0.9711538461538461 0.08173076923076923 0.04567307692307692
2 0.9603365384615384 0.96875 0.06009615384615385 0.05048076923076923
2 0.9555288461538461 0.9639423076923077 0.06971153846153846 0.06009615384615385
2 0.9591346153846154 0.9591346153846154 0.08173076923076923 0.06971153846153846
2 0.9555288461538461 0.8521634615384616 0.0889423076923077 0.09615384615384616
2 0.9591346153846154 0.8173076923076923 0.08173076923076923 0.07932692307692307
2 0.9591346153846154 0.9735576923076923 0.08173076923076923 0.040865384615384616
2 0.9603365384615384 0.9675480769230769 0.06490384615384616 0.052884615384615384
2 0.9711538461538461 0.9651442307692307 0.057692307692307696 0.057692307692307696
2 0.9675480769230769 0.96875 0.055288461538461536 0.05048076923076923
2 0.9627403846153846 0.96875 0.07451923076923077 0.05048076923076923
2 0.9675480769230769 0.96875 0.06490384615384616 0.05048076923076923
2 0.9639423076923077 0.9759615384615384 0.07211538461538461 0.036057692307692304
2 0.9555288461538461 0.9639423076923077 0.06971153846153846 0.06009615384615385
2 0.9603365384615384 0.9639423076923077 0.06971153846153846 0.06009615384615385
2 0.9603365384615384 0.9651442307692307 0.06490384615384616 0.057692307692307696
2 0.9591346153846154 0.96875 0.08173076923076923 0.05048076923076923
2 0.9675480769230769 0.96875 0.06490384615384616 0.05048076923076923
2 0.9543269230769231 0.9435096153846154 0.09134615384615384 0.10096153846153846
2 0.9603365384615384 0.9675480769230769 0.06490384615384616 0.052884615384615384
2 0.9627403846153846 0.9711538461538461 0.07451923076923077 0.04567307692307692
2 0.9603365384615384 0.9723557692307693 0.055288461538461536 0.04326923076923077
2 0.9543269230769231 0.96875 0.09134615384615384 0.05048076923076923
2 0.9627403846153846 0.9735576923076923 0.07451923076923077 0.040865384615384616
2 0.9675480769230769 0.96875 0.06490384615384616 0.05048076923076923
2 0.9639423076923077 0.9639423076923077 0.0625 0.06009615384615385
2 0.9675480769230769 0.96875 0.055288461538461536 0.05048076923076923
2 0.9507211538461539 0.96875 0.0985576923076923 0.05048076923076923
2 0.9603365384615384 0.9675480769230769 0.06490384615384616 0.052884615384615384
2 0.9591346153846154 0.9567307692307693 0.07211538461538461 0.07451923076923077
2 0.9675480769230769 0.96875 0.055288461538461536 0.05048076923076923
2 0.9711538461538461 0.9735576923076923 0.057692307692307696 0.040865384615384616
2 0.9591346153846154 0.9435096153846154 0.08173076923076923 0.07211538461538461