2 0.9903846153846154 0.9723557692307693 0.019230769230769232 0.026442307692307692
2 0.9927884615384616 0.8293269230769231 0.014423076923076924 0.04326923076923077
2 0.9555288461538461 0.7764423076923077 0.026442307692307692 0.04326923076923077
2 0.9699519230769231 0.7451923076923077 0.021634615384615384 0.028846153846153848
2 0.9723557692307693 0.84375 0.03125 0.04326923076923077
2 0.9579326923076923 0.9362980769230769 0.026442307692307692 0.038461538461538464
2 0.9771634615384616 0.9591346153846154 0.026442307692307692 0.052884615384615384
2 0.9158653846153846 0.7704326923076923 0.038461538461538464 0.05048076923076923
2 0.9362980769230769 0.8461538461538461 0.040865384615384616 0.038461538461538464
2 0.8966346153846154 0.8557692307692307 0.04326923076923077 0.04326923076923077
2 0.8353365384615384 0.7235576923076923 0.038461538461538464 0.038461538461538464
2 0.8028846153846154 0.5757211538461539 0.038461538461538464 0.055288461538461536
2 0.8942307692307693 0.9170673076923077 0.019230769230769232 0.04326923076923077
2 0.984375 0.8737980769230769 0.03125 0.036057692307692304
2 0.71875 0.5084134615384616 0.038461538461538464 0.040865384615384616
2 0.5889423076923077 0.4735576923076923 0.04807692307692308 0.04807692307692308
2 0.49158653846153844 0.5180288461538461 0.04807692307692308 0.057692307692307696
2 0.4266826923076923 0.5048076923076923 0.040865384615384616 0.038461538461538464
2 0.39302884615384615 0.49759615384615385 0.03125 0.03365384615384615
2 0.6550480769230769 0.5733173076923077 0.05048076923076923 0.05048076923076923
2 0.7788461538461539 0.6514423076923077 0.03365384615384615 0.0625
2 0.8389423076923077 0.7764423076923077 0.04326923076923077 0.04326923076923077
2 0.5384615384615384 0.5733173076923077 0.03365384615384615 0.06009615384615385
2 0.5673076923076923 0.5973557692307693 0.038461538461538464 0.040865384615384616
2 0.3449519230769231 0.5408653846153846 0.040865384615384616 0.038461538461538464
2 0.23076923076923078 0.5985576923076923 0.03365384615384615 0.038461538461538464
2 0.32211538461538464 0.6334134615384616 0.038461538461538464 0.036057692307692304
2 0.29086538461538464 0.6141826923076923 0.02403846153846154 0.040865384615384616
2 0.265625 0.65625 0.036057692307692304 0.03365384615384615
2 0.25600961538461536 0.6899038461538461 0.03125 0.028846153846153848
2 0.21995192307692307 0.65625 0.026442307692307692 0.038461538461538464
2 0.19591346153846154 0.6538461538461539 0.026442307692307692 0.028846153846153848
2 0.19110576923076922 0.7115384615384616 0.021634615384615384 0.04807692307692308
2 0.33533653846153844 0.6899038461538461 0.026442307692307692 0.052884615384615384
2 0.42908653846153844 0.5973557692307693 0.04326923076923077 0.04326923076923077
2 0.46634615384615385 0.6153846153846154 0.038461538461538464 0.038461538461538464
2 0.5444711538461539 0.6466346153846154 0.040865384615384616 0.04326923076923077
2 0.6850961538461539 0.7355769230769231 0.038461538461538464 0.038461538461538464
2 0.7319711538461539 0.6983173076923077 0.036057692307692304 0.05048076923076923
2 0.7668269230769231 0.7944711538461539 0.04326923076923077 0.04326923076923077
2 0.7283653846153846 0.8413461538461539 0.03365384615384615 0.052884615384615384
2 0.6911057692307693 0.8064903846153846 0.026442307692307692 0.052884615384615384
2 0.6141826923076923 0.7716346153846154 0.040865384615384616 0.038461538461538464
2 0.5865384615384616 0.8293269230769231 0.038461538461538464 0.03365384615384615
2 0.546875 0.7704326923076923 0.03365384615384615 0.06009615384615385
2 0.5685096153846154 0.6778846153846154 0.026442307692307692 0.057692307692307696
2 0.4891826923076923 0.6730769230769231 0.036057692307692304 0.038461538461538464
2 0.5192307692307693 0.6899038461538461 0.03365384615384615 0.04326923076923077
2 0.42788461538461536 0.6550480769230769 0.04326923076923077 0.04567307692307692
2 0.3894230769230769 0.6177884615384616 0.04326923076923077 0.038461538461538464
2 0.37740384615384615 0.5685096153846154 0.03365384615384615 0.04326923076923077
2 0.3545673076923077 0.640625 0.026442307692307692 0.03125
2 0.35336538461538464 0.6057692307692307 0.02403846153846154 0.04807692307692308
2 0.37259615384615385 0.6778846153846154 0.03365384615384615 0.03365384615384615
2 0.31490384615384615 0.7956730769230769 0.02403846153846154 0.04807692307692308
2 0.29086538461538464 0.8810096153846154 0.038461538461538464 0.038461538461538464
2 0.22956730769230768 0.7487980769230769 0.04567307692307692 0.04567307692307692
2 0.2127403846153846 0.8365384615384616 0.026442307692307692 0.03365384615384615
2 0.24879807692307693 0.8245192307692307 0.036057692307692304 0.03365384615384615
2 0.18990384615384615 0.8713942307692307 0.03365384615384615 0.036057692307692304
2 0.4254807692307692 0.8894230769230769 0.028846153846153848 0.04807692307692308
2 0.43990384615384615 0.8149038461538461 0.02403846153846154 0.04807692307692308
2 0.5 0.8100961538461539 0.03365384615384615 0.03365384615384615
2 0.5192307692307693 0.9567307692307693 0.038461538461538464 0.038461538461538464
2 0.5180288461538461 0.890625 0.02403846153846154 0.040865384615384616
2 0.8016826923076923 0.765625 0.04567307692307692 0.04567307692307692
2 0.8004807692307693 0.8137019230769231 0.03365384615384615 0.05048076923076923
2 0.7067307692307693 0.6141826923076923 0.038461538461538464 0.04807692307692308
2 0.703125 0.5432692307692307 0.03125 0.04326923076923077
2 0.7524038461538461 0.734375 0.03365384615384615 0.040865384615384616
2 0.609375 0.6069711538461539 0.036057692307692304 0.06009615384615385
2 0.3629807692307692 0.8774038461538461 0.04326923076923077 0.04326923076923077
2 0.4026442307692308 0.7439903846153846 0.026442307692307692 0.05048076923076923
2 0.47596153846153844 0.7283653846153846 0.028846153846153848 0.04326923076923077
2 0.4483173076923077 0.7055288461538461 0.03125 0.03365384615384615
2 0.34375 0.8040865384615384 0.02403846153846154 0.06009615384615385
2 0.27524038461538464 0.7451923076923077 0.04326923076923077 0.04326923076923077
2 0.7067307692307693 0.9362980769230769 0.03365384615384615 0.040865384615384616
2 0.7680288461538461 0.8786057692307693 0.03365384615384615 0.03365384615384615
2 0.9014423076923077 0.9771634615384616 0.04326923076923077 0.040865384615384616
2 0.8413461538461539 0.9927884615384616 0.03365384615384615 0.014423076923076924
2 0.8653846153846154 0.9627403846153846 0.03365384615384615 0.05048076923076923
2 0.8088942307692307 0.8786057692307693 0.026442307692307692 0.040865384615384616
2 0.5829326923076923 0.8870192307692307 0.03125 0.04326923076923077
2 0.6177884615384616 0.8737980769230769 0.03365384615384615 0.036057692307692304
2 0.6177884615384616 0.8377403846153846 0.03365384615384615 0.036057692307692304
2 0.8509615384615384 0.875 0.03365384615384615 0.04807692307692308
2 0.8245192307692307 0.96875 0.038461538461538464 0.038461538461538464
2 0.8016826923076923 0.9206730769230769 0.036057692307692304 0.03365384615384615
2 0.7740384615384616 0.9543269230769231 0.028846153846153848 0.03365384615384615
2 0.49399038461538464 0.9879807692307693 0.026442307692307692 0.02403846153846154
2 0.4639423076923077 0.8569711538461539 0.03365384615384615 0.05048076923076923
2 0.5084134615384616 0.7319711538461539 0.04326923076923077 0.04326923076923077
2 0.5528846153846154 0.8978365384615384 0.028846153846153848 0.040865384615384616
2 0.5612980769230769 0.9254807692307693 0.03125 0.04326923076923077
2 0.5997596153846154 0.9603365384615384 0.03365384615384615 0.055288461538461536
2 0.5685096153846154 0.9819711538461539 0.026442307692307692 0.036057692307692304
2 0.6706730769230769 0.9338942307692307 0.038461538461538464 0.038461538461538464
2 0.6418269230769231 0.9627403846153846 0.04326923076923077 0.040865384615384616
2 0.6274038461538461 0.9110576923076923 0.03365384615384615 0.052884615384615384
2 0.6478365384615384 0.4699519230769231 0.040865384615384616 0.0625
2 0.6009615384615384 0.515625 0.038461538461538464 0.06009615384615385
2 0.7475961538461539 0.9555288461538461 0.04326923076923077 0.04326923076923077
2 0.2608173076923077 0.11057692307692307 0.026442307692307692 0.02403846153846154
2 0.23918269230769232 0.09375 0.021634615384615384 0.028846153846153848
2 0.22115384615384615 0.08533653846153846 0.02403846153846154 0.021634615384615384
2 0.19471153846153846 0.06971153846153846 0.02403846153846154 0.02403846153846154
2 0.1971153846153846 0.10576923076923077 0.019230769230769232 0.028846153846153848
2 0.16105769230769232 0.037259615384615384 0.02403846153846154 0.026442307692307692
2 0.15625 0.09134615384615384 0.028846153846153848 0.028846153846153848
2 0.24278846153846154 0.140625 0.019230769230769232 0.036057692307692304
2 0.21153846153846154 0.1466346153846154 0.02403846153846154 0.02403846153846154
2 0.2403846153846154 0.1814903846153846 0.019230769230769232 0.036057692307692304
2 0.18509615384615385 0.14783653846153846 0.028846153846153848 0.03125
2 0.18629807692307693 0.21634615384615385 0.021634615384615384 0.03365384615384615
2 0.20192307692307693 0.27283653846153844 0.028846153846153848 0.026442307692307692
2 0.22355769230769232 0.22355769230769232 0.02403846153846154 0.028846153846153848
2 0.14182692307692307 0.12620192307692307 0.019230769230769232 0.03125
2 0.16706730769230768 0.1201923076923077 0.019230769230769232 0.038461538461538464
2 0.13221153846153846 0.056490384615384616 0.019230769230769232 0.021634615384615384
2 0.12620192307692307 0.0985576923076923 0.026442307692307692 0.02403846153846154
2 0.12259615384615384 0.14903846153846154 0.028846153846153848 0.03365384615384615
2 0.13942307692307693 0.17668269230769232 0.028846153846153848 0.026442307692307692
2 0.1658653846153846 0.18389423076923078 0.028846153846153848 0.03125
2 0.15384615384615385 0.23918269230769232 0.02403846153846154 0.03365384615384615
2 0.1310096153846154 0.23677884615384615 0.026442307692307692 0.026442307692307692
2 0.11177884615384616 0.20793269230769232 0.028846153846153848 0.026442307692307692
2 0.21754807692307693 0.2932692307692308 0.021634615384615384 0.03365384615384615
2 0.15865384615384615 0.31490384615384615 0.02403846153846154 0.02403846153846154
2 0.16826923076923078 0.36899038461538464 0.02403846153846154 0.02403846153846154
2 0.13822115384615385 0.29447115384615385 0.016826923076923076 0.019230769230769232
2 0.1141826923076923 0.3112980769230769 0.016826923076923076 0.036057692307692304
2 0.10576923076923077 0.24759615384615385 0.02403846153846154 0.02403846153846154
2 0.09375 0.2920673076923077 0.019230769230769232 0.03125
2 0.2247596153846154 0.3581730769230769 0.019230769230769232 0.03365384615384615
2 0.2091346153846154 0.40625 0.02403846153846154 0.028846153846153848
2 0.20673076923076922 0.46033653846153844 0.02403846153846154 0.021634615384615384
2 0.19110576923076922 0.4338942307692308 0.026442307692307692 0.026442307692307692
2 0.1935096153846154 0.36658653846153844 0.021634615384615384 0.03125
2 0.109375 0.3449519230769231 0.021634615384615384 0.036057692307692304
2 0.07211538461538461 0.34975961538461536 0.019230769230769232 0.040865384615384616
2 0.13701923076923078 0.33052884615384615 0.019230769230769232 0.036057692307692304
2 0.16826923076923078 0.4326923076923077 0.019230769230769232 0.02403846153846154
2 0.16466346153846154 0.46274038461538464 0.021634615384615384 0.021634615384615384
2 0.17908653846153846 0.49038461538461536 0.021634615384615384 0.02403846153846154
2 0.17427884615384615 0.5372596153846154 0.026442307692307692 0.026442307692307692
2 0.19831730769230768 0.5012019230769231 0.021634615384615384 0.021634615384615384
2 0.12980769230769232 0.39783653846153844 0.019230769230769232 0.03365384615384615
2 0.140625 0.43509615384615385 0.019230769230769232 0.02403846153846154
2 0.09735576923076923 0.3918269230769231 0.021634615384615384 0.03365384615384615
2 0.125 0.4411057692307692 0.014423076923076924 0.026442307692307692
2 0.13701923076923078 0.4831730769230769 0.028846153846153848 0.028846153846153848
2 0.15625 0.4963942307692308 0.014423076923076924 0.028846153846153848
2 0.11057692307692307 0.4963942307692308 0.019230769230769232 0.02403846153846154
2 0.109375 0.5444711538461539 0.019230769230769232 0.03125
2 0.0673076923076923 0.42788461538461536 0.028846153846153848 0.028846153846153848
2 0.056490384615384616 0.38221153846153844 0.021634615384615384 0.019230769230769232
2 0.057692307692307696 0.49399038461538464 0.02403846153846154 0.026442307692307692
2 0.08533653846153846 0.47475961538461536 0.026442307692307692 0.026442307692307692
2 0.09615384615384616 0.4362980769230769 0.02403846153846154 0.021634615384615384
2 0.1045673076923077 0.46274038461538464 0.021634615384615384 0.016826923076923076
2 0.05889423076923077 0.5432692307692307 0.026442307692307692 0.02403846153846154
2 0.078125 0.5745192307692307 0.021634615384615384 0.028846153846153848
2 0.039663461538461536 0.5540865384615384 0.019230769230769232 0.036057692307692304
2 0.04567307692307692 0.46875 0.028846153846153848 0.028846153846153848