2 0.28966346153846156 0.07451923076923077 0.23798076923076922 0.14903846153846154
2 0.0673076923076923 0.03365384615384615 0.09134615384615384 0.0673076923076923
2 0.021634615384615384 0.014423076923076924 0.028846153846153848 0.028846153846153848
2 0.20552884615384615 0.054086538461538464 0.15144230769230768 0.10576923076923077
2 0.07932692307692307 0.140625 0.14903846153846154 0.10336538461538461
2 0.17668269230769232 0.19110576923076922 0.15384615384615385 0.15865384615384615
2 0.36538461538461536 0.21634615384615385 0.19471153846153846 0.07451923076923077
2 0.013221153846153846 0.3004807692307692 0.021634615384615384 0.09375
2 0.109375 0.3269230769230769 0.11057692307692307 0.11057692307692307
2 0.078125 0.5685096153846154 0.15625 0.06971153846153846
2 0.13221153846153846 0.65625 0.17548076923076922 0.08413461538461539
2 0.6514423076923077 0.03485576923076923 0.27163461538461536 0.06490384615384616
2 0.4182692307692308 0.028846153846153848 0.21153846153846154 0.055288461538461536
2 0.40865384615384615 0.07211538461538461 0.22355769230769232 0.08173076923076923
2 0.5925480769230769 0.21875 0.20673076923076922 0.08653846153846154
2 0.6646634615384616 0.0673076923076923 0.16346153846153846 0.0889423076923077
2 0.828125 0.054086538461538464 0.12740384615384615 0.0889423076923077
2 0.90625 0.018028846153846152 0.1875 0.016826923076923076
2 0.9182692307692307 0.2127403846153846 0.16346153846153846 0.0889423076923077
2 0.8822115384615384 0.07211538461538461 0.12740384615384615 0.07932692307692307
2 0.7584134615384616 0.28846153846153844 0.14182692307692307 0.14182692307692307
2 0.5384615384615384 0.41346153846153844 0.16346153846153846 0.16105769230769232
2 0.42788461538461536 0.4987980769230769 0.14182692307692307 0.14182692307692307
2 0.8533653846153846 0.40384615384615385 0.13701923076923078 0.13942307692307693
2 0.9711538461538461 0.27283653846153844 0.055288461538461536 0.055288461538461536
2 0.9711538461538461 0.328125 0.057692307692307696 0.057692307692307696
2 0.9831730769230769 0.3858173076923077 0.03365384615384615 0.038461538461538464
2 0.28725961538461536 0.6262019230769231 0.0673076923076923 0.05048076923076923
2 0.4110576923076923 0.6670673076923077 0.12259615384615384 0.07451923076923077
2 0.5793269230769231 0.6346153846153846 0.10576923076923077 0.05048076923076923
2 0.04567307692307692 0.7319711538461539 0.07692307692307693 0.07451923076923077
2 0.07692307692307693 0.8605769230769231 0.10336538461538461 0.10336538461538461
2 0.3233173076923077 0.8473557692307693 0.10336538461538461 0.10336538461538461
2 0.36177884615384615 0.7127403846153846 0.1346153846153846 0.057692307692307696
2 0.5925480769230769 0.6622596153846154 0.10576923076923077 0.0673076923076923
2 0.5757211538461539 0.7391826923076923 0.09375 0.09615384615384616
2 0.22115384615384615 0.7175480769230769 0.0889423076923077 0.040865384615384616
2 0.26322115384615385 0.46153846153846156 0.1201923076923077 0.055288461538461536
2 0.265625 0.2800480769230769 0.13221153846153846 0.1346153846153846