2 0.7451923076923077 0.002403846153846154 0.014423076923076924 0.004807692307692308
2 0.7415865384615384 0.002403846153846154 0.016826923076923076 0.004807692307692308
2 0.7764423076923077 0.002403846153846154 0.014423076923076924 0.004807692307692308
2 0.8040865384615384 0.001201923076923077 0.021634615384615384 0.002403846153846154
2 0.8016826923076923 0.002403846153846154 0.016826923076923076 0.004807692307692308
2 0.7644230769230769 0.002403846153846154 0.014423076923076924 0.004807692307692308
2 0.8317307692307693 0.001201923076923077 0.014423076923076924 0.002403846153846154
2 0.8317307692307693 0.001201923076923077 0.014423076923076924 0.002403846153846154
2 0.8305288461538461 0.003605769230769231 0.016826923076923076 0.007211538461538462
2 0.8798076923076923 0.004807692307692308 0.02403846153846154 0.009615384615384616
2 0.8822115384615384 0.002403846153846154 0.04326923076923077 0.004807692307692308
2 0.7019230769230769 0.003605769230769231 0.014423076923076924 0.007211538461538462
2 0.7367788461538461 0.002403846153846154 0.021634615384615384 0.004807692307692308
2 0.7283653846153846 0.002403846153846154 0.014423076923076924 0.004807692307692308
2 0.7355769230769231 0.020432692307692308 0.019230769230769232 0.016826923076923076
2 0.7475961538461539 0.04447115384615385 0.02403846153846154 0.01201923076923077
2 0.7584134615384616 0.002403846153846154 0.03125 0.004807692307692308
2 0.765625 0.020432692307692308 0.021634615384615384 0.016826923076923076
2 0.796875 0.002403846153846154 0.026442307692307692 0.004807692307692308
2 0.796875 0.01201923076923077 0.026442307692307692 0.02403846153846154
2 0.8257211538461539 0.001201923076923077 0.026442307692307692 0.002403846153846154
2 0.8365384615384616 0.02283653846153846 0.038461538461538464 0.016826923076923076
2 0.8581730769230769 0.004807692307692308 0.019230769230769232 0.009615384615384616
2 0.859375 0.006009615384615385 0.05048076923076923 0.01201923076923077
2 0.9110576923076923 0.019230769230769232 0.038461538461538464 0.014423076923076924
2 0.9146634615384616 0.004807692307692308 0.040865384615384616 0.009615384615384616
2 0.9086538461538461 0.002403846153846154 0.03365384615384615 0.004807692307692308
2 0.9122596153846154 0.04567307692307692 0.026442307692307692 0.028846153846153848
2 0.8725961538461539 0.040865384615384616 0.038461538461538464 0.014423076923076924
2 0.8088942307692307 0.04567307692307692 0.026442307692307692 0.02403846153846154
2 0.9074519230769231 0.06971153846153846 0.026442307692307692 0.02403846153846154
2 0.8641826923076923 0.06850961538461539 0.038461538461538464 0.019230769230769232
2 0.6814903846153846 0.0733173076923077 0.026442307692307692 0.02403846153846154
2 0.6706730769230769 0.04567307692307692 0.028846153846153848 0.028846153846153848
2 0.6959134615384616 0.030048076923076924 0.03125 0.028846153846153848
2 0.6622596153846154 0.010817307692307692 0.036057692307692304 0.019230769230769232
2 0.6117788461538461 0.009615384615384616 0.03125 0.019230769230769232
2 0.6850961538461539 0.006009615384615385 0.02403846153846154 0.01201923076923077
2 0.9230769230769231 0.001201923076923077 0.03365384615384615 0.002403846153846154
2 0.8040865384615384 0.06610576923076923 0.026442307692307692 0.026442307692307692
2 0.6850961538461539 0.10817307692307693 0.026442307692307692 0.026442307692307692
2 0.7980769230769231 0.09134615384615384 0.038461538461538464 0.019230769230769232
2 0.7235576923076923 0.12259615384615384 0.03125 0.014423076923076924
2 0.8629807692307693 0.11057692307692307 0.03125 0.028846153846153848
2 0.8245192307692307 0.12620192307692307 0.040865384615384616 0.016826923076923076
2 0.7596153846153846 0.0985576923076923 0.026442307692307692 0.014423076923076924
2 0.7608173076923077 0.1201923076923077 0.03365384615384615 0.014423076923076924
2 0.8581730769230769 0.1502403846153846 0.026442307692307692 0.021634615384615384
2 0.8245192307692307 0.16947115384615385 0.026442307692307692 0.028846153846153848
2 0.8016826923076923 0.14903846153846154 0.04326923076923077 0.019230769230769232
2 0.7560096153846154 0.15985576923076922 0.04326923076923077 0.021634615384615384
2 0.7632211538461539 0.13701923076923078 0.028846153846153848 0.014423076923076924
2 0.6887019230769231 0.14423076923076922 0.02403846153846154 0.026442307692307692
2 0.7067307692307693 0.1658653846153846 0.021634615384615384 0.02403846153846154
2 0.7127403846153846 0.1875 0.038461538461538464 0.016826923076923076
2 0.7307692307692307 0.20552884615384615 0.016826923076923076 0.016826923076923076
2 0.7584134615384616 0.23076923076923078 0.019230769230769232 0.019230769230769232
2 0.7151442307692307 0.23798076923076922 0.019230769230769232 0.021634615384615384
2 0.6862980769230769 0.20432692307692307 0.03365384615384615 0.03125
2 0.6574519230769231 0.17548076923076922 0.019230769230769232 0.019230769230769232
2 0.5709134615384616 0.05048076923076923 0.026442307692307692 0.026442307692307692
2 0.5733173076923077 0.07211538461538461 0.038461538461538464 0.01201923076923077
2 0.5877403846153846 0.09375 0.036057692307692304 0.021634615384615384
2 0.5384615384615384 0.09254807692307693 0.038461538461538464 0.02403846153846154
2 0.5372596153846154 0.12379807692307693 0.028846153846153848 0.028846153846153848
2 0.5432692307692307 0.16826923076923078 0.04567307692307692 0.026442307692307692
2 0.5913461538461539 0.18269230769230768 0.021634615384615384 0.021634615384615384
2 0.5745192307692307 0.19951923076923078 0.019230769230769232 0.019230769230769232
2 0.6105769230769231 0.203125 0.026442307692307692 0.02403846153846154
2 0.6358173076923077 0.1935096153846154 0.028846153846153848 0.028846153846153848
2 0.6370192307692307 0.12740384615384615 0.038461538461538464 0.021634615384615384
2 0.609375 0.14423076923076922 0.02403846153846154 0.021634615384615384
2 0.5745192307692307 0.14783653846153846 0.028846153846153848 0.02403846153846154
2 0.5324519230769231 0.1971153846153846 0.03365384615384615 0.021634615384615384
2 0.5264423076923077 0.21394230769230768 0.019230769230769232 0.019230769230769232
2 0.5444711538461539 0.23677884615384615 0.019230769230769232 0.014423076923076924
2 0.5805288461538461 0.2512019230769231 0.028846153846153848 0.014423076923076924
2 0.6622596153846154 0.25841346153846156 0.03365384615384615 0.014423076923076924
2 0.6430288461538461 0.27403846153846156 0.02403846153846154 0.019230769230769232
2 0.6370192307692307 0.29927884615384615 0.021634615384615384 0.02403846153846154
2 0.6899038461538461 0.3245192307692308 0.019230769230769232 0.016826923076923076
2 0.671875 0.3112980769230769 0.016826923076923076 0.02403846153846154
2 0.6742788461538461 0.2920673076923077 0.014423076923076924 0.014423076923076924
2 0.7151442307692307 0.27163461538461536 0.019230769230769232 0.021634615384615384
2 0.6790865384615384 0.24639423076923078 0.02403846153846154 0.019230769230769232
2 0.5625 0.2932692307692308 0.021634615384615384 0.009615384615384616
2 0.59375 0.2776442307692308 0.019230769230769232 0.009615384615384616
2 0.5877403846153846 0.296875 0.014423076923076924 0.014423076923076924
2 0.5901442307692307 0.21875 0.019230769230769232 0.009615384615384616
2 0.6177884615384616 0.2247596153846154 0.016826923076923076 0.014423076923076924
2 0.6009615384615384 0.23798076923076922 0.01201923076923077 0.016826923076923076
2 0.6237980769230769 0.24519230769230768 0.014423076923076924 0.01201923076923077
2 0.6141826923076923 0.31490384615384615 0.016826923076923076 0.016826923076923076
2 0.625 0.055288461538461536 0.04807692307692308 0.021634615384615384
2 0.2824519230769231 0.3137019230769231 0.014423076923076924 0.014423076923076924
2 0.30528846153846156 0.2980769230769231 0.021634615384615384 0.014423076923076924
2 0.31490384615384615 0.26802884615384615 0.01201923076923077 0.01201923076923077
2 0.3425480769230769 0.27163461538461536 0.014423076923076924 0.014423076923076924
2 0.3293269230769231 0.25961538461538464 0.014423076923076924 0.009615384615384616
2 0.34975961538461536 0.28846153846153844 0.019230769230769232 0.019230769230769232
2 0.4326923076923077 0.3293269230769231 0.019230769230769232 0.019230769230769232
2 0.5649038461538461 0.328125 0.02403846153846154 0.009615384615384616
2 0.5396634615384616 0.32091346153846156 0.016826923076923076 0.009615384615384616
2 0.5372596153846154 0.33413461538461536 0.01201923076923077 0.01201923076923077
2 0.5060096153846154 0.3293269230769231 0.016826923076923076 0.004807692307692308
2 0.5024038461538461 0.3401442307692308 0.009615384615384616 0.01201923076923077
2 0.5072115384615384 0.3137019230769231 0.014423076923076924 0.014423076923076924
2 0.4963942307692308 0.3016826923076923 0.009615384615384616 0.009615384615384616
2 0.46634615384615385 0.36658653846153844 0.014423076923076924 0.007211538461538462
2 0.41346153846153844 0.30288461538461536 0.026442307692307692 0.014423076923076924
2 0.3786057692307692 0.3088942307692308 0.019230769230769232 0.019230769230769232
2 0.30649038461538464 0.3173076923076923 0.016826923076923076 0.016826923076923076
2 0.5661057692307693 0.40865384615384615 0.04567307692307692 0.016826923076923076
2 0.4855769230769231 0.40865384615384615 0.02403846153846154 0.02403846153846154
2 0.5072115384615384 0.4362980769230769 0.019230769230769232 0.021634615384615384
2 0.5600961538461539 0.4254807692307692 0.02403846153846154 0.01201923076923077
2 0.5372596153846154 0.46033653846153844 0.021634615384615384 0.02403846153846154
2 0.5 0.4495192307692308 0.02403846153846154 0.019230769230769232
2 0.46634615384615385 0.4579326923076923 0.019230769230769232 0.021634615384615384
2 0.48197115384615385 0.47716346153846156 0.016826923076923076 0.016826923076923076
2 0.46153846153846156 0.49038461538461536 0.014423076923076924 0.019230769230769232
2 0.49278846153846156 0.4951923076923077 0.02403846153846154 0.014423076923076924
2 0.4963942307692308 0.515625 0.014423076923076924 0.01201923076923077
2 0.5793269230769231 0.5012019230769231 0.014423076923076924 0.014423076923076924
2 0.5612980769230769 0.515625 0.019230769230769232 0.019230769230769232
2 0.5192307692307693 0.5192307692307693 0.021634615384615384 0.021634615384615384
2 0.5853365384615384 0.4699519230769231 0.038461538461538464 0.014423076923076924
2 0.5516826923076923 0.44591346153846156 0.021634615384615384 0.019230769230769232
2 0.5336538461538461 0.48677884615384615 0.014423076923076924 0.019230769230769232
2 0.5060096153846154 0.46875 0.016826923076923076 0.009615384615384616
2 0.41947115384615385 0.4963942307692308 0.02403846153846154 0.026442307692307692
2 0.38100961538461536 0.5024038461538461 0.026442307692307692 0.02403846153846154
2 0.3629807692307692 0.5192307692307693 0.021634615384615384 0.02403846153846154
2 0.32211538461538464 0.5264423076923077 0.021634615384615384 0.019230769230769232
2 0.3293269230769231 0.5480769230769231 0.016826923076923076 0.019230769230769232
2 0.3605769230769231 0.5661057692307693 0.036057692307692304 0.01201923076923077
2 0.3125 0.5625 0.028846153846153848 0.004807692307692308
2 0.2980769230769231 0.5829326923076923 0.021634615384615384 0.009615384615384616
2 0.2548076923076923 0.59375 0.03125 0.01201923076923077
2 0.296875 0.6129807692307693 0.019230769230769232 0.021634615384615384
2 0.2668269230769231 0.6237980769230769 0.028846153846153848 0.019230769230769232
2 0.2608173076923077 0.6442307692307693 0.019230769230769232 0.01201923076923077
2 0.2776442307692308 0.6574519230769231 0.019230769230769232 0.019230769230769232
2 0.2548076923076923 0.6766826923076923 0.016826923076923076 0.014423076923076924
2 0.42788461538461536 0.5396634615384616 0.021634615384615384 0.021634615384615384
2 0.453125 0.5180288461538461 0.019230769230769232 0.01201923076923077
2 0.45913461538461536 0.5384615384615384 0.026442307692307692 0.014423076923076924
2 0.5012019230769231 0.5408653846153846 0.019230769230769232 0.019230769230769232
2 0.484375 0.5576923076923077 0.02403846153846154 0.009615384615384616
2 0.4495192307692308 0.5564903846153846 0.02403846153846154 0.01201923076923077
2 0.41586538461538464 0.5552884615384616 0.03125 0.009615384615384616
2 0.3870192307692308 0.5721153846153846 0.026442307692307692 0.014423076923076924
2 0.4362980769230769 0.5769230769230769 0.019230769230769232 0.019230769230769232
2 0.5420673076923077 0.5889423076923077 0.019230769230769232 0.016826923076923076
2 0.5769230769230769 0.5625 0.021634615384615384 0.021634615384615384
2 0.5480769230769231 0.5588942307692307 0.016826923076923076 0.019230769230769232
2 0.5192307692307693 0.5612980769230769 0.026442307692307692 0.009615384615384616
2 0.515625 0.5817307692307693 0.014423076923076924 0.014423076923076924
2 0.4879807692307692 0.5829326923076923 0.03125 0.007211538461538462
2 0.4519230769230769 0.5877403846153846 0.021634615384615384 0.021634615384615384
2 0.40384615384615385 0.5841346153846154 0.016826923076923076 0.019230769230769232
2 0.3701923076923077 0.5901442307692307 0.016826923076923076 0.016826923076923076
2 0.33413461538461536 0.5877403846153846 0.026442307692307692 0.026442307692307692
2 0.3317307692307692 0.5745192307692307 0.026442307692307692 0.009615384615384616
2 0.34134615384615385 0.6033653846153846 0.021634615384615384 0.019230769230769232
2 0.3641826923076923 0.6237980769230769 0.02403846153846154 0.02403846153846154
2 0.4098557692307692 0.6298076923076923 0.019230769230769232 0.014423076923076924
2 0.40384615384615385 0.6009615384615384 0.014423076923076924 0.014423076923076924
2 0.44711538461538464 0.6081730769230769 0.016826923076923076 0.019230769230769232
2 0.5108173076923077 0.6117788461538461 0.02403846153846154 0.007211538461538462
2 0.46153846153846156 0.6298076923076923 0.028846153846153848 0.014423076923076924
2 0.4362980769230769 0.6442307692307693 0.019230769230769232 0.009615384615384616
2 0.44350961538461536 0.6574519230769231 0.019230769230769232 0.016826923076923076
2 0.4795673076923077 0.6658653846153846 0.014423076923076924 0.014423076923076924
2 0.5228365384615384 0.6622596153846154 0.03365384615384615 0.009615384615384616
2 0.5336538461538461 0.6430288461538461 0.01201923076923077 0.014423076923076924
2 0.5096153846153846 0.6394230769230769 0.016826923076923076 0.019230769230769232
2 0.25240384615384615 0.6790865384615384 0.019230769230769232 0.019230769230769232
2 0.33052884615384615 0.6454326923076923 0.028846153846153848 0.01201923076923077
2 0.2956730769230769 0.6298076923076923 0.016826923076923076 0.016826923076923076
2 0.3173076923076923 0.6778846153846154 0.026442307692307692 0.009615384615384616
2 0.3233173076923077 0.6971153846153846 0.019230769230769232 0.009615384615384616
2 0.32211538461538464 0.7199519230769231 0.026442307692307692 0.009615384615384616
2 0.32572115384615385 0.7055288461538461 0.009615384615384616 0.01201923076923077
2 0.3389423076923077 0.7091346153846154 0.016826923076923076 0.009615384615384616
2 0.3762019230769231 0.6466346153846154 0.019230769230769232 0.014423076923076924
2 0.5492788461538461 0.6213942307692307 0.019230769230769232 0.019230769230769232
2 0.45072115384615385 0.6658653846153846 0.014423076923076924 0.014423076923076924
2 0.4266826923076923 0.6706730769230769 0.014423076923076924 0.009615384615384616
2 0.4074519230769231 0.6814903846153846 0.009615384615384616 0.01201923076923077
2 0.3605769230769231 0.6814903846153846 0.021634615384615384 0.01201923076923077
2 0.3894230769230769 0.7247596153846154 0.014423076923076924 0.014423076923076924
2 0.4338942307692308 0.734375 0.021634615384615384 0.009615384615384616
2 0.45913461538461536 0.7331730769230769 0.014423076923076924 0.004807692307692308
2 0.47115384615384615 0.7235576923076923 0.019230769230769232 0.009615384615384616
2 0.4879807692307692 0.7127403846153846 0.01201923076923077 0.01201923076923077
2 0.5108173076923077 0.7019230769230769 0.014423076923076924 0.014423076923076924
2 0.5408653846153846 0.71875 0.016826923076923076 0.016826923076923076
2 0.5084134615384616 0.7151442307692307 0.009615384615384616 0.01201923076923077
2 0.5300480769230769 0.6766826923076923 0.028846153846153848 0.009615384615384616
2 0.4987980769230769 0.6826923076923077 0.014423076923076924 0.014423076923076924
2 0.46274038461538464 0.6802884615384616 0.019230769230769232 0.014423076923076924
2 0.4254807692307692 0.7067307692307693 0.01201923076923077 0.014423076923076924
2 0.65625 0.5612980769230769 0.01201923076923077 0.014423076923076924
2 0.6538461538461539 0.5480769230769231 0.01201923076923077 0.01201923076923077
2 0.6334134615384616 0.53125 0.014423076923076924 0.009615384615384616
2 0.6033653846153846 0.5252403846153846 0.016826923076923076 0.014423076923076924
2 0.6105769230769231 0.5600961538461539 0.016826923076923076 0.016826923076923076
2 0.5492788461538461 0.5384615384615384 0.014423076923076924 0.01201923076923077
2 0.578125 0.5432692307692307 0.009615384615384616 0.009615384615384616
2 0.5817307692307693 0.5769230769230769 0.014423076923076924 0.014423076923076924
2 0.5637019230769231 0.5841346153846154 0.009615384615384616 0.01201923076923077
2 0.4651442307692308 0.5697115384615384 0.019230769230769232 0.009615384615384616
2 0.5288461538461539 0.6947115384615384 0.021634615384615384 0.009615384615384616
2 0.4543269230769231 0.6947115384615384 0.014423076923076924 0.009615384615384616
2 0.4411057692307692 0.7043269230769231 0.009615384615384616 0.009615384615384616