2 0.03245192307692308 0.5372596153846154 0.057692307692307696 0.07932692307692307
2 0.03125 0.5372596153846154 0.055288461538461536 0.06971153846153846
2 0.020432692307692308 0.4579326923076923 0.036057692307692304 0.09375
2 0.030048076923076924 0.4651442307692308 0.055288461538461536 0.06971153846153846
2 0.08774038461538461 0.37740384615384615 0.09615384615384616 0.0985576923076923
2 0.1466346153846154 0.18870192307692307 0.08413461538461539 0.08413461538461539
2 0.19831730769230768 0.20072115384615385 0.06971153846153846 0.0889423076923077
2 0.3269230769230769 0.23798076923076922 0.11538461538461539 0.11298076923076923
2 0.35697115384615385 0.12860576923076922 0.0625 0.08413461538461539
2 0.018028846153846152 0.30408653846153844 0.03365384615384615 0.12259615384615384
2 0.02283653846153846 0.3173076923076923 0.040865384615384616 0.12980769230769232
2 0.030048076923076924 0.3269230769230769 0.055288461538461536 0.07692307692307693
2 0.016826923076923076 0.15144230769230768 0.03125 0.11057692307692307
2 0.02283653846153846 0.15504807692307693 0.04326923076923077 0.06009615384615385
2 0.026442307692307692 0.08653846153846154 0.052884615384615384 0.08173076923076923
2 0.010817307692307692 0.028846153846153848 0.021634615384615384 0.03365384615384615
2 0.013221153846153846 0.07572115384615384 0.026442307692307692 0.11778846153846154
2 0.030048076923076924 0.25600961538461536 0.057692307692307696 0.07932692307692307
2 0.013221153846153846 0.0985576923076923 0.026442307692307692 0.08653846153846154
2 0.10336538461538461 0.06129807692307692 0.0673076923076923 0.06490384615384616
2 0.25240384615384615 0.10817307692307693 0.057692307692307696 0.08653846153846154
2 0.016826923076923076 0.21394230769230768 0.03125 0.11538461538461539
2 0.016826923076923076 0.22716346153846154 0.03125 0.10336538461538461
2 0.01201923076923077 0.056490384615384616 0.02403846153846154 0.0985576923076923
2 0.019230769230769232 0.43990384615384615 0.03365384615384615 0.11538461538461539
2 0.038461538461538464 0.3125 0.07211538461538461 0.11538461538461539
2 0.8942307692307693 0.4579326923076923 0.07932692307692307 0.08653846153846154
2 0.8605769230769231 0.0673076923076923 0.06971153846153846 0.10336538461538461
2 0.03365384615384615 0.09375 0.055288461538461536 0.07932692307692307
2 0.019230769230769232 0.4651442307692308 0.03365384615384615 0.07932692307692307
2 0.02283653846153846 0.23076923076923078 0.04326923076923077 0.07692307692307693
2 0.9435096153846154 0.09375 0.08173076923076923 0.09375