2 0.5228365384615384 0.30408653846153844 0.01201923076923077 0.026442307692307692
2 0.5024038461538461 0.28966346153846156 0.01201923076923077 0.03125
2 0.5036057692307693 0.25600961538461536 0.01201923076923077 0.03365384615384615
2 0.5120192307692307 0.3389423076923077 0.009615384615384616 0.03125
2 0.5012019230769231 0.33653846153846156 0.01201923076923077 0.03125
2 0.5204326923076923 0.36538461538461536 0.01201923076923077 0.028846153846153848
2 0.53125 0.3894230769230769 0.01201923076923077 0.028846153846153848
2 0.5420673076923077 0.41346153846153844 0.01201923076923077 0.026442307692307692
2 0.5528846153846154 0.4362980769230769 0.01201923076923077 0.028846153846153848
2 0.5504807692307693 0.47596153846153844 0.009615384615384616 0.02403846153846154
2 0.5396634615384616 0.4639423076923077 0.01201923076923077 0.026442307692307692
2 0.5396634615384616 0.5096153846153846 0.009615384615384616 0.028846153846153848
2 0.5228365384615384 0.5012019230769231 0.01201923076923077 0.026442307692307692
2 0.5192307692307693 0.4723557692307692 0.007211538461538462 0.028846153846153848
2 0.5084134615384616 0.4495192307692308 0.009615384615384616 0.028846153846153848
2 0.5252403846153846 0.44350961538461536 0.009615384615384616 0.026442307692307692
2 0.5096153846153846 0.3954326923076923 0.01201923076923077 0.03125
2 0.4807692307692308 0.4375 0.01201923076923077 0.03125
2 0.49759615384615385 0.36778846153846156 0.01201923076923077 0.03365384615384615
2 0.4891826923076923 0.38100961538461536 0.009615384615384616 0.026442307692307692
2 0.4831730769230769 0.34375 0.01201923076923077 0.028846153846153848
2 0.484375 0.2920673076923077 0.009615384615384616 0.026442307692307692
2 0.484375 0.265625 0.009615384615384616 0.03125
2 0.4735576923076923 0.30528846153846156 0.01201923076923077 0.028846153846153848
2 0.46033653846153844 0.3161057692307692 0.009615384615384616 0.026442307692307692
2 0.47475961538461536 0.27524038461538464 0.01201923076923077 0.026442307692307692
2 0.47475961538461536 0.24278846153846154 0.009615384615384616 0.028846153846153848
2 0.46875 0.22235576923076922 0.009615384615384616 0.028846153846153848
2 0.4567307692307692 0.23317307692307693 0.01201923076923077 0.019230769230769232
2 0.4567307692307692 0.2512019230769231 0.01201923076923077 0.026442307692307692
2 0.46033653846153844 0.2776442307692308 0.01201923076923077 0.02403846153846154
2 0.44471153846153844 0.3173076923076923 0.01201923076923077 0.02403846153846154
2 0.44350961538461536 0.29086538461538464 0.01201923076923077 0.026442307692307692
2 0.4375 0.265625 0.01201923076923077 0.028846153846153848
2 0.4411057692307692 0.23197115384615385 0.014423076923076924 0.028846153846153848
2 0.44711538461538464 0.21033653846153846 0.009615384615384616 0.02403846153846154
2 0.43149038461538464 0.19471153846153846 0.009615384615384616 0.026442307692307692
2 0.41466346153846156 0.21033653846153846 0.01201923076923077 0.026442307692307692
2 0.421875 0.2403846153846154 0.01201923076923077 0.028846153846153848
2 0.41947115384615385 0.2764423076923077 0.007211538461538462 0.02403846153846154
2 0.41225961538461536 0.26802884615384615 0.009615384615384616 0.026442307692307692
2 0.40384615384615385 0.2536057692307692 0.01201923076923077 0.019230769230769232
2 0.4050480769230769 0.23076923076923078 0.01201923076923077 0.026442307692307692
2 0.40625 0.19951923076923078 0.009615384615384616 0.02403846153846154
2 0.4182692307692308 0.17548076923076922 0.009615384615384616 0.026442307692307692
2 0.39903846153846156 0.17548076923076922 0.009615384615384616 0.028846153846153848
2 0.39302884615384615 0.18269230769230768 0.007211538461538462 0.021634615384615384
2 0.390625 0.21033653846153846 0.009615384615384616 0.028846153846153848
2 0.3737980769230769 0.17548076923076922 0.009615384615384616 0.026442307692307692
2 0.375 0.20793269230769232 0.009615384615384616 0.028846153846153848
2 0.34975961538461536 0.18870192307692307 0.01201923076923077 0.02403846153846154
2 0.3605769230769231 0.19831730769230768 0.009615384615384616 0.026442307692307692
2 0.3293269230769231 0.2127403846153846 0.009615384615384616 0.026442307692307692
2 0.3269230769230769 0.22716346153846154 0.007211538461538462 0.019230769230769232
2 0.3329326923076923 0.2439903846153846 0.009615384615384616 0.021634615384615384
2 0.3389423076923077 0.26322115384615385 0.01201923076923077 0.02403846153846154
2 0.34615384615384615 0.24158653846153846 0.01201923076923077 0.02403846153846154
2 0.3557692307692308 0.22596153846153846 0.009615384615384616 0.028846153846153848
2 0.35336538461538464 0.2548076923076923 0.009615384615384616 0.028846153846153848
2 0.3581730769230769 0.2764423076923077 0.009615384615384616 0.026442307692307692
2 0.36778846153846156 0.2536057692307692 0.009615384615384616 0.019230769230769232
2 0.375 0.26322115384615385 0.009615384615384616 0.028846153846153848
2 0.3713942307692308 0.2283653846153846 0.009615384615384616 0.021634615384615384
2 0.3870192307692308 0.3004807692307692 0.009615384615384616 0.028846153846153848
2 0.4014423076923077 0.3076923076923077 0.009615384615384616 0.028846153846153848
2 0.421875 0.30288461538461536 0.01201923076923077 0.028846153846153848
2 0.4182692307692308 0.3269230769230769 0.01201923076923077 0.02403846153846154
2 0.4387019230769231 0.35336538461538464 0.009615384615384616 0.02403846153846154
2 0.4266826923076923 0.34615384615384615 0.009615384615384616 0.026442307692307692
2 0.45072115384615385 0.37740384615384615 0.009615384615384616 0.028846153846153848
2 0.4519230769230769 0.40865384615384615 0.01201923076923077 0.026442307692307692
2 0.4362980769230769 0.3713942307692308 0.01201923076923077 0.021634615384615384
2 0.4110576923076923 0.38341346153846156 0.01201923076923077 0.026442307692307692
2 0.41586538461538464 0.4098557692307692 0.009615384615384616 0.026442307692307692
2 0.4074519230769231 0.41586538461538464 0.009615384615384616 0.026442307692307692
2 0.4266826923076923 0.42788461538461536 0.01201923076923077 0.02403846153846154
2 0.43990384615384615 0.4362980769230769 0.01201923076923077 0.026442307692307692
2 0.453125 0.43509615384615385 0.01201923076923077 0.02403846153846154
2 0.45072115384615385 0.4567307692307692 0.009615384615384616 0.019230769230769232
2 0.44711538461538464 0.4735576923076923 0.009615384615384616 0.02403846153846154
2 0.4651442307692308 0.4423076923076923 0.01201923076923077 0.026442307692307692
2 0.47115384615384615 0.43509615384615385 0.007211538461538462 0.028846153846153848
2 0.45913461538461536 0.4651442307692308 0.009615384615384616 0.02403846153846154
2 0.4579326923076923 0.48677884615384615 0.007211538461538462 0.021634615384615384
2 0.4723557692307692 0.4987980769230769 0.01201923076923077 0.028846153846153848
2 0.47596153846153844 0.46634615384615385 0.009615384615384616 0.02403846153846154
2 0.4831730769230769 0.47475961538461536 0.007211538461538462 0.026442307692307692
2 0.4891826923076923 0.4831730769230769 0.009615384615384616 0.02403846153846154
2 0.4987980769230769 0.47115384615384615 0.009615384615384616 0.028846153846153848
2 0.4951923076923077 0.5072115384615384 0.01201923076923077 0.026442307692307692
2 0.49038461538461536 0.5408653846153846 0.009615384615384616 0.028846153846153848
2 0.5084134615384616 0.53125 0.01201923076923077 0.028846153846153848
2 0.5120192307692307 0.4951923076923077 0.01201923076923077 0.028846153846153848
2 0.5360576923076923 0.5444711538461539 0.01201923076923077 0.028846153846153848
2 0.5276442307692307 0.5540865384615384 0.01201923076923077 0.028846153846153848
2 0.5396634615384616 0.5673076923076923 0.01201923076923077 0.026442307692307692
2 0.5444711538461539 0.5997596153846154 0.01201923076923077 0.026442307692307692
2 0.5300480769230769 0.5901442307692307 0.01201923076923077 0.028846153846153848
2 0.5240384615384616 0.6129807692307693 0.01201923076923077 0.028846153846153848
2 0.515625 0.6274038461538461 0.01201923076923077 0.02403846153846154
2 0.4951923076923077 0.6502403846153846 0.009615384615384616 0.026442307692307692
2 0.4723557692307692 0.6586538461538461 0.01201923076923077 0.02403846153846154
2 0.453125 0.6418269230769231 0.01201923076923077 0.02403846153846154
2 0.44471153846153844 0.6358173076923077 0.007211538461538462 0.02403846153846154
2 0.46634615384615385 0.6177884615384616 0.01201923076923077 0.02403846153846154
2 0.4735576923076923 0.5985576923076923 0.01201923076923077 0.02403846153846154
2 0.47596153846153844 0.6298076923076923 0.01201923076923077 0.026442307692307692
2 0.48677884615384615 0.6334134615384616 0.009615384615384616 0.02403846153846154
2 0.4987980769230769 0.6201923076923077 0.009615384615384616 0.026442307692307692
2 0.4891826923076923 0.5973557692307693 0.009615384615384616 0.028846153846153848
2 0.5072115384615384 0.578125 0.01201923076923077 0.028846153846153848
2 0.5204326923076923 0.5685096153846154 0.007211538461538462 0.028846153846153848
2 0.5096153846153846 0.6045673076923077 0.009615384615384616 0.02403846153846154
2 0.4699519230769231 0.5528846153846154 0.01201923076923077 0.02403846153846154
2 0.4735576923076923 0.5769230769230769 0.01201923076923077 0.02403846153846154
2 0.46033653846153844 0.5721153846153846 0.01201923076923077 0.02403846153846154
2 0.4519230769230769 0.5865384615384616 0.01201923076923077 0.026442307692307692
2 0.44350961538461536 0.6045673076923077 0.01201923076923077 0.028846153846153848
2 0.43149038461538464 0.6069711538461539 0.01201923076923077 0.02403846153846154
2 0.42788461538461536 0.5865384615384616 0.01201923076923077 0.02403846153846154
2 0.41947115384615385 0.5769230769230769 0.009615384615384616 0.02403846153846154
2 0.4230769230769231 0.5552884615384616 0.009615384615384616 0.026442307692307692
2 0.43509615384615385 0.5721153846153846 0.009615384615384616 0.02403846153846154
2 0.4423076923076923 0.5637019230769231 0.009615384615384616 0.02403846153846154
2 0.453125 0.5492788461538461 0.009615384615384616 0.02403846153846154
2 0.46153846153846156 0.5324519230769231 0.009615384615384616 0.02403846153846154
2 0.4543269230769231 0.5264423076923077 0.007211538461538462 0.02403846153846154
2 0.4483173076923077 0.5252403846153846 0.009615384615384616 0.02403846153846154
2 0.43990384615384615 0.5360576923076923 0.007211538461538462 0.026442307692307692
2 0.41346153846153844 0.546875 0.009615384615384616 0.02403846153846154
2 0.40625 0.5276442307692307 0.01201923076923077 0.021634615384615384
2 0.40384615384615385 0.5060096153846154 0.009615384615384616 0.019230769230769232
2 0.41346153846153844 0.5024038461538461 0.009615384615384616 0.026442307692307692
2 0.421875 0.5192307692307693 0.009615384615384616 0.02403846153846154
2 0.42427884615384615 0.49158653846153844 0.009615384615384616 0.03125
2 0.4326923076923077 0.5024038461538461 0.009615384615384616 0.02403846153846154
2 0.44711538461538464 0.5 0.009615384615384616 0.02403846153846154
2 0.4411057692307692 0.5024038461538461 0.007211538461538462 0.02403846153846154
2 0.4266826923076923 0.4543269230769231 0.01201923076923077 0.02403846153846154
2 0.41586538461538464 0.4387019230769231 0.009615384615384616 0.026442307692307692
2 0.41466346153846156 0.46634615384615385 0.01201923076923077 0.02403846153846154
2 0.4050480769230769 0.45913461538461536 0.009615384615384616 0.02403846153846154
2 0.4026442307692308 0.484375 0.01201923076923077 0.021634615384615384
2 0.39663461538461536 0.46274038461538464 0.009615384615384616 0.02403846153846154
2 0.3713942307692308 0.4795673076923077 0.009615384615384616 0.026442307692307692
2 0.3798076923076923 0.45072115384615385 0.009615384615384616 0.021634615384615384
2 0.39783653846153844 0.4074519230769231 0.009615384615384616 0.019230769230769232
2 0.31490384615384615 0.27524038461538464 0.009615384615384616 0.02403846153846154
2 0.32091346153846156 0.2956730769230769 0.007211538461538462 0.019230769230769232
2 0.32572115384615385 0.3112980769230769 0.009615384615384616 0.026442307692307692
2 0.35096153846153844 0.28846153846153844 0.007211538461538462 0.019230769230769232
2 0.3581730769230769 0.3173076923076923 0.009615384615384616 0.02403846153846154
2 0.3485576923076923 0.31009615384615385 0.009615384615384616 0.026442307692307692
2 0.3401442307692308 0.3581730769230769 0.009615384615384616 0.02403846153846154
2 0.359375 0.3485576923076923 0.01201923076923077 0.02403846153846154
2 0.34615384615384615 0.3401442307692308 0.009615384615384616 0.019230769230769232
2 0.33774038461538464 0.3317307692307692 0.007211538461538462 0.019230769230769232
2 0.4879807692307692 0.7451923076923077 0.009615384615384616 0.026442307692307692
2 0.4795673076923077 0.765625 0.014423076923076924 0.02403846153846154
2 0.49278846153846156 0.7716346153846154 0.01201923076923077 0.026442307692307692
2 0.5012019230769231 0.7560096153846154 0.01201923076923077 0.021634615384615384
2 0.5012019230769231 0.7848557692307693 0.007211538461538462 0.02403846153846154
2 0.5204326923076923 0.7884615384615384 0.009615384615384616 0.02403846153846154
2 0.5048076923076923 0.8064903846153846 0.01201923076923077 0.02403846153846154
2 0.4723557692307692 0.7788461538461539 0.009615384615384616 0.021634615384615384
2 0.484375 0.7860576923076923 0.01201923076923077 0.021634615384615384
2 0.4891826923076923 0.8076923076923077 0.009615384615384616 0.02403846153846154
2 0.49278846153846156 0.828125 0.01201923076923077 0.02403846153846154
2 0.5108173076923077 0.8245192307692307 0.01201923076923077 0.021634615384615384
2 0.5240384615384616 0.8353365384615384 0.009615384615384616 0.026442307692307692
2 0.515625 0.8485576923076923 0.01201923076923077 0.02403846153846154
2 0.4807692307692308 0.8269230769230769 0.009615384615384616 0.02403846153846154
2 0.4675480769230769 0.8257211538461539 0.009615384615384616 0.02403846153846154
2 0.46153846153846156 0.84375 0.009615384615384616 0.021634615384615384
2 0.44711538461538464 0.8786057692307693 0.007211538461538462 0.021634615384615384
2 0.46033653846153844 0.8930288461538461 0.009615384615384616 0.02403846153846154
2 0.4519230769230769 0.8966346153846154 0.007211538461538462 0.019230769230769232
2 0.47836538461538464 0.8665865384615384 0.007211538461538462 0.021634615384615384
2 0.48197115384615385 0.890625 0.009615384615384616 0.026442307692307692
2 0.47115384615384615 0.9026442307692307 0.007211538461538462 0.021634615384615384
2 0.46875 0.9278846153846154 0.01201923076923077 0.02403846153846154
2 0.47836538461538464 0.9134615384615384 0.007211538461538462 0.021634615384615384
2 0.4891826923076923 0.9206730769230769 0.009615384615384616 0.02403846153846154
2 0.5 0.8798076923076923 0.009615384615384616 0.016826923076923076
2 0.5012019230769231 0.8617788461538461 0.007211538461538462 0.021634615384615384
2 0.5108173076923077 0.8737980769230769 0.01201923076923077 0.02403846153846154
2 0.5228365384615384 0.8677884615384616 0.009615384615384616 0.026442307692307692
2 0.5348557692307693 0.8533653846153846 0.009615384615384616 0.02403846153846154
2 0.5108173076923077 0.8954326923076923 0.009615384615384616 0.021634615384615384
2 0.5012019230769231 0.9002403846153846 0.01201923076923077 0.021634615384615384
2 0.5216346153846154 0.9026442307692307 0.009615384615384616 0.026442307692307692
2 0.5396634615384616 0.9038461538461539 0.01201923076923077 0.026442307692307692
2 0.5072115384615384 0.9447115384615384 0.007211538461538462 0.021634615384615384
2 0.48197115384615385 0.9447115384615384 0.007211538461538462 0.02403846153846154
2 0.4411057692307692 0.9242788461538461 0.009615384615384616 0.02403846153846154
2 0.4519230769230769 0.9302884615384616 0.009615384615384616 0.02403846153846154
2 0.453125 0.9519230769230769 0.01201923076923077 0.026442307692307692
2 0.43028846153846156 0.9663461538461539 0.009615384615384616 0.019230769230769232
2 0.4230769230769231 0.9915865384615384 0.009615384615384616 0.016826923076923076
2 0.45072115384615385 0.9807692307692307 0.01201923076923077 0.02403846153846154
2 0.4639423076923077 0.984375 0.01201923076923077 0.021634615384615384
2 0.4963942307692308 0.9675480769230769 0.009615384615384616 0.026442307692307692
2 0.5012019230769231 0.9459134615384616 0.007211538461538462 0.019230769230769232
2 0.4879807692307692 0.9735576923076923 0.007211538461538462 0.016826923076923076
2 0.48677884615384615 0.9591346153846154 0.009615384615384616 0.016826923076923076
2 0.4879807692307692 0.9915865384615384 0.009615384615384616 0.016826923076923076
2 0.49759615384615385 0.9915865384615384 0.009615384615384616 0.016826923076923076
2 0.5132211538461539 0.9867788461538461 0.007211538461538462 0.026442307692307692
2 0.5264423076923077 0.9591346153846154 0.007211538461538462 0.026442307692307692
2 0.5336538461538461 0.9807692307692307 0.009615384615384616 0.02403846153846154
2 0.5408653846153846 0.9927884615384616 0.01201923076923077 0.014423076923076924
2 0.5552884615384616 0.9555288461538461 0.01201923076923077 0.02403846153846154
2 0.5685096153846154 0.9783653846153846 0.009615384615384616 0.02403846153846154
2 0.5528846153846154 0.9855769230769231 0.01201923076923077 0.02403846153846154
2 0.5324519230769231 0.9206730769230769 0.009615384615384616 0.021634615384615384
2 0.5048076923076923 0.9230769230769231 0.007211538461538462 0.02403846153846154
2 0.2439903846153846 0.7295673076923077 0.01201923076923077 0.03125
2 0.1875 0.7415865384615384 0.009615384615384616 0.028846153846153848
2 0.20793269230769232 0.7752403846153846 0.01201923076923077 0.036057692307692304
2 0.21514423076923078 0.8209134615384616 0.007211538461538462 0.03365384615384615
2 0.23677884615384615 0.8137019230769231 0.01201923076923077 0.03365384615384615
2 0.23317307692307693 0.8509615384615384 0.01201923076923077 0.036057692307692304
2 0.24879807692307693 0.8798076923076923 0.009615384615384616 0.03365384615384615
2 0.23197115384615385 0.8882211538461539 0.009615384615384616 0.03365384615384615
2 0.2403846153846154 0.9158653846153846 0.007211538461538462 0.03125
2 0.24759615384615385 0.9447115384615384 0.009615384615384616 0.036057692307692304
2 0.22956730769230768 0.9759615384615384 0.009615384615384616 0.03125
2 0.22596153846153846 0.9423076923076923 0.01201923076923077 0.02403846153846154
2 0.21634615384615385 0.9206730769230769 0.009615384615384616 0.028846153846153848
2 0.21394230769230768 0.890625 0.01201923076923077 0.028846153846153848
2 0.22235576923076922 0.859375 0.009615384615384616 0.03365384615384615
2 0.20673076923076922 0.8954326923076923 0.007211538461538462 0.028846153846153848
2 0.21033653846153846 0.9266826923076923 0.009615384615384616 0.026442307692307692
2 0.20793269230769232 0.9603365384615384 0.01201923076923077 0.028846153846153848
2 0.22235576923076922 0.9807692307692307 0.009615384615384616 0.026442307692307692
2 0.18990384615384615 0.9627403846153846 0.01201923076923077 0.028846153846153848
2 0.17548076923076922 0.9711538461538461 0.01201923076923077 0.03125
2 0.17067307692307693 0.9447115384615384 0.009615384615384616 0.02403846153846154
2 0.1778846153846154 0.9134615384615384 0.009615384615384616 0.028846153846153848
2 0.19230769230769232 0.9122596153846154 0.01201923076923077 0.03365384615384615
2 0.16346153846153846 0.9338942307692307 0.009615384615384616 0.021634615384615384
2 0.14302884615384615 0.9302884615384616 0.009615384615384616 0.026442307692307692
2 0.16105769230769232 0.90625 0.01201923076923077 0.026442307692307692
2 0.1622596153846154 0.8713942307692307 0.009615384615384616 0.026442307692307692
2 0.14302884615384615 0.8786057692307693 0.01201923076923077 0.028846153846153848
2 0.1466346153846154 0.8425480769230769 0.007211538461538462 0.028846153846153848
2 0.13221153846153846 0.8389423076923077 0.009615384615384616 0.026442307692307692
2 0.13341346153846154 0.8737980769230769 0.009615384615384616 0.028846153846153848
2 0.16346153846153846 0.8401442307692307 0.009615384615384616 0.026442307692307692
2 0.16105769230769232 0.8112980769230769 0.009615384615384616 0.03125
2 0.17668269230769232 0.8341346153846154 0.009615384615384616 0.03365384615384615
2 0.18509615384615385 0.828125 0.009615384615384616 0.028846153846153848
2 0.19831730769230768 0.828125 0.01201923076923077 0.02403846153846154
2 0.1971153846153846 0.875 0.009615384615384616 0.026442307692307692
2 0.20673076923076922 0.8677884615384616 0.009615384615384616 0.019230769230769232
2 0.19230769230769232 0.8485576923076923 0.009615384615384616 0.021634615384615384
2 0.20552884615384615 0.8497596153846154 0.01201923076923077 0.016826923076923076
2 0.18629807692307693 0.796875 0.009615384615384616 0.028846153846153848
2 0.1346153846153846 0.8100961538461539 0.014423076923076924 0.02403846153846154
2 0.1310096153846154 0.7836538461538461 0.01201923076923077 0.026442307692307692
2 0.16947115384615385 0.7584134615384616 0.01201923076923077 0.028846153846153848
2 0.16826923076923078 0.7247596153846154 0.01201923076923077 0.03125
2 0.1935096153846154 0.7175480769230769 0.009615384615384616 0.019230769230769232
2 0.2091346153846154 0.703125 0.01201923076923077 0.02403846153846154
2 0.20072115384615385 0.6754807692307693 0.009615384615384616 0.03125
2 0.20072115384615385 0.6225961538461539 0.009615384615384616 0.026442307692307692
2 0.19831730769230768 0.6442307692307693 0.009615384615384616 0.019230769230769232
2 0.18269230769230768 0.6610576923076923 0.009615384615384616 0.03125
2 0.18509615384615385 0.6899038461538461 0.014423076923076924 0.028846153846153848
2 0.15625 0.6875 0.009615384615384616 0.026442307692307692
2 0.15865384615384615 0.6646634615384616 0.01201923076923077 0.036057692307692304
2 0.1502403846153846 0.6370192307692307 0.014423076923076924 0.026442307692307692
2 0.12259615384615384 0.6730769230769231 0.009615384615384616 0.028846153846153848
2 0.09254807692307693 0.7103365384615384 0.009615384615384616 0.028846153846153848
2 0.12139423076923077 0.7211538461538461 0.009615384615384616 0.02403846153846154
2 0.12980769230769232 0.7043269230769231 0.007211538461538462 0.028846153846153848
2 0.13581730769230768 0.7127403846153846 0.007211538461538462 0.03125
2 0.13822115384615385 0.6850961538461539 0.009615384615384616 0.014423076923076924
2 0.09134615384615384 0.6430288461538461 0.007211538461538462 0.02403846153846154
2 0.09254807692307693 0.6213942307692307 0.009615384615384616 0.026442307692307692
2 0.11298076923076923 0.6634615384615384 0.009615384615384616 0.03125
2 0.11057692307692307 0.6334134615384616 0.009615384615384616 0.021634615384615384
2 0.11177884615384616 0.6009615384615384 0.009615384615384616 0.02403846153846154
2 0.11538461538461539 0.5841346153846154 0.009615384615384616 0.03365384615384615
2 0.13221153846153846 0.5769230769230769 0.009615384615384616 0.03125
2 0.1466346153846154 0.5865384615384616 0.004807692307692308 0.026442307692307692
2 0.15865384615384615 0.5480769230769231 0.009615384615384616 0.03365384615384615
2 0.1971153846153846 0.5625 0.009615384615384616 0.021634615384615384
2 0.18870192307692307 0.5889423076923077 0.009615384615384616 0.019230769230769232
2 0.1778846153846154 0.5901442307692307 0.007211538461538462 0.02403846153846154
2 0.16706730769230768 0.5925480769230769 0.009615384615384616 0.02403846153846154
2 0.15865384615384615 0.609375 0.014423076923076924 0.026442307692307692
2 0.1814903846153846 0.5673076923076923 0.016826923076923076 0.021634615384615384
2 0.052884615384615384 0.6129807692307693 0.01201923076923077 0.026442307692307692
2 0.04326923076923077 0.59375 0.007211538461538462 0.028846153846153848
2 0.0733173076923077 0.5600961538461539 0.009615384615384616 0.03125
2 0.08052884615384616 0.5576923076923077 0.007211538461538462 0.03365384615384615
2 0.078125 0.5144230769230769 0.007211538461538462 0.028846153846153848
2 0.09615384615384616 0.47115384615384615 0.009615384615384616 0.028846153846153848
2 0.10817307692307693 0.47115384615384615 0.009615384615384616 0.03365384615384615
2 0.10096153846153846 0.5012019230769231 0.007211538461538462 0.02403846153846154
2 0.10576923076923077 0.5336538461538461 0.009615384615384616 0.03365384615384615
2 0.09495192307692307 0.5276442307692307 0.009615384615384616 0.021634615384615384
2 0.12860576923076922 0.5132211538461539 0.01201923076923077 0.026442307692307692
2 0.13822115384615385 0.4987980769230769 0.009615384615384616 0.03125
2 0.17067307692307693 0.5144230769230769 0.007211538461538462 0.028846153846153848
2 0.1502403846153846 0.4723557692307692 0.009615384615384616 0.019230769230769232
2 0.125 0.5456730769230769 0.009615384615384616 0.036057692307692304
2 0.018028846153846152 0.4831730769230769 0.009615384615384616 0.03125
2 0.03125 0.46274038461538464 0.009615384615384616 0.026442307692307692
2 0.04326923076923077 0.44711538461538464 0.009615384615384616 0.026442307692307692
2 0.056490384615384616 0.4254807692307692 0.009615384615384616 0.019230769230769232
2 0.051682692307692304 0.39663461538461536 0.009615384615384616 0.02403846153846154
2 0.039663461538461536 0.3545673076923077 0.009615384615384616 0.03125
2 0.042067307692307696 0.38341346153846156 0.01201923076923077 0.021634615384615384
2 0.04567307692307692 0.41346153846153844 0.007211538461538462 0.02403846153846154
2 0.026442307692307692 0.36658653846153844 0.009615384615384616 0.028846153846153848
2 0.015625 0.3870192307692308 0.009615384615384616 0.03125
2 0.002403846153846154 0.41346153846153844 0.004807692307692308 0.028846153846153848
2 0.018028846153846152 0.4387019230769231 0.007211538461538462 0.028846153846153848
2 0.028846153846153848 0.43149038461538464 0.01201923076923077 0.02403846153846154
2 0.040865384615384616 0.4182692307692308 0.007211538461538462 0.026442307692307692
2 0.057692307692307696 0.32211538461538464 0.01201923076923077 0.028846153846153848
2 0.038461538461538464 0.33052884615384615 0.007211538461538462 0.016826923076923076
2 0.03365384615384615 0.3545673076923077 0.004807692307692308 0.03125
2 0.002403846153846154 0.2692307692307692 0.004807692307692308 0.028846153846153848
2 0.006009615384615385 0.25961538461538464 0.01201923076923077 0.028846153846153848
2 0.003605769230769231 0.22596153846153846 0.007211538461538462 0.036057692307692304
2 0.026442307692307692 0.18990384615384615 0.009615384615384616 0.036057692307692304
2 0.009615384615384616 0.20432692307692307 0.016826923076923076 0.021634615384615384
2 0.001201923076923077 0.15384615384615385 0.002403846153846154 0.03365384615384615
2 0.008413461538461538 0.08774038461538461 0.01201923076923077 0.03125
2 0.002403846153846154 0.07451923076923077 0.004807692307692308 0.03125
2 0.002403846153846154 0.04567307692307692 0.004807692307692308 0.02403846153846154
2 0.003605769230769231 0.019230769230769232 0.007211538461538462 0.03125
2 0.002403846153846154 0.004807692307692308 0.004807692307692308 0.009615384615384616
2 0.019230769230769232 0.3545673076923077 0.01201923076923077 0.03125
2 0.12980769230769232 0.6430288461538461 0.009615384615384616 0.026442307692307692
2 0.12980769230769232 0.6141826923076923 0.009615384615384616 0.028846153846153848
2 0.1778846153846154 0.6213942307692307 0.009615384615384616 0.03365384615384615
2 0.0889423076923077 0.5793269230769231 0.009615384615384616 0.019230769230769232