2 0.014423076923076924 0.20192307692307693 0.019230769230769232 0.026442307692307692
2 0.03245192307692308 0.1814903846153846 0.02403846153846154 0.03365384615384615
2 0.046875 0.26322115384615385 0.03365384615384615 0.03365384615384615
2 0.08533653846153846 0.2091346153846154 0.021634615384615384 0.028846153846153848
2 0.11177884615384616 0.19831730769230768 0.019230769230769232 0.026442307692307692
2 0.09014423076923077 0.30288461538461536 0.019230769230769232 0.03365384615384615
2 0.12740384615384615 0.2848557692307692 0.02403846153846154 0.03365384615384615
2 0.12980769230769232 0.3317307692307692 0.02403846153846154 0.03365384615384615
2 0.15745192307692307 0.33533653846153844 0.021634615384615384 0.038461538461538464
2 0.1814903846153846 0.296875 0.02403846153846154 0.03365384615384615
2 0.19831730769230768 0.33052884615384615 0.026442307692307692 0.040865384615384616
2 0.22596153846153846 0.33774038461538464 0.02403846153846154 0.026442307692307692
2 0.25961538461538464 0.3329326923076923 0.02403846153846154 0.026442307692307692
2 0.27524038461538464 0.29447115384615385 0.02403846153846154 0.019230769230769232
2 0.3125 0.3137019230769231 0.016826923076923076 0.028846153846153848
2 0.28365384615384615 0.22235576923076922 0.019230769230769232 0.028846153846153848
2 0.29927884615384615 0.28365384615384615 0.014423076923076924 0.03125
2 0.31971153846153844 0.2848557692307692 0.026442307692307692 0.02403846153846154
2 0.3173076923076923 0.24759615384615385 0.02403846153846154 0.026442307692307692
2 0.328125 0.21394230769230768 0.021634615384615384 0.021634615384615384
2 0.23076923076923078 0.296875 0.026442307692307692 0.026442307692307692
2 0.2127403846153846 0.2860576923076923 0.019230769230769232 0.028846153846153848
2 0.06490384615384616 0.15504807692307693 0.016826923076923076 0.036057692307692304
2 0.0889423076923077 0.14182692307692307 0.026442307692307692 0.028846153846153848
2 0.02283653846153846 0.15504807692307693 0.028846153846153848 0.028846153846153848
2 0.04447115384615385 0.1346153846153846 0.02403846153846154 0.026442307692307692
2 0.015625 0.09134615384615384 0.016826923076923076 0.03125
2 0.036057692307692304 0.0889423076923077 0.02403846153846154 0.03365384615384615
2 0.056490384615384616 0.09975961538461539 0.02403846153846154 0.028846153846153848
2 0.09134615384615384 0.08173076923076923 0.014423076923076924 0.028846153846153848
2 0.14423076923076922 0.19591346153846154 0.019230769230769232 0.03365384615384615
2 0.17427884615384615 0.19591346153846154 0.021634615384615384 0.03365384615384615
2 0.17908653846153846 0.25841346153846156 0.028846153846153848 0.03365384615384615
2 0.1658653846153846 0.23918269230769232 0.028846153846153848 0.028846153846153848
2 0.20072115384615385 0.24879807692307693 0.021634615384615384 0.03365384615384615
2 0.24158653846153846 0.22355769230769232 0.028846153846153848 0.028846153846153848
2 0.296875 0.171875 0.019230769230769232 0.028846153846153848
2 0.3137019230769231 0.20673076923076922 0.016826923076923076 0.036057692307692304
2 0.19230769230769232 0.13822115384615385 0.019230769230769232 0.03365384615384615
2 0.21754807692307693 0.17307692307692307 0.019230769230769232 0.03365384615384615
2 0.18389423076923078 0.04567307692307692 0.028846153846153848 0.026442307692307692
2 0.13221153846153846 0.0985576923076923 0.028846153846153848 0.028846153846153848
2 0.08653846153846154 0.02283653846153846 0.03125 0.03125
2 0.1141826923076923 0.030048076923076924 0.028846153846153848 0.026442307692307692
2 0.13581730769230768 0.02403846153846154 0.019230769230769232 0.040865384615384616
2 0.1502403846153846 0.040865384615384616 0.019230769230769232 0.040865384615384616
2 0.14182692307692307 0.1466346153846154 0.028846153846153848 0.03125
2 0.15625 0.16346153846153846 0.03125 0.03125
2 0.015625 0.057692307692307696 0.016826923076923076 0.03125
2 0.05048076923076923 0.04807692307692308 0.02403846153846154 0.026442307692307692
2 0.0673076923076923 0.06370192307692307 0.02403846153846154 0.036057692307692304
2 0.171875 0.12620192307692307 0.019230769230769232 0.03365384615384615
2 0.265625 0.171875 0.03365384615384615 0.03365384615384615
2 0.026442307692307692 0.042067307692307696 0.03125 0.03365384615384615
2 0.009615384615384616 0.11778846153846154 0.007211538461538462 0.036057692307692304
2 0.18629807692307693 0.10096153846153846 0.02403846153846154 0.040865384615384616
2 0.234375 0.15985576923076922 0.02403846153846154 0.038461538461538464
2 0.2283653846153846 0.1971153846153846 0.028846153846153848 0.028846153846153848
2 0.22235576923076922 0.23918269230769232 0.026442307692307692 0.026442307692307692
2 0.2283653846153846 0.2668269230769231 0.03125 0.028846153846153848
2 0.25240384615384615 0.25961538461538464 0.021634615384615384 0.02403846153846154
2 0.2692307692307692 0.26322115384615385 0.026442307692307692 0.02403846153846154
2 0.2800480769230769 0.53125 0.019230769230769232 0.036057692307692304
2 0.3125 0.5540865384615384 0.019230769230769232 0.038461538461538464
2 0.3245192307692308 0.45552884615384615 0.02403846153846154 0.03365384615384615
2 0.4182692307692308 0.3016826923076923 0.014423076923076924 0.028846153846153848
2 0.296875 0.24278846153846154 0.02403846153846154 0.026442307692307692
2 0.2512019230769231 0.3112980769230769 0.02403846153846154 0.021634615384615384
2 0.2439903846153846 0.2860576923076923 0.019230769230769232 0.02403846153846154
2 0.41466346153846156 0.38100961538461536 0.016826923076923076 0.02403846153846154
2 0.4411057692307692 0.3605769230769231 0.021634615384615384 0.021634615384615384
2 0.453125 0.36778846153846156 0.016826923076923076 0.03125
2 0.45913461538461536 0.40024038461538464 0.019230769230769232 0.019230769230769232
2 0.47716346153846156 0.3858173076923077 0.016826923076923076 0.026442307692307692
2 0.49158653846153844 0.4050480769230769 0.019230769230769232 0.026442307692307692
2 0.4639423076923077 0.33533653846153844 0.014423076923076924 0.028846153846153848
2 0.5024038461538461 0.2980769230769231 0.016826923076923076 0.02403846153846154
2 0.5144230769230769 0.32211538461538464 0.021634615384615384 0.02403846153846154
2 0.5120192307692307 0.3701923076923077 0.02403846153846154 0.02403846153846154
2 0.4951923076923077 0.4411057692307692 0.019230769230769232 0.026442307692307692
2 0.5012019230769231 0.47115384615384615 0.016826923076923076 0.02403846153846154
2 0.5144230769230769 0.48677884615384615 0.019230769230769232 0.021634615384615384
2 0.5216346153846154 0.5228365384615384 0.019230769230769232 0.021634615384615384
2 0.5408653846153846 0.5168269230769231 0.02403846153846154 0.021634615384615384
2 0.5516826923076923 0.5360576923076923 0.009615384615384616 0.026442307692307692
2 0.5649038461538461 0.5216346153846154 0.019230769230769232 0.016826923076923076
2 0.5769230769230769 0.5132211538461539 0.014423076923076924 0.02403846153846154
2 0.5721153846153846 0.5456730769230769 0.01201923076923077 0.021634615384615384
2 0.5805288461538461 0.59375 0.009615384615384616 0.026442307692307692
2 0.5961538461538461 0.5456730769230769 0.016826923076923076 0.021634615384615384
2 0.6069711538461539 0.5817307692307693 0.014423076923076924 0.028846153846153848
2 0.6274038461538461 0.5793269230769231 0.016826923076923076 0.02403846153846154
2 0.6550480769230769 0.5889423076923077 0.019230769230769232 0.019230769230769232
2 0.5492788461538461 0.44350961538461536 0.019230769230769232 0.019230769230769232
2 0.5360576923076923 0.4326923076923077 0.016826923076923076 0.021634615384615384
2 0.515625 0.40865384615384615 0.019230769230769232 0.019230769230769232
2 0.5360576923076923 0.4026442307692308 0.016826923076923076 0.014423076923076924
2 0.5516826923076923 0.4110576923076923 0.014423076923076924 0.021634615384615384
2 0.5552884615384616 0.2704326923076923 0.016826923076923076 0.019230769230769232
2 0.6105769230769231 0.2860576923076923 0.016826923076923076 0.019230769230769232
2 0.6947115384615384 0.33413461538461536 0.014423076923076924 0.019230769230769232
2 0.5564903846153846 0.49399038461538464 0.016826923076923076 0.019230769230769232
2 0.5612980769230769 0.46634615384615385 0.019230769230769232 0.021634615384615384
2 0.5733173076923077 0.45552884615384615 0.019230769230769232 0.019230769230769232
2 0.578125 0.41466346153846156 0.019230769230769232 0.019230769230769232
2 0.5588942307692307 0.3629807692307692 0.01201923076923077 0.019230769230769232
2 0.5504807692307693 0.38341346153846156 0.019230769230769232 0.019230769230769232
2 0.4723557692307692 0.2932692307692308 0.019230769230769232 0.019230769230769232
2 0.4338942307692308 0.3173076923076923 0.019230769230769232 0.019230769230769232
2 0.5348557692307693 0.36538461538461536 0.021634615384615384 0.019230769230769232
2 0.5576923076923077 0.30408653846153844 0.01201923076923077 0.019230769230769232
2 0.5516826923076923 0.3233173076923077 0.014423076923076924 0.02403846153846154
2 0.6069711538461539 0.49278846153846156 0.021634615384615384 0.02403846153846154
2 0.6298076923076923 0.5216346153846154 0.019230769230769232 0.019230769230769232
2 0.6574519230769231 0.5324519230769231 0.016826923076923076 0.028846153846153848
2 0.6742788461538461 0.5276442307692307 0.01201923076923077 0.028846153846153848
2 0.6971153846153846 0.5264423076923077 0.014423076923076924 0.026442307692307692
2 0.6394230769230769 0.4206730769230769 0.01201923076923077 0.02403846153846154
2 0.6298076923076923 0.42427884615384615 0.021634615384615384 0.016826923076923076
2 0.6610576923076923 0.34134615384615385 0.019230769230769232 0.014423076923076924
2 0.6634615384615384 0.37259615384615385 0.014423076923076924 0.019230769230769232
2 0.6538461538461539 0.3629807692307692 0.014423076923076924 0.014423076923076924
2 0.6754807692307693 0.34615384615384615 0.014423076923076924 0.016826923076923076
2 0.6790865384615384 0.359375 0.016826923076923076 0.019230769230769232
2 0.6442307692307693 0.32211538461538464 0.016826923076923076 0.014423076923076924
2 0.625 0.3641826923076923 0.02403846153846154 0.021634615384615384
2 0.5853365384615384 0.34615384615384615 0.01201923076923077 0.021634615384615384
2 0.5432692307692307 0.23197115384615385 0.019230769230769232 0.019230769230769232
2 0.5324519230769231 0.2536057692307692 0.021634615384615384 0.021634615384615384
2 0.5240384615384616 0.27524038461538464 0.021634615384615384 0.021634615384615384
2 0.49038461538461536 0.33774038461538464 0.014423076923076924 0.021634615384615384
2 0.4963942307692308 0.3786057692307692 0.016826923076923076 0.026442307692307692
2 0.6009615384615384 0.3557692307692308 0.019230769230769232 0.021634615384615384
2 0.6045673076923077 0.44350961538461536 0.019230769230769232 0.016826923076923076
2 0.5889423076923077 0.45552884615384615 0.01201923076923077 0.02403846153846154
2 0.6586538461538461 0.49278846153846156 0.019230769230769232 0.019230769230769232
2 0.7055288461538461 0.4098557692307692 0.014423076923076924 0.019230769230769232
2 0.6995192307692307 0.46875 0.019230769230769232 0.019230769230769232
2 0.6610576923076923 0.4050480769230769 0.014423076923076924 0.021634615384615384
2 0.6466346153846154 0.4182692307692308 0.016826923076923076 0.019230769230769232
2 0.6526442307692307 0.4375 0.014423076923076924 0.02403846153846154
2 0.6165865384615384 0.4495192307692308 0.014423076923076924 0.019230769230769232
2 0.5709134615384616 0.2932692307692308 0.019230769230769232 0.016826923076923076
2 0.34615384615384615 0.4423076923076923 0.021634615384615384 0.02403846153846154
2 0.34975961538461536 0.32091346153846156 0.019230769230769232 0.028846153846153848
2 0.3269230769230769 0.3557692307692308 0.014423076923076924 0.026442307692307692
2 0.32572115384615385 0.4807692307692308 0.019230769230769232 0.021634615384615384
2 0.2932692307692308 0.5168269230769231 0.019230769230769232 0.02403846153846154
2 0.3125 0.5144230769230769 0.019230769230769232 0.019230769230769232
2 0.3329326923076923 0.546875 0.014423076923076924 0.021634615384615384
2 0.3293269230769231 0.5745192307692307 0.016826923076923076 0.02403846153846154
2 0.6117788461538461 0.32572115384615385 0.014423076923076924 0.026442307692307692
2 0.5661057692307693 0.4230769230769231 0.014423076923076924 0.021634615384615384
2 0.6911057692307693 0.3798076923076923 0.01201923076923077 0.026442307692307692
2 0.6298076923076923 0.34375 0.019230769230769232 0.019230769230769232
2 0.5793269230769231 0.47836538461538464 0.02403846153846154 0.021634615384615384