0 0.018028846153846152 0.7331730769230769 0.03365384615384615 0.03365384615384615
0 0.006009615384615385 0.7536057692307693 0.01201923076923077 0.03125
0 0.02283653846153846 0.7764423076923077 0.028846153846153848 0.04326923076923077
0 0.006009615384615385 0.7836538461538461 0.01201923076923077 0.03125
0 0.007211538461538462 0.8425480769230769 0.014423076923076924 0.03365384615384615
0 0.054086538461538464 0.7367788461538461 0.019230769230769232 0.03365384615384615
0 0.078125 0.8125 0.02403846153846154 0.03365384615384615
0 0.07091346153846154 0.7331730769230769 0.02403846153846154 0.038461538461538464
0 0.1045673076923077 0.8004807692307693 0.036057692307692304 0.040865384615384616
0 0.13942307692307693 0.8557692307692307 0.03125 0.036057692307692304
0 0.10817307692307693 0.8605769230769231 0.026442307692307692 0.03365384615384615
0 0.11658653846153846 0.8894230769230769 0.03365384615384615 0.038461538461538464
0 0.171875 0.8786057692307693 0.03365384615384615 0.040865384615384616
0 0.15985576923076922 0.7740384615384616 0.036057692307692304 0.04326923076923077
0 0.1935096153846154 0.6694711538461539 0.03365384615384615 0.040865384615384616
0 0.20673076923076922 0.7199519230769231 0.03365384615384615 0.04326923076923077
0 0.203125 0.828125 0.036057692307692304 0.04326923076923077
0 0.2283653846153846 0.8786057692307693 0.03365384615384615 0.04326923076923077
0 0.25600961538461536 0.8473557692307693 0.03365384615384615 0.04326923076923077
0 0.234375 0.6742788461538461 0.036057692307692304 0.040865384615384616
0 0.24759615384615385 0.6201923076923077 0.038461538461538464 0.04807692307692308
0 0.23918269230769232 0.7103365384615384 0.036057692307692304 0.04807692307692308
0 0.2692307692307692 0.6370192307692307 0.028846153846153848 0.03365384615384615
0 0.28846153846153844 0.6959134615384616 0.03365384615384615 0.040865384615384616
0 0.27524038461538464 0.7319711538461539 0.038461538461538464 0.040865384615384616
0 0.2932692307692308 0.7752403846153846 0.038461538461538464 0.055288461538461536
0 0.3088942307692308 0.8389423076923077 0.026442307692307692 0.036057692307692304
0 0.2824519230769231 0.8545673076923077 0.03365384615384615 0.040865384615384616
0 0.2620192307692308 0.7908653846153846 0.028846153846153848 0.04807692307692308
0 0.2439903846153846 0.7716346153846154 0.03125 0.04326923076923077
0 0.3125 0.6742788461538461 0.028846153846153848 0.040865384615384616
0 0.32091346153846156 0.5985576923076923 0.028846153846153848 0.040865384615384616
0 0.35096153846153844 0.6105769230769231 0.03365384615384615 0.04326923076923077
0 0.3701923076923077 0.5060096153846154 0.03125 0.04567307692307692
0 0.38341346153846156 0.5853365384615384 0.03365384615384615 0.04326923076923077
0 0.36538461538461536 0.6442307692307693 0.040865384615384616 0.04326923076923077
0 0.3389423076923077 0.6959134615384616 0.038461538461538464 0.04807692307692308
0 0.3401442307692308 0.7439903846153846 0.03365384615384615 0.04326923076923077
0 0.34375 0.8112980769230769 0.036057692307692304 0.052884615384615384
0 0.35697115384615385 0.765625 0.03365384615384615 0.04326923076923077
0 0.3918269230769231 0.7632211538461539 0.03365384615384615 0.040865384615384616
0 0.38341346153846156 0.7932692307692307 0.03365384615384615 0.04326923076923077
0 0.4170673076923077 0.7800480769230769 0.03125 0.04326923076923077
0 0.40625 0.7007211538461539 0.028846153846153848 0.04326923076923077
0 0.4014423076923077 0.6538461538461539 0.03125 0.03365384615384615
0 0.40625 0.6165865384615384 0.03365384615384615 0.04326923076923077
0 0.41947115384615385 0.546875 0.03125 0.04326923076923077
0 0.4519230769230769 0.6586538461538461 0.028846153846153848 0.040865384615384616
0 0.4675480769230769 0.7163461538461539 0.026442307692307692 0.03125
0 0.45552884615384615 0.7956730769230769 0.03125 0.036057692307692304
0 0.5120192307692307 0.7295673076923077 0.02403846153846154 0.040865384615384616
0 0.4987980769230769 0.6286057692307693 0.03125 0.05048076923076923
0 0.46875 0.5985576923076923 0.02403846153846154 0.04567307692307692
0 0.5084134615384616 0.5096153846153846 0.03365384615384615 0.040865384615384616
0 0.47475961538461536 0.4891826923076923 0.02403846153846154 0.052884615384615384
0 0.4483173076923077 0.5096153846153846 0.028846153846153848 0.038461538461538464
0 0.46033653846153844 0.5444711538461539 0.03365384615384615 0.040865384615384616
0 0.5024038461538461 0.5661057692307693 0.03125 0.04326923076923077
0 0.5336538461538461 0.6021634615384616 0.028846153846153848 0.04326923076923077
0 0.5420673076923077 0.5492788461538461 0.026442307692307692 0.03365384615384615
0 0.5408653846153846 0.5096153846153846 0.02403846153846154 0.04326923076923077
0 0.5168269230769231 0.6334134615384616 0.03125 0.05048076923076923
0 0.5444711538461539 0.65625 0.026442307692307692 0.04567307692307692
0 0.49158653846153844 0.6634615384615384 0.028846153846153848 0.04326923076923077
0 0.5084134615384616 0.6826923076923077 0.028846153846153848 0.040865384615384616
0 0.5324519230769231 0.6971153846153846 0.026442307692307692 0.04326923076923077
0 0.5348557692307693 0.734375 0.026442307692307692 0.036057692307692304
0 0.5576923076923077 0.7548076923076923 0.02403846153846154 0.040865384615384616
0 0.5733173076923077 0.7091346153846154 0.02403846153846154 0.038461538461538464
0 0.5661057692307693 0.6622596153846154 0.021634615384615384 0.03125
0 0.5697115384615384 0.6274038461538461 0.028846153846153848 0.036057692307692304
0 0.5649038461538461 0.5697115384615384 0.028846153846153848 0.04326923076923077
0 0.5757211538461539 0.4831730769230769 0.02403846153846154 0.040865384615384616
0 0.5733173076923077 0.53125 0.028846153846153848 0.040865384615384616
0 0.5901442307692307 0.5841346153846154 0.026442307692307692 0.038461538461538464
0 0.5997596153846154 0.6382211538461539 0.028846153846153848 0.04567307692307692
0 0.6358173076923077 0.6802884615384616 0.02403846153846154 0.03365384615384615
0 0.6274038461538461 0.6394230769230769 0.02403846153846154 0.036057692307692304
0 0.6237980769230769 0.6081730769230769 0.021634615384615384 0.03365384615384615
0 0.6298076923076923 0.5637019230769231 0.026442307692307692 0.040865384615384616
0 0.6274038461538461 0.47716346153846156 0.021634615384615384 0.040865384615384616
0 0.6442307692307693 0.5024038461538461 0.02403846153846154 0.040865384615384616
0 0.6478365384615384 0.5697115384615384 0.02403846153846154 0.038461538461538464
0 0.6682692307692307 0.6189903846153846 0.026442307692307692 0.036057692307692304
0 0.6838942307692307 0.6754807692307693 0.016826923076923076 0.03365384615384615
0 0.6646634615384616 0.6959134615384616 0.021634615384615384 0.038461538461538464
0 0.6502403846153846 0.6454326923076923 0.02403846153846154 0.038461538461538464
0 0.7283653846153846 0.7091346153846154 0.019230769230769232 0.03125
0 0.7115384615384616 0.6502403846153846 0.016826923076923076 0.03125
0 0.59375 0.3485576923076923 0.021634615384615384 0.03365384615384615
0 0.6105769230769231 0.328125 0.02403846153846154 0.03365384615384615
0 0.6334134615384616 0.2932692307692308 0.02403846153846154 0.03125
0 0.6370192307692307 0.33052884615384615 0.021634615384615384 0.038461538461538464
0 0.6310096153846154 0.3894230769230769 0.026442307692307692 0.038461538461538464
0 0.640625 0.41466346153846156 0.02403846153846154 0.03365384615384615
0 0.6586538461538461 0.4254807692307692 0.021634615384615384 0.028846153846153848
0 0.6610576923076923 0.45552884615384615 0.016826923076923076 0.028846153846153848
0 0.6622596153846154 0.49158653846153844 0.016826923076923076 0.03365384615384615
0 0.6850961538461539 0.4651442307692308 0.021634615384615384 0.028846153846153848
0 0.6826923076923077 0.43149038461538464 0.019230769230769232 0.028846153846153848
0 0.6778846153846154 0.39302884615384615 0.019230769230769232 0.03125
0 0.6538461538461539 0.3317307692307692 0.02403846153846154 0.036057692307692304
0 0.65625 0.26322115384615385 0.02403846153846154 0.036057692307692304
0 0.6622596153846154 0.28365384615384615 0.026442307692307692 0.03365384615384615
0 0.6802884615384616 0.31490384615384615 0.019230769230769232 0.036057692307692304
0 0.6766826923076923 0.23798076923076922 0.021634615384615384 0.036057692307692304
0 0.6838942307692307 0.265625 0.021634615384615384 0.03365384615384615
0 0.6947115384615384 0.21754807692307693 0.019230769230769232 0.03365384615384615
0 0.71875 0.23677884615384615 0.019230769230769232 0.03365384615384615
0 0.7055288461538461 0.2692307692307692 0.026442307692307692 0.040865384615384616
0 0.7199519230769231 0.28725961538461536 0.019230769230769232 0.036057692307692304
0 0.7403846153846154 0.28846153846153844 0.019230769230769232 0.038461538461538464
0 0.7355769230769231 0.20673076923076922 0.019230769230769232 0.036057692307692304
0 0.7536057692307693 0.20673076923076922 0.021634615384615384 0.036057692307692304
0 0.7692307692307693 0.19591346153846154 0.019230769230769232 0.03365384615384615
0 0.7932692307692307 0.19951923076923078 0.019230769230769232 0.03365384615384615
0 0.8040865384615384 0.1814903846153846 0.019230769230769232 0.028846153846153848
0 0.8197115384615384 0.17307692307692307 0.016826923076923076 0.03365384615384615
0 0.7536057692307693 0.24879807692307693 0.021634615384615384 0.040865384615384616
0 0.7752403846153846 0.25961538461538464 0.02403846153846154 0.03365384615384615
0 0.8052884615384616 0.2668269230769231 0.026442307692307692 0.036057692307692304
0 0.8245192307692307 0.24519230769230768 0.019230769230769232 0.026442307692307692
0 0.703125 0.3233173076923077 0.019230769230769232 0.03365384615384615
0 0.6826923076923077 0.34615384615384615 0.02403846153846154 0.03365384615384615
0 0.7103365384615384 0.35336538461538464 0.02403846153846154 0.03365384615384615
0 0.7259615384615384 0.45072115384615385 0.02403846153846154 0.028846153846153848
0 0.7319711538461539 0.41466346153846156 0.019230769230769232 0.02403846153846154
0 0.7007211538461539 0.4014423076923077 0.016826923076923076 0.026442307692307692
0 0.7163461538461539 0.38221153846153844 0.021634615384615384 0.028846153846153848
0 0.7391826923076923 0.3701923076923077 0.019230769230769232 0.028846153846153848
0 0.7776442307692307 0.4735576923076923 0.019230769230769232 0.03365384615384615
0 0.7608173076923077 0.43149038461538464 0.021634615384615384 0.028846153846153848
0 0.7884615384615384 0.41947115384615385 0.019230769230769232 0.028846153846153848
0 0.7896634615384616 0.38221153846153844 0.016826923076923076 0.040865384615384616
0 0.8040865384615384 0.4074519230769231 0.019230769230769232 0.026442307692307692
0 0.7872596153846154 0.33052884615384615 0.016826923076923076 0.03365384615384615
0 0.7463942307692307 0.31850961538461536 0.019230769230769232 0.03125
0 0.7620192307692307 0.3329326923076923 0.02403846153846154 0.03365384615384615
0 0.8028846153846154 0.34975961538461536 0.019230769230769232 0.040865384615384616
0 0.7596153846153846 0.5108173076923077 0.019230769230769232 0.03365384615384615
0 0.796875 0.5024038461538461 0.019230769230769232 0.03365384615384615
0 0.8064903846153846 0.5528846153846154 0.016826923076923076 0.028846153846153848
0 0.7788461538461539 0.5528846153846154 0.019230769230769232 0.038461538461538464
0 0.75 0.5480769230769231 0.019230769230769232 0.03365384615384615
0 0.78125 0.6105769230769231 0.016826923076923076 0.028846153846153848
0 0.7524038461538461 0.5961538461538461 0.019230769230769232 0.028846153846153848
0 0.7355769230769231 0.5877403846153846 0.019230769230769232 0.028846153846153848
0 0.6778846153846154 0.5661057692307693 0.021634615384615384 0.03365384615384615
0 0.7379807692307693 0.4423076923076923 0.016826923076923076 0.028846153846153848
0 0.7860576923076923 0.29447115384615385 0.021634615384615384 0.040865384615384616
0 0.6971153846153846 0.5997596153846154 0.019230769230769232 0.02403846153846154
0 0.703125 0.6165865384615384 0.019230769230769232 0.03365384615384615
0 0.71875 0.6165865384615384 0.014423076923076924 0.040865384615384616
0 0.7295673076923077 0.6298076923076923 0.014423076923076924 0.026442307692307692
0 0.7259615384615384 0.6574519230769231 0.019230769230769232 0.028846153846153848
0 0.7439903846153846 0.6538461538461539 0.021634615384615384 0.03125
0 0.765625 0.6430288461538461 0.016826923076923076 0.036057692307692304
0 0.7836538461538461 0.6466346153846154 0.016826923076923076 0.028846153846153848
0 0.8100961538461539 0.6334134615384616 0.019230769230769232 0.03365384615384615
0 0.8221153846153846 0.6334134615384616 0.014423076923076924 0.028846153846153848
0 0.8413461538461539 0.6286057692307693 0.016826923076923076 0.026442307692307692
0 0.8605769230769231 0.6358173076923077 0.019230769230769232 0.026442307692307692
0 0.8365384615384616 0.6081730769230769 0.016826923076923076 0.026442307692307692
0 0.8064903846153846 0.5853365384615384 0.019230769230769232 0.028846153846153848
0 0.8305288461538461 0.5817307692307693 0.021634615384615384 0.028846153846153848
0 0.8569711538461539 0.6033653846153846 0.019230769230769232 0.026442307692307692
0 0.8100961538461539 0.5168269230769231 0.021634615384615384 0.03365384615384615
0 0.8353365384615384 0.5084134615384616 0.019230769230769232 0.03365384615384615
0 0.8185096153846154 0.4723557692307692 0.019230769230769232 0.02403846153846154
0 0.7908653846153846 0.44591346153846156 0.02403846153846154 0.026442307692307692
0 0.8125 0.4495192307692308 0.019230769230769232 0.028846153846153848
0 0.8557692307692307 0.4495192307692308 0.019230769230769232 0.03365384615384615
0 0.8774038461538461 0.5805288461538461 0.014423076923076924 0.028846153846153848
0 0.859375 0.5528846153846154 0.019230769230769232 0.028846153846153848
0 0.8521634615384616 0.5036057692307693 0.019230769230769232 0.028846153846153848
0 0.8329326923076923 0.4110576923076923 0.019230769230769232 0.026442307692307692
0 0.8233173076923077 0.39663461538461536 0.019230769230769232 0.026442307692307692
0 0.8413461538461539 0.3786057692307692 0.016826923076923076 0.036057692307692304
0 0.8641826923076923 0.3858173076923077 0.019230769230769232 0.03365384615384615
0 0.8846153846153846 0.39783653846153844 0.016826923076923076 0.03125
0 0.8653846153846154 0.43028846153846156 0.016826923076923076 0.026442307692307692
0 0.8449519230769231 0.3233173076923077 0.019230769230769232 0.036057692307692304
0 0.8653846153846154 0.35096153846153844 0.021634615384615384 0.03365384615384615
0 0.8221153846153846 0.35336538461538464 0.019230769230769232 0.026442307692307692
0 0.8641826923076923 0.30528846153846156 0.019230769230769232 0.03365384615384615
0 0.890625 0.3161057692307692 0.016826923076923076 0.040865384615384616
0 0.8846153846153846 0.35336538461538464 0.014423076923076924 0.028846153846153848
0 0.8786057692307693 0.27884615384615385 0.019230769230769232 0.036057692307692304
0 0.8894230769230769 0.24639423076923078 0.016826923076923076 0.02403846153846154
0 0.8473557692307693 0.21394230769230768 0.016826923076923076 0.03365384615384615
0 0.8329326923076923 0.21033653846153846 0.016826923076923076 0.028846153846153848
0 0.8425480769230769 0.2512019230769231 0.016826923076923076 0.028846153846153848
0 0.828125 0.2860576923076923 0.019230769230769232 0.03365384615384615
0 0.8485576923076923 0.27884615384615385 0.019230769230769232 0.036057692307692304
0 0.5913461538461539 0.47115384615384615 0.019230769230769232 0.03125
0 0.6033653846153846 0.4963942307692308 0.021634615384615384 0.040865384615384616
0 0.18269230769230768 0.8269230769230769 0.021634615384615384 0.03365384615384615
0 0.22596153846153846 0.8233173076923077 0.028846153846153848 0.040865384615384616
0 0.20072115384615385 0.8605769230769231 0.028846153846153848 0.04326923076923077
0 0.31971153846153844 0.7512019230769231 0.02403846153846154 0.038461538461538464
0 0.30649038461538464 0.7115384615384616 0.03125 0.040865384615384616
0 0.47475961538461536 0.7427884615384616 0.02403846153846154 0.04326923076923077
0 0.5637019230769231 0.8004807692307693 0.021634615384615384 0.03365384615384615
0 0.5853365384615384 0.8076923076923077 0.02403846153846154 0.028846153846153848
0 0.5769230769230769 0.7608173076923077 0.019230769230769232 0.038461538461538464
0 0.5552884615384616 0.6959134615384616 0.021634615384615384 0.036057692307692304
0 0.5817307692307693 0.6790865384615384 0.02403846153846154 0.040865384615384616
0 0.609375 0.7055288461538461 0.02403846153846154 0.038461538461538464
0 0.6045673076923077 0.7716346153846154 0.02403846153846154 0.04326923076923077
0 0.6129807692307693 0.6754807692307693 0.019230769230769232 0.03365384615384615
0 0.6081730769230769 0.5889423076923077 0.021634615384615384 0.038461538461538464
0 0.5841346153846154 0.5336538461538461 0.026442307692307692 0.04807692307692308
0 0.6538461538461539 0.6658653846153846 0.019230769230769232 0.036057692307692304
0 0.7115384615384616 0.6959134615384616 0.019230769230769232 0.03365384615384615
0 0.6911057692307693 0.6730769230769231 0.019230769230769232 0.03365384615384615
0 0.6935096153846154 0.6382211538461539 0.019230769230769232 0.036057692307692304
0 0.6538461538461539 0.5396634615384616 0.019230769230769232 0.03125
0 0.671875 0.5168269230769231 0.021634615384615384 0.028846153846153848
0 0.7007211538461539 0.49158653846153844 0.019230769230769232 0.038461538461538464
0 0.6923076923076923 0.546875 0.019230769230769232 0.03365384615384615
0 0.8617788461538461 0.578125 0.016826923076923076 0.03125
0 0.8725961538461539 0.5372596153846154 0.014423076923076924 0.026442307692307692
0 0.8557692307692307 0.5180288461538461 0.016826923076923076 0.028846153846153848
0 0.8617788461538461 0.4951923076923077 0.016826923076923076 0.02403846153846154
0 0.8858173076923077 0.41466346153846156 0.02403846153846154 0.028846153846153848
0 0.8930288461538461 0.2704326923076923 0.016826923076923076 0.028846153846153848
0 0.7908653846153846 0.23677884615384615 0.021634615384615384 0.036057692307692304
0 0.8040865384615384 0.3016826923076923 0.019230769230769232 0.03365384615384615
0 0.7608173076923077 0.2920673076923077 0.021634615384615384 0.040865384615384616
0 0.8725961538461539 0.31850961538461536 0.016826923076923076 0.026442307692307692
0 0.859375 0.40865384615384615 0.019230769230769232 0.02403846153846154
0 0.7632211538461539 0.5649038461538461 0.016826923076923076 0.03125
0 0.7487980769230769 0.5673076923076923 0.019230769230769232 0.02403846153846154
0 0.7427884615384616 0.5072115384615384 0.019230769230769232 0.026442307692307692
0 0.2848557692307692 0.8052884615384616 0.028846153846153848 0.03365384615384615
0 0.3894230769230769 0.8185096153846154 0.02403846153846154 0.028846153846153848
0 0.37259615384615385 0.84375 0.02403846153846154 0.028846153846153848
0 0.41586538461538464 0.8016826923076923 0.026442307692307692 0.03365384615384615
0 0.6670673076923077 0.7175480769230769 0.019230769230769232 0.028846153846153848
0 0.640625 0.6983173076923077 0.019230769230769232 0.026442307692307692
0 0.7524038461538461 0.6706730769230769 0.016826923076923076 0.026442307692307692
0 0.6995192307692307 0.4483173076923077 0.016826923076923076 0.03365384615384615
0 0.7127403846153846 0.41586538461538464 0.019230769230769232 0.028846153846153848
0 0.7427884615384616 0.6334134615384616 0.016826923076923076 0.026442307692307692
0 0.7548076923076923 0.6165865384615384 0.014423076923076924 0.026442307692307692
0 0.7740384615384616 0.4951923076923077 0.016826923076923076 0.028846153846153848
0 0.7788461538461539 0.5108173076923077 0.014423076923076924 0.021634615384615384
0 0.8317307692307693 0.5504807692307693 0.016826923076923076 0.02403846153846154
0 0.8701923076923077 0.6033653846153846 0.016826923076923076 0.028846153846153848
0 0.8257211538461539 0.5204326923076923 0.019230769230769232 0.02403846153846154
0 0.796875 0.46274038461538464 0.019230769230769232 0.026442307692307692
0 0.8064903846153846 0.38221153846153844 0.014423076923076924 0.02403846153846154