0 0.3713942307692308 0.04927884615384615 0.14182692307692307 0.0985576923076923
0 0.5144230769230769 0.03245192307692308 0.18269230769230768 0.06490384615384616
0 0.7175480769230769 0.03245192307692308 0.24519230769230768 0.06490384615384616
0 0.8737980769230769 0.037259615384615384 0.10336538461538461 0.07451923076923077
0 0.21875 0.23197115384615385 0.15865384615384615 0.15865384615384615
0 0.46153846153846156 0.04447115384615385 0.11538461538461539 0.0889423076923077
0 0.34375 0.042067307692307696 0.11538461538461539 0.08413461538461539
0 0.33774038461538464 0.027644230769230768 0.17548076923076922 0.055288461538461536
0 0.18509615384615385 0.027644230769230768 0.15865384615384615 0.055288461538461536
0 0.11057692307692307 0.016826923076923076 0.057692307692307696 0.03365384615384615
0 0.2620192307692308 0.03245192307692308 0.08653846153846154 0.06490384615384616
0 0.0733173076923077 0.03125 0.0889423076923077 0.0625
0 0.04326923076923077 0.02403846153846154 0.08653846153846154 0.04807692307692308
0 0.07692307692307693 0.036057692307692304 0.10096153846153846 0.07211538461538461
0 0.2127403846153846 0.02403846153846154 0.20432692307692307 0.04807692307692308
0 0.49759615384615385 0.03245192307692308 0.14423076923076922 0.06490384615384616
0 0.5132211538461539 0.027644230769230768 0.1466346153846154 0.055288461538461536
0 0.6129807692307693 0.04807692307692308 0.1778846153846154 0.09615384615384616
0 0.7848557692307693 0.036057692307692304 0.0889423076923077 0.07211538461538461
0 0.6947115384615384 0.037259615384615384 0.10096153846153846 0.07451923076923077
0 0.6153846153846154 0.03125 0.18269230769230768 0.0625
0 0.9362980769230769 0.037259615384615384 0.0985576923076923 0.07451923076923077
0 0.9194711538461539 0.03245192307692308 0.09375 0.06490384615384616
0 0.9567307692307693 0.028846153846153848 0.07211538461538461 0.057692307692307696
0 0.9663461538461539 0.025240384615384616 0.0625 0.05048076923076923
0 0.9615384615384616 0.09014423076923077 0.07692307692307693 0.08653846153846154
0 0.9675480769230769 0.18629807692307693 0.06490384615384616 0.10576923076923077
0 0.5228365384615384 0.25600961538461536 0.12740384615384615 0.125
0 0.7379807692307693 0.2283653846153846 0.15865384615384615 0.1201923076923077
0 0.9399038461538461 0.2620192307692308 0.1201923076923077 0.12740384615384615
0 0.9519230769230769 0.3786057692307692 0.09615384615384616 0.1201923076923077
0 0.9579326923076923 0.39783653846153844 0.08413461538461539 0.08653846153846154
0 0.9543269230769231 0.5096153846153846 0.09134615384615384 0.10817307692307693
0 0.8161057692307693 0.6298076923076923 0.13221153846153846 0.09134615384615384
0 0.71875 0.5228365384615384 0.12980769230769232 0.125
0 0.4362980769230769 0.40625 0.16105769230769232 0.14903846153846154
0 0.8425480769230769 0.3737980769230769 0.11778846153846154 0.11778846153846154
0 0.796875 0.7307692307692307 0.19951923076923078 0.09615384615384616
0 0.9615384615384616 0.6911057692307693 0.07692307692307693 0.08653846153846154
0 0.9567307692307693 0.8269230769230769 0.08653846153846154 0.09375
0 0.9699519230769231 0.8389423076923077 0.06009615384615385 0.11298076923076923
0 0.36899038461538464 0.037259615384615384 0.10336538461538461 0.07451923076923077
0 0.30288461538461536 0.07572115384615384 0.13942307692307693 0.13942307692307693
0 0.09254807692307693 0.025240384615384616 0.15625 0.05048076923076923
0 0.7391826923076923 0.8329326923076923 0.11538461538461539 0.0889423076923077
0 0.890625 0.8233173076923077 0.11057692307692307 0.06971153846153846
0 0.8774038461538461 0.9639423076923077 0.09615384615384616 0.0625
0 0.5697115384615384 0.9651442307692307 0.13942307692307693 0.0625
0 0.9723557692307693 0.6586538461538461 0.055288461538461536 0.12259615384615384
0 0.9579326923076923 0.8461538461538461 0.08413461538461539 0.08413461538461539