0 0.015625 0.5913461538461539 0.03125 0.057692307692307696
0 0.06610576923076923 0.5721153846153846 0.04326923076923077 0.057692307692307696
0 0.04927884615384615 0.6646634615384616 0.040865384615384616 0.0625
0 0.015625 0.6730769230769231 0.03125 0.04326923076923077
0 0.1141826923076923 0.4579326923076923 0.04326923076923077 0.06490384615384616
0 0.11298076923076923 0.6478365384615384 0.06009615384615385 0.07451923076923077
0 0.17548076923076922 0.3954326923076923 0.04807692307692308 0.06490384615384616
0 0.28365384615384615 0.4098557692307692 0.04326923076923077 0.055288461538461536
0 0.2692307692307692 0.49158653846153844 0.04807692307692308 0.06971153846153846
0 0.21995192307692307 0.4338942307692308 0.04567307692307692 0.06009615384615385
0 0.234375 0.5300480769230769 0.04326923076923077 0.0625
0 0.17908653846153846 0.6057692307692307 0.04326923076923077 0.06009615384615385
0 0.24879807692307693 0.6286057692307693 0.038461538461538464 0.05048076923076923
0 0.19591346153846154 0.703125 0.036057692307692304 0.055288461538461536
0 0.15985576923076922 0.6598557692307693 0.036057692307692304 0.04326923076923077
0 0.16105769230769232 0.734375 0.038461538461538464 0.0673076923076923
0 0.0829326923076923 0.7235576923076923 0.05048076923076923 0.04567307692307692
0 0.36658653846153844 0.31490384615384615 0.04807692307692308 0.07211538461538461
0 0.32572115384615385 0.4375 0.040865384615384616 0.06971153846153846
0 0.37740384615384615 0.4206730769230769 0.04807692307692308 0.0625
0 0.4026442307692308 0.47836538461538464 0.04567307692307692 0.04326923076923077
0 0.3485576923076923 0.5012019230769231 0.040865384615384616 0.052884615384615384
0 0.30408653846153844 0.5432692307692307 0.04326923076923077 0.05048076923076923
0 0.30528846153846156 0.6141826923076923 0.038461538461538464 0.04807692307692308
0 0.359375 0.6081730769230769 0.03125 0.055288461538461536
0 0.3942307692307692 0.5805288461538461 0.036057692307692304 0.0625
0 0.3713942307692308 0.6622596153846154 0.038461538461538464 0.038461538461538464
0 0.3269230769230769 0.6490384615384616 0.03365384615384615 0.04326923076923077
0 0.31009615384615385 0.7019230769230769 0.036057692307692304 0.038461538461538464
0 0.265625 0.7175480769230769 0.03125 0.038461538461538464
0 0.4423076923076923 0.7211538461538461 0.04567307692307692 0.05048076923076923
0 0.4254807692307692 0.37740384615384615 0.040865384615384616 0.07451923076923077
0 0.46033653846153844 0.33653846153846156 0.038461538461538464 0.0673076923076923
0 0.5024038461538461 0.33413461538461536 0.03365384615384615 0.06971153846153846
0 0.546875 0.3701923076923077 0.038461538461538464 0.06009615384615385
0 0.5889423076923077 0.37740384615384615 0.038461538461538464 0.06490384615384616
0 0.6502403846153846 0.36177884615384615 0.03125 0.0625
0 0.7175480769230769 0.36899038461538464 0.05048076923076923 0.07211538461538461
0 0.4831730769230769 0.4014423076923077 0.04567307692307692 0.057692307692307696
0 0.4891826923076923 0.4675480769230769 0.036057692307692304 0.06490384615384616
0 0.46033653846153844 0.5444711538461539 0.04567307692307692 0.06490384615384616
0 0.47475961538461536 0.625 0.03365384615384615 0.04326923076923077
0 0.5252403846153846 0.5240384615384616 0.028846153846153848 0.06971153846153846
0 0.5336538461538461 0.4423076923076923 0.040865384615384616 0.0673076923076923
0 0.5745192307692307 0.5036057692307693 0.03365384615384615 0.055288461538461536
0 0.5877403846153846 0.44350961538461536 0.03365384615384615 0.06009615384615385
0 0.6334134615384616 0.4254807692307692 0.036057692307692304 0.06009615384615385
0 0.625 0.5540865384615384 0.03365384615384615 0.07932692307692307
0 0.5853365384615384 0.5733173076923077 0.04326923076923077 0.057692307692307696
0 0.5300480769230769 0.6634615384615384 0.036057692307692304 0.055288461538461536
0 0.5673076923076923 0.6382211538461539 0.036057692307692304 0.052884615384615384
0 0.59375 0.7139423076923077 0.03365384615384615 0.05048076923076923
0 0.7091346153846154 0.48677884615384615 0.038461538461538464 0.06009615384615385
0 0.6586538461538461 0.5096153846153846 0.036057692307692304 0.06971153846153846
0 0.7548076923076923 0.5877403846153846 0.04807692307692308 0.05048076923076923
0 0.7367788461538461 0.5204326923076923 0.03365384615384615 0.04807692307692308
0 0.7007211538461539 0.5552884615384616 0.038461538461538464 0.04807692307692308
0 0.6646634615384616 0.5793269230769231 0.038461538461538464 0.055288461538461536
0 0.2548076923076923 0.7932692307692307 0.040865384615384616 0.05048076923076923
0 0.234375 0.7331730769230769 0.038461538461538464 0.05048076923076923
0 0.4026442307692308 0.6935096153846154 0.03365384615384615 0.055288461538461536
0 0.7199519230769231 0.20192307692307693 0.038461538461538464 0.052884615384615384
0 0.7536057692307693 0.15865384615384615 0.038461538461538464 0.04567307692307692
0 0.7884615384615384 0.12980769230769232 0.036057692307692304 0.04807692307692308
0 0.8149038461538461 0.1045673076923077 0.036057692307692304 0.040865384615384616
0 0.8485576923076923 0.08653846153846154 0.021634615384615384 0.055288461538461536
0 0.9026442307692307 0.07692307692307693 0.03125 0.04567307692307692
0 0.8737980769230769 0.11057692307692307 0.03125 0.06490384615384616
0 0.9266826923076923 0.08413461538461539 0.02403846153846154 0.052884615384615384
0 0.9831730769230769 0.09735576923076923 0.026442307692307692 0.04326923076923077
0 0.9555288461538461 0.08413461538461539 0.021634615384615384 0.04807692307692308
0 0.7403846153846154 0.28966346153846156 0.03125 0.055288461538461536
0 0.7536057692307693 0.21634615384615385 0.019230769230769232 0.04807692307692308
0 0.7800480769230769 0.22235576923076922 0.02403846153846154 0.06009615384615385
0 0.8137019230769231 0.2091346153846154 0.021634615384615384 0.055288461538461536
0 0.84375 0.2247596153846154 0.028846153846153848 0.055288461538461536
0 0.8990384615384616 0.19831730769230768 0.021634615384615384 0.0625
0 0.9519230769230769 0.16947115384615385 0.028846153846153848 0.04807692307692308
0 0.921875 0.1466346153846154 0.03125 0.04567307692307692
0 0.8004807692307693 0.30649038461538464 0.03365384615384615 0.055288461538461536
0 0.8545673076923077 0.27163461538461536 0.028846153846153848 0.05048076923076923
0 0.9507211538461539 0.3389423076923077 0.028846153846153848 0.057692307692307696
0 0.9050480769230769 0.24639423076923078 0.026442307692307692 0.03365384615384615
0 0.9615384615384616 0.2247596153846154 0.02403846153846154 0.055288461538461536
0 0.9771634615384616 0.2956730769230769 0.028846153846153848 0.055288461538461536
0 0.953125 0.2776442307692308 0.026442307692307692 0.04807692307692308
0 0.9447115384615384 0.39302884615384615 0.03125 0.04326923076923077
0 0.8557692307692307 0.40865384615384615 0.03365384615384615 0.040865384615384616
0 0.8737980769230769 0.36658653846153844 0.02403846153846154 0.055288461538461536
0 0.8341346153846154 0.3293269230769231 0.02403846153846154 0.040865384615384616
0 0.8028846153846154 0.41346153846153844 0.028846153846153848 0.05048076923076923
0 0.7740384615384616 0.35096153846153844 0.03125 0.04326923076923077
0 0.7800480769230769 0.5384615384615384 0.03365384615384615 0.040865384615384616
0 0.8689903846153846 0.47596153846153844 0.03365384615384615 0.055288461538461536
0 0.9194711538461539 0.46033653846153844 0.03125 0.05048076923076923
0 0.953125 0.578125 0.03125 0.040865384615384616
0 0.9086538461538461 0.640625 0.026442307692307692 0.04326923076923077
0 0.7752403846153846 0.6766826923076923 0.036057692307692304 0.03365384615384615
0 0.7007211538461539 0.6033653846153846 0.03125 0.057692307692307696
0 0.7079326923076923 0.6550480769230769 0.03365384615384615 0.038461538461538464
0 0.7427884615384616 0.42908653846153844 0.038461538461538464 0.04807692307692308
0 0.8076923076923077 0.71875 0.019230769230769232 0.04326923076923077
0 0.8329326923076923 0.7415865384615384 0.028846153846153848 0.036057692307692304
0 0.8870192307692307 0.6742788461538461 0.021634615384615384 0.038461538461538464
0 0.9423076923076923 0.6826923076923077 0.019230769230769232 0.04326923076923077
0 0.9795673076923077 0.6213942307692307 0.026442307692307692 0.04326923076923077
0 0.8125 0.6610576923076923 0.02403846153846154 0.040865384615384616
0 0.8737980769230769 0.6141826923076923 0.021634615384615384 0.03365384615384615
0 0.8810096153846154 0.5420673076923077 0.02403846153846154 0.038461538461538464
0 0.90625 0.4014423076923077 0.02403846153846154 0.040865384615384616