0 0.5096153846153846 0.9735576923076923 0.19230769230769232 0.052884615384615384
0 0.26802884615384615 0.9723557692307693 0.1658653846153846 0.055288461538461536
0 0.15625 0.9639423076923077 0.10096153846153846 0.07211538461538461
0 0.03485576923076923 0.9747596153846154 0.06971153846153846 0.05048076923076923
0 0.3401442307692308 0.9759615384615384 0.16105769230769232 0.04807692307692308
0 0.3641826923076923 0.9543269230769231 0.12740384615384615 0.09134615384615384
0 0.10096153846153846 0.9519230769230769 0.125 0.09615384615384616
0 0.07692307692307693 0.9591346153846154 0.10576923076923077 0.08173076923076923
0 0.18028846153846154 0.9663461538461539 0.13942307692307693 0.0673076923076923
0 0.19591346153846154 0.9507211538461539 0.13701923076923078 0.0985576923076923
0 0.06009615384615385 0.9567307692307693 0.1201923076923077 0.08653846153846154
0 0.5180288461538461 0.9591346153846154 0.11298076923076923 0.08173076923076923
0 0.47596153846153844 0.9567307692307693 0.11057692307692307 0.08653846153846154
0 0.6790865384615384 0.9579326923076923 0.11298076923076923 0.08413461538461539
0 0.6610576923076923 0.9807692307692307 0.15865384615384615 0.038461538461538464
0 0.7596153846153846 0.9747596153846154 0.19230769230769232 0.05048076923076923
0 0.7644230769230769 0.9759615384615384 0.18269230769230768 0.04807692307692308
0 0.9567307692307693 0.9663461538461539 0.07692307692307693 0.0673076923076923
0 0.8269230769230769 0.9639423076923077 0.18269230769230768 0.07211538461538461
0 0.9375 0.9627403846153846 0.125 0.07451923076923077
0 0.9591346153846154 0.96875 0.07211538461538461 0.0625
0 0.9579326923076923 0.9759615384615384 0.08413461538461539 0.04807692307692308
0 0.9615384615384616 0.9675480769230769 0.07211538461538461 0.06490384615384616
0 0.9579326923076923 0.96875 0.08413461538461539 0.0625
0 0.953125 0.9675480769230769 0.07451923076923077 0.06490384615384616
0 0.21514423076923078 0.9519230769230769 0.13701923076923078 0.09615384615384616
0 0.32091346153846156 0.9555288461538461 0.11778846153846154 0.0889423076923077
0 0.43990384615384615 0.9735576923076923 0.1778846153846154 0.052884615384615384
0 0.5540865384615384 0.9711538461538461 0.1658653846153846 0.057692307692307696
0 0.4675480769230769 0.9675480769230769 0.1658653846153846 0.06490384615384616
0 0.3125 0.9675480769230769 0.14423076923076922 0.06490384615384616
0 0.20552884615384615 0.9543269230769231 0.12259615384615384 0.09134615384615384
0 0.09134615384615384 0.9603365384615384 0.11538461538461539 0.07932692307692307
0 0.35697115384615385 0.9603365384615384 0.10336538461538461 0.07932692307692307
0 0.6274038461538461 0.9603365384615384 0.10576923076923077 0.07932692307692307
0 0.7211538461538461 0.9555288461538461 0.11538461538461539 0.0889423076923077
0 0.6262019230769231 0.9711538461538461 0.16105769230769232 0.057692307692307696
0 0.49038461538461536 0.96875 0.18269230769230768 0.0625
0 0.2692307692307692 0.9711538461538461 0.16346153846153846 0.057692307692307696
0 0.12740384615384615 0.9603365384615384 0.09134615384615384 0.07932692307692307
0 0.1935096153846154 0.9591346153846154 0.11298076923076923 0.08173076923076923
0 0.08653846153846154 0.9711538461538461 0.13942307692307693 0.057692307692307696
0 0.5961538461538461 0.9615384615384616 0.10096153846153846 0.07692307692307693
0 0.4206730769230769 0.9639423076923077 0.09134615384615384 0.07211538461538461
0 0.140625 0.9615384615384616 0.10336538461538461 0.07692307692307693
0 0.8137019230769231 0.9615384615384616 0.10817307692307693 0.07692307692307693
0 0.9086538461538461 0.9615384615384616 0.11057692307692307 0.07692307692307693
0 0.7211538461538461 0.9567307692307693 0.125 0.08653846153846154
0 0.5757211538461539 0.9639423076923077 0.09375 0.07211538461538461
0 0.36899038461538464 0.9651442307692307 0.09375 0.06971153846153846
0 0.46875 0.9651442307692307 0.09134615384615384 0.06971153846153846
0 0.8004807692307693 0.9759615384615384 0.16826923076923078 0.04807692307692308
0 0.9471153846153846 0.9759615384615384 0.10576923076923077 0.04807692307692308
0 0.9603365384615384 0.9747596153846154 0.07932692307692307 0.05048076923076923
0 0.8762019230769231 0.9651442307692307 0.0985576923076923 0.06971153846153846
0 0.7247596153846154 0.9771634615384616 0.13942307692307693 0.04567307692307692
0 0.7283653846153846 0.9579326923076923 0.11057692307692307 0.08413461538461539
0 0.6286057692307693 0.9627403846153846 0.10336538461538461 0.07451923076923077
0 0.5612980769230769 0.9723557692307693 0.07932692307692307 0.055288461538461536
0 0.4519230769230769 0.9699519230769231 0.08173076923076923 0.06009615384615385
0 0.29447115384615385 0.9771634615384616 0.11057692307692307 0.04567307692307692
0 0.15384615384615385 0.9699519230769231 0.08173076923076923 0.06009615384615385
0 0.7860576923076923 0.9699519230769231 0.08653846153846154 0.06009615384615385
0 0.9302884615384616 0.9759615384615384 0.13942307692307693 0.04807692307692308
0 0.9639423076923077 0.9783653846153846 0.052884615384615384 0.04326923076923077
0 0.5552884615384616 0.9819711538461539 0.1201923076923077 0.036057692307692304
0 0.6766826923076923 0.96875 0.08413461538461539 0.0625
0 0.24519230769230768 0.9819711538461539 0.11057692307692307 0.036057692307692304
0 0.03125 0.9759615384615384 0.052884615384615384 0.04807692307692308
0 0.37259615384615385 0.9675480769230769 0.15384615384615385 0.06490384615384616
0 0.5096153846153846 0.9711538461538461 0.08173076923076923 0.057692307692307696
0 0.6742788461538461 0.96875 0.0889423076923077 0.0625
0 0.7836538461538461 0.9651442307692307 0.09134615384615384 0.06971153846153846
0 0.9206730769230769 0.9807692307692307 0.13942307692307693 0.038461538461538464
0 0.9639423076923077 0.9735576923076923 0.0625 0.052884615384615384
0 0.9627403846153846 0.9747596153846154 0.06009615384615385 0.05048076923076923
0 0.6057692307692307 0.9795673076923077 0.12980769230769232 0.040865384615384616
0 0.5348557692307693 0.9170673076923077 0.10336538461538461 0.10336538461538461
0 0.9423076923076923 0.9819711538461539 0.11538461538461539 0.036057692307692304
0 0.9651442307692307 0.9759615384615384 0.06971153846153846 0.04807692307692308
0 0.9651442307692307 0.9759615384615384 0.055288461538461536 0.04807692307692308
0 0.96875 0.9771634615384616 0.052884615384615384 0.04567307692307692
0 0.9675480769230769 0.9759615384615384 0.055288461538461536 0.04807692307692308
0 0.96875 0.9615384615384616 0.0625 0.0673076923076923
0 0.9615384615384616 0.8870192307692307 0.07692307692307693 0.08653846153846154
0 0.9663461538461539 0.8257211538461539 0.0673076923076923 0.07451923076923077
0 0.9675480769230769 0.7596153846153846 0.06490384615384616 0.07692307692307693
0 0.9675480769230769 0.7091346153846154 0.06490384615384616 0.08173076923076923
0 0.9651442307692307 0.6286057692307693 0.06971153846153846 0.07451923076923077
0 0.96875 0.5805288461538461 0.0625 0.06490384615384616
0 0.9675480769230769 0.5252403846153846 0.0625 0.06490384615384616
0 0.9723557692307693 0.3016826923076923 0.055288461538461536 0.07211538461538461
0 0.9747596153846154 0.22235576923076922 0.05048076923076923 0.06009615384615385
0 0.9795673076923077 0.18028846153846154 0.040865384615384616 0.07211538461538461
0 0.9819711538461539 0.1778846153846154 0.036057692307692304 0.0625
0 0.9795673076923077 0.21394230769230768 0.040865384615384616 0.04807692307692308
0 0.9759615384615384 0.17908653846153846 0.04807692307692308 0.05048076923076923
0 0.9699519230769231 0.12620192307692307 0.06009615384615385 0.06009615384615385
0 0.9771634615384616 0.10096153846153846 0.04567307692307692 0.08653846153846154
0 0.9771634615384616 0.1141826923076923 0.04567307692307692 0.08413461538461539
0 0.9771634615384616 0.027644230769230768 0.04567307692307692 0.05048076923076923
0 0.9795673076923077 0.04447115384615385 0.040865384615384616 0.06009615384615385
0 0.9771634615384616 0.0733173076923077 0.04567307692307692 0.055288461538461536
0 0.9771634615384616 0.12980769230769232 0.04567307692307692 0.052884615384615384
0 0.9711538461538461 0.31850961538461536 0.057692307692307696 0.06009615384615385
0 0.9711538461538461 0.3870192307692308 0.057692307692307696 0.0625
0 0.9699519230769231 0.42427884615384615 0.06009615384615385 0.08413461538461539
0 0.9723557692307693 0.4519230769230769 0.055288461538461536 0.08653846153846154
0 0.9675480769230769 0.42908653846153844 0.06490384615384616 0.06971153846153846
0 0.9747596153846154 0.48197115384615385 0.05048076923076923 0.06971153846153846
0 0.9675480769230769 0.5120192307692307 0.06490384615384616 0.07211538461538461
0 0.9651442307692307 0.6838942307692307 0.06971153846153846 0.07451923076923077
0 0.9651442307692307 0.7560096153846154 0.06971153846153846 0.07451923076923077
0 0.9675480769230769 0.7980769230769231 0.06490384615384616 0.08653846153846154
0 0.9675480769230769 0.9278846153846154 0.06490384615384616 0.08653846153846154
0 0.9651442307692307 0.9759615384615384 0.06971153846153846 0.04807692307692308
0 0.9639423076923077 0.9399038461538461 0.07211538461538461 0.08173076923076923
0 0.9663461538461539 0.9771634615384616 0.052884615384615384 0.04567307692307692
0 0.9651442307692307 0.9759615384615384 0.055288461538461536 0.04807692307692308
0 0.96875 0.9771634615384616 0.052884615384615384 0.04567307692307692
0 0.9651442307692307 0.9819711538461539 0.06971153846153846 0.036057692307692304
0 0.96875 0.9771634615384616 0.052884615384615384 0.04567307692307692
0 0.9627403846153846 0.9459134615384616 0.07451923076923077 0.08653846153846154
0 0.9675480769230769 0.9050480769230769 0.06490384615384616 0.0889423076923077
0 0.9651442307692307 0.7848557692307693 0.06971153846153846 0.08413461538461539
0 0.9651442307692307 0.6466346153846154 0.06971153846153846 0.08653846153846154
0 0.9627403846153846 0.5841346153846154 0.06971153846153846 0.07211538461538461
0 0.9651442307692307 0.5072115384615384 0.06971153846153846 0.07692307692307693
0 0.9651442307692307 0.45913461538461536 0.06971153846153846 0.07692307692307693
0 0.9699519230769231 0.3894230769230769 0.06009615384615385 0.07692307692307693
0 0.9651442307692307 0.28966346153846156 0.06971153846153846 0.06971153846153846
0 0.9723557692307693 0.31850961538461536 0.055288461538461536 0.07211538461538461
0 0.9699519230769231 0.3161057692307692 0.06009615384615385 0.07932692307692307
0 0.9699519230769231 0.39903846153846156 0.06009615384615385 0.0625
0 0.9699519230769231 0.4639423076923077 0.06009615384615385 0.0673076923076923
0 0.9675480769230769 0.5324519230769231 0.06490384615384616 0.06490384615384616
0 0.9675480769230769 0.5961538461538461 0.06490384615384616 0.0673076923076923
0 0.9663461538461539 0.6478365384615384 0.0673076923076923 0.06971153846153846
0 0.9675480769230769 0.6442307692307693 0.06490384615384616 0.0673076923076923
0 0.9699519230769231 0.7331730769230769 0.06009615384615385 0.08173076923076923
0 0.9651442307692307 0.8353365384615384 0.06971153846153846 0.07932692307692307
0 0.9675480769230769 0.8689903846153846 0.06490384615384616 0.06971153846153846
0 0.9651442307692307 0.7463942307692307 0.06971153846153846 0.07451923076923077
0 0.9651442307692307 0.6983173076923077 0.06971153846153846 0.07451923076923077
0 0.9651442307692307 0.6430288461538461 0.06971153846153846 0.08413461538461539
0 0.9603365384615384 0.9819711538461539 0.07932692307692307 0.036057692307692304
0 0.9699519230769231 0.8353365384615384 0.06009615384615385 0.09375
0 0.9639423076923077 0.7512019230769231 0.07211538461538461 0.07451923076923077
0 0.9699519230769231 0.5961538461538461 0.06009615384615385 0.08653846153846154
0 0.9675480769230769 0.7896634615384616 0.06490384615384616 0.06490384615384616
0 0.6814903846153846 0.9170673076923077 0.12259615384615384 0.07692307692307693
0 0.7620192307692307 0.8533653846153846 0.11538461538461539 0.0673076923076923
0 0.8233173076923077 0.6802884615384616 0.09375 0.09615384615384616
0 0.9134615384615384 0.5817307692307693 0.10096153846153846 0.10096153846153846
0 0.7620192307692307 0.578125 0.09615384615384616 0.09375
0 0.9338942307692307 0.5012019230769231 0.10817307692307693 0.07451923076923077
0 0.9675480769230769 0.4951923076923077 0.06490384615384616 0.0673076923076923
0 0.9675480769230769 0.4254807692307692 0.06490384615384616 0.07211538461538461
0 0.9699519230769231 0.5300480769230769 0.06009615384615385 0.06009615384615385
0 0.9651442307692307 0.5588942307692307 0.06971153846153846 0.06971153846153846
0 0.9651442307692307 0.6189903846153846 0.06971153846153846 0.06971153846153846
0 0.9675480769230769 0.43149038461538464 0.06490384615384616 0.06971153846153846
0 0.8641826923076923 0.41586538461538464 0.0985576923076923 0.10096153846153846
0 0.765625 0.47475961538461536 0.10336538461538461 0.10096153846153846
0 0.6057692307692307 0.7608173076923077 0.125 0.08413461538461539
0 0.7355769230769231 0.7992788461538461 0.10096153846153846 0.0985576923076923
0 0.6358173076923077 0.8485576923076923 0.0985576923076923 0.09615384615384616
0 0.9579326923076923 0.7331730769230769 0.07932692307692307 0.07692307692307693
0 0.8774038461538461 0.7704326923076923 0.10576923076923077 0.08653846153846154
0 0.8365384615384616 0.9519230769230769 0.10576923076923077 0.09615384615384616
0 0.96875 0.48677884615384615 0.0625 0.06490384615384616
0 0.9723557692307693 0.9795673076923077 0.055288461538461536 0.040865384615384616
0 0.9711538461538461 0.9783653846153846 0.04807692307692308 0.04326923076923077