0 0.010817307692307692 0.3329326923076923 0.021634615384615384 0.026442307692307692
0 0.019230769230769232 0.26322115384615385 0.03365384615384615 0.03125
0 0.12139423076923077 0.28125 0.036057692307692304 0.036057692307692304
0 0.06610576923076923 0.28846153846153844 0.03125 0.03365384615384615
0 0.04567307692307692 0.2704326923076923 0.02403846153846154 0.026442307692307692
0 0.014423076923076924 0.1971153846153846 0.019230769230769232 0.02403846153846154
0 0.04567307692307692 0.1814903846153846 0.028846153846153848 0.026442307692307692
0 0.16346153846153846 0.21754807692307693 0.03365384615384615 0.028846153846153848
0 0.12620192307692307 0.20793269230769232 0.02403846153846154 0.02403846153846154
0 0.21875 0.24278846153846154 0.04326923076923077 0.040865384615384616
0 0.1971153846153846 0.16706730769230768 0.038461538461538464 0.038461538461538464
0 0.2536057692307692 0.34615384615384615 0.04567307692307692 0.04567307692307692
0 0.29086538461538464 0.34375 0.03365384615384615 0.036057692307692304
0 0.25841346153846156 0.20192307692307693 0.03365384615384615 0.04567307692307692
0 0.296875 0.25240384615384615 0.03125 0.038461538461538464
0 0.30528846153846156 0.3894230769230769 0.03365384615384615 0.036057692307692304
0 0.36778846153846156 0.3485576923076923 0.03365384615384615 0.03365384615384615
0 0.3425480769230769 0.32091346153846156 0.040865384615384616 0.040865384615384616
0 0.3449519230769231 0.25240384615384615 0.036057692307692304 0.03365384615384615
0 0.37259615384615385 0.4182692307692308 0.038461538461538464 0.038461538461538464
0 0.4254807692307692 0.5168269230769231 0.04326923076923077 0.04326923076923077
0 0.4362980769230769 0.4362980769230769 0.036057692307692304 0.036057692307692304
0 0.40384615384615385 0.41346153846153844 0.03365384615384615 0.03365384615384615
0 0.39302884615384615 0.3293269230769231 0.036057692307692304 0.03365384615384615
0 0.39302884615384615 0.28125 0.03365384615384615 0.028846153846153848
0 0.5048076923076923 0.23557692307692307 0.038461538461538464 0.04807692307692308
0 0.359375 0.18990384615384615 0.026442307692307692 0.038461538461538464
0 0.3954326923076923 0.21754807692307693 0.036057692307692304 0.036057692307692304
0 0.4338942307692308 0.296875 0.03365384615384615 0.05048076923076923
0 0.46153846153846156 0.4026442307692308 0.03365384615384615 0.04567307692307692
0 0.4723557692307692 0.4735576923076923 0.03365384615384615 0.04326923076923077
0 0.2800480769230769 0.15144230769230768 0.03125 0.04807692307692308
0 0.5048076923076923 0.3701923076923077 0.028846153846153848 0.04807692307692308
0 0.5024038461538461 0.515625 0.03365384615384615 0.036057692307692304
0 0.5204326923076923 0.43028846153846156 0.02403846153846154 0.05048076923076923
0 0.5576923076923077 0.5132211538461539 0.038461538461538464 0.038461538461538464
0 0.5516826923076923 0.45913461538461536 0.02403846153846154 0.05048076923076923
0 0.5504807692307693 0.4050480769230769 0.02403846153846154 0.038461538461538464
0 0.5420673076923077 0.3605769230769231 0.03365384615384615 0.036057692307692304
0 0.5913461538461539 0.5168269230769231 0.028846153846153848 0.038461538461538464
0 0.5841346153846154 0.42788461538461536 0.02403846153846154 0.04567307692307692
0 0.6262019230769231 0.5012019230769231 0.036057692307692304 0.038461538461538464
0 0.6237980769230769 0.5504807692307693 0.028846153846153848 0.04567307692307692
0 0.6754807692307693 0.5564903846153846 0.03365384615384615 0.03365384615384615
0 0.6778846153846154 0.47596153846153844 0.038461538461538464 0.036057692307692304
0 0.6394230769230769 0.4495192307692308 0.02403846153846154 0.040865384615384616
0 0.6213942307692307 0.40384615384615385 0.02403846153846154 0.036057692307692304
0 0.5973557692307693 0.375 0.021634615384615384 0.040865384615384616
0 0.5829326923076923 0.3269230769230769 0.03125 0.03125
0 0.5600961538461539 0.29927884615384615 0.02403846153846154 0.04807692307692308
0 0.5180288461538461 0.3125 0.03125 0.03125
0 0.6730769230769231 0.4206730769230769 0.03365384615384615 0.03125
0 0.7163461538461539 0.41466346153846156 0.028846153846153848 0.04807692307692308
0 0.6574519230769231 0.7079326923076923 0.036057692307692304 0.03365384615384615
0 0.6802884615384616 0.7439903846153846 0.03365384615384615 0.03365384615384615
0 0.7247596153846154 0.7956730769230769 0.021634615384615384 0.04326923076923077
0 0.6995192307692307 0.7788461538461539 0.019230769230769232 0.03125
0 0.7403846153846154 0.8221153846153846 0.019230769230769232 0.03365384615384615
0 0.7632211538461539 0.8052884615384616 0.026442307692307692 0.028846153846153848
0 0.7800480769230769 0.8401442307692307 0.026442307692307692 0.026442307692307692
0 0.7992788461538461 0.8365384615384616 0.026442307692307692 0.028846153846153848
0 0.8377403846153846 0.8461538461538461 0.02403846153846154 0.03365384615384615
0 0.8161057692307693 0.8485576923076923 0.016826923076923076 0.03365384615384615
0 0.6766826923076923 0.6490384615384616 0.021634615384615384 0.040865384615384616
0 0.6802884615384616 0.7091346153846154 0.014423076923076924 0.036057692307692304
0 0.7019230769230769 0.7115384615384616 0.019230769230769232 0.036057692307692304
0 0.7223557692307693 0.7247596153846154 0.021634615384615384 0.038461538461538464
0 0.7475961538461539 0.7235576923076923 0.019230769230769232 0.04326923076923077
0 0.7211538461538461 0.6502403846153846 0.028846153846153848 0.03365384615384615
0 0.7884615384615384 0.7560096153846154 0.028846153846153848 0.03125
0 0.8305288461538461 0.6646634615384616 0.026442307692307692 0.026442307692307692
0 0.8040865384615384 0.6117788461538461 0.03125 0.03125
0 0.7704326923076923 0.5877403846153846 0.021634615384615384 0.03125
0 0.7283653846153846 0.5769230769230769 0.019230769230769232 0.03365384615384615
0 0.7560096153846154 0.6875 0.021634615384615384 0.038461538461538464
0 0.8509615384615384 0.6959134615384616 0.028846153846153848 0.03125
0 0.8713942307692307 0.6478365384615384 0.021634615384615384 0.03125
0 0.8365384615384616 0.6225961538461539 0.028846153846153848 0.028846153846153848
0 0.8040865384615384 0.5300480769230769 0.016826923076923076 0.026442307692307692
0 0.7788461538461539 0.5384615384615384 0.02403846153846154 0.028846153846153848
0 0.7211538461538461 0.4699519230769231 0.019230769230769232 0.028846153846153848
0 0.7536057692307693 0.34134615384615385 0.021634615384615384 0.04326923076923077
0 0.8509615384615384 0.49278846153846156 0.028846153846153848 0.028846153846153848
0 0.8509615384615384 0.41947115384615385 0.019230769230769232 0.02403846153846154
0 0.8269230769230769 0.43028846153846156 0.028846153846153848 0.028846153846153848
0 0.890625 0.7223557692307693 0.016826923076923076 0.05048076923076923
0 0.8317307692307693 0.7512019230769231 0.02403846153846154 0.036057692307692304
0 0.8233173076923077 0.7896634615384616 0.021634615384615384 0.04567307692307692
0 0.8713942307692307 0.8052884615384616 0.021634615384615384 0.03365384615384615
0 0.9110576923076923 0.7524038461538461 0.019230769230769232 0.04326923076923077
0 0.9326923076923077 0.6466346153846154 0.038461538461538464 0.036057692307692304
0 0.8425480769230769 0.5456730769230769 0.026442307692307692 0.02403846153846154
0 0.8197115384615384 0.5685096153846154 0.02403846153846154 0.026442307692307692
0 0.9639423076923077 0.8052884615384616 0.02403846153846154 0.026442307692307692
0 0.9867788461538461 0.8581730769230769 0.026442307692307692 0.026442307692307692
0 0.9399038461538461 0.8016826923076923 0.02403846153846154 0.02403846153846154
0 0.8834134615384616 0.8377403846153846 0.021634615384615384 0.03365384615384615
0 0.7980769230769231 0.4483173076923077 0.028846153846153848 0.026442307692307692
0 0.7548076923076923 0.3870192307692308 0.019230769230769232 0.028846153846153848
0 0.8100961538461539 0.39783653846153844 0.02403846153846154 0.028846153846153848
0 0.90625 0.4098557692307692 0.03365384615384615 0.03125
0 0.8810096153846154 0.5372596153846154 0.021634615384615384 0.036057692307692304
0 0.7932692307692307 0.49399038461538464 0.028846153846153848 0.026442307692307692