0 0.004807692307692308 0.7560096153846154 0.007211538461538462 0.028846153846153848
0 0.021634615384615384 0.7415865384615384 0.026442307692307692 0.040865384615384616
0 0.054086538461538464 0.7463942307692307 0.021634615384615384 0.03125
0 0.07572115384615384 0.7367788461538461 0.019230769230769232 0.038461538461538464
0 0.1045673076923077 0.8100961538461539 0.03125 0.03365384615384615
0 0.078125 0.8233173076923077 0.016826923076923076 0.03365384615384615
0 0.13822115384615385 0.859375 0.03125 0.036057692307692304
0 0.11899038461538461 0.8990384615384616 0.026442307692307692 0.03365384615384615
0 0.15985576923076922 0.78125 0.03365384615384615 0.04326923076923077
0 0.17067307692307693 0.8870192307692307 0.03125 0.04326923076923077
0 0.20072115384615385 0.8329326923076923 0.03365384615384615 0.040865384615384616
0 0.19591346153846154 0.6802884615384616 0.036057692307692304 0.04326923076923077
0 0.20432692307692307 0.7295673076923077 0.03365384615384615 0.04807692307692308
0 0.24519230769230768 0.6322115384615384 0.03365384615384615 0.04807692307692308
0 0.23557692307692307 0.6838942307692307 0.03365384615384615 0.038461538461538464
0 0.2403846153846154 0.7223557692307693 0.03365384615384615 0.03365384615384615
0 0.27283653846153844 0.6442307692307693 0.02403846153846154 0.04567307692307692
0 0.24278846153846154 0.78125 0.036057692307692304 0.04807692307692308
0 0.22716346153846154 0.8317307692307693 0.026442307692307692 0.036057692307692304
0 0.22716346153846154 0.8870192307692307 0.03125 0.038461538461538464
0 0.28725961538461536 0.7067307692307693 0.028846153846153848 0.038461538461538464
0 0.3125 0.6766826923076923 0.028846153846153848 0.05048076923076923
0 0.32091346153846156 0.6033653846153846 0.03365384615384615 0.04326923076923077
0 0.3473557692307692 0.6165865384615384 0.028846153846153848 0.040865384615384616
0 0.3401442307692308 0.703125 0.028846153846153848 0.04326923076923077
0 0.27283653846153844 0.7415865384615384 0.03365384615384615 0.036057692307692304
0 0.29447115384615385 0.7836538461538461 0.02403846153846154 0.036057692307692304
0 0.26322115384615385 0.7980769230769231 0.021634615384615384 0.028846153846153848
0 0.2512019230769231 0.8497596153846154 0.02403846153846154 0.040865384615384616
0 0.2800480769230769 0.8629807692307693 0.026442307692307692 0.04326923076923077
0 0.3076923076923077 0.8461538461538461 0.02403846153846154 0.03365384615384615
0 0.3425480769230769 0.8209134615384616 0.02403846153846154 0.03365384615384615
0 0.3401442307692308 0.7548076923076923 0.038461538461538464 0.04326923076923077
0 0.359375 0.7752403846153846 0.026442307692307692 0.05048076923076923
0 0.3641826923076923 0.6526442307692307 0.026442307692307692 0.05048076923076923
0 0.3786057692307692 0.7403846153846154 0.026442307692307692 0.036057692307692304
0 0.390625 0.7704326923076923 0.028846153846153848 0.03365384615384615
0 0.3713942307692308 0.5120192307692307 0.03365384615384615 0.04567307692307692
0 0.3858173076923077 0.5949519230769231 0.03125 0.040865384615384616
0 0.40625 0.6274038461538461 0.03125 0.040865384615384616
0 0.39903846153846156 0.6634615384615384 0.026442307692307692 0.040865384615384616
0 0.40384615384615385 0.703125 0.028846153846153848 0.052884615384615384
0 0.4579326923076923 0.8112980769230769 0.03365384615384615 0.04326923076923077
0 0.41466346153846156 0.7848557692307693 0.021634615384615384 0.038461538461538464
0 0.38221153846153844 0.7992788461538461 0.026442307692307692 0.04326923076923077
0 0.4182692307692308 0.5540865384615384 0.028846153846153848 0.040865384615384616
0 0.4495192307692308 0.5180288461538461 0.028846153846153848 0.036057692307692304
0 0.4639423076923077 0.5552884615384616 0.038461538461538464 0.03365384615384615
0 0.47716346153846156 0.5 0.026442307692307692 0.04567307692307692
0 0.4675480769230769 0.6021634615384616 0.021634615384615384 0.05048076923076923
0 0.4543269230769231 0.6658653846153846 0.03125 0.04326923076923077
0 0.4675480769230769 0.7235576923076923 0.028846153846153848 0.038461538461538464
0 0.4795673076923077 0.7584134615384616 0.02403846153846154 0.03365384615384615
0 0.5072115384615384 0.5204326923076923 0.03365384615384615 0.040865384615384616
0 0.5024038461538461 0.5721153846153846 0.028846153846153848 0.04567307692307692
0 0.5 0.6310096153846154 0.03365384615384615 0.04807692307692308
0 0.49038461538461536 0.6754807692307693 0.026442307692307692 0.038461538461538464
0 0.5084134615384616 0.7355769230769231 0.02403846153846154 0.04326923076923077
0 0.5084134615384616 0.6899038461538461 0.02403846153846154 0.03125
0 0.5408653846153846 0.5192307692307693 0.02403846153846154 0.040865384615384616
0 0.5408653846153846 0.5600961538461539 0.021634615384615384 0.038461538461538464
0 0.5324519230769231 0.609375 0.02403846153846154 0.04326923076923077
0 0.5432692307692307 0.6622596153846154 0.02403846153846154 0.040865384615384616
0 0.5348557692307693 0.7091346153846154 0.019230769230769232 0.04326923076923077
0 0.5793269230769231 0.48197115384615385 0.03365384615384615 0.04326923076923077
0 0.5721153846153846 0.5360576923076923 0.028846153846153848 0.038461538461538464
0 0.5625 0.5769230769230769 0.021634615384615384 0.03365384615384615
0 0.5685096153846154 0.6322115384615384 0.028846153846153848 0.038461538461538464
0 0.5901442307692307 0.5913461538461539 0.021634615384615384 0.038461538461538464
0 0.6274038461538461 0.4855769230769231 0.026442307692307692 0.04326923076923077
0 0.6286057692307693 0.5697115384615384 0.021634615384615384 0.052884615384615384
0 0.5985576923076923 0.6430288461538461 0.026442307692307692 0.04326923076923077
0 0.6490384615384616 0.5108173076923077 0.02403846153846154 0.038461538461538464
0 0.6117788461538461 0.33413461538461536 0.02403846153846154 0.03365384615384615
0 0.6334134615384616 0.39663461538461536 0.021634615384615384 0.028846153846153848
0 0.6802884615384616 0.4026442307692308 0.021634615384615384 0.04326923076923077
0 0.6346153846153846 0.296875 0.02403846153846154 0.036057692307692304
0 0.65625 0.2692307692307692 0.019230769230769232 0.04567307692307692
0 0.5600961538461539 0.765625 0.026442307692307692 0.03365384615384615
0 0.6682692307692307 0.6213942307692307 0.026442307692307692 0.03365384615384615
0 0.6490384615384616 0.5769230769230769 0.021634615384615384 0.038461538461538464
0 0.6778846153846154 0.24759615384615385 0.021634615384615384 0.03125
0 0.703125 0.3293269230769231 0.016826923076923076 0.040865384615384616
0 0.71875 0.2439903846153846 0.019230769230769232 0.03125
0 0.6550480769230769 0.3317307692307692 0.016826923076923076 0.028846153846153848
0 0.7211538461538461 0.29447115384615385 0.019230769230769232 0.03125
0 0.7427884615384616 0.29086538461538464 0.016826923076923076 0.036057692307692304
0 0.8449519230769231 0.33052884615384615 0.019230769230769232 0.03125
0 0.7884615384615384 0.38461538461538464 0.016826923076923076 0.036057692307692304
0 0.7536057692307693 0.2127403846153846 0.014423076923076924 0.03125
0 0.7524038461538461 0.2512019230769231 0.01201923076923077 0.026442307692307692
0 0.6814903846153846 0.6766826923076923 0.016826923076923076 0.03125
0 0.8245192307692307 0.2536057692307692 0.016826923076923076 0.040865384615384616
0 0.6814903846153846 0.31850961538461536 0.016826923076923076 0.04326923076923077
0 0.7043269230769231 0.4014423076923077 0.021634615384615384 0.02403846153846154
0 0.7956730769230769 0.203125 0.016826923076923076 0.026442307692307692
0 0.78125 0.6189903846153846 0.019230769230769232 0.028846153846153848
0 0.7632211538461539 0.3389423076923077 0.016826923076923076 0.026442307692307692
0 0.7764423076923077 0.265625 0.021634615384615384 0.04326923076923077
0 0.6298076923076923 0.6526442307692307 0.021634615384615384 0.03125
0 0.7860576923076923 0.296875 0.019230769230769232 0.040865384615384616
0 0.7908653846153846 0.42908653846153844 0.02403846153846154 0.028846153846153848
0 0.8665865384615384 0.35697115384615385 0.016826923076923076 0.036057692307692304
0 0.8040865384615384 0.3557692307692308 0.021634615384615384 0.03365384615384615
0 0.8197115384615384 0.17668269230769232 0.02403846153846154 0.028846153846153848
0 0.8509615384615384 0.2848557692307692 0.016826923076923076 0.040865384615384616
0 0.8822115384615384 0.28966346153846156 0.019230769230769232 0.028846153846153848
0 0.3269230769230769 0.8641826923076923 0.014423076923076924 0.028846153846153848
0 0.36899038461538464 0.8521634615384616 0.016826923076923076 0.026442307692307692
0 0.390625 0.8305288461538461 0.019230769230769232 0.019230769230769232
0 0.41466346153846156 0.8161057692307693 0.016826923076923076 0.016826923076923076
0 0.4074519230769231 0.8401442307692307 0.016826923076923076 0.026442307692307692
0 0.2980769230769231 0.8966346153846154 0.021634615384615384 0.038461538461538464
0 0.20072115384615385 0.875 0.02403846153846154 0.04567307692307692
0 0.09134615384615384 0.9278846153846154 0.021634615384615384 0.026442307692307692
0 0.11778846153846154 0.9278846153846154 0.021634615384615384 0.026442307692307692
0 0.14302884615384615 0.8990384615384616 0.019230769230769232 0.04326923076923077
0 0.02403846153846154 0.7860576923076923 0.026442307692307692 0.028846153846153848
0 0.004807692307692308 0.7908653846153846 0.007211538461538462 0.028846153846153848
0 0.007211538461538462 0.8521634615384616 0.014423076923076924 0.03125
0 0.07692307692307693 0.7752403846153846 0.016826923076923076 0.026442307692307692
0 0.17908653846153846 0.8317307692307693 0.01201923076923077 0.028846153846153848
0 0.31009615384615385 0.7223557692307693 0.019230769230769232 0.026442307692307692
0 0.32091346153846156 0.7680288461538461 0.016826923076923076 0.028846153846153848
0 0.5276442307692307 0.7800480769230769 0.019230769230769232 0.03125
0 0.5612980769230769 0.8064903846153846 0.016826923076923076 0.028846153846153848
0 0.5853365384615384 0.8125 0.014423076923076924 0.03125
0 0.6057692307692307 0.7740384615384616 0.016826923076923076 0.028846153846153848
0 0.5757211538461539 0.7668269230769231 0.01201923076923077 0.03365384615384615
0 0.5709134615384616 0.7211538461538461 0.019230769230769232 0.021634615384615384
0 0.5540865384615384 0.7055288461538461 0.016826923076923076 0.028846153846153848
0 0.5336538461538461 0.7475961538461539 0.019230769230769232 0.026442307692307692
0 0.5216346153846154 0.6454326923076923 0.019230769230769232 0.03365384615384615
0 0.5673076923076923 0.6682692307692307 0.019230769230769232 0.03125
0 0.5817307692307693 0.6826923076923077 0.021634615384615384 0.03365384615384615
0 0.6069711538461539 0.6923076923076923 0.019230769230769232 0.038461538461538464
0 0.6334134615384616 0.6862980769230769 0.021634615384615384 0.028846153846153848
0 0.6262019230769231 0.6213942307692307 0.021634615384615384 0.03125
0 0.6105769230769231 0.5949519230769231 0.014423076923076924 0.03365384615384615
0 0.6045673076923077 0.5072115384615384 0.01201923076923077 0.028846153846153848
0 0.5913461538461539 0.5396634615384616 0.01201923076923077 0.03365384615384615
0 0.6502403846153846 0.6574519230769231 0.016826923076923076 0.03125
0 0.6550480769230769 0.6790865384615384 0.01201923076923077 0.02403846153846154
0 0.640625 0.7115384615384616 0.01201923076923077 0.019230769230769232
0 0.6634615384615384 0.7067307692307693 0.016826923076923076 0.021634615384615384
0 0.6694711538461539 0.7331730769230769 0.019230769230769232 0.021634615384615384
0 0.6862980769230769 0.7091346153846154 0.01201923076923077 0.021634615384615384
0 0.6947115384615384 0.6838942307692307 0.014423076923076924 0.02403846153846154
0 0.7115384615384616 0.7043269230769231 0.016826923076923076 0.03125
0 0.7271634615384616 0.71875 0.01201923076923077 0.03365384615384615
0 0.7259615384615384 0.6706730769230769 0.01201923076923077 0.021634615384615384
0 0.7139423076923077 0.6598557692307693 0.014423076923076924 0.026442307692307692
0 0.6983173076923077 0.6550480769230769 0.016826923076923076 0.016826923076923076
0 0.7067307692307693 0.6298076923076923 0.01201923076923077 0.021634615384615384
0 0.71875 0.6298076923076923 0.01201923076923077 0.021634615384615384
0 0.7307692307692307 0.640625 0.01201923076923077 0.02403846153846154
0 0.7439903846153846 0.640625 0.01201923076923077 0.02403846153846154
0 0.7439903846153846 0.6670673076923077 0.01201923076923077 0.021634615384615384
0 0.7536057692307693 0.6802884615384616 0.016826923076923076 0.026442307692307692
0 0.7668269230769231 0.6514423076923077 0.01201923076923077 0.026442307692307692
0 0.7860576923076923 0.6514423076923077 0.014423076923076924 0.02403846153846154
0 0.8100961538461539 0.6394230769230769 0.016826923076923076 0.028846153846153848
0 0.8233173076923077 0.6418269230769231 0.01201923076923077 0.02403846153846154
0 0.8389423076923077 0.6370192307692307 0.016826923076923076 0.019230769230769232
0 0.8377403846153846 0.6141826923076923 0.014423076923076924 0.021634615384615384
0 0.8329326923076923 0.5889423076923077 0.019230769230769232 0.019230769230769232
0 0.8100961538461539 0.5901442307692307 0.01201923076923077 0.02403846153846154
0 0.8064903846153846 0.5612980769230769 0.01201923076923077 0.021634615384615384
0 0.7800480769230769 0.5612980769230769 0.01201923076923077 0.02403846153846154
0 0.765625 0.5685096153846154 0.014423076923076924 0.021634615384615384
0 0.7680288461538461 0.5913461538461539 0.014423076923076924 0.021634615384615384
0 0.7536057692307693 0.6033653846153846 0.014423076923076924 0.019230769230769232
0 0.7560096153846154 0.6262019230769231 0.01201923076923077 0.021634615384615384
0 0.7391826923076923 0.6021634615384616 0.019230769230769232 0.016826923076923076
0 0.6971153846153846 0.6105769230769231 0.014423076923076924 0.019230769230769232
0 0.6790865384615384 0.5745192307692307 0.014423076923076924 0.02403846153846154
0 0.6586538461538461 0.5480769230769231 0.01201923076923077 0.019230769230769232
0 0.6778846153846154 0.53125 0.016826923076923076 0.019230769230769232
0 0.6634615384615384 0.49759615384615385 0.01201923076923077 0.021634615384615384
0 0.703125 0.49158653846153844 0.01201923076923077 0.02403846153846154
0 0.7487980769230769 0.5793269230769231 0.01201923076923077 0.016826923076923076
0 0.7512019230769231 0.5528846153846154 0.016826923076923076 0.028846153846153848
0 0.765625 0.5420673076923077 0.01201923076923077 0.02403846153846154
0 0.7620192307692307 0.5168269230769231 0.01201923076923077 0.028846153846153848
0 0.7788461538461539 0.5144230769230769 0.014423076923076924 0.02403846153846154
0 0.7980769230769231 0.5096153846153846 0.01201923076923077 0.02403846153846154
0 0.8125 0.5252403846153846 0.01201923076923077 0.026442307692307692
0 0.7355769230769231 0.5096153846153846 0.01201923076923077 0.02403846153846154
0 0.7463942307692307 0.5180288461538461 0.01201923076923077 0.02403846153846154
0 0.7271634615384616 0.46153846153846156 0.016826923076923076 0.026442307692307692
0 0.7391826923076923 0.4519230769230769 0.009615384615384616 0.026442307692307692
0 0.7331730769230769 0.4206730769230769 0.016826923076923076 0.026442307692307692
0 0.7139423076923077 0.42788461538461536 0.01201923076923077 0.02403846153846154
0 0.7019230769230769 0.45552884615384615 0.014423076923076924 0.03125
0 0.6850961538461539 0.46634615384615385 0.016826923076923076 0.03125
0 0.6598557692307693 0.46634615384615385 0.016826923076923076 0.026442307692307692
0 0.6802884615384616 0.43990384615384615 0.01201923076923077 0.02403846153846154
0 0.6610576923076923 0.4362980769230769 0.021634615384615384 0.02403846153846154
0 0.6418269230769231 0.4230769230769231 0.014423076923076924 0.028846153846153848
0 0.6478365384615384 0.3798076923076923 0.01201923076923077 0.03125
0 0.6370192307692307 0.33653846153846156 0.016826923076923076 0.03365384615384615
0 0.5925480769230769 0.35697115384615385 0.019230769230769232 0.026442307692307692
0 0.6983173076923077 0.42788461538461536 0.014423076923076924 0.016826923076923076
0 0.7199519230769231 0.3942307692307692 0.016826923076923076 0.026442307692307692
0 0.6850961538461539 0.3557692307692308 0.016826923076923076 0.028846153846153848
0 0.7115384615384616 0.36538461538461536 0.016826923076923076 0.03365384615384615
0 0.7319711538461539 0.3557692307692308 0.016826923076923076 0.026442307692307692
0 0.7391826923076923 0.38100961538461536 0.01201923076923077 0.02403846153846154
0 0.7584134615384616 0.4375 0.019230769230769232 0.028846153846153848
0 0.7776442307692307 0.4855769230769231 0.016826923076923076 0.026442307692307692
0 0.7908653846153846 0.4543269230769231 0.016826923076923076 0.021634615384615384
0 0.7980769230769231 0.47475961538461536 0.016826923076923076 0.028846153846153848
0 0.7475961538461539 0.328125 0.016826923076923076 0.03365384615384615
0 0.7620192307692307 0.29927884615384615 0.016826923076923076 0.028846153846153848
0 0.6850961538461539 0.2764423076923077 0.016826923076923076 0.03365384615384615
0 0.6646634615384616 0.2920673076923077 0.016826923076923076 0.019230769230769232
0 0.7067307692307693 0.27884615384615385 0.016826923076923076 0.026442307692307692
0 0.6959134615384616 0.23076923076923078 0.01201923076923077 0.028846153846153848
0 0.7331730769230769 0.24879807692307693 0.01201923076923077 0.026442307692307692
0 0.7367788461538461 0.21394230769230768 0.014423076923076924 0.026442307692307692
0 0.7692307692307693 0.20793269230769232 0.014423076923076924 0.028846153846153848
0 0.8040865384615384 0.27163461538461536 0.014423076923076924 0.028846153846153848
0 0.8629807692307693 0.6442307692307693 0.016826923076923076 0.019230769230769232
0 0.859375 0.6129807692307693 0.014423076923076924 0.019230769230769232
0 0.8725961538461539 0.6129807692307693 0.01201923076923077 0.019230769230769232
0 0.8641826923076923 0.5877403846153846 0.01201923076923077 0.02403846153846154
0 0.8774038461538461 0.5913461538461539 0.009615384615384616 0.02403846153846154
0 0.8605769230769231 0.5637019230769231 0.01201923076923077 0.02403846153846154
0 0.875 0.5432692307692307 0.014423076923076924 0.021634615384615384
0 0.8581730769230769 0.5300480769230769 0.014423076923076924 0.019230769230769232
0 0.8521634615384616 0.5132211538461539 0.01201923076923077 0.016826923076923076
0 0.8365384615384616 0.5108173076923077 0.01201923076923077 0.02403846153846154
0 0.8197115384615384 0.484375 0.01201923076923077 0.019230769230769232
0 0.8149038461538461 0.4567307692307692 0.014423076923076924 0.019230769230769232
0 0.8052884615384616 0.4170673076923077 0.014423076923076924 0.02403846153846154
0 0.8197115384615384 0.36778846153846156 0.01201923076923077 0.026442307692307692
0 0.8100961538461539 0.390625 0.009615384615384616 0.021634615384615384
0 0.8245192307692307 0.4050480769230769 0.01201923076923077 0.021634615384615384
0 0.8401442307692307 0.3858173076923077 0.014423076923076924 0.026442307692307692
0 0.8641826923076923 0.39302884615384615 0.014423076923076924 0.026442307692307692
0 0.8665865384615384 0.4326923076923077 0.01201923076923077 0.021634615384615384
0 0.8341346153846154 0.421875 0.014423076923076924 0.019230769230769232
0 0.8569711538461539 0.45913461538461536 0.019230769230769232 0.02403846153846154
0 0.8653846153846154 0.5024038461538461 0.01201923076923077 0.02403846153846154
0 0.8846153846153846 0.4074519230769231 0.01201923076923077 0.028846153846153848
0 0.8870192307692307 0.3641826923076923 0.009615384615384616 0.026442307692307692
0 0.8930288461538461 0.3245192307692308 0.014423076923076924 0.028846153846153848
0 0.8641826923076923 0.3125 0.014423076923076924 0.021634615384615384
0 0.875 0.32211538461538464 0.01201923076923077 0.02403846153846154
0 0.8076923076923077 0.3125 0.01201923076923077 0.02403846153846154
0 0.8293269230769231 0.296875 0.019230769230769232 0.028846153846153848
0 0.8425480769230769 0.25961538461538464 0.01201923076923077 0.02403846153846154
0 0.8473557692307693 0.2247596153846154 0.01201923076923077 0.026442307692307692
0 0.8329326923076923 0.21995192307692307 0.016826923076923076 0.028846153846153848
0 0.8930288461538461 0.26322115384615385 0.016826923076923076 0.02403846153846154
0 0.9242788461538461 0.31009615384615385 0.01201923076923077 0.016826923076923076
0 0.9170673076923077 0.25721153846153844 0.01201923076923077 0.019230769230769232
0 0.9242788461538461 0.34134615384615385 0.01201923076923077 0.02403846153846154
0 0.9435096153846154 0.3701923076923077 0.01201923076923077 0.021634615384615384
0 0.9266826923076923 0.3858173076923077 0.009615384615384616 0.021634615384615384
0 0.9170673076923077 0.36899038461538464 0.009615384615384616 0.016826923076923076