0 0.17908653846153846 0.013221153846153846 0.03125 0.02403846153846154
0 0.07451923076923077 0.009615384615384616 0.04326923076923077 0.019230769230769232
0 0.037259615384615384 0.010817307692307692 0.026442307692307692 0.021634615384615384
0 0.025240384615384616 0.010817307692307692 0.026442307692307692 0.021634615384615384
0 0.056490384615384616 0.007211538461538462 0.04807692307692308 0.014423076923076924
0 0.2620192307692308 0.042067307692307696 0.04326923076923077 0.04326923076923077
0 0.2668269230769231 0.08653846153846154 0.04807692307692308 0.04567307692307692
0 0.32211538461538464 0.17307692307692307 0.0625 0.03365384615384615
0 0.25961538461538464 0.20673076923076922 0.052884615384615384 0.036057692307692304
0 0.2692307692307692 0.13822115384615385 0.04326923076923077 0.038461538461538464
0 0.1814903846153846 0.05889423076923077 0.04567307692307692 0.04326923076923077
0 0.15384615384615385 0.10336538461538461 0.04807692307692308 0.04567307692307692
0 0.1201923076923077 0.14423076923076922 0.038461538461538464 0.038461538461538464
0 0.19230769230769232 0.1935096153846154 0.04807692307692308 0.04807692307692308
0 0.0985576923076923 0.028846153846153848 0.052884615384615384 0.03365384615384615
0 0.10216346153846154 0.06009615384615385 0.05048076923076923 0.03365384615384615
0 0.03485576923076923 0.04807692307692308 0.04567307692307692 0.04326923076923077
0 0.04567307692307692 0.0829326923076923 0.04326923076923077 0.036057692307692304
0 0.078125 0.1466346153846154 0.04326923076923077 0.04326923076923077
0 0.051682692307692304 0.20072115384615385 0.040865384615384616 0.03365384615384615
0 0.08774038461538461 0.23677884615384615 0.06009615384615385 0.03125
0 0.26802884615384615 0.2764423076923077 0.06490384615384616 0.04567307692307692
0 0.3112980769230769 0.2439903846153846 0.040865384615384616 0.040865384615384616
0 0.32572115384615385 0.3088942307692308 0.05048076923076923 0.03365384615384615
0 0.2776442307692308 0.33413461538461536 0.05048076923076923 0.03365384615384615
0 0.3233173076923077 0.39663461538461536 0.05048076923076923 0.038461538461538464
0 0.2776442307692308 0.36658653846153844 0.040865384615384616 0.04326923076923077
0 0.2824519230769231 0.4230769230769231 0.036057692307692304 0.036057692307692304
0 0.23076923076923078 0.41586538461538464 0.0625 0.03125
0 0.1875 0.3629807692307692 0.0673076923076923 0.03365384615384615
0 0.12620192307692307 0.39663461538461536 0.057692307692307696 0.057692307692307696
0 0.3557692307692308 0.47115384615384615 0.057692307692307696 0.03365384615384615
0 0.2091346153846154 0.4795673076923077 0.04326923076923077 0.04326923076923077
0 0.2776442307692308 0.5108173076923077 0.05048076923076923 0.028846153846153848
0 0.22115384615384615 0.5384615384615384 0.038461538461538464 0.036057692307692304
0 0.109375 0.5649038461538461 0.057692307692307696 0.03125
0 0.15865384615384615 0.5216346153846154 0.04326923076923077 0.04567307692307692
0 0.36778846153846156 0.5516826923076923 0.04326923076923077 0.04567307692307692
0 0.4951923076923077 0.5889423076923077 0.0625 0.038461538461538464
0 0.4891826923076923 0.6310096153846154 0.05048076923076923 0.05048076923076923
0 0.39903846153846156 0.6141826923076923 0.04807692307692308 0.036057692307692304
0 0.3004807692307692 0.5853365384615384 0.038461538461538464 0.04326923076923077
0 0.22956730769230768 0.5817307692307693 0.03365384615384615 0.03365384615384615
0 0.31009615384615385 0.6237980769230769 0.04326923076923077 0.040865384615384616
0 0.17307692307692307 0.578125 0.057692307692307696 0.03365384615384615
0 0.21754807692307693 0.6237980769230769 0.05048076923076923 0.03365384615384615
0 0.17908653846153846 0.6358173076923077 0.040865384615384616 0.04326923076923077
0 0.46153846153846156 0.6742788461538461 0.052884615384615384 0.05048076923076923
0 0.45913461538461536 0.765625 0.0673076923076923 0.036057692307692304
0 0.3786057692307692 0.6610576923076923 0.05048076923076923 0.03365384615384615
0 0.3401442307692308 0.7067307692307693 0.05048076923076923 0.03365384615384615
0 0.35216346153846156 0.7512019230769231 0.06971153846153846 0.03125
0 0.25961538461538464 0.7536057692307693 0.04326923076923077 0.038461538461538464
0 0.20432692307692307 0.6658653846153846 0.038461538461538464 0.036057692307692304
0 0.21394230769230768 0.6983173076923077 0.038461538461538464 0.03365384615384615
0 0.1622596153846154 0.7536057692307693 0.04567307692307692 0.03365384615384615
0 0.30288461538461536 0.6634615384615384 0.04807692307692308 0.04567307692307692
0 0.30649038461538464 0.9555288461538461 0.06009615384615385 0.03365384615384615
0 0.35216346153846156 0.84375 0.05048076923076923 0.038461538461538464
0 0.3088942307692308 0.8942307692307693 0.05048076923076923 0.04567307692307692
0 0.24759615384615385 0.8894230769230769 0.038461538461538464 0.040865384615384616
0 0.22956730769230768 0.9362980769230769 0.036057692307692304 0.038461538461538464
0 0.23677884615384615 0.9771634615384616 0.04567307692307692 0.03365384615384615
0 0.27283653846153844 0.7920673076923077 0.040865384615384616 0.04326923076923077
0 0.18389423076923078 0.8485576923076923 0.040865384615384616 0.040865384615384616
0 0.23076923076923078 0.8137019230769231 0.04326923076923077 0.04326923076923077
0 0.4254807692307692 0.7199519230769231 0.052884615384615384 0.03365384615384615
0 0.20673076923076922 0.2536057692307692 0.04326923076923077 0.04326923076923077
0 0.140625 0.2536057692307692 0.004807692307692308 0.004807692307692308
0 0.20192307692307693 0.25841346153846156 0.009615384615384616 0.009615384615384616