0 0.0733173076923077 0.47596153846153844 0.052884615384615384 0.0625
0 0.18509615384615385 0.47596153846153844 0.04807692307692308 0.06009615384615385
0 0.265625 0.3737980769230769 0.04807692307692308 0.0625
0 0.22596153846153846 0.49759615384615385 0.04807692307692308 0.0673076923076923
0 0.27283653846153844 0.484375 0.04567307692307692 0.06009615384615385
0 0.11538461538461539 0.4987980769230769 0.04807692307692308 0.0625
0 0.056490384615384616 0.5444711538461539 0.055288461538461536 0.06971153846153846
0 0.016826923076923076 0.5204326923076923 0.03365384615384615 0.07451923076923077
0 0.1346153846153846 0.5841346153846154 0.057692307692307696 0.06490384615384616
0 0.171875 0.5600961538461539 0.04807692307692308 0.06490384615384616
0 0.06850961538461539 0.5829326923076923 0.055288461538461536 0.0673076923076923
0 0.028846153846153848 0.5817307692307693 0.04567307692307692 0.06490384615384616
0 0.018028846153846152 0.7247596153846154 0.036057692307692304 0.0673076923076923
0 0.06009615384615385 0.7247596153846154 0.040865384615384616 0.052884615384615384
0 0.08173076923076923 0.6778846153846154 0.04567307692307692 0.055288461538461536
0 0.11778846153846154 0.6262019230769231 0.04807692307692308 0.05048076923076923
0 0.14543269230769232 0.6862980769230769 0.04567307692307692 0.06490384615384616
0 0.14302884615384615 0.7259615384615384 0.04567307692307692 0.0673076923076923
0 0.06610576923076923 0.7980769230769231 0.036057692307692304 0.057692307692307696
0 0.030048076923076924 0.7692307692307693 0.036057692307692304 0.06009615384615385
0 0.10096153846153846 0.7620192307692307 0.036057692307692304 0.06009615384615385
0 0.13701923076923078 0.7884615384615384 0.036057692307692304 0.04807692307692308
0 0.171875 0.7680288461538461 0.040865384615384616 0.057692307692307696
0 0.21153846153846154 0.6658653846153846 0.05048076923076923 0.055288461538461536
0 0.20793269230769232 0.6057692307692307 0.04567307692307692 0.06009615384615385
0 0.25240384615384615 0.5516826923076923 0.038461538461538464 0.06009615384615385
0 0.2620192307692308 0.6634615384615384 0.036057692307692304 0.040865384615384616
0 0.2764423076923077 0.7067307692307693 0.028846153846153848 0.05048076923076923
0 0.23076923076923078 0.7043269230769231 0.036057692307692304 0.04567307692307692
0 0.21514423076923078 0.7536057692307693 0.04326923076923077 0.04326923076923077
0 0.19471153846153846 0.7944711538461539 0.03365384615384615 0.04326923076923077
0 0.15745192307692307 0.8413461538461539 0.03365384615384615 0.057692307692307696
0 0.2283653846153846 0.8064903846153846 0.026442307692307692 0.036057692307692304
0 0.25600961538461536 0.8064903846153846 0.03125 0.052884615384615384
0 0.2692307692307692 0.7475961538461539 0.040865384615384616 0.04807692307692308
0 0.30408653846153844 0.53125 0.038461538461538464 0.05048076923076923
0 0.296875 0.578125 0.04326923076923077 0.052884615384615384
0 0.30408653846153844 0.6334134615384616 0.03365384615384615 0.052884615384615384
0 0.3293269230769231 0.4423076923076923 0.04326923076923077 0.057692307692307696
0 0.359375 0.39783653846153844 0.04567307692307692 0.06490384615384616
0 0.4050480769230769 0.38341346153846156 0.038461538461538464 0.0673076923076923
0 0.38341346153846156 0.4495192307692308 0.04326923076923077 0.0625
0 0.3629807692307692 0.6021634615384616 0.038461538461538464 0.04567307692307692
0 0.3894230769230769 0.5288461538461539 0.040865384615384616 0.0625
0 0.4338942307692308 0.4963942307692308 0.040865384615384616 0.057692307692307696
0 0.42427884615384615 0.5721153846153846 0.03365384615384615 0.05048076923076923
0 0.3449519230769231 0.7716346153846154 0.055288461538461536 0.05048076923076923
0 0.3076923076923077 0.7427884615384616 0.036057692307692304 0.04807692307692308
0 0.2776442307692308 0.7836538461538461 0.026442307692307692 0.03365384615384615
0 0.3004807692307692 0.8016826923076923 0.021634615384615384 0.05048076923076923
0 0.37740384615384615 0.6766826923076923 0.03365384615384615 0.04567307692307692
0 0.41466346153846156 0.6201923076923077 0.04326923076923077 0.055288461538461536
0 0.3918269230769231 0.7235576923076923 0.04326923076923077 0.057692307692307696
0 0.4326923076923077 0.7091346153846154 0.038461538461538464 0.06490384615384616
0 0.1045673076923077 0.6947115384615384 0.038461538461538464 0.057692307692307696
0 0.16346153846153846 0.6129807692307693 0.040865384615384616 0.057692307692307696
0 0.44591346153846156 0.4230769230769231 0.04567307692307692 0.06490384615384616
0 0.4855769230769231 0.4375 0.036057692307692304 0.06009615384615385
0 0.484375 0.4951923076923077 0.04326923076923077 0.06009615384615385
0 0.5360576923076923 0.4098557692307692 0.036057692307692304 0.06009615384615385
0 0.5625 0.4098557692307692 0.02403846153846154 0.06009615384615385
0 0.6069711538461539 0.42908653846153844 0.040865384615384616 0.052884615384615384
0 0.6322115384615384 0.4723557692307692 0.036057692307692304 0.055288461538461536
0 0.5805288461538461 0.4411057692307692 0.021634615384615384 0.052884615384615384
0 0.5324519230769231 0.47716346153846156 0.038461538461538464 0.04326923076923077
0 0.5492788461538461 0.4795673076923077 0.038461538461538464 0.07211538461538461
0 0.515625 0.5216346153846154 0.03365384615384615 0.06009615384615385
0 0.47596153846153844 0.5492788461538461 0.040865384615384616 0.0625
0 0.48677884615384615 0.6286057692307693 0.03365384615384615 0.05048076923076923
0 0.5192307692307693 0.6009615384615384 0.036057692307692304 0.06009615384615385
0 0.453125 0.5925480769230769 0.036057692307692304 0.04326923076923077
0 0.47115384615384615 0.6850961538461539 0.038461538461538464 0.040865384615384616
0 0.46875 0.7223557692307693 0.04326923076923077 0.03365384615384615
0 0.4651442307692308 0.7644230769230769 0.028846153846153848 0.03365384615384615
0 0.4963942307692308 0.7608173076923077 0.036057692307692304 0.038461538461538464
0 0.5024038461538461 0.8076923076923077 0.03365384615384615 0.040865384615384616
0 0.5036057692307693 0.6814903846153846 0.02403846153846154 0.03365384615384615
0 0.5144230769230769 0.6454326923076923 0.028846153846153848 0.040865384615384616
0 0.5504807692307693 0.5576923076923077 0.028846153846153848 0.05048076923076923
0 0.5637019230769231 0.6213942307692307 0.04567307692307692 0.07451923076923077
0 0.6069711538461539 0.5420673076923077 0.038461538461538464 0.06971153846153846
0 0.5793269230769231 0.5685096153846154 0.021634615384615384 0.04567307692307692
0 0.6514423076923077 0.6237980769230769 0.036057692307692304 0.038461538461538464
0 0.6009615384615384 0.6454326923076923 0.028846153846153848 0.04567307692307692
0 0.5997596153846154 0.6009615384615384 0.038461538461538464 0.040865384615384616
0 0.5709134615384616 0.6850961538461539 0.03365384615384615 0.04567307692307692
0 0.5240384615384616 0.7007211538461539 0.02403846153846154 0.04567307692307692
0 0.5372596153846154 0.6682692307692307 0.019230769230769232 0.04326923076923077
0 0.6069711538461539 0.6887019230769231 0.028846153846153848 0.04807692307692308
0 0.5348557692307693 0.8269230769230769 0.019230769230769232 0.03365384615384615
0 0.6334134615384616 0.5576923076923077 0.03125 0.05048076923076923
0 0.6394230769230769 0.3401442307692308 0.02403846153846154 0.04807692307692308
0 0.5913461538461539 0.2764423076923077 0.021634615384615384 0.03365384615384615
0 0.6189903846153846 0.2439903846153846 0.036057692307692304 0.04326923076923077
0 0.6742788461538461 0.2704326923076923 0.019230769230769232 0.04326923076923077
0 0.6959134615384616 0.35697115384615385 0.026442307692307692 0.04807692307692308
0 0.6634615384615384 0.31850961538461536 0.021634615384615384 0.05048076923076923
0 0.6490384615384616 0.3713942307692308 0.016826923076923076 0.04567307692307692
0 0.671875 0.3894230769230769 0.019230769230769232 0.040865384615384616
0 0.6694711538461539 0.43028846153846156 0.026442307692307692 0.03125
0 0.6490384615384616 0.2644230769230769 0.026442307692307692 0.05048076923076923
0 0.7067307692307693 0.25721153846153844 0.026442307692307692 0.06009615384615385
0 0.7355769230769231 0.2692307692307692 0.028846153846153848 0.0625
0 0.7067307692307693 0.30288461538461536 0.026442307692307692 0.040865384615384616
0 0.7283653846153846 0.37259615384615385 0.028846153846153848 0.05048076923076923
0 0.7536057692307693 0.45072115384615385 0.028846153846153848 0.04807692307692308
0 0.6983173076923077 0.45072115384615385 0.028846153846153848 0.055288461538461536
0 0.6971153846153846 0.40384615384615385 0.028846153846153848 0.040865384615384616
0 0.7908653846153846 0.28846153846153844 0.03125 0.055288461538461536
0 0.7415865384615384 0.31971153846153844 0.02403846153846154 0.055288461538461536
0 0.7620192307692307 0.24278846153846154 0.026442307692307692 0.040865384615384616
0 0.7007211538461539 0.6201923076923077 0.028846153846153848 0.03365384615384615
0 0.6790865384615384 0.5697115384615384 0.028846153846153848 0.05048076923076923
0 0.640625 0.5036057692307693 0.021634615384615384 0.040865384615384616
0 0.6550480769230769 0.5324519230769231 0.028846153846153848 0.04807692307692308
0 0.6646634615384616 0.4735576923076923 0.026442307692307692 0.052884615384615384
0 0.6778846153846154 0.5096153846153846 0.03365384615384615 0.028846153846153848
0 0.6778846153846154 0.703125 0.028846153846153848 0.040865384615384616
0 0.6274038461538461 0.6526442307692307 0.026442307692307692 0.04326923076923077
0 0.6418269230769231 0.6875 0.028846153846153848 0.036057692307692304
0 0.625 0.7235576923076923 0.026442307692307692 0.02403846153846154
0 0.6538461538461539 0.7259615384615384 0.026442307692307692 0.036057692307692304
0 0.6574519230769231 0.7524038461538461 0.026442307692307692 0.040865384615384616
0 0.7151442307692307 0.6862980769230769 0.019230769230769232 0.028846153846153848
0 0.6935096153846154 0.6670673076923077 0.028846153846153848 0.040865384615384616
0 0.7103365384615384 0.7355769230769231 0.021634615384615384 0.05048076923076923
0 0.7271634615384616 0.7560096153846154 0.028846153846153848 0.06009615384615385
0 0.6514423076923077 0.21394230769230768 0.028846153846153848 0.05048076923076923
0 0.6778846153846154 0.18269230769230768 0.03365384615384615 0.04807692307692308
0 0.7067307692307693 0.16105769230769232 0.03365384615384615 0.04567307692307692
0 0.7355769230769231 0.14543269230769232 0.026442307692307692 0.055288461538461536
0 0.6887019230769231 0.21153846153846154 0.02403846153846154 0.05048076923076923
0 0.7860576923076923 0.13822115384615385 0.03365384615384615 0.04326923076923077
0 0.8137019230769231 0.140625 0.019230769230769232 0.055288461538461536
0 0.7608173076923077 0.17307692307692307 0.02403846153846154 0.06490384615384616
0 0.7463942307692307 0.20793269230769232 0.02403846153846154 0.05048076923076923
0 0.7175480769230769 0.1971153846153846 0.028846153846153848 0.04807692307692308
0 0.8112980769230769 0.20673076923076922 0.019230769230769232 0.057692307692307696
0 0.7872596153846154 0.2439903846153846 0.036057692307692304 0.04326923076923077
0 0.8641826923076923 0.15504807692307693 0.036057692307692304 0.052884615384615384
0 0.8353365384615384 0.22115384615384615 0.03365384615384615 0.04326923076923077
0 0.8125 0.265625 0.03125 0.055288461538461536
0 0.8449519230769231 0.2704326923076923 0.026442307692307692 0.052884615384615384
0 0.8389423076923077 0.3233173076923077 0.021634615384615384 0.038461538461538464
0 0.8076923076923077 0.31490384615384615 0.03125 0.052884615384615384
0 0.8353365384615384 0.14182692307692307 0.021634615384615384 0.055288461538461536
0 0.8557692307692307 0.19831730769230768 0.036057692307692304 0.04326923076923077
0 0.9026442307692307 0.12980769230769232 0.02403846153846154 0.04807692307692308
0 0.8822115384615384 0.13221153846153846 0.028846153846153848 0.03365384615384615
0 0.8966346153846154 0.21634615384615385 0.028846153846153848 0.040865384615384616
0 0.9242788461538461 0.19471153846153846 0.028846153846153848 0.04567307692307692
0 0.9783653846153846 0.25721153846153844 0.02403846153846154 0.021634615384615384
0 0.9627403846153846 0.2920673076923077 0.028846153846153848 0.02403846153846154
0 0.9158653846153846 0.24158653846153846 0.028846153846153848 0.04807692307692308
0 0.8966346153846154 0.28125 0.03365384615384615 0.040865384615384616
0 0.9266826923076923 0.2776442307692308 0.026442307692307692 0.05048076923076923
0 0.9134615384615384 0.33052884615384615 0.03365384615384615 0.05048076923076923
0 0.8581730769230769 0.3449519230769231 0.02403846153846154 0.055288461538461536
0 0.8689903846153846 0.296875 0.021634615384615384 0.04807692307692308
0 0.8822115384615384 0.3629807692307692 0.028846153846153848 0.055288461538461536
0 0.9338942307692307 0.36778846153846156 0.03125 0.052884615384615384
0 0.9050480769230769 0.40024038461538464 0.028846153846153848 0.04807692307692308
0 0.8389423076923077 0.38100961538461536 0.028846153846153848 0.040865384615384616
0 0.8317307692307693 0.4338942307692308 0.038461538461538464 0.036057692307692304
0 0.796875 0.42908653846153844 0.040865384615384616 0.052884615384615384
0 0.7632211538461539 0.39783653846153844 0.026442307692307692 0.04567307692307692
0 0.78125 0.35096153846153844 0.036057692307692304 0.04567307692307692
0 0.8125 0.4963942307692308 0.03125 0.040865384615384616
0 0.9122596153846154 0.49158653846153844 0.028846153846153848 0.04326923076923077
0 0.9302884615384616 0.41225961538461536 0.028846153846153848 0.04807692307692308
0 0.9543269230769231 0.42908653846153844 0.03365384615384615 0.04567307692307692
0 0.9555288461538461 0.4567307692307692 0.038461538461538464 0.028846153846153848
0 0.9759615384615384 0.3329326923076923 0.02403846153846154 0.04326923076923077
0 0.9423076923076923 0.3076923076923077 0.026442307692307692 0.04326923076923077
0 0.8822115384615384 0.4170673076923077 0.03365384615384615 0.036057692307692304
0 0.8365384615384616 0.5336538461538461 0.026442307692307692 0.038461538461538464
0 0.8401442307692307 0.484375 0.026442307692307692 0.036057692307692304
0 0.8641826923076923 0.4807692307692308 0.028846153846153848 0.040865384615384616
0 0.8762019230769231 0.5625 0.02403846153846154 0.036057692307692304
0 0.9002403846153846 0.7127403846153846 0.019230769230769232 0.026442307692307692
0 0.8966346153846154 0.6778846153846154 0.026442307692307692 0.026442307692307692
0 0.8689903846153846 0.6586538461538461 0.038461538461538464 0.05048076923076923
0 0.8401442307692307 0.5961538461538461 0.026442307692307692 0.04326923076923077
0 0.8040865384615384 0.6586538461538461 0.028846153846153848 0.036057692307692304
0 0.7512019230769231 0.6213942307692307 0.021634615384615384 0.038461538461538464
0 0.7620192307692307 0.5180288461538461 0.038461538461538464 0.04326923076923077
0 0.7848557692307693 0.5300480769230769 0.021634615384615384 0.05048076923076923
0 0.7379807692307693 0.6634615384615384 0.026442307692307692 0.038461538461538464
0 0.7692307692307693 0.625 0.028846153846153848 0.04326923076923077
0 0.7680288461538461 0.5697115384615384 0.02403846153846154 0.04807692307692308
0 0.7944711538461539 0.5733173076923077 0.021634615384615384 0.03365384615384615
0 0.9074519230769231 0.6177884615384616 0.026442307692307692 0.038461538461538464
0 0.9134615384615384 0.5709134615384616 0.038461538461538464 0.05048076923076923
0 0.8365384615384616 0.6346153846153846 0.026442307692307692 0.04326923076923077
0 0.78125 0.6935096153846154 0.026442307692307692 0.026442307692307692
0 0.7572115384615384 0.6742788461538461 0.019230769230769232 0.04807692307692308
0 0.7524038461538461 0.7067307692307693 0.014423076923076924 0.036057692307692304
0 0.734375 0.7043269230769231 0.021634615384615384 0.038461538461538464
0 0.7668269230769231 0.7199519230769231 0.019230769230769232 0.03365384615384615
0 0.8076923076923077 0.7007211538461539 0.019230769230769232 0.036057692307692304
0 0.8377403846153846 0.7043269230769231 0.02403846153846154 0.04807692307692308