0 0.34615384615384615 0.9807692307692307 0.028846153846153848 0.038461538461538464
0 0.4170673076923077 0.9927884615384616 0.021634615384615384 0.014423076923076924
0 0.3858173076923077 0.9795673076923077 0.026442307692307692 0.026442307692307692
0 0.4735576923076923 0.9411057692307693 0.03365384615384615 0.03125
0 0.4338942307692308 0.9567307692307693 0.026442307692307692 0.03365384615384615
0 0.5492788461538461 0.8810096153846154 0.021634615384615384 0.038461538461538464
0 0.5504807692307693 0.9867788461538461 0.02403846153846154 0.026442307692307692
0 0.48197115384615385 0.9939903846153846 0.021634615384615384 0.01201923076923077
0 0.5961538461538461 0.8521634615384616 0.03365384615384615 0.028846153846153848
0 0.6658653846153846 0.7596153846153846 0.028846153846153848 0.03125
0 0.7019230769230769 0.8100961538461539 0.028846153846153848 0.03125
0 0.7776442307692307 0.8401442307692307 0.026442307692307692 0.026442307692307692
0 0.6430288461538461 0.8846153846153846 0.028846153846153848 0.028846153846153848
0 0.6646634615384616 0.8533653846153846 0.016826923076923076 0.036057692307692304
0 0.6298076923076923 0.8221153846153846 0.028846153846153848 0.026442307692307692
0 0.6237980769230769 0.7596153846153846 0.03125 0.03125
0 0.7175480769230769 0.7463942307692307 0.026442307692307692 0.028846153846153848
0 0.75 0.8425480769230769 0.019230769230769232 0.03125
0 0.5793269230769231 0.9158653846153846 0.019230769230769232 0.05048076923076923
0 0.6514423076923077 0.9507211538461539 0.02403846153846154 0.028846153846153848
0 0.7067307692307693 0.9266826923076923 0.02403846153846154 0.02403846153846154
0 0.7331730769230769 0.8713942307692307 0.014423076923076924 0.026442307692307692
0 0.7247596153846154 0.8209134615384616 0.016826923076923076 0.03365384615384615