0 0.02283653846153846 0.6670673076923077 0.03125 0.055288461538461536
0 0.03365384615384615 0.7355769230769231 0.03365384615384615 0.04567307692307692
0 0.03245192307692308 0.7668269230769231 0.026442307692307692 0.040865384615384616
0 0.030048076923076924 0.8076923076923077 0.028846153846153848 0.036057692307692304
0 0.05889423076923077 0.8221153846153846 0.036057692307692304 0.04326923076923077
0 0.07451923076923077 0.7151442307692307 0.028846153846153848 0.04326923076923077
0 0.1310096153846154 0.7091346153846154 0.03125 0.057692307692307696
0 0.17307692307692307 0.7824519230769231 0.040865384615384616 0.052884615384615384
0 0.13822115384615385 0.7932692307692307 0.03365384615384615 0.05048076923076923
0 0.17548076923076922 0.8389423076923077 0.03125 0.05048076923076923
0 0.203125 0.828125 0.038461538461538464 0.055288461538461536
0 0.14423076923076922 0.8966346153846154 0.026442307692307692 0.040865384615384616
0 0.07932692307692307 0.7596153846153846 0.038461538461538464 0.038461538461538464
0 0.22716346153846154 0.7560096153846154 0.036057692307692304 0.06009615384615385
0 0.2620192307692308 0.8052884615384616 0.05048076923076923 0.06009615384615385
0 0.23317307692307693 0.8569711538461539 0.04567307692307692 0.05048076923076923
0 0.2800480769230769 0.8497596153846154 0.038461538461538464 0.04807692307692308
0 0.2548076923076923 0.6646634615384616 0.03125 0.05048076923076923
0 0.2932692307692308 0.6766826923076923 0.038461538461538464 0.04567307692307692
0 0.30408653846153844 0.6201923076923077 0.03365384615384615 0.04807692307692308
0 0.328125 0.625 0.02403846153846154 0.04567307692307692
0 0.3713942307692308 0.5973557692307693 0.028846153846153848 0.052884615384615384
0 0.39903846153846156 0.5949519230769231 0.026442307692307692 0.05048076923076923
0 0.41466346153846156 0.4963942307692308 0.036057692307692304 0.05048076923076923
0 0.42788461538461536 0.578125 0.040865384615384616 0.052884615384615384
0 0.46153846153846156 0.5396634615384616 0.04567307692307692 0.05048076923076923
0 0.49158653846153844 0.5024038461538461 0.03365384615384615 0.05048076923076923
0 0.5132211538461539 0.48677884615384615 0.028846153846153848 0.04807692307692308
0 0.5432692307692307 0.49759615384615385 0.038461538461538464 0.04567307692307692
0 0.5709134615384616 0.4963942307692308 0.036057692307692304 0.05048076923076923
0 0.609375 0.4723557692307692 0.03365384615384615 0.057692307692307696
0 0.30288461538461536 0.75 0.03365384615384615 0.06009615384615385
0 0.3269230769230769 0.7199519230769231 0.038461538461538464 0.04807692307692308
0 0.3401442307692308 0.6862980769230769 0.028846153846153848 0.05048076923076923
0 0.36658653846153844 0.6550480769230769 0.03365384615384615 0.04567307692307692
0 0.3894230769230769 0.6790865384615384 0.038461538461538464 0.04567307692307692
0 0.3894230769230769 0.7223557692307693 0.038461538461538464 0.038461538461538464
0 0.34615384615384615 0.7524038461538461 0.038461538461538464 0.05048076923076923
0 0.30528846153846156 0.8161057692307693 0.036057692307692304 0.04326923076923077
0 0.359375 0.8161057692307693 0.028846153846153848 0.04326923076923077
0 0.33052884615384615 0.8329326923076923 0.026442307692307692 0.052884615384615384
0 0.34975961538461536 0.8581730769230769 0.026442307692307692 0.05048076923076923
0 0.39302884615384615 0.7872596153846154 0.028846153846153848 0.055288461538461536
0 0.4266826923076923 0.7103365384615384 0.03365384615384615 0.040865384615384616
0 0.4110576923076923 0.6346153846153846 0.03365384615384615 0.04326923076923077
0 0.4519230769230769 0.6081730769230769 0.036057692307692304 0.04807692307692308
0 0.4423076923076923 0.6346153846153846 0.03365384615384615 0.04326923076923077
0 0.4495192307692308 0.6730769230769231 0.036057692307692304 0.05048076923076923
0 0.4326923076923077 0.7355769230769231 0.03365384615384615 0.04567307692307692
0 0.43028846153846156 0.7740384615384616 0.038461538461538464 0.03365384615384615
0 0.46153846153846156 0.7560096153846154 0.028846153846153848 0.04807692307692308
0 0.3389423076923077 0.7860576923076923 0.03365384615384615 0.038461538461538464
0 0.49399038461538464 0.6430288461538461 0.03125 0.04326923076923077
0 0.5084134615384616 0.6923076923076923 0.03125 0.036057692307692304
0 0.49759615384615385 0.7704326923076923 0.03365384615384615 0.04326923076923077
0 0.5072115384615384 0.5817307692307693 0.028846153846153848 0.04807692307692308
0 0.5408653846153846 0.5552884615384616 0.026442307692307692 0.05048076923076923
0 0.5372596153846154 0.6081730769230769 0.028846153846153848 0.055288461538461536
0 0.5300480769230769 0.6490384615384616 0.028846153846153848 0.040865384615384616
0 0.5480769230769231 0.7067307692307693 0.028846153846153848 0.038461538461538464
0 0.5685096153846154 0.6790865384615384 0.028846153846153848 0.038461538461538464
0 0.5709134615384616 0.5853365384615384 0.028846153846153848 0.04807692307692308
0 0.5769230769230769 0.5372596153846154 0.028846153846153848 0.04326923076923077
0 0.6081730769230769 0.5144230769230769 0.028846153846153848 0.04807692307692308
0 0.6225961538461539 0.5649038461538461 0.026442307692307692 0.04326923076923077
0 0.6021634615384616 0.6069711538461539 0.026442307692307692 0.038461538461538464
0 0.6274038461538461 0.6057692307692307 0.03365384615384615 0.04807692307692308
0 0.578125 0.6346153846153846 0.026442307692307692 0.04326923076923077
0 0.6141826923076923 0.6526442307692307 0.021634615384615384 0.03365384615384615
0 0.6033653846153846 0.6838942307692307 0.02403846153846154 0.03365384615384615
0 0.5913461538461539 0.7271634615384616 0.026442307692307692 0.03125
0 0.5925480769230769 0.7668269230769231 0.02403846153846154 0.03365384615384615
0 0.6550480769230769 0.5901442307692307 0.021634615384615384 0.038461538461538464
0 0.6586538461538461 0.5432692307692307 0.026442307692307692 0.05048076923076923
0 0.6370192307692307 0.4855769230769231 0.021634615384615384 0.040865384615384616
0 0.6610576923076923 0.6538461538461539 0.021634615384615384 0.036057692307692304
0 0.65625 0.6213942307692307 0.026442307692307692 0.038461538461538464
0 0.5637019230769231 0.7415865384615384 0.021634615384615384 0.03125
0 0.41466346153846156 0.8100961538461539 0.026442307692307692 0.03365384615384615
0 0.265625 0.7043269230769231 0.038461538461538464 0.04326923076923077
0 0.6875 0.6670673076923077 0.019230769230769232 0.036057692307692304
0 0.6766826923076923 0.6213942307692307 0.026442307692307692 0.038461538461538464
0 0.6935096153846154 0.5913461538461539 0.028846153846153848 0.038461538461538464
0 0.6778846153846154 0.5516826923076923 0.02403846153846154 0.038461538461538464
0 0.6586538461538461 0.4639423076923077 0.028846153846153848 0.04326923076923077
0 0.6742788461538461 0.49038461538461536 0.026442307692307692 0.04326923076923077
0 0.703125 0.640625 0.02403846153846154 0.036057692307692304
0 0.7307692307692307 0.6586538461538461 0.02403846153846154 0.036057692307692304
0 0.7007211538461539 0.5408653846153846 0.021634615384615384 0.04326923076923077
0 0.6382211538461539 0.3161057692307692 0.028846153846153848 0.040865384615384616
0 0.6598557692307693 0.2824519230769231 0.026442307692307692 0.040865384615384616
0 0.6826923076923077 0.2536057692307692 0.02403846153846154 0.038461538461538464
0 0.7007211538461539 0.23076923076923078 0.026442307692307692 0.038461538461538464
0 0.7175480769230769 0.21153846153846154 0.021634615384615384 0.036057692307692304
0 0.7391826923076923 0.22596153846153846 0.028846153846153848 0.040865384615384616
0 0.7572115384615384 0.1935096153846154 0.02403846153846154 0.038461538461538464
0 0.7752403846153846 0.19230769230769232 0.02403846153846154 0.038461538461538464
0 0.7884615384615384 0.1814903846153846 0.02403846153846154 0.038461538461538464
0 0.8125 0.18509615384615385 0.02403846153846154 0.038461538461538464
0 0.8257211538461539 0.17067307692307693 0.021634615384615384 0.03365384615384615
0 0.8413461538461539 0.15745192307692307 0.016826923076923076 0.038461538461538464
0 0.9038461538461539 0.22596153846153846 0.021634615384615384 0.03365384615384615
0 0.9266826923076923 0.22235576923076922 0.021634615384615384 0.026442307692307692
0 0.9387019230769231 0.27524038461538464 0.019230769230769232 0.02403846153846154
0 0.9387019230769231 0.3016826923076923 0.019230769230769232 0.021634615384615384
0 0.9290865384615384 0.3269230769230769 0.016826923076923076 0.021634615384615384
0 0.9387019230769231 0.35216346153846156 0.016826923076923076 0.02403846153846154
0 0.9543269230769231 0.33533653846153844 0.019230769230769232 0.036057692307692304
0 0.9603365384615384 0.2692307692307692 0.026442307692307692 0.026442307692307692
0 0.9567307692307693 0.21514423076923078 0.02403846153846154 0.026442307692307692
0 0.9867788461538461 0.16466346153846154 0.02403846153846154 0.026442307692307692
0 0.9771634615384616 0.2860576923076923 0.016826923076923076 0.02403846153846154
0 0.9903846153846154 0.19230769230769232 0.019230769230769232 0.03365384615384615
0 0.96875 0.1778846153846154 0.019230769230769232 0.02403846153846154
0 0.953125 0.1778846153846154 0.019230769230769232 0.026442307692307692
0 0.9002403846153846 0.2620192307692308 0.019230769230769232 0.03365384615384615
0 0.8798076923076923 0.2776442307692308 0.021634615384615384 0.026442307692307692
0 0.8701923076923077 0.25961538461538464 0.02403846153846154 0.03365384615384615
0 0.8617788461538461 0.23317307692307693 0.02403846153846154 0.03365384615384615
0 0.8677884615384616 0.19831730769230768 0.019230769230769232 0.036057692307692304
0 0.8533653846153846 0.19230769230769232 0.019230769230769232 0.03125
0 0.8449519230769231 0.22115384615384615 0.02403846153846154 0.03365384615384615
0 0.796875 0.24639423076923078 0.02403846153846154 0.038461538461538464
0 0.7752403846153846 0.22956730769230768 0.021634615384615384 0.040865384615384616
0 0.7644230769230769 0.27283653846153844 0.026442307692307692 0.040865384615384616
0 0.7283653846153846 0.25841346153846156 0.02403846153846154 0.036057692307692304
0 0.703125 0.30288461538461536 0.028846153846153848 0.040865384615384616
0 0.7247596153846154 0.30528846153846156 0.028846153846153848 0.038461538461538464
0 0.6814903846153846 0.31490384615384615 0.02403846153846154 0.040865384615384616
0 0.6730769230769231 0.35336538461538464 0.02403846153846154 0.04326923076923077
0 0.6586538461538461 0.375 0.026442307692307692 0.038461538461538464
0 0.7019230769230769 0.3762019230769231 0.021634615384615384 0.04326923076923077
0 0.6850961538461539 0.4098557692307692 0.026442307692307692 0.038461538461538464
0 0.7223557692307693 0.3762019230769231 0.02403846153846154 0.04326923076923077
0 0.734375 0.3329326923076923 0.026442307692307692 0.038461538461538464
0 0.7680288461538461 0.3004807692307692 0.02403846153846154 0.040865384615384616
0 0.8064903846153846 0.27524038461538464 0.026442307692307692 0.040865384615384616
0 0.8245192307692307 0.24278846153846154 0.019230769230769232 0.04326923076923077
0 0.8461538461538461 0.265625 0.021634615384615384 0.040865384615384616
0 0.8605769230769231 0.29927884615384615 0.026442307692307692 0.036057692307692304
0 0.8798076923076923 0.3269230769230769 0.021634615384615384 0.036057692307692304
0 0.9074519230769231 0.28846153846153844 0.021634615384615384 0.04326923076923077
0 0.8990384615384616 0.3269230769230769 0.021634615384615384 0.03365384615384615
0 0.9002403846153846 0.3713942307692308 0.02403846153846154 0.036057692307692304
0 0.8762019230769231 0.36177884615384615 0.016826923076923076 0.03365384615384615
0 0.859375 0.35336538461538464 0.021634615384615384 0.03365384615384615
0 0.8389423076923077 0.33413461538461536 0.019230769230769232 0.038461538461538464
0 0.8209134615384616 0.328125 0.021634615384615384 0.038461538461538464
0 0.8064903846153846 0.3112980769230769 0.021634615384615384 0.038461538461538464
0 0.8076923076923077 0.359375 0.021634615384615384 0.038461538461538464
0 0.7824519230769231 0.3173076923076923 0.02403846153846154 0.036057692307692304
0 0.7536057692307693 0.38822115384615385 0.02403846153846154 0.040865384615384616
0 0.7439903846153846 0.4266826923076923 0.02403846153846154 0.036057692307692304
0 0.7788461538461539 0.40384615384615385 0.02403846153846154 0.038461538461538464
0 0.7920673076923077 0.4483173076923077 0.02403846153846154 0.036057692307692304
0 0.8076923076923077 0.4014423076923077 0.02403846153846154 0.040865384615384616
0 0.7067307692307693 0.44471153846153844 0.021634615384615384 0.04807692307692308
0 0.7536057692307693 0.4735576923076923 0.026442307692307692 0.03365384615384615
0 0.7776442307692307 0.4795673076923077 0.02403846153846154 0.040865384615384616
0 0.8209134615384616 0.5204326923076923 0.026442307692307692 0.03365384615384615
0 0.7668269230769231 0.5132211538461539 0.019230769230769232 0.038461538461538464
0 0.7295673076923077 0.6177884615384616 0.021634615384615384 0.03365384615384615
0 0.7475961538461539 0.5949519230769231 0.019230769230769232 0.03365384615384615
0 0.796875 0.578125 0.021634615384615384 0.03365384615384615
0 0.8245192307692307 0.5528846153846154 0.021634615384615384 0.036057692307692304
0 0.8257211538461539 0.5961538461538461 0.021634615384615384 0.03125
0 0.8473557692307693 0.546875 0.021634615384615384 0.03125
0 0.8497596153846154 0.484375 0.021634615384615384 0.038461538461538464
0 0.8701923076923077 0.41466346153846156 0.02403846153846154 0.03365384615384615
0 0.8401442307692307 0.37740384615384615 0.019230769230769232 0.036057692307692304
0 0.8317307692307693 0.4254807692307692 0.019230769230769232 0.04326923076923077
0 0.8149038461538461 0.4735576923076923 0.021634615384615384 0.040865384615384616
0 0.8677884615384616 0.4699519230769231 0.019230769230769232 0.038461538461538464
0 0.8713942307692307 0.5673076923076923 0.021634615384615384 0.03365384615384615
0 0.8545673076923077 0.5949519230769231 0.02403846153846154 0.03365384615384615
0 0.7740384615384616 0.6394230769230769 0.02403846153846154 0.03365384615384615
0 0.7632211538461539 0.6033653846153846 0.02403846153846154 0.03365384615384615
0 0.7487980769230769 0.6310096153846154 0.02403846153846154 0.03125
0 0.7824519230769231 0.5348557692307693 0.021634615384615384 0.036057692307692304
0 0.7716346153846154 0.5637019230769231 0.02403846153846154 0.028846153846153848
0 0.71875 0.5757211538461539 0.028846153846153848 0.03365384615384615
0 0.8521634615384616 0.38461538461538464 0.021634615384615384 0.036057692307692304
0 0.7067307692307693 0.3317307692307692 0.02403846153846154 0.03365384615384615
0 0.6850961538461539 0.43509615384615385 0.02403846153846154 0.036057692307692304