0 0.6298076923076923 0.4230769230769231 0.040865384615384616 0.06009615384615385
0 0.6971153846153846 0.3401442307692308 0.028846153846153848 0.052884615384615384
0 0.6478365384615384 0.6586538461538461 0.026442307692307692 0.06490384615384616
0 0.6418269230769231 0.5733173076923077 0.03125 0.04326923076923077
0 0.7319711538461539 0.4579326923076923 0.026442307692307692 0.04567307692307692
0 0.8641826923076923 0.43990384615384615 0.016826923076923076 0.04326923076923077
0 0.8677884615384616 0.3629807692307692 0.019230769230769232 0.04326923076923077
0 0.8161057692307693 0.30649038461538464 0.021634615384615384 0.04326923076923077
0 0.7584134615384616 0.3173076923076923 0.028846153846153848 0.057692307692307696
0 0.5540865384615384 0.6057692307692307 0.028846153846153848 0.052884615384615384
0 0.38822115384615385 0.5913461538461539 0.028846153846153848 0.052884615384615384
0 0.39302884615384615 0.6778846153846154 0.036057692307692304 0.06009615384615385
0 0.3329326923076923 0.6778846153846154 0.036057692307692304 0.04807692307692308
0 0.25841346153846156 0.7055288461538461 0.04567307692307692 0.055288461538461536
0 0.18028846153846154 0.84375 0.040865384615384616 0.05048076923076923
0 0.1466346153846154 0.9375 0.03365384615384615 0.04807692307692308
0 0.11899038461538461 0.8737980769230769 0.038461538461538464 0.052884615384615384
0 0.5168269230769231 0.7127403846153846 0.036057692307692304 0.06009615384615385
0 0.3894230769230769 0.8088942307692307 0.03365384615384615 0.0625
0 0.30528846153846156 0.8533653846153846 0.028846153846153848 0.057692307692307696
0 0.4639423076923077 0.8894230769230769 0.040865384615384616 0.06009615384615385
0 0.5240384615384616 0.8329326923076923 0.03365384615384615 0.0625
0 0.4651442307692308 0.7463942307692307 0.02403846153846154 0.040865384615384616
0 0.23677884615384615 0.9543269230769231 0.026442307692307692 0.057692307692307696
0 0.21634615384615385 0.90625 0.03125 0.052884615384615384