0 0.02283653846153846 0.8317307692307693 0.04567307692307692 0.07451923076923077
0 0.07932692307692307 0.8076923076923077 0.05048076923076923 0.06490384615384616
0 0.11658653846153846 0.6947115384615384 0.04326923076923077 0.06490384615384616
0 0.15865384615384615 0.7067307692307693 0.055288461538461536 0.055288461538461536
0 0.17548076923076922 0.6394230769230769 0.05048076923076923 0.07211538461538461
0 0.2692307692307692 0.6262019230769231 0.04326923076923077 0.06971153846153846
0 0.33533653846153844 0.5072115384615384 0.055288461538461536 0.07451923076923077
0 0.3858173076923077 0.5697115384615384 0.052884615384615384 0.055288461538461536
0 0.06009615384615385 0.8930288461538461 0.04567307692307692 0.05048076923076923
0 0.09014423076923077 0.9254807692307693 0.055288461538461536 0.052884615384615384
0 0.12139423076923077 0.8629807692307693 0.052884615384615384 0.055288461538461536
0 0.18269230769230768 0.8149038461538461 0.04567307692307692 0.06490384615384616
0 0.16105769230769232 0.9266826923076923 0.038461538461538464 0.052884615384615384
0 0.25721153846153844 0.6887019230769231 0.04567307692307692 0.06490384615384616
0 0.23798076923076922 0.8125 0.040865384615384616 0.06490384615384616
0 0.29447115384615385 0.7860576923076923 0.04567307692307692 0.0673076923076923
0 0.3401442307692308 0.7740384615384616 0.04326923076923077 0.04567307692307692
0 0.29927884615384615 0.8665865384615384 0.04326923076923077 0.052884615384615384
0 0.2283653846153846 0.9050480769230769 0.04567307692307692 0.052884615384615384
0 0.35216346153846156 0.8161057692307693 0.038461538461538464 0.06009615384615385
0 0.4230769230769231 0.8605769230769231 0.055288461538461536 0.057692307692307696
0 0.32572115384615385 0.6658653846153846 0.04326923076923077 0.06490384615384616
0 0.3762019230769231 0.6502403846153846 0.05048076923076923 0.057692307692307696
0 0.3449519230769231 0.6117788461538461 0.04567307692307692 0.057692307692307696
0 0.30408653846153844 0.6346153846153846 0.040865384615384616 0.0625
0 0.29086538461538464 0.734375 0.040865384615384616 0.0625
0 0.22956730769230768 0.7295673076923077 0.04567307692307692 0.07211538461538461
0 0.42788461538461536 0.6947115384615384 0.04326923076923077 0.052884615384615384
0 0.43990384615384615 0.7608173076923077 0.040865384615384616 0.055288461538461536
0 0.3713942307692308 0.734375 0.04326923076923077 0.052884615384615384
0 0.41947115384615385 0.5300480769230769 0.04326923076923077 0.06009615384615385
0 0.4543269230769231 0.5108173076923077 0.04326923076923077 0.06009615384615385
0 0.49038461538461536 0.5300480769230769 0.04567307692307692 0.06490384615384616
0 0.48677884615384615 0.59375 0.04326923076923077 0.06490384615384616
0 0.4807692307692308 0.6622596153846154 0.036057692307692304 0.057692307692307696
0 0.44711538461538464 0.6213942307692307 0.038461538461538464 0.0673076923076923
0 0.5228365384615384 0.640625 0.036057692307692304 0.055288461538461536
0 0.49278846153846156 0.796875 0.04326923076923077 0.06490384615384616
0 0.5372596153846154 0.6971153846153846 0.03365384615384615 0.052884615384615384
0 0.5649038461538461 0.6790865384615384 0.038461538461538464 0.06009615384615385
0 0.5288461538461539 0.5360576923076923 0.038461538461538464 0.06009615384615385
0 0.5721153846153846 0.5600961538461539 0.038461538461538464 0.0625
0 0.5757211538461539 0.5084134615384616 0.040865384615384616 0.0625
0 0.6382211538461539 0.5084134615384616 0.038461538461538464 0.057692307692307696
0 0.5480769230769231 0.8245192307692307 0.038461538461538464 0.052884615384615384
0 0.6358173076923077 0.6045673076923077 0.038461538461538464 0.0625
0 0.5925480769230769 0.6274038461538461 0.03365384615384615 0.055288461538461536
0 0.6802884615384616 0.6778846153846154 0.04326923076923077 0.0625
0 0.6382211538461539 0.6550480769230769 0.040865384615384616 0.06009615384615385
0 0.6430288461538461 0.7427884615384616 0.036057692307692304 0.04807692307692308
0 0.5793269230769231 0.7379807692307693 0.03365384615384615 0.06009615384615385
0 0.6298076923076923 0.33533653846153844 0.036057692307692304 0.055288461538461536
0 0.6598557692307693 0.2980769230769231 0.03365384615384615 0.04807692307692308
0 0.7079326923076923 0.24158653846153846 0.036057692307692304 0.05048076923076923
0 0.6814903846153846 0.2704326923076923 0.03365384615384615 0.04807692307692308
0 0.7752403846153846 0.20793269230769232 0.03125 0.052884615384615384
0 0.84375 0.20552884615384615 0.03125 0.04567307692307692
0 0.6790865384615384 0.3473557692307692 0.036057692307692304 0.05048076923076923
0 0.7091346153846154 0.33052884615384615 0.03125 0.055288461538461536
0 0.7355769230769231 0.34134615384615385 0.03365384615384615 0.0625
0 0.7824519230769231 0.30528846153846156 0.03365384615384615 0.052884615384615384
0 0.8221153846153846 0.27524038461538464 0.036057692307692304 0.057692307692307696
0 0.8798076923076923 0.26322115384615385 0.036057692307692304 0.052884615384615384
0 0.8653846153846154 0.2860576923076923 0.028846153846153848 0.04326923076923077
0 0.8353365384615384 0.3161057692307692 0.03365384615384615 0.055288461538461536
0 0.6514423076923077 0.4110576923076923 0.036057692307692304 0.057692307692307696
0 0.703125 0.4206730769230769 0.040865384615384616 0.0625
0 0.8317307692307693 0.41466346153846156 0.03365384615384615 0.055288461538461536
0 0.9014423076923077 0.3557692307692308 0.036057692307692304 0.04807692307692308
0 0.9423076923076923 0.3137019230769231 0.02403846153846154 0.052884615384615384
0 0.9098557692307693 0.3076923076923077 0.036057692307692304 0.04567307692307692
0 0.7043269230769231 0.6117788461538461 0.038461538461538464 0.05048076923076923
0 0.7776442307692307 0.5480769230769231 0.03125 0.04326923076923077
0 0.7175480769230769 0.5 0.03365384615384615 0.04807692307692308
0 0.765625 0.49158653846153844 0.036057692307692304 0.04807692307692308
0 0.8173076923076923 0.5228365384615384 0.03125 0.055288461538461536
0 0.8509615384615384 0.6141826923076923 0.028846153846153848 0.04567307692307692
0 0.7043269230769231 0.7367788461538461 0.028846153846153848 0.052884615384615384
0 0.7572115384615384 0.7800480769230769 0.03365384615384615 0.038461538461538464
0 0.7391826923076923 0.7692307692307693 0.03125 0.04567307692307692
0 0.7415865384615384 0.7139423076923077 0.03125 0.05048076923076923
0 0.8028846153846154 0.7067307692307693 0.03365384615384615 0.04326923076923077
0 0.8509615384615384 0.7115384615384616 0.038461538461538464 0.055288461538461536
0 0.8209134615384616 0.6778846153846154 0.03365384615384615 0.04807692307692308
0 0.7908653846153846 0.6586538461538461 0.03125 0.040865384615384616
0 0.8629807692307693 0.5012019230769231 0.028846153846153848 0.052884615384615384
0 0.7788461538461539 0.4014423076923077 0.036057692307692304 0.052884615384615384
0 0.9038461538461539 0.5637019230769231 0.036057692307692304 0.04567307692307692
0 0.9338942307692307 0.6526442307692307 0.03365384615384615 0.04567307692307692
0 0.9170673076923077 0.7115384615384616 0.03365384615384615 0.052884615384615384
0 0.8894230769230769 0.7103365384615384 0.03125 0.04807692307692308
0 0.8846153846153846 0.65625 0.02403846153846154 0.036057692307692304
0 0.8978365384615384 0.4206730769230769 0.03125 0.055288461538461536
0 0.9483173076923077 0.44711538461538464 0.026442307692307692 0.04807692307692308
0 0.8004807692307693 0.46634615384615385 0.038461538461538464 0.057692307692307696
0 0.5324519230769231 0.5865384615384616 0.036057692307692304 0.06490384615384616
0 0.6814903846153846 0.53125 0.03365384615384615 0.05048076923076923
0 0.5805288461538461 0.8882211538461539 0.03125 0.05048076923076923
0 0.7860576923076923 0.6009615384615384 0.03365384615384615 0.04326923076923077
0 0.8413461538461539 0.5528846153846154 0.028846153846153848 0.05048076923076923