0 0.052884615384615384 0.8521634615384616 0.026442307692307692 0.02403846153846154
0 0.11177884615384616 0.8257211538461539 0.03365384615384615 0.028846153846153848
0 0.09375 0.9110576923076923 0.03125 0.028846153846153848
0 0.1658653846153846 0.7692307692307693 0.028846153846153848 0.03125
0 0.15625 0.8858173076923077 0.028846153846153848 0.03125
0 0.06009615384615385 0.9194711538461539 0.02403846153846154 0.026442307692307692
0 0.0625 0.96875 0.021634615384615384 0.026442307692307692
0 0.08533653846153846 0.9447115384615384 0.021634615384615384 0.026442307692307692
0 0.12139423076923077 0.9435096153846154 0.028846153846153848 0.03365384615384615
0 0.09134615384615384 0.9675480769230769 0.026442307692307692 0.016826923076923076
0 0.15985576923076922 0.921875 0.021634615384615384 0.026442307692307692
0 0.19110576923076922 0.8774038461538461 0.019230769230769232 0.026442307692307692
0 0.21153846153846154 0.8329326923076923 0.02403846153846154 0.02403846153846154
0 0.234375 0.8449519230769231 0.014423076923076924 0.026442307692307692
0 0.25600961538461536 0.8665865384615384 0.016826923076923076 0.026442307692307692
0 0.25240384615384615 0.9182692307692307 0.021634615384615384 0.03365384615384615
0 0.27884615384615385 0.8990384615384616 0.021634615384615384 0.028846153846153848
0 0.2704326923076923 0.9567307692307693 0.02403846153846154 0.03365384615384615
0 0.22115384615384615 0.90625 0.026442307692307692 0.036057692307692304
0 0.1935096153846154 0.9362980769230769 0.02403846153846154 0.038461538461538464
0 0.2620192307692308 0.8293269230769231 0.026442307692307692 0.03365384615384615
0 0.2536057692307692 0.7475961538461539 0.02403846153846154 0.03365384615384615
0 0.28125 0.7199519230769231 0.02403846153846154 0.026442307692307692
0 0.29086538461538464 0.6454326923076923 0.021634615384615384 0.028846153846153848
0 0.32572115384615385 0.6526442307692307 0.02403846153846154 0.03125
0 0.34375 0.6959134615384616 0.021634615384615384 0.028846153846153848
0 0.3137019230769231 0.7512019230769231 0.026442307692307692 0.028846153846153848
0 0.28365384615384615 0.7620192307692307 0.02403846153846154 0.028846153846153848
0 0.23798076923076922 0.6790865384615384 0.026442307692307692 0.03365384615384615
0 0.20552884615384615 0.6658653846153846 0.03125 0.03125
0 0.19110576923076922 0.7247596153846154 0.03365384615384615 0.026442307692307692
0 0.20192307692307693 0.7596153846153846 0.028846153846153848 0.028846153846153848
0 0.15144230769230768 0.7151442307692307 0.03125 0.03125
0 0.35216346153846156 0.90625 0.019230769230769232 0.026442307692307692
0 0.31971153846153844 0.8677884615384616 0.021634615384615384 0.028846153846153848
0 0.33413461538461536 0.8293269230769231 0.021634615384615384 0.02403846153846154
0 0.3713942307692308 0.8269230769230769 0.021634615384615384 0.02403846153846154
0 0.36538461538461536 0.8581730769230769 0.02403846153846154 0.03125
0 0.375 0.8870192307692307 0.02403846153846154 0.019230769230769232
0 0.4026442307692308 0.84375 0.021634615384615384 0.028846153846153848
0 0.39903846153846156 0.8725961538461539 0.019230769230769232 0.019230769230769232
0 0.3942307692307692 0.8978365384615384 0.014423076923076924 0.026442307692307692
0 0.30649038461538464 0.9074519230769231 0.019230769230769232 0.026442307692307692
0 0.3161057692307692 0.8004807692307693 0.026442307692307692 0.03125
0 0.38822115384615385 0.7536057692307693 0.021634615384615384 0.028846153846153848
0 0.38341346153846156 0.7019230769230769 0.028846153846153848 0.028846153846153848
0 0.3894230769230769 0.6682692307692307 0.028846153846153848 0.028846153846153848
0 0.36538461538461536 0.6298076923076923 0.026442307692307692 0.03125
0 0.46033653846153844 0.6478365384615384 0.021634615384615384 0.03365384615384615
0 0.4987980769230769 0.6153846153846154 0.021634615384615384 0.03125
0 0.4423076923076923 0.7115384615384616 0.02403846153846154 0.03365384615384615
0 0.34975961538461536 0.5432692307692307 0.02403846153846154 0.03365384615384615
0 0.4050480769230769 0.5913461538461539 0.02403846153846154 0.03365384615384615
0 0.43509615384615385 0.5504807692307693 0.026442307692307692 0.03365384615384615
0 0.46875 0.53125 0.021634615384615384 0.03365384615384615
0 0.5060096153846154 0.5492788461538461 0.02403846153846154 0.038461538461538464
0 0.5408653846153846 0.5564903846153846 0.02403846153846154 0.03125
0 0.5432692307692307 0.6021634615384616 0.02403846153846154 0.03365384615384615
0 0.4951923076923077 0.6814903846153846 0.021634615384615384 0.036057692307692304
0 0.5336538461538461 0.6526442307692307 0.021634615384615384 0.03365384615384615
0 0.4855769230769231 0.7223557692307693 0.02403846153846154 0.03365384615384615
0 0.515625 0.6923076923076923 0.016826923076923076 0.028846153846153848
0 0.5072115384615384 0.7427884615384616 0.014423076923076924 0.036057692307692304
0 0.5048076923076923 0.7884615384615384 0.021634615384615384 0.04326923076923077
0 0.46033653846153844 0.7800480769230769 0.021634615384615384 0.028846153846153848
0 0.47115384615384615 0.8149038461538461 0.028846153846153848 0.028846153846153848
0 0.5733173076923077 0.6875 0.021634615384615384 0.03365384615384615
0 0.546875 0.7163461538461539 0.021634615384615384 0.036057692307692304
0 0.5600961538461539 0.828125 0.02403846153846154 0.03365384615384615
0 0.5348557692307693 0.765625 0.019230769230769232 0.028846153846153848
0 0.5360576923076923 0.8004807692307693 0.019230769230769232 0.02403846153846154
0 0.5588942307692307 0.7608173076923077 0.014423076923076924 0.03125
0 0.5817307692307693 0.7764423076923077 0.021634615384615384 0.02403846153846154
0 0.5649038461538461 0.8713942307692307 0.021634615384615384 0.028846153846153848
0 0.5324519230769231 0.8353365384615384 0.016826923076923076 0.026442307692307692
0 0.59375 0.8798076923076923 0.021634615384615384 0.03125
0 0.5697115384615384 0.7199519230769231 0.019230769230769232 0.026442307692307692
0 0.6009615384615384 0.6887019230769231 0.016826923076923076 0.03365384615384615
0 0.6153846153846154 0.6983173076923077 0.009615384615384616 0.040865384615384616
0 0.5901442307692307 0.7415865384615384 0.01201923076923077 0.03125
0 0.5673076923076923 0.6201923076923077 0.019230769230769232 0.03365384615384615
0 0.5997596153846154 0.640625 0.019230769230769232 0.03125
0 0.6201923076923077 0.6442307692307693 0.016826923076923076 0.02403846153846154
0 0.640625 0.6153846153846154 0.02403846153846154 0.03365384615384615
0 0.6370192307692307 0.6694711538461539 0.021634615384615384 0.021634615384615384
0 0.640625 0.703125 0.016826923076923076 0.026442307692307692
0 0.5805288461538461 0.5216346153846154 0.021634615384615384 0.03125
0 0.5997596153846154 0.5108173076923077 0.01201923076923077 0.036057692307692304
0 0.640625 0.5228365384615384 0.02403846153846154 0.028846153846153848
0 0.6165865384615384 0.5408653846153846 0.016826923076923076 0.036057692307692304
0 0.578125 0.578125 0.02403846153846154 0.028846153846153848
0 0.5985576923076923 0.578125 0.007211538461538462 0.04326923076923077
0 0.6610576923076923 0.5564903846153846 0.019230769230769232 0.02403846153846154
0 0.6658653846153846 0.6274038461538461 0.019230769230769232 0.02403846153846154
0 0.6838942307692307 0.6742788461538461 0.02403846153846154 0.03125
0 0.7019230769230769 0.6201923076923077 0.016826923076923076 0.028846153846153848
0 0.6658653846153846 0.7079326923076923 0.019230769230769232 0.03125
0 0.6466346153846154 0.7415865384615384 0.021634615384615384 0.028846153846153848
0 0.5817307692307693 0.8245192307692307 0.01201923076923077 0.038461538461538464
0 0.6129807692307693 0.8389423076923077 0.021634615384615384 0.03365384615384615
0 0.7043269230769231 0.7379807692307693 0.01201923076923077 0.026442307692307692
0 0.7199519230769231 0.7079326923076923 0.014423076923076924 0.021634615384615384
0 0.7055288461538461 0.6790865384615384 0.014423076923076924 0.021634615384615384
0 0.7223557692307693 0.6610576923076923 0.01201923076923077 0.014423076923076924
0 0.7331730769230769 0.6826923076923077 0.01201923076923077 0.021634615384615384
0 0.7487980769230769 0.6826923076923077 0.007211538461538462 0.026442307692307692
0 0.7596153846153846 0.6959134615384616 0.01201923076923077 0.021634615384615384
0 0.7560096153846154 0.7259615384615384 0.01201923076923077 0.02403846153846154
0 0.7391826923076923 0.7163461538461539 0.009615384615384616 0.019230769230769232
0 0.7367788461538461 0.7620192307692307 0.016826923076923076 0.02403846153846154
0 0.7560096153846154 0.78125 0.014423076923076924 0.021634615384615384
0 0.7103365384615384 0.7704326923076923 0.016826923076923076 0.016826923076923076
0 0.6875 0.765625 0.019230769230769232 0.026442307692307692
0 0.6887019230769231 0.7944711538461539 0.01201923076923077 0.019230769230769232
0 0.6754807692307693 0.734375 0.01201923076923077 0.019230769230769232
0 0.6610576923076923 0.7680288461538461 0.014423076923076924 0.021634615384615384
0 0.6274038461538461 0.36177884615384615 0.019230769230769232 0.026442307692307692
0 0.6550480769230769 0.3245192307692308 0.019230769230769232 0.028846153846153848
0 0.6778846153846154 0.2956730769230769 0.014423076923076924 0.021634615384615384
0 0.6081730769230769 0.38341346153846156 0.016826923076923076 0.02403846153846154
0 0.6526442307692307 0.43028846153846156 0.019230769230769232 0.021634615384615384
0 0.7019230769230769 0.26802884615384615 0.019230769230769232 0.021634615384615384
0 0.7235576923076923 0.25 0.014423076923076924 0.02403846153846154
0 0.7487980769230769 0.2704326923076923 0.016826923076923076 0.021634615384615384
0 0.7668269230769231 0.23557692307692307 0.016826923076923076 0.02403846153846154
0 0.7884615384615384 0.23677884615384615 0.016826923076923076 0.021634615384615384
0 0.8064903846153846 0.22355769230769232 0.01201923076923077 0.028846153846153848
0 0.7632211538461539 0.2644230769230769 0.009615384615384616 0.02403846153846154
0 0.7331730769230769 0.3004807692307692 0.019230769230769232 0.026442307692307692
0 0.7115384615384616 0.2956730769230769 0.016826923076923076 0.02403846153846154
0 0.7055288461538461 0.35336538461538464 0.016826923076923076 0.028846153846153848
0 0.7283653846153846 0.3545673076923077 0.016826923076923076 0.036057692307692304
0 0.7475961538461539 0.3269230769230769 0.016826923076923076 0.021634615384615384
0 0.7716346153846154 0.32211538461538464 0.019230769230769232 0.026442307692307692
0 0.7800480769230769 0.3581730769230769 0.016826923076923076 0.026442307692307692
0 0.7848557692307693 0.27524038461538464 0.016826923076923076 0.028846153846153848
0 0.8112980769230769 0.2920673076923077 0.016826923076923076 0.036057692307692304
0 0.796875 0.328125 0.014423076923076924 0.036057692307692304
0 0.7980769230769231 0.3737980769230769 0.01201923076923077 0.03125
0 0.7584134615384616 0.3870192307692308 0.01201923076923077 0.026442307692307692
0 0.7379807692307693 0.390625 0.016826923076923076 0.02403846153846154
0 0.7487980769230769 0.4230769230769231 0.016826923076923076 0.019230769230769232
0 0.7079326923076923 0.38341346153846156 0.016826923076923076 0.021634615384615384
0 0.7007211538461539 0.43028846153846156 0.021634615384615384 0.03365384615384615
0 0.7259615384615384 0.4387019230769231 0.019230769230769232 0.021634615384615384
0 0.6670673076923077 0.4098557692307692 0.014423076923076924 0.028846153846153848
0 0.6778846153846154 0.3629807692307692 0.016826923076923076 0.03365384615384615
0 0.65625 0.3629807692307692 0.019230769230769232 0.03125
0 0.6610576923076923 0.4579326923076923 0.014423076923076924 0.026442307692307692
0 0.6802884615384616 0.47115384615384615 0.016826923076923076 0.03125
0 0.6814903846153846 0.5024038461538461 0.016826923076923076 0.02403846153846154
0 0.7055288461538461 0.4735576923076923 0.016826923076923076 0.026442307692307692
0 0.7103365384615384 0.5096153846153846 0.016826923076923076 0.028846153846153848
0 0.6826923076923077 0.5384615384615384 0.014423076923076924 0.02403846153846154
0 0.6790865384615384 0.5925480769230769 0.01201923076923077 0.016826923076923076
0 0.6947115384615384 0.5673076923076923 0.016826923076923076 0.02403846153846154
0 0.8629807692307693 0.19831730769230768 0.01201923076923077 0.021634615384615384
0 0.8473557692307693 0.2091346153846154 0.01201923076923077 0.02403846153846154
0 0.8293269230769231 0.22956730769230768 0.016826923076923076 0.026442307692307692
0 0.8774038461538461 0.24158653846153846 0.014423076923076924 0.02403846153846154
0 0.8930288461538461 0.24759615384615385 0.014423076923076924 0.026442307692307692
0 0.8641826923076923 0.27524038461538464 0.016826923076923076 0.02403846153846154
0 0.8305288461538461 0.2704326923076923 0.01201923076923077 0.019230769230769232
0 0.8449519230769231 0.3016826923076923 0.016826923076923076 0.028846153846153848
0 0.8870192307692307 0.28966346153846156 0.014423076923076924 0.021634615384615384
0 0.8942307692307693 0.31971153846153844 0.014423076923076924 0.02403846153846154
0 0.8737980769230769 0.3293269230769231 0.019230769230769232 0.028846153846153848
0 0.9278846153846154 0.32572115384615385 0.01201923076923077 0.019230769230769232
0 0.9411057692307693 0.28966346153846156 0.01201923076923077 0.02403846153846154
0 0.9411057692307693 0.35697115384615385 0.016826923076923076 0.03125
0 0.9086538461538461 0.3473557692307692 0.01201923076923077 0.021634615384615384
0 0.9110576923076923 0.39903846153846156 0.014423076923076924 0.021634615384615384
0 0.8882211538461539 0.36658653846153844 0.016826923076923076 0.019230769230769232
0 0.8617788461538461 0.4026442307692308 0.014423076923076924 0.02403846153846154
0 0.8834134615384616 0.4254807692307692 0.01201923076923077 0.026442307692307692
0 0.9098557692307693 0.4362980769230769 0.014423076923076924 0.02403846153846154
0 0.9350961538461539 0.4519230769230769 0.014423076923076924 0.026442307692307692
0 0.8449519230769231 0.3401442307692308 0.016826923076923076 0.03365384615384615
0 0.8221153846153846 0.33052884615384615 0.019230769230769232 0.03365384615384615
0 0.8221153846153846 0.3713942307692308 0.014423076923076924 0.028846153846153848
0 0.8425480769230769 0.3894230769230769 0.014423076923076924 0.036057692307692304
0 0.8257211538461539 0.42788461538461536 0.019230769230769232 0.03125
0 0.8269230769230769 0.46875 0.014423076923076924 0.026442307692307692
0 0.8425480769230769 0.4567307692307692 0.01201923076923077 0.026442307692307692
0 0.7620192307692307 0.4567307692307692 0.019230769230769232 0.03125
0 0.7716346153846154 0.49158653846153844 0.009615384615384616 0.021634615384615384
0 0.7415865384615384 0.46153846153846156 0.01201923076923077 0.026442307692307692
0 0.7536057692307693 0.5012019230769231 0.016826923076923076 0.02403846153846154
0 0.7704326923076923 0.41586538461538464 0.014423076923076924 0.026442307692307692
0 0.7932692307692307 0.47836538461538464 0.016826923076923076 0.02403846153846154
0 0.8125 0.5276442307692307 0.014423076923076924 0.026442307692307692
0 0.8293269230769231 0.49759615384615385 0.016826923076923076 0.016826923076923076
0 0.8545673076923077 0.4987980769230769 0.014423076923076924 0.03125
0 0.8329326923076923 0.5180288461538461 0.01201923076923077 0.014423076923076924
0 0.8341346153846154 0.5540865384615384 0.014423076923076924 0.026442307692307692
0 0.8497596153846154 0.5757211538461539 0.01201923076923077 0.028846153846153848
0 0.8762019230769231 0.5625 0.01201923076923077 0.02403846153846154
0 0.8954326923076923 0.5588942307692307 0.014423076923076924 0.02403846153846154
0 0.9002403846153846 0.4987980769230769 0.01201923076923077 0.026442307692307692
0 0.875 0.46274038461538464 0.009615384615384616 0.019230769230769232
0 0.8653846153846154 0.4411057692307692 0.01201923076923077 0.019230769230769232
0 0.8509615384615384 0.43149038461538464 0.01201923076923077 0.021634615384615384
0 0.7644230769230769 0.5528846153846154 0.01201923076923077 0.019230769230769232
0 0.7776442307692307 0.5600961538461539 0.007211538461538462 0.02403846153846154
0 0.7932692307692307 0.5661057692307693 0.01201923076923077 0.028846153846153848
0 0.8100961538461539 0.5528846153846154 0.009615384615384616 0.01201923076923077
0 0.8149038461538461 0.5709134615384616 0.01201923076923077 0.014423076923076924
0 0.7271634615384616 0.49399038461538464 0.01201923076923077 0.021634615384615384
0 0.8016826923076923 0.7091346153846154 0.01201923076923077 0.01201923076923077
0 0.8149038461538461 0.6790865384615384 0.014423076923076924 0.014423076923076924
0 0.8473557692307693 0.7019230769230769 0.014423076923076924 0.016826923076923076
0 0.8786057692307693 0.6742788461538461 0.014423076923076924 0.019230769230769232
0 0.8810096153846154 0.6995192307692307 0.01201923076923077 0.021634615384615384
0 0.8245192307692307 0.7139423076923077 0.016826923076923076 0.016826923076923076
0 0.7716346153846154 0.7271634615384616 0.007211538461538462 0.014423076923076924
0 0.7860576923076923 0.7379807692307693 0.014423076923076924 0.016826923076923076
0 0.7872596153846154 0.6814903846153846 0.01201923076923077 0.01201923076923077
0 0.7836538461538461 0.6610576923076923 0.01201923076923077 0.019230769230769232
0 0.7944711538461539 0.6274038461538461 0.01201923076923077 0.014423076923076924
0 0.7992788461538461 0.6466346153846154 0.009615384615384616 0.01201923076923077
0 0.8461538461538461 0.6490384615384616 0.01201923076923077 0.019230769230769232
0 0.8725961538461539 0.6502403846153846 0.016826923076923076 0.019230769230769232
0 0.44591346153846156 0.8641826923076923 0.03365384615384615 0.03125
0 0.29086538461538464 0.8125 0.016826923076923076 0.019230769230769232
0 0.8449519230769231 0.6141826923076923 0.01201923076923077 0.016826923076923076
0 0.8004807692307693 0.59375 0.014423076923076924 0.021634615384615384
0 0.78125 0.609375 0.014423076923076924 0.021634615384615384
0 0.8161057692307693 0.6105769230769231 0.01201923076923077 0.02403846153846154
0 0.7788461538461539 0.6298076923076923 0.014423076923076924 0.016826923076923076
0 0.7680288461538461 0.6514423076923077 0.016826923076923076 0.016826923076923076
0 0.9050480769230769 0.6201923076923077 0.016826923076923076 0.026442307692307692
0 0.9086538461538461 0.6478365384615384 0.009615384615384616 0.019230769230769232
0 0.9002403846153846 0.6730769230769231 0.01201923076923077 0.021634615384615384
0 0.9230769230769231 0.6454326923076923 0.01201923076923077 0.021634615384615384
0 0.9038461538461539 0.7055288461538461 0.016826923076923076 0.026442307692307692
0 0.8629807692307693 0.7055288461538461 0.007211538461538462 0.036057692307692304
0 0.7752403846153846 0.6983173076923077 0.014423076923076924 0.028846153846153848
0 0.9338942307692307 0.40384615384615385 0.01201923076923077 0.02403846153846154
0 0.921875 0.3629807692307692 0.014423076923076924 0.028846153846153848
0 0.9663461538461539 0.2920673076923077 0.01201923076923077 0.014423076923076924
0 0.9783653846153846 0.35096153846153844 0.01201923076923077 0.014423076923076924
0 0.9807692307692307 0.43149038461538464 0.01201923076923077 0.014423076923076924
0 0.9771634615384616 0.38221153846153844 0.01201923076923077 0.021634615384615384
0 0.9819711538461539 0.31009615384615385 0.009615384615384616 0.01201923076923077
0 0.9699519230769231 0.4110576923076923 0.01201923076923077 0.016826923076923076
0 0.9519230769230769 0.44711538461538464 0.01201923076923077 0.019230769230769232
0 0.4543269230769231 0.5901442307692307 0.021634615384615384 0.036057692307692304
0 0.3629807692307692 0.7860576923076923 0.038461538461538464 0.04807692307692308
0 0.2439903846153846 0.7848557692307693 0.036057692307692304 0.04567307692307692