0 0.17668269230769232 0.9891826923076923 0.026442307692307692 0.019230769230769232
0 0.09975961538461539 0.9903846153846154 0.026442307692307692 0.019230769230769232
0 0.08533653846153846 0.9903846153846154 0.026442307692307692 0.019230769230769232
0 0.21754807692307693 0.9867788461538461 0.03125 0.02403846153846154
0 0.13581730769230768 0.9879807692307693 0.040865384615384616 0.021634615384615384
0 0.052884615384615384 0.9903846153846154 0.038461538461538464 0.019230769230769232
0 0.05048076923076923 0.9903846153846154 0.02403846153846154 0.019230769230769232
0 0.08413461538461539 0.9927884615384616 0.028846153846153848 0.014423076923076924
0 0.36899038461538464 0.9891826923076923 0.038461538461538464 0.016826923076923076
0 0.2980769230769231 0.9891826923076923 0.02403846153846154 0.019230769230769232
0 0.4387019230769231 0.984375 0.03125 0.026442307692307692
0 0.3557692307692308 0.9855769230769231 0.038461538461538464 0.02403846153846154
0 0.421875 0.9891826923076923 0.04807692307692308 0.016826923076923076
0 0.32572115384615385 0.9795673076923077 0.036057692307692304 0.036057692307692304
0 0.47115384615384615 0.9278846153846154 0.03365384615384615 0.028846153846153848
0 0.45552884615384615 0.8822115384615384 0.036057692307692304 0.038461538461538464
0 0.36658653846153844 0.9423076923076923 0.04326923076923077 0.028846153846153848
0 0.31971153846153844 0.9002403846153846 0.038461538461538464 0.038461538461538464
0 0.39663461538461536 0.8581730769230769 0.04326923076923077 0.028846153846153848
0 0.48677884615384615 0.8305288461538461 0.040865384615384616 0.040865384615384616
0 0.5480769230769231 0.7668269230769231 0.038461538461538464 0.026442307692307692
0 0.4362980769230769 0.796875 0.040865384615384616 0.040865384615384616
0 0.6081730769230769 0.8473557692307693 0.04326923076923077 0.038461538461538464
0 0.5973557692307693 0.7307692307692307 0.04567307692307692 0.036057692307692304
0 0.6225961538461539 0.6887019230769231 0.038461538461538464 0.038461538461538464
0 0.5877403846153846 0.6274038461538461 0.038461538461538464 0.026442307692307692
0 0.5432692307692307 0.7115384615384616 0.04326923076923077 0.036057692307692304
0 0.5084134615384616 0.6466346153846154 0.036057692307692304 0.038461538461538464
0 0.46153846153846156 0.6983173076923077 0.03365384615384615 0.036057692307692304
0 0.41466346153846156 0.6502403846153846 0.036057692307692304 0.026442307692307692
0 0.36778846153846156 0.7235576923076923 0.028846153846153848 0.03365384615384615
0 0.45552884615384615 0.5973557692307693 0.03365384615384615 0.03125
0 0.35216346153846156 0.6598557692307693 0.03125 0.03125
0 0.15745192307692307 0.7283653846153846 0.036057692307692304 0.036057692307692304
0 0.28125 0.6995192307692307 0.03365384615384615 0.03125
0 0.23317307692307693 0.6838942307692307 0.04326923076923077 0.038461538461538464
0 0.22115384615384615 0.8221153846153846 0.038461538461538464 0.036057692307692304
0 0.1935096153846154 0.7800480769230769 0.04567307692307692 0.03365384615384615
0 0.17067307692307693 0.828125 0.038461538461538464 0.04326923076923077
0 0.09975961538461539 0.8509615384615384 0.036057692307692304 0.038461538461538464
0 0.14903846153846154 0.8918269230769231 0.03365384615384615 0.03125
0 0.11057692307692307 0.9483173076923077 0.03365384615384615 0.03365384615384615
0 0.019230769230769232 0.9603365384615384 0.03365384615384615 0.014423076923076924
0 0.0985576923076923 0.9098557692307693 0.03365384615384615 0.03125
0 0.08774038461538461 0.9855769230769231 0.03125 0.028846153846153848
0 0.10096153846153846 0.9915865384615384 0.038461538461538464 0.016826923076923076
0 0.14543269230769232 0.9915865384615384 0.036057692307692304 0.014423076923076924
0 0.06129807692307692 0.9891826923076923 0.03125 0.021634615384615384
0 0.014423076923076924 0.9939903846153846 0.019230769230769232 0.01201923076923077
0 0.1310096153846154 0.8197115384615384 0.026442307692307692 0.026442307692307692
0 0.11057692307692307 0.7932692307692307 0.02403846153846154 0.021634615384615384
0 0.296875 0.5985576923076923 0.026442307692307692 0.026442307692307692
0 0.2608173076923077 0.6334134615384616 0.040865384615384616 0.028846153846153848
0 0.3701923076923077 0.5793269230769231 0.04326923076923077 0.028846153846153848
0 0.35697115384615385 0.546875 0.036057692307692304 0.019230769230769232
0 0.3088942307692308 0.5649038461538461 0.026442307692307692 0.026442307692307692
0 0.2512019230769231 0.59375 0.03125 0.026442307692307692
0 0.33413461538461536 0.6310096153846154 0.028846153846153848 0.03125
0 0.40384615384615385 0.6201923076923077 0.03365384615384615 0.03365384615384615
0 0.5925480769230769 0.5865384615384616 0.040865384615384616 0.028846153846153848
0 0.6334134615384616 0.5324519230769231 0.04807692307692308 0.02403846153846154
0 0.5612980769230769 0.5324519230769231 0.036057692307692304 0.03365384615384615
0 0.6358173076923077 0.44711538461538464 0.036057692307692304 0.036057692307692304
0 0.5288461538461539 0.5817307692307693 0.038461538461538464 0.036057692307692304
0 0.6502403846153846 0.5036057692307693 0.055288461538461536 0.014423076923076924
0 0.6105769230769231 0.48197115384615385 0.04807692307692308 0.019230769230769232
0 0.5036057692307693 0.5492788461538461 0.05048076923076923 0.026442307692307692
0 0.4098557692307692 0.5420673076923077 0.04567307692307692 0.040865384615384616
0 0.4735576923076923 0.5084134615384616 0.04326923076923077 0.028846153846153848
0 0.4098557692307692 0.5036057692307693 0.05048076923076923 0.026442307692307692
0 0.33653846153846156 0.5144230769230769 0.028846153846153848 0.028846153846153848
0 0.2860576923076923 0.5372596153846154 0.02403846153846154 0.028846153846153848
0 0.21514423076923078 0.5600961538461539 0.03125 0.03125
0 0.15384615384615385 0.5504807692307693 0.03365384615384615 0.036057692307692304
0 0.13942307692307693 0.5180288461538461 0.038461538461538464 0.028846153846153848
0 0.3317307692307692 0.4387019230769231 0.03365384615384615 0.026442307692307692
0 0.37740384615384615 0.4495192307692308 0.02403846153846154 0.02403846153846154
0 0.3786057692307692 0.41466346153846156 0.036057692307692304 0.021634615384615384
0 0.3449519230769231 0.39903846153846156 0.021634615384615384 0.019230769230769232
0 0.29927884615384615 0.38461538461538464 0.036057692307692304 0.019230769230769232
0 0.33774038461538464 0.3581730769230769 0.026442307692307692 0.02403846153846154
0 0.41947115384615385 0.3858173076923077 0.036057692307692304 0.026442307692307692
0 0.4206730769230769 0.35697115384615385 0.02403846153846154 0.026442307692307692
0 0.38461538461538464 0.33653846153846156 0.03365384615384615 0.019230769230769232
0 0.3389423076923077 0.33774038461538464 0.04326923076923077 0.014423076923076924
0 0.3954326923076923 0.47836538461538464 0.05048076923076923 0.019230769230769232
0 0.42788461538461536 0.45552884615384615 0.028846153846153848 0.026442307692307692
0 0.21995192307692307 0.53125 0.06971153846153846 0.016826923076923076
0 0.3329326923076923 0.484375 0.040865384615384616 0.036057692307692304
0 0.47115384615384615 0.47596153846153844 0.028846153846153848 0.028846153846153848
0 0.5060096153846154 0.44711538461538464 0.040865384615384616 0.03365384615384615
0 0.4855769230769231 0.4170673076923077 0.038461538461538464 0.021634615384615384
0 0.5853365384615384 0.41466346153846156 0.03125 0.03365384615384615
0 0.8305288461538461 0.4891826923076923 0.036057692307692304 0.021634615384615384
0 0.8605769230769231 0.46033653846153844 0.038461538461538464 0.026442307692307692
0 0.9134615384615384 0.42427884615384615 0.03365384615384615 0.03125
0 0.859375 0.42427884615384615 0.04567307692307692 0.026442307692307692
0 0.7644230769230769 0.43149038461538464 0.028846153846153848 0.028846153846153848
0 0.8533653846153846 0.39302884615384615 0.03365384615384615 0.03125
0 0.7247596153846154 0.4170673076923077 0.036057692307692304 0.021634615384615384
0 0.7596153846153846 0.36177884615384615 0.04326923076923077 0.03125
0 0.703125 0.35697115384615385 0.026442307692307692 0.028846153846153848
0 0.75 0.3269230769230769 0.03365384615384615 0.019230769230769232
0 0.71875 0.30649038461538464 0.04326923076923077 0.014423076923076924
0 0.6550480769230769 0.35216346153846156 0.040865384615384616 0.02403846153846154
0 0.7091346153846154 0.3894230769230769 0.03365384615384615 0.021634615384615384
0 0.7920673076923077 0.40625 0.028846153846153848 0.028846153846153848
0 0.6646634615384616 0.390625 0.02403846153846154 0.02403846153846154
0 0.6153846153846154 0.3858173076923077 0.038461538461538464 0.019230769230769232
0 0.5745192307692307 0.375 0.03365384615384615 0.016826923076923076
0 0.5396634615384616 0.3942307692307692 0.03125 0.021634615384615384
0 0.49759615384615385 0.36177884615384615 0.03365384615384615 0.021634615384615384
0 0.44350961538461536 0.33413461538461536 0.021634615384615384 0.014423076923076924
0 0.41346153846153844 0.31850961538461536 0.019230769230769232 0.021634615384615384
0 0.41586538461538464 0.29927884615384615 0.02403846153846154 0.021634615384615384
0 0.4579326923076923 0.27283653846153844 0.021634615384615384 0.021634615384615384
0 0.5192307692307693 0.25240384615384615 0.019230769230769232 0.016826923076923076
0 0.49038461538461536 0.25600961538461536 0.019230769230769232 0.016826923076923076
0 0.44591346153846156 0.24879807692307693 0.016826923076923076 0.019230769230769232
0 0.4182692307692308 0.24639423076923078 0.014423076923076924 0.016826923076923076
0 0.3894230769230769 0.2620192307692308 0.019230769230769232 0.019230769230769232
0 0.4206730769230769 0.20673076923076922 0.02403846153846154 0.019230769230769232
0 0.37259615384615385 0.2247596153846154 0.019230769230769232 0.021634615384615384
0 0.3557692307692308 0.28966346153846156 0.028846153846153848 0.019230769230769232
0 0.36658653846153844 0.3125 0.016826923076923076 0.019230769230769232
0 0.5396634615384616 0.22716346153846154 0.021634615384615384 0.019230769230769232
0 0.49399038461538464 0.23197115384615385 0.026442307692307692 0.016826923076923076
0 0.4651442307692308 0.2247596153846154 0.016826923076923076 0.014423076923076924
0 0.37740384615384615 0.19831730769230768 0.02403846153846154 0.016826923076923076
0 0.5925480769230769 0.27403846153846156 0.028846153846153848 0.016826923076923076
0 0.6646634615384616 0.2860576923076923 0.03125 0.021634615384615384
0 0.5865384615384616 0.25600961538461536 0.019230769230769232 0.019230769230769232
0 0.5733173076923077 0.23677884615384615 0.026442307692307692 0.028846153846153848
0 0.6322115384615384 0.21033653846153846 0.028846153846153848 0.028846153846153848
0 0.671875 0.18629807692307693 0.021634615384615384 0.02403846153846154
0 0.6814903846153846 0.2668269230769231 0.026442307692307692 0.014423076923076924
0 0.5877403846153846 0.17908653846153846 0.040865384615384616 0.019230769230769232
0 0.5841346153846154 0.21033653846153846 0.03365384615384615 0.028846153846153848
0 0.5204326923076923 0.20673076923076922 0.038461538461538464 0.016826923076923076
0 0.5096153846153846 0.16706730769230768 0.028846153846153848 0.02403846153846154
0 0.6430288461538461 0.17908653846153846 0.026442307692307692 0.019230769230769232
0 0.6225961538461539 0.3269230769230769 0.02403846153846154 0.016826923076923076
0 0.671875 0.3269230769230769 0.021634615384615384 0.021634615384615384
0 0.6971153846153846 0.23317307692307693 0.028846153846153848 0.026442307692307692
0 0.765625 0.1875 0.03125 0.028846153846153848
0 0.7079326923076923 0.18870192307692307 0.026442307692307692 0.02403846153846154
0 0.7283653846153846 0.1658653846153846 0.02403846153846154 0.02403846153846154
0 0.6634615384615384 0.15264423076923078 0.028846153846153848 0.02403846153846154
0 0.7439903846153846 0.13581730769230768 0.026442307692307692 0.026442307692307692
0 0.7716346153846154 0.109375 0.028846153846153848 0.03125
0 0.8064903846153846 0.13822115384615385 0.038461538461538464 0.019230769230769232
0 0.8161057692307693 0.16826923076923078 0.03125 0.019230769230769232
0 0.765625 0.15745192307692307 0.019230769230769232 0.014423076923076924
0 0.71875 0.11899038461538461 0.014423076923076924 0.014423076923076924
0 0.6634615384615384 0.08774038461538461 0.02403846153846154 0.02403846153846154
0 0.7283653846153846 0.2764423076923077 0.02403846153846154 0.028846153846153848
0 0.8161057692307693 0.31009615384615385 0.026442307692307692 0.028846153846153848
0 0.8197115384615384 0.2824519230769231 0.02403846153846154 0.026442307692307692
0 0.8629807692307693 0.2536057692307692 0.028846153846153848 0.026442307692307692
0 0.7848557692307693 0.2644230769230769 0.026442307692307692 0.019230769230769232
0 0.84375 0.2283653846153846 0.02403846153846154 0.02403846153846154
0 0.84375 0.19110576923076922 0.03365384615384615 0.021634615384615384
0 0.8641826923076923 0.32211538461538464 0.03365384615384615 0.028846153846153848
0 0.7740384615384616 0.29447115384615385 0.03365384615384615 0.03125
0 0.828125 0.35216346153846156 0.03125 0.019230769230769232
0 0.875 0.35697115384615385 0.03365384615384615 0.03125
0 0.9579326923076923 0.3942307692307692 0.021634615384615384 0.021634615384615384
0 0.9879807692307693 0.3605769230769231 0.02403846153846154 0.026442307692307692
0 0.9915865384615384 0.33052884615384615 0.016826923076923076 0.019230769230769232
0 0.9879807692307693 0.2956730769230769 0.019230769230769232 0.021634615384615384
0 0.9447115384615384 0.31490384615384615 0.028846153846153848 0.028846153846153848
0 0.9098557692307693 0.2956730769230769 0.021634615384615384 0.019230769230769232
0 0.9122596153846154 0.2620192307692308 0.026442307692307692 0.02403846153846154
0 0.9230769230769231 0.38100961538461536 0.02403846153846154 0.021634615384615384
0 0.9471153846153846 0.34615384615384615 0.02403846153846154 0.021634615384615384
0 0.9951923076923077 0.27163461538461536 0.009615384615384616 0.016826923076923076
0 0.9735576923076923 0.24158653846153846 0.02403846153846154 0.02403846153846154
0 0.9927884615384616 0.24158653846153846 0.014423076923076924 0.02403846153846154
0 0.9927884615384616 0.18389423076923078 0.014423076923076924 0.019230769230769232
0 0.9519230769230769 0.2091346153846154 0.038461538461538464 0.021634615384615384
0 0.9855769230769231 0.1814903846153846 0.028846153846153848 0.02403846153846154
0 0.9423076923076923 0.1622596153846154 0.03365384615384615 0.03365384615384615
0 0.9050480769230769 0.19230769230769232 0.040865384615384616 0.028846153846153848
0 0.9038461538461539 0.23076923076923078 0.028846153846153848 0.028846153846153848
0 0.9771634615384616 0.1310096153846154 0.026442307692307692 0.028846153846153848
0 0.9050480769230769 0.12379807692307693 0.03125 0.03125
0 0.9903846153846154 0.11778846153846154 0.019230769230769232 0.016826923076923076
0 0.9903846153846154 0.21634615384615385 0.019230769230769232 0.016826923076923076
0 0.9915865384615384 0.15985576923076922 0.016826923076923076 0.02403846153846154
0 0.9927884615384616 0.13942307692307693 0.014423076923076924 0.016826923076923076
0 0.9927884615384616 0.0985576923076923 0.014423076923076924 0.016826923076923076
0 0.9927884615384616 0.27283653846153844 0.014423076923076924 0.014423076923076924
0 0.46634615384615385 0.16346153846153846 0.028846153846153848 0.014423076923076924
0 0.46274038461538464 0.125 0.026442307692307692 0.02403846153846154
0 0.5673076923076923 0.15745192307692307 0.019230769230769232 0.014423076923076924
0 0.5793269230769231 0.12139423076923077 0.028846153846153848 0.019230769230769232
0 0.5144230769230769 0.125 0.019230769230769232 0.019230769230769232
0 0.5829326923076923 0.09615384615384616 0.021634615384615384 0.021634615384615384
0 0.5564903846153846 0.08653846153846154 0.021634615384615384 0.014423076923076924
0 0.5108173076923077 0.08413461538461539 0.040865384615384616 0.019230769230769232
0 0.4675480769230769 0.07932692307692307 0.026442307692307692 0.02403846153846154
0 0.42908653846153844 0.08413461538461539 0.021634615384615384 0.02403846153846154
0 0.42788461538461536 0.1201923076923077 0.028846153846153848 0.019230769230769232
0 0.3870192307692308 0.15745192307692307 0.02403846153846154 0.021634615384615384
0 0.3894230769230769 0.13942307692307693 0.028846153846153848 0.009615384615384616
0 0.39302884615384615 0.1141826923076923 0.028846153846153848 0.016826923076923076
0 0.38461538461538464 0.0829326923076923 0.028846153846153848 0.026442307692307692
0 0.625 0.14302884615384615 0.02403846153846154 0.014423076923076924
0 0.5985576923076923 0.07572115384615384 0.019230769230769232 0.019230769230769232
0 0.7572115384615384 0.07692307692307693 0.02403846153846154 0.028846153846153848
0 0.8100961538461539 0.07211538461538461 0.038461538461538464 0.019230769230769232
0 0.7403846153846154 0.042067307692307696 0.03365384615384615 0.03125
0 0.7223557692307693 0.0829326923076923 0.021634615384615384 0.02403846153846154
0 0.6935096153846154 0.07091346153846154 0.021634615384615384 0.019230769230769232
0 0.7055288461538461 0.04326923076923077 0.019230769230769232 0.021634615384615384
0 0.8497596153846154 0.10336538461538461 0.040865384615384616 0.02403846153846154
0 0.8725961538461539 0.07572115384615384 0.028846153846153848 0.016826923076923076
0 0.9074519230769231 0.04807692307692308 0.026442307692307692 0.009615384615384616
0 0.9543269230769231 0.03125 0.02403846153846154 0.021634615384615384
0 0.9579326923076923 0.001201923076923077 0.01201923076923077 0.002403846153846154
0 0.8605769230769231 0.030048076923076924 0.019230769230769232 0.016826923076923076
0 0.8557692307692307 0.057692307692307696 0.019230769230769232 0.009615384615384616
0 0.7992788461538461 0.040865384615384616 0.016826923076923076 0.014423076923076924
0 0.9591346153846154 0.10576923076923077 0.02403846153846154 0.014423076923076924
0 0.9182692307692307 0.09375 0.02403846153846154 0.02403846153846154
0 0.30288461538461536 0.3161057692307692 0.038461538461538464 0.014423076923076924
0 0.2764423076923077 0.2920673076923077 0.019230769230769232 0.019230769230769232
0 0.296875 0.3557692307692308 0.021634615384615384 0.021634615384615384
0 0.2620192307692308 0.3798076923076923 0.02403846153846154 0.021634615384615384
0 0.35336538461538464 0.26322115384615385 0.019230769230769232 0.021634615384615384
0 0.3389423076923077 0.24759615384615385 0.02403846153846154 0.014423076923076924
0 0.296875 0.41947115384615385 0.03125 0.02403846153846154
0 0.19831730769230768 0.5997596153846154 0.036057692307692304 0.02403846153846154
0 0.14543269230769232 0.7800480769230769 0.026442307692307692 0.028846153846153848
0 0.15745192307692307 0.9783653846153846 0.03125 0.03125
0 0.21033653846153846 0.9711538461538461 0.04807692307692308 0.028846153846153848
0 0.23918269230769232 0.9338942307692307 0.021634615384615384 0.019230769230769232
0 0.25 0.8990384615384616 0.028846153846153848 0.03125
0 0.27403846153846156 0.9891826923076923 0.02403846153846154 0.019230769230769232
0 0.18990384615384615 0.9903846153846154 0.02403846153846154 0.016826923076923076
0 0.21153846153846154 0.9891826923076923 0.02403846153846154 0.019230769230769232
0 0.30408653846153844 0.9903846153846154 0.036057692307692304 0.016826923076923076
0 0.3858173076923077 0.8028846153846154 0.04326923076923077 0.03365384615384615
0 0.3137019230769231 0.796875 0.040865384615384616 0.040865384615384616
0 0.8088942307692307 0.23197115384615385 0.01201923076923077 0.01201923076923077
0 0.8233173076923077 0.2620192307692308 0.021634615384615384 0.019230769230769232
0 0.8846153846153846 0.1622596153846154 0.03365384615384615 0.021634615384615384
0 0.46634615384615385 0.19951923076923078 0.014423076923076924 0.014423076923076924
0 0.46274038461538464 0.05889423076923077 0.016826923076923076 0.016826923076923076
0 0.42788461538461536 0.06610576923076923 0.019230769230769232 0.021634615384615384
0 0.5300480769230769 0.0625 0.016826923076923076 0.016826923076923076
0 0.7932692307692307 0.001201923076923077 0.019230769230769232 0.002403846153846154
0 0.9254807692307693 0.026442307692307692 0.02403846153846154 0.014423076923076924
0 0.39783653846153844 0.28365384615384615 0.028846153846153848 0.014423076923076924
0 0.3389423076923077 0.2283653846153846 0.014423076923076924 0.014423076923076924