0 0.984375 0.7091346153846154 0.02403846153846154 0.03125
0 0.9903846153846154 0.734375 0.01201923076923077 0.038461538461538464
0 0.9867788461538461 0.7632211538461539 0.016826923076923076 0.038461538461538464
0 0.9903846153846154 0.7740384615384616 0.009615384615384616 0.036057692307692304
0 0.984375 0.84375 0.019230769230769232 0.03125
0 0.9867788461538461 0.7163461538461539 0.019230769230769232 0.026442307692307692
0 0.9879807692307693 0.7103365384615384 0.016826923076923076 0.04807692307692308
0 0.9855769230769231 0.796875 0.019230769230769232 0.04807692307692308
0 0.984375 0.8064903846153846 0.021634615384615384 0.028846153846153848
0 0.9831730769230769 0.9399038461538461 0.019230769230769232 0.026442307692307692
0 0.9855769230769231 0.8701923076923077 0.016826923076923076 0.040865384615384616
0 0.9831730769230769 0.9014423076923077 0.019230769230769232 0.04567307692307692
0 0.9819711538461539 0.859375 0.02403846153846154 0.04807692307692308
0 0.953125 0.8882211538461539 0.038461538461538464 0.04326923076923077
0 0.9759615384615384 0.8990384615384616 0.03365384615384615 0.040865384615384616
0 0.9651442307692307 0.7644230769230769 0.040865384615384616 0.05048076923076923
0 0.9158653846153846 0.8269230769230769 0.04567307692307692 0.04326923076923077
0 0.9170673076923077 0.8641826923076923 0.038461538461538464 0.038461538461538464
0 0.8858173076923077 0.890625 0.036057692307692304 0.055288461538461536
0 0.8858173076923077 0.8197115384615384 0.038461538461538464 0.038461538461538464
0 0.9278846153846154 0.6382211538461539 0.04326923076923077 0.055288461538461536
0 0.9134615384615384 0.6959134615384616 0.05048076923076923 0.05048076923076923
0 0.8810096153846154 0.6490384615384616 0.05048076923076923 0.04807692307692308
0 0.8725961538461539 0.6875 0.04567307692307692 0.04567307692307692
0 0.8641826923076923 0.7668269230769231 0.038461538461538464 0.04807692307692308
0 0.8449519230769231 0.78125 0.036057692307692304 0.036057692307692304
0 0.8521634615384616 0.8509615384615384 0.03365384615384615 0.055288461538461536
0 0.8197115384615384 0.859375 0.03125 0.04326923076923077
0 0.8149038461538461 0.8028846153846154 0.038461538461538464 0.036057692307692304
0 0.8076923076923077 0.7584134615384616 0.03365384615384615 0.052884615384615384
0 0.8317307692307693 0.7151442307692307 0.040865384615384616 0.052884615384615384
0 0.8665865384615384 0.5817307692307693 0.04326923076923077 0.057692307692307696
0 0.8401442307692307 0.5985576923076923 0.038461538461538464 0.05048076923076923
0 0.8161057692307693 0.6706730769230769 0.040865384615384616 0.05048076923076923
0 0.7848557692307693 0.6394230769230769 0.04567307692307692 0.04807692307692308
0 0.7776442307692307 0.5540865384615384 0.03365384615384615 0.05048076923076923
0 0.7427884615384616 0.5685096153846154 0.036057692307692304 0.06009615384615385
0 0.7524038461538461 0.6706730769230769 0.04326923076923077 0.04326923076923077
0 0.7512019230769231 0.7283653846153846 0.04326923076923077 0.04326923076923077
0 0.7475961538461539 0.8052884615384616 0.03365384615384615 0.04807692307692308
0 0.7896634615384616 0.8377403846153846 0.038461538461538464 0.040865384615384616
0 0.7319711538461539 0.7524038461538461 0.036057692307692304 0.05048076923076923
0 0.6899038461538461 0.7475961538461539 0.03365384615384615 0.04567307692307692
0 0.6995192307692307 0.7872596153846154 0.038461538461538464 0.038461538461538464
0 0.7223557692307693 0.6057692307692307 0.036057692307692304 0.04807692307692308
0 0.7019230769230769 0.5360576923076923 0.04807692307692308 0.05048076923076923
0 0.7175480769230769 0.4411057692307692 0.038461538461538464 0.052884615384615384
0 0.6586538461538461 0.49038461538461536 0.04807692307692308 0.04807692307692308
0 0.625 0.44591346153846156 0.03365384615384615 0.055288461538461536
0 0.6105769230769231 0.48677884615384615 0.038461538461538464 0.057692307692307696
0 0.6165865384615384 0.6262019230769231 0.036057692307692304 0.055288461538461536
0 0.6141826923076923 0.7908653846153846 0.038461538461538464 0.052884615384615384
0 0.5973557692307693 0.6947115384615384 0.038461538461538464 0.036057692307692304
0 0.5997596153846154 0.5516826923076923 0.03365384615384615 0.052884615384615384
0 0.6766826923076923 0.5757211538461539 0.038461538461538464 0.04807692307692308
0 0.6814903846153846 0.6213942307692307 0.038461538461538464 0.038461538461538464
0 0.6766826923076923 0.671875 0.040865384615384616 0.038461538461538464
0 0.6586538461538461 0.7716346153846154 0.03365384615384615 0.04326923076923077
0 0.59375 0.4206730769230769 0.03125 0.06009615384615385
0 0.5552884615384616 0.4423076923076923 0.036057692307692304 0.05048076923076923
0 0.5588942307692307 0.5144230769230769 0.040865384615384616 0.040865384615384616
0 0.5637019230769231 0.5853365384615384 0.03365384615384615 0.04807692307692308
0 0.5697115384615384 0.6346153846153846 0.028846153846153848 0.04326923076923077
0 0.5528846153846154 0.6526442307692307 0.038461538461538464 0.038461538461538464
0 0.5456730769230769 0.7127403846153846 0.036057692307692304 0.038461538461538464
0 0.5192307692307693 0.6790865384615384 0.03125 0.038461538461538464
0 0.5180288461538461 0.7127403846153846 0.03365384615384615 0.04567307692307692
0 0.4879807692307692 0.7463942307692307 0.03365384615384615 0.040865384615384616
0 0.5204326923076923 0.5552884615384616 0.028846153846153848 0.052884615384615384
0 0.515625 0.44591346153846156 0.03365384615384615 0.04807692307692308
0 0.5144230769230769 0.4951923076923077 0.04326923076923077 0.04326923076923077
0 0.4723557692307692 0.41346153846153844 0.03365384615384615 0.052884615384615384
0 0.4735576923076923 0.47115384615384615 0.038461538461538464 0.04326923076923077
0 0.48677884615384615 0.515625 0.026442307692307692 0.057692307692307696
0 0.47716346153846156 0.5901442307692307 0.038461538461538464 0.036057692307692304
0 0.5072115384615384 0.6213942307692307 0.038461538461538464 0.036057692307692304
0 0.49278846153846156 0.6670673076923077 0.028846153846153848 0.026442307692307692
0 0.4723557692307692 0.6838942307692307 0.03365384615384615 0.036057692307692304
0 0.4795673076923077 0.6274038461538461 0.026442307692307692 0.03365384615384615
0 0.46033653846153844 0.6454326923076923 0.036057692307692304 0.038461538461538464
0 0.453125 0.5348557692307693 0.028846153846153848 0.04807692307692308
0 0.44350961538461536 0.5961538461538461 0.038461538461538464 0.055288461538461536
0 0.453125 0.39783653846153844 0.019230769230769232 0.04807692307692308
0 0.4098557692307692 0.40625 0.028846153846153848 0.05048076923076923
0 0.4074519230769231 0.5084134615384616 0.03125 0.057692307692307696
0 0.43028846153846156 0.5336538461538461 0.02403846153846154 0.04567307692307692
0 0.41225961538461536 0.5649038461538461 0.028846153846153848 0.04567307692307692
0 0.40865384615384615 0.6045673076923077 0.028846153846153848 0.04807692307692308
0 0.40024038461538464 0.6466346153846154 0.026442307692307692 0.04567307692307692
0 0.38100961538461536 0.6069711538461539 0.03125 0.03125
0 0.38341346153846156 0.5192307692307693 0.026442307692307692 0.04326923076923077
0 0.359375 0.5733173076923077 0.028846153846153848 0.040865384615384616
0 0.3401442307692308 0.6418269230769231 0.021634615384615384 0.038461538461538464
0 0.359375 0.6730769230769231 0.02403846153846154 0.04326923076923077
0 0.38822115384615385 0.4387019230769231 0.028846153846153848 0.04807692307692308
0 0.30649038461538464 0.6694711538461539 0.021634615384615384 0.04326923076923077
0 0.28365384615384615 0.6899038461538461 0.016826923076923076 0.036057692307692304
0 0.3473557692307692 0.5108173076923077 0.036057692307692304 0.036057692307692304
0 0.3245192307692308 0.5528846153846154 0.019230769230769232 0.036057692307692304
0 0.3137019230769231 0.5757211538461539 0.019230769230769232 0.038461538461538464
0 0.30528846153846156 0.6141826923076923 0.028846153846153848 0.028846153846153848
0 0.4050480769230769 0.3016826923076923 0.02403846153846154 0.04807692307692308
0 0.43149038461538464 0.22716346153846154 0.036057692307692304 0.038461538461538464
0 0.45552884615384615 0.25240384615384615 0.03125 0.03125
0 0.3894230769230769 0.27884615384615385 0.026442307692307692 0.028846153846153848
0 0.4014423076923077 0.22956730769230768 0.02403846153846154 0.04807692307692308
0 0.3954326923076923 0.33052884615384615 0.036057692307692304 0.036057692307692304
0 0.37259615384615385 0.3425480769230769 0.03365384615384615 0.036057692307692304
0 0.3701923076923077 0.375 0.02403846153846154 0.04326923076923077
0 0.36899038461538464 0.42427884615384615 0.019230769230769232 0.040865384615384616
0 0.3425480769230769 0.38822115384615385 0.03125 0.03125
0 0.35096153846153844 0.30408653846153844 0.03365384615384615 0.036057692307692304
0 0.3786057692307692 0.22956730769230768 0.021634615384615384 0.05048076923076923
0 0.4050480769230769 0.18509615384615385 0.038461538461538464 0.036057692307692304
0 0.38100961538461536 0.14903846153846154 0.03365384615384615 0.03365384615384615
0 0.35336538461538464 0.12139423076923077 0.036057692307692304 0.036057692307692304
0 0.34375 0.15264423076923078 0.03125 0.03365384615384615
0 0.37259615384615385 0.17067307692307693 0.03125 0.03365384615384615
0 0.3485576923076923 0.21153846153846154 0.02403846153846154 0.038461538461538464
0 0.3233173076923077 0.21995192307692307 0.026442307692307692 0.04326923076923077
0 0.3473557692307692 0.24879807692307693 0.03125 0.03125
0 0.3137019230769231 0.2548076923076923 0.036057692307692304 0.036057692307692304
0 0.32572115384615385 0.3076923076923077 0.02403846153846154 0.036057692307692304
0 0.3473557692307692 0.34975961538461536 0.03125 0.03125
0 0.3233173076923077 0.36658653846153844 0.021634615384615384 0.038461538461538464
0 0.2920673076923077 0.37740384615384615 0.026442307692307692 0.026442307692307692
0 0.3076923076923077 0.33413461538461536 0.028846153846153848 0.026442307692307692
0 0.30408653846153844 0.2920673076923077 0.02403846153846154 0.038461538461538464
0 0.2860576923076923 0.3269230769230769 0.019230769230769232 0.036057692307692304
0 0.27524038461538464 0.36538461538461536 0.014423076923076924 0.028846153846153848
0 0.2512019230769231 0.3485576923076923 0.03125 0.028846153846153848
0 0.22956730769230768 0.4026442307692308 0.02403846153846154 0.03365384615384615
0 0.2800480769230769 0.4326923076923077 0.03365384615384615 0.03125
0 0.3545673076923077 0.4519230769230769 0.02403846153846154 0.03365384615384615
0 0.296875 0.5733173076923077 0.02403846153846154 0.028846153846153848
0 0.2848557692307692 0.5901442307692307 0.028846153846153848 0.028846153846153848
0 0.2860576923076923 0.6237980769230769 0.028846153846153848 0.028846153846153848
0 0.2668269230769231 0.6213942307692307 0.028846153846153848 0.028846153846153848
0 0.26802884615384615 0.5949519230769231 0.019230769230769232 0.028846153846153848
0 0.2764423076923077 0.5408653846153846 0.026442307692307692 0.026442307692307692
0 0.25600961538461536 0.5480769230769231 0.019230769230769232 0.028846153846153848
0 0.2620192307692308 0.4879807692307692 0.019230769230769232 0.03125
0 0.2439903846153846 0.5108173076923077 0.026442307692307692 0.026442307692307692
0 0.26322115384615385 0.5108173076923077 0.026442307692307692 0.02403846153846154
0 0.25 0.44350961538461536 0.028846153846153848 0.028846153846153848
0 0.22235576923076922 0.5685096153846154 0.02403846153846154 0.03125
0 0.23557692307692307 0.6057692307692307 0.02403846153846154 0.028846153846153848
0 0.21514423076923078 0.6045673076923077 0.026442307692307692 0.026442307692307692
0 0.18509615384615385 0.5925480769230769 0.028846153846153848 0.028846153846153848
0 0.19230769230769232 0.4963942307692308 0.02403846153846154 0.026442307692307692
0 0.18870192307692307 0.5324519230769231 0.019230769230769232 0.03365384615384615
0 0.20432692307692307 0.4326923076923077 0.03125 0.028846153846153848
0 0.18870192307692307 0.44711538461538464 0.019230769230769232 0.036057692307692304
0 0.22596153846153846 0.49278846153846156 0.019230769230769232 0.04326923076923077
0 0.1622596153846154 0.53125 0.021634615384615384 0.03365384615384615
0 0.15625 0.5600961538461539 0.021634615384615384 0.03125
0 0.15144230769230768 0.5841346153846154 0.021634615384615384 0.03125
0 0.2776442307692308 0.27524038461538464 0.028846153846153848 0.028846153846153848
0 0.31971153846153844 0.15504807692307693 0.036057692307692304 0.03365384615384615
0 0.30408653846153844 0.18028846153846154 0.028846153846153848 0.04567307692307692
0 0.3329326923076923 0.0985576923076923 0.03125 0.028846153846153848
0 0.30649038461538464 0.11298076923076923 0.02403846153846154 0.04567307692307692
0 0.2848557692307692 0.07932692307692307 0.03125 0.03125
0 0.26322115384615385 0.078125 0.03365384615384615 0.03365384615384615
0 0.2620192307692308 0.12980769230769232 0.03365384615384615 0.03125
0 0.2776442307692308 0.1778846153846154 0.02403846153846154 0.04567307692307692
0 0.29086538461538464 0.25240384615384615 0.019230769230769232 0.036057692307692304
0 0.2692307692307692 0.21514423076923078 0.03365384615384615 0.03365384615384615
0 0.25 0.23197115384615385 0.03365384615384615 0.03125
0 0.25240384615384615 0.17908653846153846 0.03365384615384615 0.03125
0 0.234375 0.14423076923076922 0.02403846153846154 0.04326923076923077
0 0.2439903846153846 0.06490384615384616 0.019230769230769232 0.04326923076923077
0 0.21514423076923078 0.0733173076923077 0.036057692307692304 0.036057692307692304
0 0.20072115384615385 0.052884615384615384 0.03125 0.028846153846153848
0 0.18389423076923078 0.039663461538461536 0.02403846153846154 0.04326923076923077
0 0.21875 0.11778846153846154 0.03365384615384615 0.03365384615384615
0 0.203125 0.1502403846153846 0.03365384615384615 0.03125
0 0.22115384615384615 0.1875 0.03365384615384615 0.03365384615384615
0 0.22115384615384615 0.22956730769230768 0.019230769230769232 0.038461538461538464
0 0.19951923076923078 0.2512019230769231 0.019230769230769232 0.038461538461538464
0 0.21514423076923078 0.29086538461538464 0.019230769230769232 0.038461538461538464
0 0.21514423076923078 0.33653846153846156 0.021634615384615384 0.038461538461538464
0 0.2127403846153846 0.3641826923076923 0.026442307692307692 0.026442307692307692
0 0.20793269230769232 0.3858173076923077 0.021634615384615384 0.03125
0 0.19831730769230768 0.32211538461538464 0.028846153846153848 0.028846153846153848
0 0.18509615384615385 0.3713942307692308 0.028846153846153848 0.028846153846153848
0 0.17668269230769232 0.4014423076923077 0.028846153846153848 0.028846153846153848
0 0.16105769230769232 0.4423076923076923 0.028846153846153848 0.026442307692307692
0 0.13581730769230768 0.43509615384615385 0.02403846153846154 0.02403846153846154
0 0.12740384615384615 0.4987980769230769 0.02403846153846154 0.028846153846153848
0 0.12620192307692307 0.5240384615384616 0.026442307692307692 0.026442307692307692
0 0.12860576923076922 0.5576923076923077 0.02403846153846154 0.026442307692307692
0 0.17427884615384615 0.3076923076923077 0.019230769230769232 0.036057692307692304
0 0.17668269230769232 0.25721153846153844 0.028846153846153848 0.03125
0 0.17668269230769232 0.12379807692307693 0.019230769230769232 0.04326923076923077
0 0.16346153846153846 0.0829326923076923 0.019230769230769232 0.03365384615384615
0 0.14903846153846154 0.0889423076923077 0.014423076923076924 0.036057692307692304
0 0.15384615384615385 0.13221153846153846 0.03125 0.03125
0 0.17067307692307693 0.17548076923076922 0.03125 0.03125
0 0.14903846153846154 0.21995192307692307 0.02403846153846154 0.038461538461538464
0 0.15384615384615385 0.28365384615384615 0.03125 0.03125
0 0.14423076923076922 0.1658653846153846 0.019230769230769232 0.040865384615384616
0 0.12860576923076922 0.1935096153846154 0.03125 0.03365384615384615
0 0.12620192307692307 0.2512019230769231 0.026442307692307692 0.028846153846153848
0 0.12740384615384615 0.2920673076923077 0.03125 0.028846153846153848
0 0.10096153846153846 0.3088942307692308 0.021634615384615384 0.036057692307692304
0 0.11057692307692307 0.16466346153846154 0.021634615384615384 0.036057692307692304
0 0.09735576923076923 0.12980769230769232 0.019230769230769232 0.03365384615384615
0 0.09254807692307693 0.203125 0.026442307692307692 0.026442307692307692
0 0.10096153846153846 0.25721153846153844 0.026442307692307692 0.028846153846153848
0 0.1141826923076923 0.4735576923076923 0.021634615384615384 0.028846153846153848
0 0.109375 0.5288461538461539 0.016826923076923076 0.028846153846153848
0 0.12139423076923077 0.34615384615384615 0.016826923076923076 0.028846153846153848
0 0.9387019230769231 0.8269230769230769 0.03365384615384615 0.03365384615384615
0 0.7788461538461539 0.7379807692307693 0.040865384615384616 0.038461538461538464
0 0.7932692307692307 0.6850961538461539 0.038461538461538464 0.04807692307692308
0 0.5901442307692307 0.7211538461538461 0.038461538461538464 0.040865384615384616
0 0.48197115384615385 0.7956730769230769 0.03125 0.03365384615384615
0 0.4543269230769231 0.8028846153846154 0.028846153846153848 0.03125
0 0.46634615384615385 0.7475961538461539 0.03365384615384615 0.038461538461538464
0 0.4338942307692308 0.7596153846153846 0.036057692307692304 0.040865384615384616
0 0.42908653846153844 0.6826923076923077 0.028846153846153848 0.04567307692307692
0 0.4375 0.42788461538461536 0.026442307692307692 0.04567307692307692
0 0.32211538461538464 0.4206730769230769 0.021634615384615384 0.05048076923076923
0 0.328125 0.6009615384615384 0.028846153846153848 0.028846153846153848
0 0.34375 0.5745192307692307 0.021634615384615384 0.038461538461538464
0 0.17307692307692307 0.5925480769230769 0.026442307692307692 0.02403846153846154
0 0.23317307692307693 0.43149038461538464 0.021634615384615384 0.036057692307692304
0 0.13581730769230768 0.3713942307692308 0.021634615384615384 0.03365384615384615
0 0.16466346153846154 0.3245192307692308 0.02403846153846154 0.040865384615384616
0 0.13221153846153846 0.453125 0.019230769230769232 0.038461538461538464
0 0.12620192307692307 0.59375 0.02403846153846154 0.026442307692307692
0 0.11538461538461539 0.5552884615384616 0.026442307692307692 0.028846153846153848
0 0.0985576923076923 0.3293269230769231 0.028846153846153848 0.028846153846153848
0 0.5216346153846154 0.7560096153846154 0.02403846153846154 0.038461538461538464
0 0.5420673076923077 0.5949519230769231 0.038461538461538464 0.038461538461538464
0 0.37259615384615385 0.6370192307692307 0.02403846153846154 0.02403846153846154
0 0.3557692307692308 0.6983173076923077 0.028846153846153848 0.026442307692307692
0 0.33653846153846156 0.6754807692307693 0.026442307692307692 0.02403846153846154
0 0.3762019230769231 0.47716346153846156 0.03125 0.03125
0 0.46033653846153844 0.47115384615384615 0.026442307692307692 0.05048076923076923
0 0.3293269230769231 0.6430288461538461 0.028846153846153848 0.026442307692307692
0 0.25600961538461536 0.5745192307692307 0.019230769230769232 0.03365384615384615
0 0.2692307692307692 0.4423076923076923 0.019230769230769232 0.03125
0 0.17067307692307693 0.46033653846153844 0.021634615384615384 0.02403846153846154
0 0.1622596153846154 0.49038461538461536 0.019230769230769232 0.03125
0 0.2439903846153846 0.47475961538461536 0.026442307692307692 0.026442307692307692
0 0.2283653846153846 0.44471153846153844 0.02403846153846154 0.02403846153846154
0 0.11778846153846154 0.21153846153846154 0.02403846153846154 0.03365384615384615
0 0.29086538461538464 0.11778846153846154 0.03365384615384615 0.03125