0 0.421875 0.6069711538461539 0.07692307692307693 0.07451923076923077
0 0.1346153846153846 0.4411057692307692 0.0673076923076923 0.10096153846153846
0 0.6129807692307693 0.6298076923076923 0.05048076923076923 0.04807692307692308
0 0.06129807692307692 0.36658653846153844 0.05048076923076923 0.05048076923076923
0 0.020432692307692308 0.23918269230769232 0.038461538461538464 0.09375
0 0.010817307692307692 0.2091346153846154 0.019230769230769232 0.0625
0 0.010817307692307692 0.11658653846153846 0.019230769230769232 0.055288461538461536
0 0.0733173076923077 0.16105769230769232 0.0673076923076923 0.0673076923076923
0 0.12620192307692307 0.23197115384615385 0.04807692307692308 0.06009615384615385
0 0.1971153846153846 0.234375 0.036057692307692304 0.07932692307692307
0 0.19230769230769232 0.33653846153846156 0.03365384615384615 0.057692307692307696
0 0.22716346153846154 0.3713942307692308 0.05048076923076923 0.04807692307692308
0 0.2620192307692308 0.33413461538461536 0.04326923076923077 0.0625
0 0.3088942307692308 0.4026442307692308 0.038461538461538464 0.0625
0 0.33052884615384615 0.4891826923076923 0.04567307692307692 0.07451923076923077
0 0.3137019230769231 0.6069711538461539 0.052884615384615384 0.05048076923076923
0 0.24639423076923078 0.47115384615384615 0.05048076923076923 0.052884615384615384
0 0.3389423076923077 0.23798076923076922 0.038461538461538464 0.052884615384615384
0 0.4326923076923077 0.18389423076923078 0.04326923076923077 0.057692307692307696
0 0.43028846153846156 0.3858173076923077 0.057692307692307696 0.06009615384615385
0 0.49759615384615385 0.4230769230769231 0.04326923076923077 0.0625
0 0.4519230769230769 0.4735576923076923 0.052884615384615384 0.052884615384615384
0 0.4987980769230769 0.5204326923076923 0.04807692307692308 0.055288461538461536
0 0.5612980769230769 0.5336538461538461 0.038461538461538464 0.052884615384615384
0 0.5588942307692307 0.5901442307692307 0.04807692307692308 0.05048076923076923
0 0.5084134615384616 0.5913461538461539 0.04807692307692308 0.04807692307692308
0 0.6826923076923077 0.5132211538461539 0.052884615384615384 0.055288461538461536
0 0.6274038461538461 0.47836538461538464 0.038461538461538464 0.04326923076923077
0 0.5408653846153846 0.4639423076923077 0.057692307692307696 0.057692307692307696
0 0.016826923076923076 0.3016826923076923 0.03125 0.04567307692307692
0 0.5961538461538461 0.41947115384615385 0.052884615384615384 0.055288461538461536
0 0.328125 0.2920673076923077 0.038461538461538464 0.06009615384615385
0 0.2692307692307692 0.2644230769230769 0.04567307692307692 0.0625
0 0.5588942307692307 0.3858173076923077 0.04567307692307692 0.04567307692307692
0 0.6382211538461539 0.4074519230769231 0.040865384615384616 0.06971153846153846
0 0.734375 0.43149038461538464 0.04567307692307692 0.04567307692307692
0 0.6838942307692307 0.6370192307692307 0.03365384615384615 0.052884615384615384
0 0.44471153846153844 0.29927884615384615 0.036057692307692304 0.057692307692307696
0 0.5120192307692307 0.2800480769230769 0.040865384615384616 0.07451923076923077
0 0.5432692307692307 0.32091346153846156 0.03365384615384615 0.06490384615384616
0 0.5769230769230769 0.23317307692307693 0.036057692307692304 0.0625
0 0.6935096153846154 0.7524038461538461 0.04807692307692308 0.04807692307692308
0 0.6646634615384616 0.8389423076923077 0.036057692307692304 0.0625
0 0.7007211538461539 0.8954326923076923 0.05048076923076923 0.05048076923076923
0 0.7620192307692307 0.9639423076923077 0.026442307692307692 0.04326923076923077
0 0.7367788461538461 0.9302884615384616 0.03365384615384615 0.03365384615384615
0 0.7872596153846154 0.984375 0.02403846153846154 0.03125
0 0.7259615384615384 0.8461538461538461 0.038461538461538464 0.04326923076923077
0 0.765625 0.8641826923076923 0.03125 0.04567307692307692
0 0.7992788461538461 0.9290865384615384 0.03365384615384615 0.04567307692307692
0 0.8341346153846154 0.9723557692307693 0.036057692307692304 0.036057692307692304
0 0.8641826923076923 0.9891826923076923 0.02403846153846154 0.021634615384615384
0 0.9158653846153846 0.7668269230769231 0.028846153846153848 0.04326923076923077
0 0.9423076923076923 0.8088942307692307 0.03365384615384615 0.03365384615384615
0 0.9915865384615384 0.8389423076923077 0.016826923076923076 0.04326923076923077
0 0.9399038461538461 0.9314903846153846 0.026442307692307692 0.055288461538461536
0 0.8497596153846154 0.8978365384615384 0.03125 0.057692307692307696
0 0.8990384615384616 0.9362980769230769 0.040865384615384616 0.040865384615384616
0 0.7548076923076923 0.7536057692307693 0.028846153846153848 0.04326923076923077
0 0.8052884615384616 0.8161057692307693 0.03365384615384615 0.0625
0 0.8413461538461539 0.5793269230769231 0.036057692307692304 0.0625
0 0.828125 0.6730769230769231 0.02403846153846154 0.04807692307692308
0 0.9182692307692307 0.7127403846153846 0.04567307692307692 0.04567307692307692
0 0.8040865384615384 0.3173076923076923 0.03125 0.028846153846153848
0 0.7596153846153846 0.35216346153846156 0.03365384615384615 0.06490384615384616
0 0.6766826923076923 0.4423076923076923 0.036057692307692304 0.0673076923076923
0 0.6875 0.3545673076923077 0.052884615384615384 0.05048076923076923