0 0.22115384615384615 0.4362980769230769 0.02403846153846154 0.04807692307692308
0 0.24759615384615385 0.4266826923076923 0.028846153846153848 0.06009615384615385
0 0.21754807692307693 0.3545673076923077 0.028846153846153848 0.03125
0 0.2403846153846154 0.3701923076923077 0.02403846153846154 0.052884615384615384
0 0.28966346153846156 0.5084134615384616 0.026442307692307692 0.04567307692307692
0 0.27524038461538464 0.4675480769230769 0.026442307692307692 0.036057692307692304
0 0.28966346153846156 0.36177884615384615 0.036057692307692304 0.036057692307692304
0 0.2668269230769231 0.3629807692307692 0.019230769230769232 0.04326923076923077
0 0.27884615384615385 0.3088942307692308 0.02403846153846154 0.04567307692307692
0 0.20432692307692307 0.32211538461538464 0.019230769230769232 0.04326923076923077
0 0.32211538461538464 0.5036057692307693 0.03365384615384615 0.036057692307692304
0 0.3245192307692308 0.4050480769230769 0.02403846153846154 0.040865384615384616
0 0.3581730769230769 0.38100961538461536 0.028846153846153848 0.040865384615384616
0 0.36778846153846156 0.5060096153846154 0.028846153846153848 0.03125
0 0.4014423076923077 0.546875 0.026442307692307692 0.038461538461538464
0 0.4230769230769231 0.5 0.038461538461538464 0.03365384615384615
0 0.39663461538461536 0.4963942307692308 0.02403846153846154 0.04567307692307692
0 0.40024038461538464 0.43509615384615385 0.026442307692307692 0.04326923076923077
0 0.38100961538461536 0.39663461538461536 0.026442307692307692 0.04326923076923077
0 0.35096153846153844 0.3389423076923077 0.02403846153846154 0.038461538461538464
0 0.4699519230769231 0.4987980769230769 0.036057692307692304 0.036057692307692304
0 0.44471153846153844 0.53125 0.021634615384615384 0.04326923076923077
0 0.42427884615384615 0.33774038461538464 0.021634615384615384 0.04326923076923077
0 0.49399038461538464 0.5252403846153846 0.019230769230769232 0.04567307692307692
0 0.5492788461538461 0.5204326923076923 0.028846153846153848 0.040865384615384616
0 0.5252403846153846 0.484375 0.02403846153846154 0.040865384615384616
0 0.5036057692307693 0.484375 0.021634615384615384 0.036057692307692304
0 0.5396634615384616 0.3581730769230769 0.021634615384615384 0.04326923076923077
0 0.2980769230769231 0.4387019230769231 0.028846153846153848 0.036057692307692304
0 0.5588942307692307 0.44471153846153844 0.019230769230769232 0.04326923076923077
0 0.6213942307692307 0.5612980769230769 0.03365384615384615 0.036057692307692304
0 0.5661057692307693 0.4879807692307692 0.026442307692307692 0.028846153846153848
0 0.5949519230769231 0.4110576923076923 0.036057692307692304 0.03365384615384615
0 0.5853365384615384 0.4639423076923077 0.03365384615384615 0.03365384615384615
0 0.6189903846153846 0.4387019230769231 0.02403846153846154 0.038461538461538464
0 0.6334134615384616 0.48677884615384615 0.03125 0.03125
0 0.6129807692307693 0.5132211538461539 0.02403846153846154 0.036057692307692304
0 0.6526442307692307 0.44711538461538464 0.021634615384615384 0.03365384615384615
0 0.6598557692307693 0.5036057692307693 0.03125 0.03125
0 0.6742788461538461 0.5673076923076923 0.03365384615384615 0.03365384615384615
0 0.7091346153846154 0.6634615384615384 0.03125 0.03365384615384615
0 0.7151442307692307 0.5841346153846154 0.028846153846153848 0.03365384615384615
0 0.6971153846153846 0.546875 0.021634615384615384 0.04567307692307692
0 0.7391826923076923 0.5 0.03125 0.03365384615384615
0 0.7620192307692307 0.6286057692307693 0.02403846153846154 0.040865384615384616
0 0.7391826923076923 0.5961538461538461 0.03365384615384615 0.028846153846153848
0 0.7331730769230769 0.6490384615384616 0.03125 0.028846153846153848
0 0.7403846153846154 0.5504807692307693 0.03125 0.03365384615384615
0 0.6850961538461539 0.4963942307692308 0.02403846153846154 0.04567307692307692
0 0.7067307692307693 0.4326923076923077 0.02403846153846154 0.038461538461538464
0 0.7704326923076923 0.5180288461538461 0.019230769230769232 0.03125
0 0.6682692307692307 0.3858173076923077 0.019230769230769232 0.03365384615384615
0 0.6754807692307693 0.4362980769230769 0.02403846153846154 0.03125
0 0.7548076923076923 0.4206730769230769 0.028846153846153848 0.03365384615384615
0 0.7920673076923077 0.4567307692307692 0.03125 0.028846153846153848
0 0.8257211538461539 0.6286057692307693 0.038461538461538464 0.036057692307692304
0 0.8509615384615384 0.5144230769230769 0.03365384615384615 0.03365384615384615
0 0.921875 0.46875 0.03365384615384615 0.03365384615384615
0 0.8161057692307693 0.4483173076923077 0.021634615384615384 0.03125
0 0.7860576923076923 0.36778846153846156 0.019230769230769232 0.038461538461538464
0 0.8293269230769231 0.4074519230769231 0.02403846153846154 0.026442307692307692
0 0.8569711538461539 0.46274038461538464 0.019230769230769232 0.038461538461538464
0 0.8846153846153846 0.4723557692307692 0.028846153846153848 0.03125
0 0.8774038461538461 0.42788461538461536 0.02403846153846154 0.028846153846153848
0 0.9314903846153846 0.41225961538461536 0.02403846153846154 0.021634615384615384
0 0.90625 0.4014423076923077 0.02403846153846154 0.019230769230769232
0 0.8653846153846154 0.3942307692307692 0.02403846153846154 0.02403846153846154
0 0.8329326923076923 0.49038461538461536 0.02403846153846154 0.02403846153846154
0 0.8100961538461539 0.49038461538461536 0.019230769230769232 0.038461538461538464
0 0.7836538461538461 0.5949519230769231 0.026442307692307692 0.03125
0 0.7896634615384616 0.6442307692307693 0.038461538461538464 0.038461538461538464
0 0.7932692307692307 0.5264423076923077 0.021634615384615384 0.04326923076923077
0 0.7319711538461539 0.4098557692307692 0.026442307692307692 0.028846153846153848
0 0.6574519230769231 0.34134615384615385 0.026442307692307692 0.02403846153846154
0 0.6911057692307693 0.3942307692307692 0.019230769230769232 0.028846153846153848