0 0.019230769230769232 0.8425480769230769 0.026442307692307692 0.028846153846153848
0 0.021634615384615384 0.9290865384615384 0.028846153846153848 0.028846153846153848
0 0.04927884615384615 0.8846153846153846 0.040865384615384616 0.040865384615384616
0 0.05048076923076923 0.9903846153846154 0.03365384615384615 0.019230769230769232
0 0.0625 0.9891826923076923 0.03365384615384615 0.021634615384615384
0 0.13341346153846154 0.984375 0.040865384615384616 0.03125
0 0.11177884615384616 0.9483173076923077 0.04567307692307692 0.04326923076923077
0 0.15865384615384615 0.8701923076923077 0.040865384615384616 0.04326923076923077
0 0.14543269230769232 0.8197115384615384 0.052884615384615384 0.038461538461538464
0 0.17668269230769232 0.765625 0.04567307692307692 0.038461538461538464
0 0.08173076923076923 0.796875 0.04326923076923077 0.036057692307692304
0 0.009615384615384616 0.734375 0.01201923076923077 0.03365384615384615
0 0.030048076923076924 0.5901442307692307 0.03365384615384615 0.03365384615384615
0 0.016826923076923076 0.5649038461538461 0.026442307692307692 0.026442307692307692
0 0.055288461538461536 0.6526442307692307 0.04807692307692308 0.038461538461538464
0 0.09615384615384616 0.5805288461538461 0.040865384615384616 0.040865384615384616
0 0.12139423076923077 0.7307692307692307 0.04326923076923077 0.04567307692307692
0 0.06850961538461539 0.7391826923076923 0.04326923076923077 0.04567307692307692
0 0.23317307692307693 0.7007211538461539 0.04567307692307692 0.038461538461538464
0 0.30408653846153844 0.78125 0.055288461538461536 0.03365384615384615
0 0.28966346153846156 0.6610576923076923 0.04326923076923077 0.03365384615384615
0 0.23317307692307693 0.6370192307692307 0.04326923076923077 0.040865384615384616
0 0.1466346153846154 0.6274038461538461 0.04326923076923077 0.04326923076923077
0 0.19471153846153846 0.5685096153846154 0.057692307692307696 0.03365384615384615
0 0.3173076923076923 0.6117788461538461 0.052884615384615384 0.028846153846153848
0 0.28966346153846156 0.5564903846153846 0.04326923076923077 0.04567307692307692
0 0.28125 0.5060096153846154 0.04326923076923077 0.036057692307692304
0 0.2127403846153846 0.5072115384615384 0.055288461538461536 0.03125
0 0.24158653846153846 0.45552884615384615 0.038461538461538464 0.04326923076923077
0 0.3173076923076923 0.4519230769230769 0.06009615384615385 0.028846153846153848
0 0.17908653846153846 0.47115384615384615 0.040865384615384616 0.04326923076923077
0 0.13341346153846154 0.5240384615384616 0.04326923076923077 0.04326923076923077
0 0.08173076923076923 0.5456730769230769 0.04807692307692308 0.02403846153846154
0 0.04927884615384615 0.5060096153846154 0.04326923076923077 0.04326923076923077
0 0.08774038461538461 0.46033653846153844 0.04326923076923077 0.04326923076923077
0 0.08052884615384616 0.42427884615384615 0.04807692307692308 0.026442307692307692
0 0.10216346153846154 0.3713942307692308 0.036057692307692304 0.026442307692307692
0 0.04567307692307692 0.36778846153846156 0.028846153846153848 0.03125
0 0.15144230769230768 0.42788461538461536 0.040865384615384616 0.038461538461538464
0 0.18028846153846154 0.36538461538461536 0.04326923076923077 0.04326923076923077
0 0.14302884615384615 0.3954326923076923 0.04326923076923077 0.021634615384615384
0 0.16346153846153846 0.3317307692307692 0.036057692307692304 0.02403846153846154
0 0.08774038461538461 0.3076923076923077 0.038461538461538464 0.038461538461538464
0 0.04447115384615385 0.3317307692307692 0.03365384615384615 0.026442307692307692
0 0.171875 0.2776442307692308 0.03365384615384615 0.036057692307692304
0 0.32211538461538464 0.36177884615384615 0.04326923076923077 0.028846153846153848
0 0.34134615384615385 0.41947115384615385 0.05048076923076923 0.016826923076923076
0 0.2980769230769231 0.39663461538461536 0.04807692307692308 0.02403846153846154
0 0.27283653846153844 0.33653846153846156 0.036057692307692304 0.038461538461538464
0 0.5576923076923077 0.3762019230769231 0.038461538461538464 0.03125
0 0.6105769230769231 0.33774038461538464 0.03365384615384615 0.03365384615384615
0 0.6514423076923077 0.30288461538461536 0.03125 0.03125
0 0.5516826923076923 0.33653846153846156 0.04567307692307692 0.02403846153846154
0 0.5252403846153846 0.40865384615384615 0.03365384615384615 0.021634615384615384
0 0.6875 0.2668269230769231 0.03125 0.03365384615384615
0 0.7139423076923077 0.23557692307692307 0.038461538461538464 0.02403846153846154
0 0.6899038461538461 0.20192307692307693 0.03365384615384615 0.03365384615384615
0 0.6454326923076923 0.2548076923076923 0.03125 0.03125
0 0.6165865384615384 0.2932692307692308 0.028846153846153848 0.026442307692307692
0 0.6370192307692307 0.22115384615384615 0.04326923076923077 0.026442307692307692
0 0.734375 0.17427884615384615 0.038461538461538464 0.019230769230769232
0 0.5697115384615384 0.2644230769230769 0.04567307692307692 0.028846153846153848
0 0.5516826923076923 0.30528846153846156 0.03365384615384615 0.03365384615384615
0 0.5625 0.23076923076923078 0.038461538461538464 0.038461538461538464
0 0.45072115384615385 0.27163461538461536 0.03365384615384615 0.036057692307692304
0 0.5192307692307693 0.2620192307692308 0.028846153846153848 0.03125
0 0.5072115384615384 0.21514423076923078 0.04326923076923077 0.026442307692307692
0 0.46153846153846156 0.34615384615384615 0.03365384615384615 0.036057692307692304
0 0.484375 0.31971153846153844 0.052884615384615384 0.014423076923076924
0 0.41586538461538464 0.33413461538461536 0.04326923076923077 0.021634615384615384
0 0.39302884615384615 0.30408653846153844 0.028846153846153848 0.03125
0 0.3870192307692308 0.2692307692307692 0.03125 0.028846153846153848
0 0.34615384615384615 0.30288461538461536 0.026442307692307692 0.028846153846153848
0 0.33413461538461536 0.26322115384615385 0.03125 0.03125
0 0.2932692307692308 0.3016826923076923 0.03125 0.03125
0 0.35216346153846156 0.23677884615384615 0.038461538461538464 0.021634615384615384
0 0.25240384615384615 0.28846153846153844 0.028846153846153848 0.02403846153846154
0 0.34615384615384615 0.19471153846153846 0.04326923076923077 0.028846153846153848
0 0.27163461538461536 0.18269230769230768 0.05048076923076923 0.028846153846153848
0 0.4326923076923077 0.23677884615384615 0.03365384615384615 0.028846153846153848
0 0.4567307692307692 0.20552884615384615 0.028846153846153848 0.028846153846153848
0 0.40024038461538464 0.2127403846153846 0.04567307692307692 0.019230769230769232
0 0.4074519230769231 0.18269230769230768 0.03365384615384615 0.03125
0 0.6081730769230769 0.1658653846153846 0.04807692307692308 0.026442307692307692
0 0.5985576923076923 0.13341346153846154 0.036057692307692304 0.036057692307692304
0 0.6105769230769231 0.19591346153846154 0.03365384615384615 0.02403846153846154
0 0.5552884615384616 0.15625 0.03125 0.03365384615384615
0 0.6490384615384616 0.10817307692307693 0.04326923076923077 0.026442307692307692
0 0.6730769230769231 0.14543269230769232 0.04567307692307692 0.026442307692307692
0 0.7367788461538461 0.14302884615384615 0.04807692307692308 0.02403846153846154
0 0.7512019230769231 0.1141826923076923 0.03125 0.03125
0 0.7391826923076923 0.07932692307692307 0.038461538461538464 0.02403846153846154
0 0.6887019230769231 0.17427884615384615 0.02403846153846154 0.021634615384615384
0 0.6826923076923077 0.08173076923076923 0.03365384615384615 0.02403846153846154
0 0.6358173076923077 0.0625 0.03125 0.03125
0 0.6706730769230769 0.028846153846153848 0.040865384615384616 0.02403846153846154
0 0.6454326923076923 0.008413461538461538 0.040865384615384616 0.009615384615384616
0 0.5925480769230769 0.021634615384615384 0.03365384615384615 0.03365384615384615
0 0.5877403846153846 0.09134615384615384 0.036057692307692304 0.038461538461538464
0 0.7175480769230769 0.014423076923076924 0.026442307692307692 0.021634615384615384
0 0.5300480769230769 0.09615384615384616 0.038461538461538464 0.019230769230769232
0 0.5324519230769231 0.1310096153846154 0.03365384615384615 0.02403846153846154
0 0.4987980769230769 0.0673076923076923 0.03365384615384615 0.03365384615384615
0 0.4495192307692308 0.09134615384615384 0.03365384615384615 0.036057692307692304
0 0.4891826923076923 0.03485576923076923 0.04326923076923077 0.021634615384615384
0 0.390625 0.09495192307692307 0.03125 0.03125
0 0.3762019230769231 0.13942307692307693 0.03365384615384615 0.03365384615384615
0 0.34375 0.09134615384615384 0.02403846153846154 0.02403846153846154
0 0.30288461538461536 0.1141826923076923 0.03365384615384615 0.026442307692307692
0 0.24879807692307693 0.14182692307692307 0.028846153846153848 0.028846153846153848
0 0.25841346153846156 0.1622596153846154 0.02403846153846154 0.021634615384615384
0 0.19591346153846154 0.1622596153846154 0.028846153846153848 0.03365384615384615
0 0.20432692307692307 0.13221153846153846 0.040865384615384616 0.021634615384615384
0 0.2644230769230769 0.11778846153846154 0.02403846153846154 0.019230769230769232
0 0.23798076923076922 0.1141826923076923 0.02403846153846154 0.019230769230769232
0 0.2608173076923077 0.08052884615384616 0.03125 0.03125
0 0.17668269230769232 0.06971153846153846 0.038461538461538464 0.02403846153846154
0 0.15504807692307693 0.16466346153846154 0.02403846153846154 0.026442307692307692
0 0.15985576923076922 0.13942307692307693 0.028846153846153848 0.02403846153846154
0 0.18269230769230768 0.11177884615384616 0.028846153846153848 0.016826923076923076
0 0.12139423076923077 0.18269230769230768 0.028846153846153848 0.02403846153846154
0 0.11298076923076923 0.15745192307692307 0.036057692307692304 0.019230769230769232
0 0.0829326923076923 0.11298076923076923 0.03125 0.02403846153846154
0 0.109375 0.2512019230769231 0.03125 0.028846153846153848
0 0.08533653846153846 0.27163461538461536 0.028846153846153848 0.028846153846153848
0 0.0829326923076923 0.2283653846153846 0.03125 0.028846153846153848
0 0.07692307692307693 0.21153846153846154 0.038461538461538464 0.014423076923076924
0 0.03485576923076923 0.2283653846153846 0.038461538461538464 0.021634615384615384
0 0.04326923076923077 0.25240384615384615 0.028846153846153848 0.03125
0 0.06610576923076923 0.19230769230769232 0.038461538461538464 0.03365384615384615
0 0.057692307692307696 0.16947115384615385 0.040865384615384616 0.019230769230769232
0 0.014423076923076924 0.20072115384615385 0.028846153846153848 0.028846153846153848
0 0.010817307692307692 0.2776442307692308 0.021634615384615384 0.021634615384615384
0 0.009615384615384616 0.35336538461538464 0.019230769230769232 0.028846153846153848
0 0.03125 0.4699519230769231 0.03365384615384615 0.02403846153846154
0 0.013221153846153846 0.4375 0.026442307692307692 0.02403846153846154
0 0.06610576923076923 0.39903846153846156 0.06009615384615385 0.014423076923076924
0 0.014423076923076924 0.40384615384615385 0.028846153846153848 0.03365384615384615
0 0.046875 0.30649038461538464 0.028846153846153848 0.019230769230769232
0 0.01201923076923077 0.3173076923076923 0.02403846153846154 0.02403846153846154
0 0.007211538461538462 0.2512019230769231 0.014423076923076924 0.016826923076923076
0 0.014423076923076924 0.17548076923076922 0.028846153846153848 0.016826923076923076
0 0.006009615384615385 0.15625 0.01201923076923077 0.019230769230769232
0 0.078125 0.1502403846153846 0.028846153846153848 0.014423076923076924
0 0.038461538461538464 0.13701923076923078 0.03125 0.03125
0 0.036057692307692304 0.10817307692307693 0.02403846153846154 0.02403846153846154
0 0.12379807692307693 0.07091346153846154 0.03125 0.03125
0 0.12139423076923077 0.027644230769230768 0.028846153846153848 0.03125
0 0.08413461538461539 0.02283653846153846 0.026442307692307692 0.026442307692307692
0 0.042067307692307696 0.06370192307692307 0.026442307692307692 0.02403846153846154
0 0.04807692307692308 0.019230769230769232 0.03125 0.021634615384615384
0 0.24158653846153846 0.02283653846153846 0.028846153846153848 0.02403846153846154
0 0.22716346153846154 0.05889423076923077 0.026442307692307692 0.019230769230769232
0 0.33413461538461536 0.052884615384615384 0.038461538461538464 0.028846153846153848
0 0.2932692307692308 0.04326923076923077 0.026442307692307692 0.028846153846153848
0 0.31490384615384615 0.08173076923076923 0.028846153846153848 0.021634615384615384
0 0.4074519230769231 0.06610576923076923 0.026442307692307692 0.028846153846153848
0 0.421875 0.03365384615384615 0.04326923076923077 0.021634615384615384
0 0.4483173076923077 0.010817307692307692 0.04807692307692308 0.014423076923076924
0 0.3870192307692308 0.02283653846153846 0.019230769230769232 0.016826923076923076
0 0.4495192307692308 0.056490384615384616 0.02403846153846154 0.019230769230769232
0 0.5060096153846154 0.1875 0.028846153846153848 0.028846153846153848
0 0.46875 0.17067307692307693 0.021634615384615384 0.02403846153846154
0 0.7692307692307693 0.055288461538461536 0.03365384615384615 0.014423076923076924
0 0.78125 0.030048076923076924 0.03125 0.03125
0 0.35336538461538464 0.17067307692307693 0.026442307692307692 0.014423076923076924