0 0.6382211538461539 0.9447115384615384 0.12980769230769232 0.11057692307692307
0 0.49278846153846156 0.9447115384615384 0.1201923076923077 0.11057692307692307
0 0.31009615384615385 0.9399038461538461 0.125 0.1201923076923077
0 0.1814903846153846 0.9447115384615384 0.11778846153846154 0.11057692307692307
0 0.8581730769230769 0.9495192307692307 0.14423076923076922 0.10096153846153846
0 0.9459134615384616 0.9507211538461539 0.10817307692307693 0.0985576923076923
0 0.9615384615384616 0.9507211538461539 0.07692307692307693 0.08413461538461539
0 0.8677884615384616 0.9483173076923077 0.11538461538461539 0.10336538461538461
0 0.8353365384615384 0.9471153846153846 0.10336538461538461 0.10576923076923077
0 0.7211538461538461 0.9495192307692307 0.10576923076923077 0.10096153846153846
0 0.6129807692307693 0.9447115384615384 0.11057692307692307 0.11057692307692307
0 0.5997596153846154 0.9459134615384616 0.11778846153846154 0.10817307692307693
0 0.6887019230769231 0.9483173076923077 0.12259615384615384 0.10336538461538461
0 0.45913461538461536 0.9495192307692307 0.1201923076923077 0.10096153846153846
0 0.33533653846153844 0.9495192307692307 0.10817307692307693 0.10096153846153846
0 0.1310096153846154 0.9399038461538461 0.12740384615384615 0.1201923076923077
0 0.08052884615384616 0.9423076923076923 0.12259615384615384 0.11538461538461539
0 0.04567307692307692 0.9507211538461539 0.09134615384615384 0.09375
0 0.0733173076923077 0.953125 0.07211538461538461 0.09375
0 0.15985576923076922 0.9507211538461539 0.10336538461538461 0.0985576923076923
0 0.22596153846153846 0.9435096153846154 0.125 0.11298076923076923
0 0.32211538461538464 0.9591346153846154 0.09615384615384616 0.08173076923076923
0 0.546875 0.9555288461538461 0.0985576923076923 0.0889423076923077
0 0.6694711538461539 0.953125 0.13701923076923078 0.09375
0 0.13341346153846154 0.9543269230769231 0.11778846153846154 0.09134615384615384
0 0.26322115384615385 0.953125 0.10336538461538461 0.09375
0 0.028846153846153848 0.9555288461538461 0.057692307692307696 0.0889423076923077