0 0.027644230769230768 0.9759615384615384 0.040865384615384616 0.04807692307692308
0 0.021634615384615384 0.8389423076923077 0.03365384615384615 0.10576923076923077
0 0.026442307692307692 0.8689903846153846 0.04326923076923077 0.08653846153846154
0 0.03125 0.7668269230769231 0.055288461538461536 0.06971153846153846
0 0.02403846153846154 0.9098557692307693 0.036057692307692304 0.08653846153846154
0 0.020432692307692308 0.734375 0.036057692307692304 0.09615384615384616
0 0.040865384615384616 0.7704326923076923 0.06971153846153846 0.10096153846153846
0 0.08774038461538461 0.578125 0.0889423076923077 0.0985576923076923
0 0.030048076923076924 0.8713942307692307 0.04807692307692308 0.0625
0 0.036057692307692304 0.921875 0.057692307692307696 0.0673076923076923
0 0.03245192307692308 0.9807692307692307 0.04567307692307692 0.038461538461538464
0 0.10336538461538461 0.9735576923076923 0.0625 0.05048076923076923
0 0.15264423076923078 0.7944711538461539 0.09134615384615384 0.09134615384615384
0 0.08173076923076923 0.8293269230769231 0.09134615384615384 0.09375
0 0.15625 0.9387019230769231 0.06009615384615385 0.0889423076923077
0 0.17427884615384615 0.6682692307692307 0.09134615384615384 0.09375
0 0.22235576923076922 0.5985576923076923 0.06971153846153846 0.09375
0 0.25600961538461536 0.6646634615384616 0.08653846153846154 0.08413461538461539
0 0.27163461538461536 0.7752403846153846 0.06490384615384616 0.08413461538461539
0 0.2403846153846154 0.8810096153846154 0.06490384615384616 0.10096153846153846
0 0.2668269230769231 0.96875 0.0625 0.06009615384615385
0 0.34975961538461536 0.6057692307692307 0.08173076923076923 0.08413461538461539
0 0.28725961538461536 0.5733173076923077 0.055288461538461536 0.0889423076923077
0 0.33653846153846156 0.7139423076923077 0.07211538461538461 0.10096153846153846
0 0.3269230769230769 0.8269230769230769 0.07692307692307693 0.07692307692307693
0 0.40865384615384615 0.6177884615384616 0.07932692307692307 0.07692307692307693
0 0.4795673076923077 0.5733173076923077 0.06009615384615385 0.09375
0 0.41346153846153844 0.6947115384615384 0.07692307692307693 0.07692307692307693
0 0.39663461538461536 0.7944711538461539 0.07451923076923077 0.07692307692307693
0 0.4651442307692308 0.8497596153846154 0.06490384615384616 0.08653846153846154
0 0.39783653846153844 0.9675480769230769 0.057692307692307696 0.06009615384615385
0 0.3473557692307692 0.9891826923076923 0.06490384615384616 0.016826923076923076
0 0.4735576923076923 0.6658653846153846 0.07932692307692307 0.07932692307692307
0 0.5829326923076923 0.7319711538461539 0.08413461538461539 0.08653846153846154
0 0.5793269230769231 0.5709134615384616 0.08173076923076923 0.08173076923076923
0 0.5096153846153846 0.7668269230769231 0.0673076923076923 0.0673076923076923
0 0.49278846153846156 0.9423076923076923 0.0673076923076923 0.0673076923076923
0 0.4206730769230769 0.8930288461538461 0.07211538461538461 0.06971153846153846
0 0.1141826923076923 0.7295673076923077 0.07932692307692307 0.07932692307692307
0 0.5769230769230769 0.8269230769230769 0.057692307692307696 0.057692307692307696
0 0.5973557692307693 0.9519230769230769 0.055288461538461536 0.07211538461538461
0 0.6610576923076923 0.84375 0.06009615384615385 0.06009615384615385
0 0.5685096153846154 0.3016826923076923 0.0625 0.06490384615384616
0 0.6129807692307693 0.23798076923076922 0.0673076923076923 0.06490384615384616
0 0.6550480769230769 0.18990384615384615 0.06009615384615385 0.06009615384615385
0 0.6959134615384616 0.14543269230769232 0.05048076923076923 0.06971153846153846
0 0.7319711538461539 0.1141826923076923 0.055288461538461536 0.057692307692307696
0 0.7788461538461539 0.14783653846153846 0.06009615384615385 0.06009615384615385
0 0.8076923076923077 0.09254807692307693 0.057692307692307696 0.0625
0 0.8461538461538461 0.09495192307692307 0.040865384615384616 0.07692307692307693
0 0.6081730769230769 0.4230769230769231 0.07211538461538461 0.07211538461538461
0 0.6538461538461539 0.31490384615384615 0.05048076923076923 0.07692307692307693
0 0.7043269230769231 0.2932692307692308 0.04326923076923077 0.08173076923076923
0 0.7512019230769231 0.20793269230769232 0.04807692307692308 0.0625
0 0.7451923076923077 0.3088942307692308 0.06490384615384616 0.06490384615384616
0 0.8197115384615384 0.2536057692307692 0.06490384615384616 0.0625
0 0.6935096153846154 0.43509615384615385 0.0673076923076923 0.0673076923076923
0 0.7091346153846154 0.5709134615384616 0.04326923076923077 0.07451923076923077
0 0.6586538461538461 0.6141826923076923 0.0625 0.057692307692307696
0 0.6899038461538461 0.7451923076923077 0.055288461538461536 0.08173076923076923
0 0.7271634615384616 0.8185096153846154 0.038461538461538464 0.057692307692307696
0 0.6971153846153846 0.9435096153846154 0.055288461538461536 0.055288461538461536
0 0.7463942307692307 0.9747596153846154 0.038461538461538464 0.03125
0 0.6646634615384616 0.9723557692307693 0.04326923076923077 0.04326923076923077
0 0.7596153846153846 0.359375 0.0625 0.06490384615384616
0 0.7355769230769231 0.4519230769230769 0.055288461538461536 0.055288461538461536
0 0.7848557692307693 0.5528846153846154 0.05048076923076923 0.07692307692307693
0 0.8509615384615384 0.5180288461538461 0.04807692307692308 0.0673076923076923
0 0.8798076923076923 0.609375 0.05048076923076923 0.07692307692307693
0 0.8016826923076923 0.6430288461538461 0.06009615384615385 0.06009615384615385
0 0.8269230769230769 0.7295673076923077 0.040865384615384616 0.0673076923076923
0 0.828125 0.8233173076923077 0.052884615384615384 0.052884615384615384
0 0.8810096153846154 0.8557692307692307 0.04326923076923077 0.06490384615384616
0 0.7908653846153846 0.8822115384615384 0.04326923076923077 0.057692307692307696
0 0.8557692307692307 0.9158653846153846 0.038461538461538464 0.06009615384615385
0 0.9158653846153846 0.09495192307692307 0.0625 0.06490384615384616
0 0.9759615384615384 0.18028846153846154 0.040865384615384616 0.07211538461538461
0 0.8870192307692307 0.20552884615384615 0.0625 0.06009615384615385
0 0.9086538461538461 0.27163461538461536 0.052884615384615384 0.07692307692307693
0 0.9026442307692307 0.34615384615384615 0.06009615384615385 0.057692307692307696
0 0.9074519230769231 0.4338942307692308 0.0673076923076923 0.06490384615384616
0 0.90625 0.5096153846153846 0.05048076923076923 0.07211538461538461
0 0.9903846153846154 0.44471153846153844 0.019230769230769232 0.07692307692307693
0 0.9314903846153846 0.75 0.040865384615384616 0.057692307692307696
0 0.9819711538461539 0.6694711538461539 0.036057692307692304 0.07211538461538461
0 0.9783653846153846 0.8161057692307693 0.04326923076923077 0.052884615384615384
0 0.9411057692307693 0.9122596153846154 0.04567307692307692 0.0625
0 0.9735576923076923 0.056490384615384616 0.040865384615384616 0.07932692307692307
0 0.8173076923076923 0.40865384615384615 0.057692307692307696 0.057692307692307696
0 0.8004807692307693 0.4807692307692308 0.057692307692307696 0.057692307692307696
0 0.984375 0.8978365384615384 0.03125 0.057692307692307696