0 0.054086538461538464 0.8449519230769231 0.04567307692307692 0.06009615384615385
0 0.1141826923076923 0.8197115384615384 0.04567307692307692 0.057692307692307696
0 0.15144230769230768 0.7139423076923077 0.04326923076923077 0.055288461538461536
0 0.19471153846153846 0.7235576923076923 0.04807692307692308 0.05048076923076923
0 0.20793269230769232 0.6622596153846154 0.04567307692307692 0.057692307692307696
0 0.2920673076923077 0.6370192307692307 0.04326923076923077 0.057692307692307696
0 0.35216346153846156 0.5396634615384616 0.05048076923076923 0.06009615384615385
0 0.40625 0.5841346153846154 0.040865384615384616 0.06009615384615385
0 0.09375 0.9086538461538461 0.04326923076923077 0.05048076923076923
0 0.15625 0.8810096153846154 0.05048076923076923 0.06009615384615385
0 0.2704326923076923 0.7151442307692307 0.040865384615384616 0.055288461538461536
0 0.20793269230769232 0.8245192307692307 0.04807692307692308 0.057692307692307696
0 0.2644230769230769 0.8257211538461539 0.040865384615384616 0.055288461538461536
0 0.24278846153846154 0.7848557692307693 0.040865384615384616 0.05048076923076923
0 0.30528846153846156 0.8016826923076923 0.04326923076923077 0.057692307692307696
0 0.31971153846153844 0.8713942307692307 0.04326923076923077 0.055288461538461536
0 0.2247596153846154 0.9050480769230769 0.04326923076923077 0.055288461538461536
0 0.19110576923076922 0.9423076923076923 0.04326923076923077 0.055288461538461536
0 0.28365384615384615 0.9002403846153846 0.03365384615384615 0.04567307692307692
0 0.36177884615384615 0.7776442307692307 0.038461538461538464 0.06490384615384616
0 0.44350961538461536 0.8617788461538461 0.05048076923076923 0.06971153846153846
0 0.32572115384615385 0.6490384615384616 0.040865384615384616 0.06971153846153846
0 0.36538461538461536 0.625 0.040865384615384616 0.0625
0 0.390625 0.6658653846153846 0.040865384615384616 0.052884615384615384
0 0.34375 0.6911057692307693 0.040865384615384616 0.06490384615384616
0 0.3161057692307692 0.7463942307692307 0.04326923076923077 0.055288461538461536
0 0.390625 0.7536057692307693 0.03365384615384615 0.05048076923076923
0 0.4375 0.5432692307692307 0.04807692307692308 0.06490384615384616
0 0.4519230769230769 0.5829326923076923 0.04567307692307692 0.055288461538461536
0 0.4675480769230769 0.5264423076923077 0.03125 0.06009615384615385
0 0.45913461538461536 0.6466346153846154 0.036057692307692304 0.052884615384615384
0 0.4423076923076923 0.7115384615384616 0.038461538461538464 0.0625
0 0.45913461538461536 0.7764423076923077 0.038461538461538464 0.052884615384615384
0 0.36658653846153844 0.8557692307692307 0.040865384615384616 0.052884615384615384
0 0.5036057692307693 0.546875 0.040865384615384616 0.055288461538461536
0 0.5408653846153846 0.5504807692307693 0.03365384615384615 0.057692307692307696
0 0.4987980769230769 0.609375 0.036057692307692304 0.0625
0 0.49399038461538464 0.6754807692307693 0.038461538461538464 0.052884615384615384
0 0.5096153846153846 0.7896634615384616 0.038461538461538464 0.057692307692307696
0 0.5372596153846154 0.7668269230769231 0.03365384615384615 0.05048076923076923
0 0.5336538461538461 0.6538461538461539 0.03365384615384615 0.0625
0 0.5432692307692307 0.5973557692307693 0.03365384615384615 0.04807692307692308
0 0.5733173076923077 0.6850961538461539 0.03365384615384615 0.052884615384615384
0 0.5973557692307693 0.6346153846153846 0.028846153846153848 0.05048076923076923
0 0.5625 0.8257211538461539 0.038461538461538464 0.04807692307692308
0 0.5889423076923077 0.7415865384615384 0.028846153846153848 0.052884615384615384
0 0.5805288461538461 0.5204326923076923 0.03365384615384615 0.057692307692307696
0 0.578125 0.5745192307692307 0.036057692307692304 0.04807692307692308
0 0.6394230769230769 0.5192307692307693 0.03365384615384615 0.05048076923076923
0 0.6418269230769231 0.6141826923076923 0.03365384615384615 0.06490384615384616
0 0.640625 0.6658653846153846 0.03365384615384615 0.04326923076923077
0 0.6502403846153846 0.7403846153846154 0.03125 0.04326923076923077
0 0.5384615384615384 0.7091346153846154 0.03365384615384615 0.05048076923076923
0 0.6862980769230769 0.6778846153846154 0.03365384615384615 0.04807692307692308
0 0.6983173076923077 0.6201923076923077 0.02403846153846154 0.04567307692307692
0 0.7055288461538461 0.7415865384615384 0.028846153846153848 0.04326923076923077
0 0.7379807692307693 0.7644230769230769 0.026442307692307692 0.052884615384615384
0 0.6213942307692307 0.3473557692307692 0.03365384615384615 0.04807692307692308
0 0.6478365384615384 0.3125 0.028846153846153848 0.04326923076923077
0 0.6766826923076923 0.28725961538461536 0.03125 0.04567307692307692
0 0.7019230769230769 0.2644230769230769 0.028846153846153848 0.04807692307692308
0 0.6502403846153846 0.4266826923076923 0.03125 0.04807692307692308
0 0.6995192307692307 0.43149038461538464 0.028846153846153848 0.05048076923076923
0 0.6742788461538461 0.3545673076923077 0.028846153846153848 0.04326923076923077
0 0.7019230769230769 0.3389423076923077 0.028846153846153848 0.05048076923076923
0 0.7271634615384616 0.3473557692307692 0.028846153846153848 0.052884615384615384
0 0.7115384615384616 0.296875 0.026442307692307692 0.04326923076923077
0 0.7247596153846154 0.24278846153846154 0.03125 0.04807692307692308
0 0.7487980769230769 0.265625 0.026442307692307692 0.052884615384615384
0 0.6814903846153846 0.5 0.028846153846153848 0.04326923076923077
0 0.7548076923076923 0.5012019230769231 0.028846153846153848 0.04326923076923077
0 0.7247596153846154 0.4387019230769231 0.026442307692307692 0.04567307692307692
0 0.7740384615384616 0.32211538461538464 0.026442307692307692 0.04567307692307692
0 0.7932692307692307 0.47115384615384615 0.028846153846153848 0.04567307692307692
0 0.765625 0.5564903846153846 0.02403846153846154 0.04326923076923077
0 0.7223557692307693 0.6622596153846154 0.026442307692307692 0.04326923076923077
0 0.7379807692307693 0.7175480769230769 0.02403846153846154 0.04326923076923077
0 0.7764423076923077 0.7007211538461539 0.02403846153846154 0.04807692307692308
0 0.8161057692307693 0.6766826923076923 0.026442307692307692 0.04326923076923077
0 0.8028846153846154 0.7115384615384616 0.028846153846153848 0.040865384615384616
0 0.7848557692307693 0.6538461538461539 0.021634615384615384 0.036057692307692304
0 0.7800480769230769 0.6045673076923077 0.02403846153846154 0.05048076923076923
0 0.6947115384615384 0.5625 0.026442307692307692 0.040865384615384616
0 0.6622596153846154 0.5528846153846154 0.03125 0.06009615384615385
0 0.7668269230769231 0.23076923076923078 0.026442307692307692 0.04807692307692308
0 0.7896634615384616 0.22956730769230768 0.02403846153846154 0.05048076923076923
0 0.8293269230769231 0.2247596153846154 0.03125 0.057692307692307696
0 0.8125 0.2920673076923077 0.026442307692307692 0.04567307692307692
0 0.8449519230769231 0.29447115384615385 0.02403846153846154 0.04326923076923077
0 0.8665865384615384 0.27884615384615385 0.026442307692307692 0.052884615384615384
0 0.8713942307692307 0.328125 0.028846153846153848 0.05048076923076923
0 0.8882211538461539 0.3641826923076923 0.026442307692307692 0.052884615384615384
0 0.8245192307692307 0.37259615384615385 0.02403846153846154 0.04807692307692308
0 0.8257211538461539 0.3269230769230769 0.028846153846153848 0.055288461538461536
0 0.828125 0.4254807692307692 0.026442307692307692 0.05048076923076923
0 0.7355769230769231 0.38221153846153844 0.028846153846153848 0.05048076923076923
0 0.8629807692307693 0.38822115384615385 0.02403846153846154 0.040865384615384616
0 0.8846153846153846 0.41466346153846156 0.026442307692307692 0.05048076923076923
0 0.8293269230769231 0.4639423076923077 0.028846153846153848 0.04807692307692308
0 0.8100961538461539 0.5204326923076923 0.02403846153846154 0.040865384615384616
0 0.8822115384615384 0.6995192307692307 0.028846153846153848 0.04326923076923077
0 0.84375 0.609375 0.028846153846153848 0.038461538461538464
0 0.8737980769230769 0.6490384615384616 0.026442307692307692 0.036057692307692304
0 0.8485576923076923 0.7007211538461539 0.026442307692307692 0.04807692307692308
0 0.7920673076923077 0.5600961538461539 0.026442307692307692 0.03365384615384615
0 0.8990384615384616 0.49038461538461536 0.028846153846153848 0.038461538461538464
0 0.90625 0.6201923076923077 0.02403846153846154 0.038461538461538464
0 0.9254807692307693 0.6514423076923077 0.028846153846153848 0.040865384615384616
0 0.9387019230769231 0.28966346153846156 0.02403846153846154 0.040865384615384616
0 0.9423076923076923 0.3605769230769231 0.03125 0.052884615384615384
0 0.9362980769230769 0.4483173076923077 0.02403846153846154 0.055288461538461536
0 0.9122596153846154 0.39302884615384615 0.02403846153846154 0.05048076923076923
0 0.875 0.5552884615384616 0.021634615384615384 0.040865384615384616
0 0.8365384615384616 0.5552884615384616 0.026442307692307692 0.04326923076923077
0 0.8557692307692307 0.5084134615384616 0.03125 0.04326923076923077