0 0.010817307692307692 0.7235576923076923 0.021634615384615384 0.04807692307692308
0 0.009615384615384616 0.7584134615384616 0.019230769230769232 0.036057692307692304
0 0.008413461538461538 0.7896634615384616 0.014423076923076924 0.040865384615384616
0 0.030048076923076924 0.7211538461538461 0.026442307692307692 0.04326923076923077
0 0.03125 0.7560096153846154 0.026442307692307692 0.028846153846153848
0 0.037259615384615384 0.8100961538461539 0.03125 0.036057692307692304
0 0.019230769230769232 0.8245192307692307 0.026442307692307692 0.03365384615384615
0 0.05048076923076923 0.6995192307692307 0.028846153846153848 0.038461538461538464
0 0.054086538461538464 0.7463942307692307 0.03125 0.040865384615384616
0 0.11057692307692307 0.7800480769230769 0.026442307692307692 0.03365384615384615
0 0.1045673076923077 0.703125 0.026442307692307692 0.04326923076923077
0 0.08413461538461539 0.7043269230769231 0.021634615384615384 0.038461538461538464
0 0.14182692307692307 0.7728365384615384 0.040865384615384616 0.04567307692307692
0 0.1971153846153846 0.7439903846153846 0.036057692307692304 0.052884615384615384
0 0.17668269230769232 0.8173076923076923 0.036057692307692304 0.04807692307692308
0 0.14783653846153846 0.8317307692307693 0.036057692307692304 0.04807692307692308
0 0.125 0.8858173076923077 0.026442307692307692 0.04326923076923077
0 0.15144230769230768 0.8569711538461539 0.03125 0.03125
0 0.20673076923076922 0.84375 0.03125 0.04567307692307692
0 0.23557692307692307 0.7896634615384616 0.036057692307692304 0.04567307692307692
0 0.22716346153846154 0.6454326923076923 0.036057692307692304 0.04567307692307692
0 0.23557692307692307 0.6862980769230769 0.03365384615384615 0.04326923076923077
0 0.2644230769230769 0.6538461538461539 0.04326923076923077 0.040865384615384616
0 0.27524038461538464 0.7451923076923077 0.03365384615384615 0.04326923076923077
0 0.2764423076923077 0.5985576923076923 0.036057692307692304 0.05048076923076923
0 0.3004807692307692 0.6081730769230769 0.028846153846153848 0.038461538461538464
0 0.31490384615384615 0.6670673076923077 0.038461538461538464 0.04326923076923077
0 0.30408653846153844 0.6995192307692307 0.036057692307692304 0.038461538461538464
0 0.25721153846153844 0.8401442307692307 0.03125 0.040865384615384616
0 0.25961538461538464 0.7872596153846154 0.021634615384615384 0.038461538461538464
0 0.2920673076923077 0.7548076923076923 0.028846153846153848 0.04326923076923077
0 0.3245192307692308 0.7367788461538461 0.038461538461538464 0.04807692307692308
0 0.3173076923076923 0.7680288461538461 0.03365384615384615 0.03365384615384615
0 0.3112980769230769 0.8125 0.03365384615384615 0.038461538461538464
0 0.33533653846153844 0.796875 0.03365384615384615 0.04326923076923077
0 0.3473557692307692 0.5721153846153846 0.03365384615384615 0.05048076923076923
0 0.3401442307692308 0.6382211538461539 0.038461538461538464 0.04567307692307692
0 0.36778846153846156 0.6634615384615384 0.036057692307692304 0.04567307692307692
0 0.36658653846153844 0.7055288461538461 0.038461538461538464 0.040865384615384616
0 0.38461538461538464 0.7307692307692307 0.03365384615384615 0.038461538461538464
0 0.3701923076923077 0.7704326923076923 0.03125 0.04326923076923077
0 0.39663461538461536 0.7992788461538461 0.028846153846153848 0.038461538461538464
0 0.40625 0.6899038461538461 0.036057692307692304 0.04807692307692308
0 0.3762019230769231 0.578125 0.03125 0.04326923076923077
0 0.390625 0.6105769230769231 0.03125 0.040865384615384616
0 0.4098557692307692 0.5552884615384616 0.036057692307692304 0.05048076923076923
0 0.3954326923076923 0.47475961538461536 0.03365384615384615 0.05048076923076923
0 0.42788461538461536 0.5853365384615384 0.03365384615384615 0.04567307692307692
0 0.42908653846153844 0.6586538461538461 0.026442307692307692 0.04567307692307692
0 0.4387019230769231 0.7379807692307693 0.026442307692307692 0.040865384615384616
0 0.40865384615384615 0.7536057692307693 0.03125 0.04326923076923077
0 0.4807692307692308 0.7548076923076923 0.036057692307692304 0.04567307692307692
0 0.4735576923076923 0.6237980769230769 0.03125 0.04326923076923077
0 0.4411057692307692 0.5192307692307693 0.03365384615384615 0.055288461538461536
0 0.47115384615384615 0.47836538461538464 0.03365384615384615 0.057692307692307696
0 0.4795673076923077 0.515625 0.03365384615384615 0.04807692307692308
0 0.4891826923076923 0.5600961538461539 0.036057692307692304 0.052884615384615384
0 0.5192307692307693 0.5865384615384616 0.03125 0.04567307692307692
0 0.5108173076923077 0.6298076923076923 0.03125 0.040865384615384616
0 0.49038461538461536 0.6730769230769231 0.03125 0.038461538461538464
0 0.5 0.7103365384615384 0.026442307692307692 0.038461538461538464
0 0.5300480769230769 0.6862980769230769 0.03125 0.04326923076923077
0 0.5228365384615384 0.5324519230769231 0.03125 0.04807692307692308
0 0.49399038461538464 0.46033653846153844 0.03125 0.04326923076923077
0 0.5276442307692307 0.47475961538461536 0.03365384615384615 0.04807692307692308
0 0.5576923076923077 0.47475961538461536 0.03125 0.04567307692307692
0 0.5600961538461539 0.515625 0.03125 0.040865384615384616
0 0.5516826923076923 0.5625 0.028846153846153848 0.04326923076923077
0 0.5637019230769231 0.6141826923076923 0.03365384615384615 0.04807692307692308
0 0.5540865384615384 0.6574519230769231 0.03125 0.040865384615384616
0 0.5528846153846154 0.6911057692307693 0.02403846153846154 0.04326923076923077
0 0.5264423076923077 0.6418269230769231 0.028846153846153848 0.04326923076923077
0 0.5769230769230769 0.7115384615384616 0.03125 0.04326923076923077
0 0.5733173076923077 0.6502403846153846 0.021634615384615384 0.040865384615384616
0 0.5877403846153846 0.5889423076923077 0.026442307692307692 0.04326923076923077
0 0.6057692307692307 0.5432692307692307 0.028846153846153848 0.038461538461538464
0 0.59375 0.44350961538461536 0.03125 0.05048076923076923
0 0.5913461538461539 0.49158653846153844 0.03125 0.040865384615384616
0 0.6394230769230769 0.5661057692307693 0.028846153846153848 0.038461538461538464
0 0.6418269230769231 0.5985576923076923 0.026442307692307692 0.038461538461538464
0 0.6466346153846154 0.6286057692307693 0.028846153846153848 0.03365384615384615
0 0.5769230769230769 0.7487980769230769 0.028846153846153848 0.038461538461538464
0 0.6009615384615384 0.7584134615384616 0.02403846153846154 0.040865384615384616
0 0.6430288461538461 0.43990384615384615 0.03125 0.04326923076923077
0 0.640625 0.5168269230769231 0.03125 0.04326923076923077
0 0.6814903846153846 0.5697115384615384 0.028846153846153848 0.038461538461538464
0 0.6634615384615384 0.5997596153846154 0.026442307692307692 0.03365384615384615
0 0.6923076923076923 0.6189903846153846 0.026442307692307692 0.038461538461538464
0 0.6754807692307693 0.6454326923076923 0.028846153846153848 0.036057692307692304
0 0.7199519230769231 0.6430288461538461 0.026442307692307692 0.036057692307692304
0 0.5793269230769231 0.5300480769230769 0.028846153846153848 0.04807692307692308
0 0.5901442307692307 0.6634615384615384 0.028846153846153848 0.040865384615384616
0 0.6213942307692307 0.28846153846153844 0.028846153846153848 0.04567307692307692
0 0.6442307692307693 0.25240384615384615 0.03125 0.038461538461538464
0 0.6658653846153846 0.22355769230769232 0.026442307692307692 0.040865384615384616
0 0.6875 0.19951923076923078 0.026442307692307692 0.036057692307692304
0 0.7043269230769231 0.17908653846153846 0.02403846153846154 0.04326923076923077
0 0.7283653846153846 0.19471153846153846 0.026442307692307692 0.038461538461538464
0 0.7439903846153846 0.15985576923076922 0.021634615384615384 0.038461538461538464
0 0.7632211538461539 0.16105769230769232 0.021634615384615384 0.038461538461538464
0 0.7776442307692307 0.14903846153846154 0.019230769230769232 0.04326923076923077
0 0.7992788461538461 0.1502403846153846 0.026442307692307692 0.040865384615384616
0 0.6442307692307693 0.3473557692307692 0.026442307692307692 0.040865384615384616
0 0.6670673076923077 0.28725961538461536 0.021634615384615384 0.038461538461538464
0 0.6490384615384616 0.28846153846153844 0.02403846153846154 0.038461538461538464
0 0.6899038461538461 0.27163461538461536 0.02403846153846154 0.04326923076923077
0 0.7163461538461539 0.2247596153846154 0.02403846153846154 0.04326923076923077
0 0.7512019230769231 0.24158653846153846 0.028846153846153848 0.038461538461538464
0 0.7620192307692307 0.19951923076923078 0.028846153846153848 0.04326923076923077
0 0.7848557692307693 0.21514423076923078 0.026442307692307692 0.036057692307692304
0 0.8125 0.21634615384615385 0.026442307692307692 0.04567307692307692
0 0.8305288461538461 0.19110576923076922 0.02403846153846154 0.040865384615384616
0 0.6887019230769231 0.3485576923076923 0.028846153846153848 0.04326923076923077
0 0.7211538461538461 0.30649038461538464 0.028846153846153848 0.04567307692307692
0 0.7139423076923077 0.2776442307692308 0.028846153846153848 0.04326923076923077
0 0.7560096153846154 0.27163461538461536 0.02403846153846154 0.04326923076923077
0 0.7716346153846154 0.2860576923076923 0.02403846153846154 0.03365384615384615
0 0.6682692307692307 0.38221153846153844 0.026442307692307692 0.04326923076923077
0 0.6959134615384616 0.4170673076923077 0.02403846153846154 0.040865384615384616
0 0.6911057692307693 0.38100961538461536 0.019230769230769232 0.040865384615384616
0 0.7331730769230769 0.4014423076923077 0.026442307692307692 0.038461538461538464
0 0.6875 0.5168269230769231 0.02403846153846154 0.038461538461538464
0 0.6754807692307693 0.4375 0.019230769230769232 0.036057692307692304
0 0.7211538461538461 0.5973557692307693 0.026442307692307692 0.03365384615384615
0 0.7379807692307693 0.6033653846153846 0.021634615384615384 0.03125
0 0.7764423076923077 0.5841346153846154 0.021634615384615384 0.03365384615384615
0 0.7608173076923077 0.5432692307692307 0.021634615384615384 0.028846153846153848
0 0.7055288461538461 0.5492788461538461 0.019230769230769232 0.028846153846153848
0 0.7572115384615384 0.49399038461538464 0.021634615384615384 0.03125
0 0.7848557692307693 0.421875 0.021634615384615384 0.03365384615384615
0 0.7668269230769231 0.3786057692307692 0.02403846153846154 0.036057692307692304
0 0.7956730769230769 0.3701923076923077 0.026442307692307692 0.036057692307692304
0 0.8221153846153846 0.39663461538461536 0.021634615384615384 0.03365384615384615
0 0.8040865384615384 0.44591346153846156 0.021634615384615384 0.038461538461538464
0 0.8425480769230769 0.4519230769230769 0.021634615384615384 0.038461538461538464
0 0.8137019230769231 0.4951923076923077 0.021634615384615384 0.028846153846153848
0 0.8377403846153846 0.5228365384615384 0.021634615384615384 0.028846153846153848
0 0.8149038461538461 0.5264423076923077 0.019230769230769232 0.028846153846153848
0 0.7884615384615384 0.5540865384615384 0.02403846153846154 0.028846153846153848
0 0.8173076923076923 0.5769230769230769 0.016826923076923076 0.028846153846153848
0 0.8173076923076923 0.45913461538461536 0.019230769230769232 0.028846153846153848
0 0.8569711538461539 0.44711538461538464 0.016826923076923076 0.03365384615384615
0 0.8677884615384616 0.4951923076923077 0.016826923076923076 0.028846153846153848
0 0.8689903846153846 0.5204326923076923 0.019230769230769232 0.026442307692307692
0 0.8653846153846154 0.546875 0.019230769230769232 0.02403846153846154
0 0.8473557692307693 0.5685096153846154 0.016826923076923076 0.02403846153846154
0 0.8653846153846154 0.5709134615384616 0.019230769230769232 0.02403846153846154
0 0.8413461538461539 0.546875 0.019230769230769232 0.03125
0 0.7427884615384616 0.4495192307692308 0.02403846153846154 0.036057692307692304
0 0.796875 0.3317307692307692 0.02403846153846154 0.040865384615384616
0 0.7944711538461539 0.2824519230769231 0.019230769230769232 0.03365384615384615
0 0.8293269230769231 0.30288461538461536 0.019230769230769232 0.036057692307692304
0 0.8473557692307693 0.32572115384615385 0.021634615384615384 0.038461538461538464
0 0.8701923076923077 0.3317307692307692 0.021634615384615384 0.03365384615384615
0 0.8918269230769231 0.34134615384615385 0.021634615384615384 0.03125
0 0.8737980769230769 0.3701923076923077 0.016826923076923076 0.026442307692307692
0 0.8617788461538461 0.3870192307692308 0.021634615384615384 0.036057692307692304
0 0.8521634615384616 0.27403846153846156 0.021634615384615384 0.036057692307692304
0 0.8701923076923077 0.296875 0.02403846153846154 0.038461538461538464
0 0.8569711538461539 0.22716346153846154 0.021634615384615384 0.03125
0 0.8413461538461539 0.15625 0.019230769230769232 0.03365384615384615
0 0.8545673076923077 0.1622596153846154 0.016826923076923076 0.03365384615384615
0 0.8870192307692307 0.23197115384615385 0.019230769230769232 0.03365384615384615
0 0.8689903846153846 0.25240384615384615 0.016826923076923076 0.036057692307692304
0 0.8930288461538461 0.3004807692307692 0.019230769230769232 0.03125
0 0.8978365384615384 0.2620192307692308 0.021634615384615384 0.04326923076923077
0 0.7668269230769231 0.4579326923076923 0.019230769230769232 0.036057692307692304
0 0.7403846153846154 0.3605769230769231 0.021634615384615384 0.038461538461538464
0 0.7115384615384616 0.35336538461538464 0.021634615384615384 0.036057692307692304
0 0.8149038461538461 0.13221153846153846 0.02403846153846154 0.03125
0 0.828125 0.12259615384615384 0.021634615384615384 0.036057692307692304
0 0.8497596153846154 0.20072115384615385 0.021634615384615384 0.03365384615384615
0 0.8978365384615384 0.1935096153846154 0.021634615384615384 0.03125
0 0.8353365384615384 0.23677884615384615 0.02403846153846154 0.036057692307692304
0 0.7956730769230769 0.24639423076923078 0.026442307692307692 0.040865384615384616
0 0.9182692307692307 0.19110576923076922 0.019230769230769232 0.028846153846153848
0 0.953125 0.24278846153846154 0.016826923076923076 0.02403846153846154
0 0.9278846153846154 0.27163461538461536 0.02403846153846154 0.026442307692307692
0 0.9459134615384616 0.30288461538461536 0.019230769230769232 0.036057692307692304
0 0.9447115384615384 0.14543269230769232 0.016826923076923076 0.02403846153846154
0 0.9483173076923077 0.18509615384615385 0.019230769230769232 0.021634615384615384
0 0.9651442307692307 0.27884615384615385 0.016826923076923076 0.021634615384615384
0 0.953125 0.2704326923076923 0.016826923076923076 0.02403846153846154
0 0.9507211538461539 0.203125 0.016826923076923076 0.026442307692307692
0 0.9206730769230769 0.3004807692307692 0.016826923076923076 0.026442307692307692
0 0.9314903846153846 0.31850961538461536 0.016826923076923076 0.03125
0 0.9771634615384616 0.265625 0.01201923076923077 0.026442307692307692
0 0.9855769230769231 0.15745192307692307 0.019230769230769232 0.028846153846153848
0 0.9771634615384616 0.12740384615384615 0.016826923076923076 0.026442307692307692
0 0.9747596153846154 0.23076923076923078 0.016826923076923076 0.02403846153846154
0 0.9362980769230769 0.203125 0.019230769230769232 0.028846153846153848
0 0.9290865384615384 0.24278846153846154 0.021634615384615384 0.026442307692307692
0 0.9591346153846154 0.14182692307692307 0.019230769230769232 0.026442307692307692
0 0.7536057692307693 0.5793269230769231 0.021634615384615384 0.03365384615384615
0 0.7379807692307693 0.6550480769230769 0.021634615384615384 0.03365384615384615
0 0.6189903846153846 0.4579326923076923 0.026442307692307692 0.040865384615384616
0 0.6129807692307693 0.5877403846153846 0.03365384615384615 0.05048076923076923
0 0.6622596153846154 0.46274038461538464 0.03125 0.04807692307692308
0 0.6634615384615384 0.5264423076923077 0.02403846153846154 0.040865384615384616