0 0.4639423076923077 0.8497596153846154 0.04326923076923077 0.055288461538461536
0 0.3173076923076923 0.7079326923076923 0.040865384615384616 0.06971153846153846
0 0.3269230769230769 0.6322115384615384 0.038461538461538464 0.0625
0 0.38100961538461536 0.5360576923076923 0.038461538461538464 0.04326923076923077
0 0.4326923076923077 0.5901442307692307 0.03365384615384615 0.055288461538461536
0 0.49158653846153844 0.53125 0.038461538461538464 0.06971153846153846
0 0.1346153846153846 0.8786057692307693 0.03365384615384615 0.055288461538461536
0 0.1141826923076923 0.9278846153846154 0.040865384615384616 0.036057692307692304
0 0.22235576923076922 0.9206730769230769 0.028846153846153848 0.06009615384615385
0 0.2800480769230769 0.8954326923076923 0.028846153846153848 0.04567307692307692
0 0.3485576923076923 0.8521634615384616 0.03125 0.06009615384615385
0 0.296875 0.8137019230769231 0.028846153846153848 0.055288461538461536
0 0.23317307692307693 0.703125 0.03125 0.052884615384615384
0 0.19471153846153846 0.6983173076923077 0.03365384615384615 0.055288461538461536
0 0.39663461538461536 0.6225961538461539 0.036057692307692304 0.04807692307692308
0 0.41466346153846156 0.7463942307692307 0.026442307692307692 0.04807692307692308
0 0.6574519230769231 0.6274038461538461 0.02403846153846154 0.05048076923076923