0 0.47836538461538464 0.8557692307692307 0.04807692307692308 0.057692307692307696
0 0.31490384615384615 0.6983173076923077 0.04567307692307692 0.07451923076923077
0 0.32572115384615385 0.6141826923076923 0.04326923076923077 0.06971153846153846
0 0.38341346153846156 0.5072115384615384 0.04567307692307692 0.04326923076923077
0 0.4423076923076923 0.5685096153846154 0.036057692307692304 0.06009615384615385
0 0.5060096153846154 0.5024038461538461 0.040865384615384616 0.07692307692307693
0 0.1141826923076923 0.8870192307692307 0.038461538461538464 0.0625
0 0.09254807692307693 0.9411057692307693 0.04807692307692308 0.040865384615384616
0 0.2127403846153846 0.9326923076923077 0.028846153846153848 0.0673076923076923
0 0.27524038461538464 0.9050480769230769 0.040865384615384616 0.040865384615384616
0 0.34975961538461536 0.8581730769230769 0.05048076923076923 0.04807692307692308
0 0.2932692307692308 0.8149038461538461 0.04807692307692308 0.04326923076923077
0 0.22235576923076922 0.6935096153846154 0.04326923076923077 0.04567307692307692
0 0.17908653846153846 0.6875 0.04807692307692308 0.04807692307692308
0 0.4026442307692308 0.6033653846153846 0.04807692307692308 0.04807692307692308
0 0.42427884615384615 0.7403846153846154 0.040865384615384616 0.04326923076923077
0 0.6899038461538461 0.609375 0.040865384615384616 0.040865384615384616