0 0.453125 0.5649038461538461 0.04326923076923077 0.06490384615384616
0 0.2548076923076923 0.6802884615384616 0.04567307692307692 0.07211538461538461
0 0.5877403846153846 0.5480769230769231 0.03125 0.038461538461538464
0 0.203125 0.7331730769230769 0.028846153846153848 0.04326923076923077
0 0.17067307692307693 0.8233173076923077 0.036057692307692304 0.0673076923076923
0 0.10817307692307693 0.8425480769230769 0.028846153846153848 0.04326923076923077
0 0.1466346153846154 0.9086538461538461 0.026442307692307692 0.040865384615384616
0 0.21153846153846154 0.8762019230769231 0.03365384615384615 0.06009615384615385
0 0.24879807692307693 0.8269230769230769 0.03365384615384615 0.04326923076923077
0 0.29927884615384615 0.8257211538461539 0.026442307692307692 0.055288461538461536
0 0.29447115384615385 0.7536057692307693 0.02403846153846154 0.040865384615384616
0 0.31850961538461536 0.7295673076923077 0.028846153846153848 0.038461538461538464
0 0.3425480769230769 0.7560096153846154 0.03125 0.04326923076923077
0 0.3762019230769231 0.7079326923076923 0.026442307692307692 0.04326923076923077
0 0.390625 0.6478365384615384 0.03125 0.052884615384615384
0 0.3786057692307692 0.5649038461538461 0.03365384615384615 0.038461538461538464
0 0.3317307692307692 0.6598557692307693 0.026442307692307692 0.05048076923076923
0 0.39783653846153844 0.8233173076923077 0.026442307692307692 0.038461538461538464
0 0.4639423076923077 0.8605769230769231 0.028846153846153848 0.038461538461538464
0 0.46033653846153844 0.7199519230769231 0.03125 0.052884615384615384
0 0.5072115384615384 0.6935096153846154 0.03125 0.04326923076923077
0 0.47596153846153844 0.6574519230769231 0.03365384615384615 0.040865384615384616
0 0.5084134615384616 0.625 0.03125 0.038461538461538464
0 0.5516826923076923 0.6165865384615384 0.026442307692307692 0.038461538461538464
0 0.5504807692307693 0.5769230769230769 0.028846153846153848 0.038461538461538464
0 0.5144230769230769 0.5757211538461539 0.02403846153846154 0.040865384615384616
0 0.6370192307692307 0.6298076923076923 0.03125 0.04567307692307692
0 0.5985576923076923 0.6550480769230769 0.02403846153846154 0.03365384615384615
0 0.5384615384615384 0.6646634615384616 0.02403846153846154 0.055288461538461536
0 0.027644230769230768 0.7788461538461539 0.028846153846153848 0.05048076923076923
0 0.5769230769230769 0.6959134615384616 0.02403846153846154 0.052884615384615384
0 0.3894230769230769 0.7848557692307693 0.028846153846153848 0.04326923076923077
0 0.3485576923076923 0.8040865384615384 0.03125 0.04326923076923077
0 0.5504807692307693 0.7199519230769231 0.02403846153846154 0.038461538461538464
0 0.6057692307692307 0.7043269230769231 0.028846153846153848 0.04807692307692308
0 0.6730769230769231 0.6875 0.02403846153846154 0.040865384615384616
0 0.6370192307692307 0.5444711538461539 0.021634615384615384 0.038461538461538464
0 0.47115384615384615 0.7800480769230769 0.026442307692307692 0.038461538461538464
0 0.5180288461538461 0.7932692307692307 0.028846153846153848 0.052884615384615384
0 0.5396634615384616 0.7644230769230769 0.02403846153846154 0.04567307692307692
0 0.5637019230769231 0.8257211538461539 0.026442307692307692 0.04567307692307692
0 0.6430288461538461 0.4639423076923077 0.02403846153846154 0.04567307692307692
0 0.6225961538461539 0.4026442307692308 0.02403846153846154 0.04326923076923077
0 0.6478365384615384 0.3641826923076923 0.026442307692307692 0.04567307692307692
0 0.6899038461538461 0.3161057692307692 0.019230769230769232 0.028846153846153848
0 0.671875 0.3389423076923077 0.021634615384615384 0.026442307692307692
0 0.7079326923076923 0.2980769230769231 0.016826923076923076 0.028846153846153848
0 0.6658653846153846 0.39783653846153844 0.019230769230769232 0.038461538461538464
0 0.6935096153846154 0.38461538461538464 0.021634615384615384 0.03125
0 0.7163461538461539 0.3389423076923077 0.02403846153846154 0.03365384615384615
0 0.7403846153846154 0.31009615384615385 0.016826923076923076 0.03365384615384615
0 0.7632211538461539 0.2764423076923077 0.02403846153846154 0.026442307692307692
0 0.7980769230769231 0.453125 0.019230769230769232 0.03365384615384615
0 0.8173076923076923 0.42427884615384615 0.014423076923076924 0.03365384615384615
0 0.8545673076923077 0.4026442307692308 0.016826923076923076 0.03125
0 0.8149038461538461 0.33774038461538464 0.019230769230769232 0.038461538461538464
0 0.7524038461538461 0.36177884615384615 0.02403846153846154 0.040865384615384616
0 0.7860576923076923 0.33533653846153844 0.021634615384615384 0.036057692307692304
0 0.6862980769230769 0.46274038461538464 0.021634615384615384 0.028846153846153848
0 0.7211538461538461 0.41947115384615385 0.02403846153846154 0.04326923076923077
0 0.7475961538461539 0.5841346153846154 0.026442307692307692 0.04326923076923077
0 0.7379807692307693 0.5180288461538461 0.019230769230769232 0.03365384615384615
0 0.8004807692307693 0.49038461538461536 0.03125 0.03125
0 0.7211538461538461 0.7668269230769231 0.016826923076923076 0.026442307692307692
0 0.6911057692307693 0.7427884615384616 0.026442307692307692 0.04807692307692308
0 0.6322115384615384 0.6802884615384616 0.026442307692307692 0.04807692307692308
0 0.640625 0.7415865384615384 0.02403846153846154 0.04807692307692308