0 0.47716346153846156 0.30288461538461536 0.036057692307692304 0.03365384615384615
0 0.3485576923076923 0.15384615384615385 0.057692307692307696 0.03365384615384615
0 0.17307692307692307 0.051682692307692304 0.055288461538461536 0.03365384615384615
0 0.234375 0.013221153846153846 0.02403846153846154 0.016826923076923076
0 0.1814903846153846 0.013221153846153846 0.019230769230769232 0.014423076923076924
0 0.14182692307692307 0.014423076923076924 0.021634615384615384 0.016826923076923076
0 0.07692307692307693 0.027644230769230768 0.03125 0.026442307692307692
0 0.06971153846153846 0.015625 0.021634615384615384 0.016826923076923076
0 0.004807692307692308 0.013221153846153846 0.009615384615384616 0.01201923076923077
0 0.03485576923076923 0.016826923076923076 0.02403846153846154 0.016826923076923076
0 0.039663461538461536 0.056490384615384616 0.03365384615384615 0.03365384615384615
0 0.007211538461538462 0.016826923076923076 0.014423076923076924 0.019230769230769232
0 0.10576923076923077 0.09254807692307693 0.038461538461538464 0.036057692307692304
0 0.11298076923076923 0.1346153846153846 0.038461538461538464 0.019230769230769232
0 0.0625 0.09975961538461539 0.03365384615384615 0.021634615384615384
0 0.04326923076923077 0.1346153846153846 0.038461538461538464 0.026442307692307692
0 0.08052884615384616 0.16466346153846154 0.036057692307692304 0.036057692307692304
0 0.28966346153846156 0.0889423076923077 0.03125 0.03125
0 0.2800480769230769 0.1346153846153846 0.036057692307692304 0.028846153846153848
0 0.23197115384615385 0.10576923076923077 0.03365384615384615 0.03365384615384615
0 0.2403846153846154 0.14302884615384615 0.03365384615384615 0.03125
0 0.3317307692307692 0.18509615384615385 0.03365384615384615 0.028846153846153848
0 0.2824519230769231 0.23197115384615385 0.028846153846153848 0.028846153846153848
0 0.25240384615384615 0.20432692307692307 0.03125 0.03365384615384615
0 0.3641826923076923 0.24278846153846154 0.028846153846153848 0.028846153846153848
0 0.3545673076923077 0.2800480769230769 0.03125 0.03125
0 0.24879807692307693 0.2668269230769231 0.03125 0.03365384615384615
0 0.21033653846153846 0.18629807692307693 0.03125 0.03125
0 0.16346153846153846 0.15504807692307693 0.03365384615384615 0.028846153846153848
0 0.16346153846153846 0.21033653846153846 0.03125 0.028846153846153848
0 0.1814903846153846 0.24158653846153846 0.019230769230769232 0.019230769230769232
0 0.14182692307692307 0.1778846153846154 0.02403846153846154 0.021634615384615384
0 0.1201923076923077 0.20432692307692307 0.026442307692307692 0.026442307692307692
0 0.06490384615384616 0.19951923076923078 0.03125 0.03365384615384615
0 0.0829326923076923 0.23076923076923078 0.03365384615384615 0.028846153846153848
0 0.018028846153846152 0.21754807692307693 0.028846153846153848 0.03365384615384615
0 0.05889423076923077 0.25721153846153844 0.028846153846153848 0.028846153846153848
0 0.11177884615384616 0.27283653846153844 0.026442307692307692 0.021634615384615384
0 0.1935096153846154 0.2704326923076923 0.028846153846153848 0.03125
0 0.15985576923076922 0.28725961538461536 0.02403846153846154 0.02403846153846154
0 0.16346153846153846 0.33052884615384615 0.026442307692307692 0.028846153846153848
0 0.23918269230769232 0.3473557692307692 0.03125 0.021634615384615384
0 0.12259615384615384 0.3233173076923077 0.028846153846153848 0.028846153846153848
0 0.13942307692307693 0.36177884615384615 0.02403846153846154 0.028846153846153848
0 0.09375 0.3317307692307692 0.02403846153846154 0.02403846153846154
0 0.07211538461538461 0.30649038461538464 0.028846153846153848 0.021634615384615384
0 0.11057692307692307 0.3605769230769231 0.02403846153846154 0.02403846153846154
0 0.07932692307692307 0.3545673076923077 0.019230769230769232 0.021634615384615384
0 0.1141826923076923 0.40865384615384615 0.03365384615384615 0.02403846153846154
0 0.21033653846153846 0.42427884615384615 0.02403846153846154 0.021634615384615384
0 0.2692307692307692 0.453125 0.026442307692307692 0.028846153846153848
0 0.28125 0.4026442307692308 0.028846153846153848 0.028846153846153848
0 0.24519230769230768 0.4699519230769231 0.02403846153846154 0.026442307692307692
0 0.19230769230769232 0.47596153846153844 0.03365384615384615 0.019230769230769232
0 0.2247596153846154 0.5048076923076923 0.03365384615384615 0.02403846153846154
0 0.31850961538461536 0.4639423076923077 0.03365384615384615 0.03125
0 0.390625 0.46634615384615385 0.028846153846153848 0.028846153846153848
0 0.34975961538461536 0.5036057692307693 0.026442307692307692 0.03125
0 0.35697115384615385 0.42427884615384615 0.038461538461538464 0.02403846153846154
0 0.40625 0.5144230769230769 0.038461538461538464 0.021634615384615384
0 0.3088942307692308 0.48677884615384615 0.03365384615384615 0.014423076923076924
0 0.27884615384615385 0.5180288461538461 0.036057692307692304 0.02403846153846154
0 0.27283653846153844 0.5444711538461539 0.026442307692307692 0.019230769230769232
0 0.31009615384615385 0.5504807692307693 0.028846153846153848 0.021634615384615384
0 0.3798076923076923 0.5396634615384616 0.038461538461538464 0.021634615384615384
0 0.4266826923076923 0.5516826923076923 0.03125 0.019230769230769232
0 0.43028846153846156 0.5745192307692307 0.02403846153846154 0.021634615384615384
0 0.359375 0.5745192307692307 0.02403846153846154 0.019230769230769232
0 0.3870192307692308 0.6213942307692307 0.038461538461538464 0.02403846153846154
0 0.3076923076923077 0.5769230769230769 0.028846153846153848 0.019230769230769232
0 0.2932692307692308 0.5961538461538461 0.02403846153846154 0.021634615384615384
0 0.3269230769230769 0.6153846153846154 0.021634615384615384 0.02403846153846154
0 0.35697115384615385 0.5985576923076923 0.028846153846153848 0.019230769230769232
0 0.28725961538461536 0.6201923076923077 0.019230769230769232 0.021634615384615384
0 0.23076923076923078 0.53125 0.016826923076923076 0.019230769230769232
0 0.1814903846153846 0.5072115384615384 0.02403846153846154 0.026442307692307692
0 0.21033653846153846 0.5528846153846154 0.02403846153846154 0.02403846153846154
0 0.24519230769230768 0.5661057692307693 0.02403846153846154 0.026442307692307692
0 0.15144230769230768 0.5336538461538461 0.026442307692307692 0.026442307692307692
0 0.10697115384615384 0.5408653846153846 0.036057692307692304 0.02403846153846154
0 0.09375 0.5673076923076923 0.028846153846153848 0.02403846153846154
0 0.14543269230769232 0.5024038461538461 0.026442307692307692 0.026442307692307692
0 0.17427884615384615 0.4375 0.03365384615384615 0.03125
0 0.23317307692307693 0.234375 0.026442307692307692 0.026442307692307692
0 0.15384615384615385 0.5576923076923077 0.038461538461538464 0.016826923076923076
0 0.24519230769230768 0.6274038461538461 0.026442307692307692 0.019230769230769232
0 0.21754807692307693 0.640625 0.02403846153846154 0.016826923076923076
0 0.13701923076923078 0.5949519230769231 0.02403846153846154 0.02403846153846154
0 0.3112980769230769 0.6670673076923077 0.028846153846153848 0.019230769230769232
0 0.28125 0.6466346153846154 0.03125 0.019230769230769232
0 0.25240384615384615 0.65625 0.016826923076923076 0.019230769230769232
0 0.25240384615384615 0.6887019230769231 0.028846153846153848 0.019230769230769232
0 0.21394230769230768 0.6694711538461539 0.03125 0.016826923076923076
0 0.3713942307692308 0.6850961538461539 0.02403846153846154 0.019230769230769232
0 0.3701923076923077 0.6466346153846154 0.03125 0.014423076923076924
0 0.453125 0.6430288461538461 0.03365384615384615 0.019230769230769232
0 0.4891826923076923 0.6189903846153846 0.028846153846153848 0.03125
0 0.5420673076923077 0.6598557692307693 0.02403846153846154 0.019230769230769232
0 0.5564903846153846 0.6370192307692307 0.028846153846153848 0.016826923076923076
0 0.5829326923076923 0.6838942307692307 0.026442307692307692 0.02403846153846154
0 0.5865384615384616 0.6274038461538461 0.019230769230769232 0.019230769230769232
0 0.5745192307692307 0.7115384615384616 0.02403846153846154 0.016826923076923076
0 0.5360576923076923 0.6862980769230769 0.02403846153846154 0.02403846153846154
0 0.5444711538461539 0.7259615384615384 0.02403846153846154 0.021634615384615384
0 0.5060096153846154 0.6622596153846154 0.02403846153846154 0.016826923076923076
0 0.4963942307692308 0.6899038461538461 0.026442307692307692 0.019230769230769232
0 0.46634615384615385 0.6634615384615384 0.036057692307692304 0.014423076923076924
0 0.5120192307692307 0.7115384615384616 0.02403846153846154 0.02403846153846154
0 0.5072115384615384 0.7427884615384616 0.03365384615384615 0.02403846153846154
0 0.4362980769230769 0.6742788461538461 0.021634615384615384 0.019230769230769232
0 0.4074519230769231 0.6586538461538461 0.019230769230769232 0.014423076923076924
0 0.33413461538461536 0.7055288461538461 0.019230769230769232 0.021634615384615384
0 0.30528846153846156 0.7199519230769231 0.028846153846153848 0.019230769230769232
0 0.26802884615384615 0.7235576923076923 0.019230769230769232 0.021634615384615384
0 0.2932692307692308 0.7487980769230769 0.028846153846153848 0.019230769230769232
0 0.3389423076923077 0.7560096153846154 0.019230769230769232 0.021634615384615384
0 0.3293269230769231 0.7752403846153846 0.014423076923076924 0.016826923076923076
0 0.28125 0.7043269230769231 0.02403846153846154 0.014423076923076924
0 0.3088942307692308 0.6911057692307693 0.019230769230769232 0.019230769230769232
0 0.21634615384615385 0.7223557692307693 0.02403846153846154 0.021634615384615384
0 0.18509615384615385 0.6706730769230769 0.019230769230769232 0.019230769230769232
0 0.21153846153846154 0.6923076923076923 0.019230769230769232 0.019230769230769232
0 0.19471153846153846 0.7427884615384616 0.021634615384615384 0.019230769230769232
0 0.25721153846153844 0.7427884615384616 0.019230769230769232 0.021634615384615384
0 0.28125 0.765625 0.02403846153846154 0.014423076923076924
0 0.2536057692307692 0.7644230769230769 0.019230769230769232 0.014423076923076924
0 0.30408653846153844 0.7800480769230769 0.021634615384615384 0.014423076923076924
0 0.30649038461538464 0.8100961538461539 0.021634615384615384 0.021634615384615384
0 0.27163461538461536 0.7944711538461539 0.019230769230769232 0.019230769230769232
0 0.2403846153846154 0.7788461538461539 0.028846153846153848 0.014423076923076924
0 0.3762019230769231 0.8413461538461539 0.02403846153846154 0.014423076923076924
0 0.4423076923076923 0.8293269230769231 0.021634615384615384 0.016826923076923076
0 0.44711538461538464 0.7524038461538461 0.019230769230769232 0.016826923076923076
0 0.43990384615384615 0.7668269230769231 0.02403846153846154 0.007211538461538462
0 0.4338942307692308 0.7824519230769231 0.026442307692307692 0.014423076923076924
0 0.3954326923076923 0.7704326923076923 0.021634615384615384 0.019230769230769232
0 0.36538461538461536 0.7692307692307693 0.019230769230769232 0.019230769230769232
0 0.4014423076923077 0.7896634615384616 0.02403846153846154 0.019230769230769232
0 0.36778846153846156 0.7872596153846154 0.019230769230769232 0.021634615384615384
0 0.3858173076923077 0.8100961538461539 0.02403846153846154 0.014423076923076924
0 0.34375 0.7920673076923077 0.019230769230769232 0.01201923076923077
0 0.5264423076923077 0.7848557692307693 0.02403846153846154 0.016826923076923076
0 0.5396634615384616 0.8197115384615384 0.028846153846153848 0.016826923076923076
0 0.47836538461538464 0.8028846153846154 0.02403846153846154 0.019230769230769232
0 0.5084134615384616 0.8221153846153846 0.02403846153846154 0.014423076923076924
0 0.48677884615384615 0.8269230769230769 0.02403846153846154 0.014423076923076924
0 0.5048076923076923 0.8509615384615384 0.026442307692307692 0.02403846153846154
0 0.5552884615384616 0.8377403846153846 0.03125 0.014423076923076924
0 0.5552884615384616 0.75 0.03365384615384615 0.016826923076923076
0 0.6262019230769231 0.7247596153846154 0.02403846153846154 0.016826923076923076
0 0.5889423076923077 0.734375 0.03125 0.019230769230769232
0 0.6298076923076923 0.7451923076923077 0.03365384615384615 0.014423076923076924
0 0.5997596153846154 0.7596153846153846 0.016826923076923076 0.016826923076923076
0 0.6730769230769231 0.6862980769230769 0.02403846153846154 0.02403846153846154
0 0.6694711538461539 0.7127403846153846 0.03365384615384615 0.016826923076923076
0 0.6382211538461539 0.6887019230769231 0.026442307692307692 0.016826923076923076
0 0.6634615384615384 0.65625 0.028846153846153848 0.028846153846153848
0 0.6646634615384616 0.6322115384615384 0.028846153846153848 0.028846153846153848
0 0.7067307692307693 0.6298076923076923 0.026442307692307692 0.026442307692307692
0 0.7391826923076923 0.6526442307692307 0.028846153846153848 0.016826923076923076
0 0.7079326923076923 0.6646634615384616 0.02403846153846154 0.019230769230769232
0 0.7319711538461539 0.6923076923076923 0.026442307692307692 0.016826923076923076
0 0.765625 0.6826923076923077 0.021634615384615384 0.02403846153846154
0 0.7824519230769231 0.7043269230769231 0.026442307692307692 0.019230769230769232
0 0.7608173076923077 0.7307692307692307 0.02403846153846154 0.02403846153846154
0 0.8004807692307693 0.7524038461538461 0.02403846153846154 0.019230769230769232
0 0.7271634615384616 0.7151442307692307 0.026442307692307692 0.028846153846153848
0 0.6995192307692307 0.734375 0.021634615384615384 0.02403846153846154
0 0.7019230769230769 0.7584134615384616 0.02403846153846154 0.02403846153846154
0 0.6634615384615384 0.7668269230769231 0.02403846153846154 0.02403846153846154
0 0.7536057692307693 0.7728365384615384 0.021634615384615384 0.021634615384615384
0 0.8004807692307693 0.7740384615384616 0.03365384615384615 0.019230769230769232
0 0.7355769230769231 0.7992788461538461 0.03365384615384615 0.02403846153846154
0 0.765625 0.7487980769230769 0.016826923076923076 0.016826923076923076
0 0.8100961538461539 0.7944711538461539 0.028846153846153848 0.014423076923076924
0 0.8088942307692307 0.8185096153846154 0.028846153846153848 0.028846153846153848
0 0.8257211538461539 0.8401442307692307 0.03365384615384615 0.019230769230769232
0 0.8389423076923077 0.8569711538461539 0.026442307692307692 0.014423076923076924
0 0.7596153846153846 0.8209134615384616 0.02403846153846154 0.02403846153846154
0 0.7223557692307693 0.8377403846153846 0.028846153846153848 0.019230769230769232
0 0.7524038461538461 0.8605769230769231 0.026442307692307692 0.028846153846153848
0 0.6923076923076923 0.8161057692307693 0.026442307692307692 0.028846153846153848
0 0.6995192307692307 0.7836538461538461 0.02403846153846154 0.026442307692307692
0 0.7944711538461539 0.8701923076923077 0.02403846153846154 0.02403846153846154
0 0.78125 0.8870192307692307 0.02403846153846154 0.014423076923076924
0 0.7355769230769231 0.8822115384615384 0.019230769230769232 0.021634615384615384
0 0.6947115384615384 0.8677884615384616 0.03125 0.021634615384615384
0 0.6526442307692307 0.8846153846153846 0.03125 0.019230769230769232
0 0.6790865384615384 0.90625 0.021634615384615384 0.021634615384615384
0 0.7067307692307693 0.8930288461538461 0.02403846153846154 0.014423076923076924
0 0.7007211538461539 0.9278846153846154 0.019230769230769232 0.019230769230769232
0 0.7307692307692307 0.9411057692307693 0.021634615384615384 0.014423076923076924
0 0.6490384615384616 0.7872596153846154 0.019230769230769232 0.021634615384615384
0 0.6466346153846154 0.8137019230769231 0.026442307692307692 0.016826923076923076
0 0.5853365384615384 0.8185096153846154 0.028846153846153848 0.014423076923076924
0 0.6225961538461539 0.8353365384615384 0.021634615384615384 0.021634615384615384
0 0.6790865384615384 0.8389423076923077 0.028846153846153848 0.016826923076923076
0 0.6141826923076923 0.8581730769230769 0.028846153846153848 0.009615384615384616
0 0.421875 0.8473557692307693 0.014423076923076924 0.019230769230769232
0 0.3425480769230769 0.8401442307692307 0.028846153846153848 0.016826923076923076
0 0.34134615384615385 0.8701923076923077 0.021634615384615384 0.02403846153846154
0 0.4326923076923077 0.875 0.019230769230769232 0.019230769230769232
0 0.4326923076923077 0.8954326923076923 0.019230769230769232 0.014423076923076924
0 0.4098557692307692 0.9014423076923077 0.016826923076923076 0.016826923076923076
0 0.375 0.90625 0.02403846153846154 0.019230769230769232
0 0.3798076923076923 0.875 0.021634615384615384 0.014423076923076924
0 0.3125 0.8774038461538461 0.026442307692307692 0.016826923076923076
0 0.28125 0.8485576923076923 0.021634615384615384 0.021634615384615384
0 0.2800480769230769 0.8629807692307693 0.019230769230769232 0.016826923076923076
0 0.2824519230769231 0.8810096153846154 0.021634615384615384 0.02403846153846154
0 0.31490384615384615 0.9026442307692307 0.028846153846153848 0.014423076923076924
0 0.27403846153846156 0.9074519230769231 0.028846153846153848 0.019230769230769232
0 0.3425480769230769 0.9098557692307693 0.026442307692307692 0.01201923076923077
0 0.3125 0.921875 0.019230769230769232 0.009615384615384616
0 0.3389423076923077 0.9254807692307693 0.019230769230769232 0.014423076923076924
0 0.265625 0.8185096153846154 0.028846153846153848 0.028846153846153848
0 0.5192307692307693 0.7596153846153846 0.014423076923076924 0.014423076923076924
0 0.5865384615384616 0.8810096153846154 0.02403846153846154 0.014423076923076924
0 0.5733173076923077 0.9086538461538461 0.026442307692307692 0.01201923076923077
0 0.5456730769230769 0.9038461538461539 0.014423076923076924 0.016826923076923076
0 0.5240384615384616 0.9146634615384616 0.014423076923076924 0.014423076923076924
0 0.5048076923076923 0.8966346153846154 0.019230769230769232 0.019230769230769232
0 0.5432692307692307 0.8737980769230769 0.016826923076923076 0.019230769230769232
0 0.5637019230769231 0.8605769230769231 0.019230769230769232 0.016826923076923076
0 0.5841346153846154 0.8449519230769231 0.016826923076923076 0.014423076923076924
0 0.39663461538461536 0.9206730769230769 0.019230769230769232 0.01201923076923077
0 0.5576923076923077 0.9375 0.016826923076923076 0.016826923076923076
0 0.53125 0.9362980769230769 0.016826923076923076 0.016826923076923076
0 0.6189903846153846 0.9098557692307693 0.026442307692307692 0.016826923076923076
0 0.6526442307692307 0.9435096153846154 0.02403846153846154 0.02403846153846154
0 0.65625 0.9230769230769231 0.014423076923076924 0.014423076923076924
0 0.609375 0.9362980769230769 0.019230769230769232 0.016826923076923076
0 0.7319711538461539 0.9699519230769231 0.01201923076923077 0.014423076923076924
0 0.6322115384615384 0.9807692307692307 0.019230769230769232 0.019230769230769232
0 0.5769230769230769 0.9879807692307693 0.014423076923076924 0.016826923076923076
0 0.5625 0.9567307692307693 0.019230769230769232 0.01201923076923077
0 0.4338942307692308 0.8064903846153846 0.026442307692307692 0.014423076923076924
0 0.3762019230769231 0.32091346153846156 0.028846153846153848 0.03125
0 0.3329326923076923 0.34615384615384615 0.026442307692307692 0.028846153846153848
0 0.3076923076923077 0.2980769230769231 0.028846153846153848 0.026442307692307692
0 0.2956730769230769 0.34134615384615385 0.028846153846153848 0.03125
0 0.421875 0.3641826923076923 0.026442307692307692 0.028846153846153848
0 0.4675480769230769 0.39663461538461536 0.028846153846153848 0.028846153846153848
0 0.48677884615384615 0.4326923076923077 0.038461538461538464 0.019230769230769232
0 0.41947115384615385 0.41466346153846156 0.028846153846153848 0.028846153846153848
0 0.46153846153846156 0.47596153846153844 0.028846153846153848 0.03125
0 0.4567307692307692 0.5108173076923077 0.028846153846153848 0.028846153846153848
0 0.49038461538461536 0.5528846153846154 0.038461538461538464 0.019230769230769232
0 0.46875 0.5925480769230769 0.02403846153846154 0.026442307692307692
0 0.6634615384615384 0.6021634615384616 0.02403846153846154 0.026442307692307692
0 0.6418269230769231 0.5829326923076923 0.028846153846153848 0.016826923076923076
0 0.6694711538461539 0.9831730769230769 0.016826923076923076 0.019230769230769232
0 0.6021634615384616 0.9723557692307693 0.016826923076923076 0.016826923076923076
0 0.6117788461538461 0.6454326923076923 0.02403846153846154 0.026442307692307692