0 0.20673076923076922 0.9699519230769231 0.03365384615384615 0.03125
0 0.1502403846153846 0.9639423076923077 0.04326923076923077 0.03125
0 0.12980769230769232 0.890625 0.04326923076923077 0.038461538461538464
0 0.052884615384615384 0.8870192307692307 0.03365384615384615 0.036057692307692304
0 0.06129807692307692 0.8557692307692307 0.038461538461538464 0.038461538461538464
0 0.026442307692307692 0.8774038461538461 0.03365384615384615 0.03365384615384615
0 0.03125 0.8269230769230769 0.040865384615384616 0.038461538461538464
0 0.15745192307692307 0.8329326923076923 0.04326923076923077 0.038461538461538464
0 0.08413461538461539 0.7920673076923077 0.04807692307692308 0.036057692307692304
0 0.05048076923076923 0.7956730769230769 0.038461538461538464 0.036057692307692304
0 0.08533653846153846 0.7692307692307693 0.036057692307692304 0.038461538461538464
0 0.028846153846153848 0.7680288461538461 0.04807692307692308 0.028846153846153848
0 0.2536057692307692 0.796875 0.04567307692307692 0.036057692307692304
0 0.20552884615384615 0.7848557692307693 0.040865384615384616 0.040865384615384616
0 0.24519230769230768 0.7584134615384616 0.04807692307692308 0.036057692307692304
0 0.21514423076923078 0.7548076923076923 0.04567307692307692 0.038461538461538464
0 0.13341346153846154 0.7439903846153846 0.04807692307692308 0.038461538461538464
0 0.05889423076923077 0.7403846153846154 0.04326923076923077 0.038461538461538464
0 0.04567307692307692 0.7139423076923077 0.036057692307692304 0.036057692307692304
0 0.021634615384615384 0.6983173076923077 0.036057692307692304 0.03365384615384615
0 0.0625 0.6875 0.036057692307692304 0.03365384615384615
0 0.1201923076923077 0.7307692307692307 0.04326923076923077 0.03365384615384615
0 0.09495192307692307 0.7067307692307693 0.038461538461538464 0.03365384615384615
0 0.13221153846153846 0.6983173076923077 0.05048076923076923 0.03365384615384615
0 0.1935096153846154 0.7199519230769231 0.04326923076923077 0.036057692307692304
0 0.3016826923076923 0.7439903846153846 0.040865384615384616 0.038461538461538464
0 0.2860576923076923 0.7199519230769231 0.038461538461538464 0.03365384615384615
0 0.22235576923076922 0.7055288461538461 0.04326923076923077 0.036057692307692304
0 0.21153846153846154 0.6850961538461539 0.040865384615384616 0.038461538461538464
0 0.24759615384615385 0.6778846153846154 0.04326923076923077 0.038461538461538464
0 0.31971153846153844 0.6682692307692307 0.04326923076923077 0.03125
0 0.046875 0.6646634615384616 0.04567307692307692 0.028846153846153848
0 0.08413461538461539 0.6466346153846154 0.038461538461538464 0.028846153846153848
0 0.04807692307692308 0.6237980769230769 0.04326923076923077 0.028846153846153848
0 0.0985576923076923 0.6069711538461539 0.040865384615384616 0.036057692307692304
0 0.07211538461538461 0.6009615384615384 0.036057692307692304 0.028846153846153848
0 0.06009615384615385 0.5841346153846154 0.036057692307692304 0.03365384615384615
0 0.10817307692307693 0.5709134615384616 0.040865384615384616 0.028846153846153848
0 0.12860576923076922 0.5961538461538461 0.038461538461538464 0.036057692307692304
0 0.15384615384615385 0.6466346153846154 0.038461538461538464 0.040865384615384616
0 0.21995192307692307 0.6538461538461539 0.04567307692307692 0.03365384615384615
0 0.16706730769230768 0.6069711538461539 0.04567307692307692 0.03365384615384615
0 0.12740384615384615 0.6322115384615384 0.04326923076923077 0.03125
0 0.30649038461538464 0.6382211538461539 0.05048076923076923 0.03365384615384615
0 0.328125 0.6033653846153846 0.04326923076923077 0.040865384615384616
0 0.29447115384615385 0.5817307692307693 0.038461538461538464 0.036057692307692304
0 0.27163461538461536 0.625 0.038461538461538464 0.036057692307692304
0 0.25841346153846156 0.5913461538461539 0.03365384615384615 0.03365384615384615
0 0.21394230769230768 0.5853365384615384 0.040865384615384616 0.028846153846153848
0 0.08653846153846154 0.5336538461538461 0.04326923076923077 0.028846153846153848
0 0.4098557692307692 0.6129807692307693 0.04567307692307692 0.03125
0 0.36538461538461536 0.5637019230769231 0.04567307692307692 0.03125
0 0.4026442307692308 0.5348557692307693 0.038461538461538464 0.028846153846153848
0 0.4182692307692308 0.5072115384615384 0.038461538461538464 0.036057692307692304
0 0.39663461538461536 0.47596153846153844 0.04807692307692308 0.03365384615384615
0 0.3173076923076923 0.47836538461538464 0.038461538461538464 0.040865384615384616
0 0.34375 0.5192307692307693 0.038461538461538464 0.038461538461538464
0 0.28966346153846156 0.5132211538461539 0.04567307692307692 0.03365384615384615
0 0.22716346153846154 0.5300480769230769 0.040865384615384616 0.03125
0 0.16466346153846154 0.515625 0.03125 0.03365384615384615
0 0.1310096153846154 0.5096153846153846 0.03125 0.03125
0 0.14903846153846154 0.6658653846153846 0.03365384615384615 0.036057692307692304
0 0.14783653846153846 0.4735576923076923 0.04326923076923077 0.028846153846153848
0 0.21995192307692307 0.4879807692307692 0.040865384615384616 0.028846153846153848
0 0.19951923076923078 0.47716346153846156 0.038461538461538464 0.036057692307692304
0 0.17427884615384615 0.4519230769230769 0.03365384615384615 0.036057692307692304
0 0.14302884615384615 0.4483173076923077 0.03365384615384615 0.03365384615384615
0 0.11778846153846154 0.42427884615384615 0.03125 0.03365384615384615
0 0.18269230769230768 0.42908653846153844 0.040865384615384616 0.02403846153846154
0 0.17548076923076922 0.4050480769230769 0.03365384615384615 0.03365384615384615
0 0.07572115384615384 0.4206730769230769 0.038461538461538464 0.028846153846153848
0 0.06009615384615385 0.40024038461538464 0.026442307692307692 0.026442307692307692
0 0.25841346153846156 0.484375 0.036057692307692304 0.036057692307692304
0 0.25 0.46274038461538464 0.040865384615384616 0.040865384615384616
0 0.2776442307692308 0.44471153846153844 0.04326923076923077 0.03125
0 0.328125 0.4387019230769231 0.038461538461538464 0.040865384615384616
0 0.390625 0.44471153846153844 0.038461538461538464 0.038461538461538464
0 0.4206730769230769 0.40625 0.03365384615384615 0.03125
0 0.42788461538461536 0.3918269230769231 0.028846153846153848 0.026442307692307692
0 0.3737980769230769 0.4098557692307692 0.04326923076923077 0.026442307692307692
0 0.36658653846153844 0.39783653846153844 0.036057692307692304 0.036057692307692304
0 0.3088942307692308 0.41466346153846156 0.038461538461538464 0.038461538461538464
0 0.29086538461538464 0.390625 0.028846153846153848 0.03365384615384615
0 0.22115384615384615 0.4375 0.036057692307692304 0.038461538461538464
0 0.24639423076923078 0.4098557692307692 0.04326923076923077 0.02403846153846154
0 0.21514423076923078 0.41586538461538464 0.038461538461538464 0.028846153846153848
0 0.19591346153846154 0.3954326923076923 0.040865384615384616 0.026442307692307692
0 0.1658653846153846 0.3762019230769231 0.04807692307692308 0.028846153846153848
0 0.11899038461538461 0.40625 0.052884615384615384 0.02403846153846154
0 0.10817307692307693 0.453125 0.03125 0.03125
0 0.2403846153846154 0.38100961538461536 0.04326923076923077 0.026442307692307692
0 0.23197115384615385 0.3786057692307692 0.04567307692307692 0.026442307692307692
0 0.28365384615384615 0.36778846153846156 0.04326923076923077 0.021634615384615384
0 0.33653846153846156 0.35336538461538464 0.038461538461538464 0.038461538461538464
0 0.4026442307692308 0.3737980769230769 0.036057692307692304 0.019230769230769232
0 0.4206730769230769 0.35216346153846156 0.038461538461538464 0.02403846153846154
0 0.2620192307692308 0.35216346153846156 0.03365384615384615 0.03365384615384615
0 0.2283653846153846 0.35216346153846156 0.03365384615384615 0.036057692307692304
0 0.19831730769230768 0.36778846153846156 0.040865384615384616 0.02403846153846154
0 0.19110576923076922 0.3425480769230769 0.03125 0.03365384615384615
0 0.3918269230769231 0.33413461538461536 0.04326923076923077 0.019230769230769232
0 0.32211538461538464 0.3329326923076923 0.028846153846153848 0.028846153846153848
0 0.24879807692307693 0.3112980769230769 0.04326923076923077 0.026442307692307692
0 0.22115384615384615 0.3293269230769231 0.03125 0.03365384615384615
0 0.20192307692307693 0.3173076923076923 0.040865384615384616 0.019230769230769232
0 0.1875 0.28966346153846156 0.026442307692307692 0.028846153846153848
0 0.1622596153846154 0.31009615384615385 0.038461538461538464 0.021634615384615384
0 0.13942307692307693 0.3088942307692308 0.03125 0.02403846153846154
0 0.16706730769230768 0.33653846153846156 0.026442307692307692 0.026442307692307692
0 0.1875 0.27884615384615385 0.026442307692307692 0.019230769230769232
0 0.15985576923076922 0.2620192307692308 0.026442307692307692 0.026442307692307692
0 0.20793269230769232 0.25961538461538464 0.026442307692307692 0.028846153846153848
0 0.1935096153846154 0.24278846153846154 0.026442307692307692 0.02403846153846154
0 0.24519230769230768 0.28846153846153844 0.03365384615384615 0.019230769230769232
0 0.22115384615384615 0.27524038461538464 0.03125 0.021634615384615384
0 0.35336538461538464 0.32211538461538464 0.021634615384615384 0.02403846153846154
0 0.3245192307692308 0.3016826923076923 0.03125 0.019230769230769232
0 0.2608173076923077 0.27283653846153844 0.03365384615384615 0.019230769230769232
0 0.23918269230769232 0.265625 0.02403846153846154 0.026442307692307692
0 0.2403846153846154 0.2512019230769231 0.03365384615384615 0.016826923076923076
0 0.5516826923076923 0.38461538461538464 0.026442307692307692 0.026442307692307692
0 0.5721153846153846 0.3641826923076923 0.028846153846153848 0.028846153846153848
0 0.5072115384615384 0.3425480769230769 0.038461538461538464 0.021634615384615384
0 0.6033653846153846 0.33774038461538464 0.028846153846153848 0.03125
0 0.6334134615384616 0.3161057692307692 0.03365384615384615 0.019230769230769232
0 0.6538461538461539 0.29447115384615385 0.03125 0.03125
0 0.671875 0.27524038461538464 0.028846153846153848 0.028846153846153848
0 0.6538461538461539 0.2536057692307692 0.028846153846153848 0.028846153846153848
0 0.6838942307692307 0.23197115384615385 0.026442307692307692 0.028846153846153848
0 0.6850961538461539 0.21394230769230768 0.028846153846153848 0.026442307692307692
0 0.6959134615384616 0.19951923076923078 0.026442307692307692 0.026442307692307692
0 0.6862980769230769 0.17427884615384615 0.038461538461538464 0.019230769230769232
0 0.7043269230769231 0.16346153846153846 0.026442307692307692 0.026442307692307692
0 0.7127403846153846 0.14543269230769232 0.02403846153846154 0.02403846153846154
0 0.6141826923076923 0.31009615384615385 0.028846153846153848 0.028846153846153848
0 0.6274038461538461 0.28725961538461536 0.03125 0.026442307692307692
0 0.625 0.265625 0.038461538461538464 0.021634615384615384
0 0.6550480769230769 0.23798076923076922 0.026442307692307692 0.028846153846153848
0 0.6466346153846154 0.21754807692307693 0.028846153846153848 0.03125
0 0.6286057692307693 0.1935096153846154 0.038461538461538464 0.021634615384615384
0 0.6526442307692307 0.18028846153846154 0.03365384615384615 0.019230769230769232
0 0.578125 0.2932692307692308 0.04326923076923077 0.019230769230769232
0 0.5733173076923077 0.2704326923076923 0.028846153846153848 0.028846153846153848
0 0.5997596153846154 0.2512019230769231 0.03125 0.028846153846153848
0 0.6021634615384616 0.23076923076923078 0.028846153846153848 0.028846153846153848
0 0.5973557692307693 0.21033653846153846 0.036057692307692304 0.019230769230769232
0 0.5685096153846154 0.31850961538461536 0.04326923076923077 0.019230769230769232
0 0.5685096153846154 0.3389423076923077 0.036057692307692304 0.016826923076923076
0 0.5276442307692307 0.3293269230769231 0.026442307692307692 0.02403846153846154
0 0.5036057692307693 0.2980769230769231 0.03365384615384615 0.019230769230769232
0 0.5480769230769231 0.28966346153846156 0.03125 0.014423076923076924
0 0.5108173076923077 0.25600961538461536 0.026442307692307692 0.026442307692307692
0 0.5396634615384616 0.24278846153846154 0.03125 0.016826923076923076
0 0.5709134615384616 0.2247596153846154 0.026442307692307692 0.028846153846153848
0 0.5552884615384616 0.20793269230769232 0.03365384615384615 0.019230769230769232
0 0.5480769230769231 0.23317307692307693 0.028846153846153848 0.014423076923076924
0 0.5372596153846154 0.2620192307692308 0.03365384615384615 0.021634615384615384
0 0.49278846153846156 0.27403846153846156 0.026442307692307692 0.02403846153846154
0 0.4831730769230769 0.33653846153846156 0.028846153846153848 0.03365384615384615
0 0.4699519230769231 0.3161057692307692 0.028846153846153848 0.026442307692307692
0 0.4375 0.3161057692307692 0.026442307692307692 0.028846153846153848
0 0.4651442307692308 0.2956730769230769 0.02403846153846154 0.028846153846153848
0 0.39783653846153844 0.3161057692307692 0.02403846153846154 0.02403846153846154
0 0.42788461538461536 0.2932692307692308 0.026442307692307692 0.026442307692307692
0 0.4411057692307692 0.2764423076923077 0.03365384615384615 0.016826923076923076
0 0.47596153846153844 0.2620192307692308 0.02403846153846154 0.02403846153846154
0 0.47836538461538464 0.24278846153846154 0.02403846153846154 0.02403846153846154
0 0.4362980769230769 0.24879807692307693 0.03125 0.019230769230769232
0 0.44350961538461536 0.23677884615384615 0.021634615384615384 0.02403846153846154
0 0.40384615384615385 0.2764423076923077 0.026442307692307692 0.026442307692307692
0 0.37740384615384615 0.3112980769230769 0.02403846153846154 0.02403846153846154
0 0.36899038461538464 0.29927884615384615 0.02403846153846154 0.026442307692307692
0 0.22716346153846154 0.24158653846153846 0.026442307692307692 0.026442307692307692
0 0.21875 0.22596153846153846 0.03365384615384615 0.019230769230769232
0 0.1971153846153846 0.22596153846153846 0.02403846153846154 0.02403846153846154
0 0.1814903846153846 0.21514423076923078 0.026442307692307692 0.028846153846153848
0 0.21033653846153846 0.20072115384615385 0.03125 0.019230769230769232
0 0.265625 0.23076923076923078 0.03365384615384615 0.021634615384615384
0 0.27283653846153844 0.20072115384615385 0.03365384615384615 0.019230769230769232
0 0.25721153846153844 0.21394230769230768 0.028846153846153848 0.016826923076923076
0 0.24158653846153846 0.19110576923076922 0.03365384615384615 0.021634615384615384
0 0.203125 0.1814903846153846 0.03365384615384615 0.016826923076923076
0 0.24519230769230768 0.1658653846153846 0.028846153846153848 0.014423076923076924
0 0.3088942307692308 0.21754807692307693 0.026442307692307692 0.02403846153846154
0 0.2920673076923077 0.21754807692307693 0.021634615384615384 0.02403846153846154
0 0.3329326923076923 0.19831730769230768 0.02403846153846154 0.02403846153846154
0 0.29447115384615385 0.19951923076923078 0.021634615384615384 0.02403846153846154
0 0.3076923076923077 0.18990384615384615 0.036057692307692304 0.016826923076923076
0 0.3858173076923077 0.24158653846153846 0.026442307692307692 0.026442307692307692
0 0.38100961538461536 0.23197115384615385 0.026442307692307692 0.016826923076923076
0 0.375 0.21754807692307693 0.02403846153846154 0.026442307692307692
0 0.45552884615384615 0.21394230769230768 0.026442307692307692 0.026442307692307692
0 0.5048076923076923 0.18269230769230768 0.026442307692307692 0.028846153846153848
0 0.46274038461538464 0.1814903846153846 0.02403846153846154 0.026442307692307692
0 0.47475961538461536 0.16826923076923078 0.03365384615384615 0.019230769230769232
0 0.5949519230769231 0.18389423076923078 0.028846153846153848 0.028846153846153848
0 0.5564903846153846 0.18389423076923078 0.028846153846153848 0.02403846153846154
0 0.5372596153846154 0.16706730769230768 0.028846153846153848 0.02403846153846154
0 0.43990384615384615 0.18269230769230768 0.021634615384615384 0.021634615384615384
0 0.4206730769230769 0.17668269230769232 0.028846153846153848 0.019230769230769232
0 0.4098557692307692 0.19831730769230768 0.03125 0.019230769230769232
0 0.38341346153846156 0.17668269230769232 0.02403846153846154 0.026442307692307692
0 0.38822115384615385 0.203125 0.021634615384615384 0.02403846153846154
0 0.328125 0.16947115384615385 0.02403846153846154 0.021634615384615384
0 0.296875 0.16947115384615385 0.028846153846153848 0.014423076923076924
0 0.36538461538461536 0.16466346153846154 0.03125 0.016826923076923076
0 0.4326923076923077 0.15865384615384615 0.026442307692307692 0.026442307692307692
0 0.40865384615384615 0.15384615384615385 0.021634615384615384 0.021634615384615384
0 0.6213942307692307 0.16466346153846154 0.02403846153846154 0.026442307692307692
0 0.6418269230769231 0.14423076923076922 0.03125 0.019230769230769232
0 0.6129807692307693 0.14903846153846154 0.03365384615384615 0.014423076923076924
0 0.296875 0.14302884615384615 0.019230769230769232 0.019230769230769232
0 0.27283653846153844 0.13942307692307693 0.028846153846153848 0.016826923076923076
0 0.24879807692307693 0.13581730769230768 0.019230769230769232 0.021634615384615384
0 0.23798076923076922 0.11298076923076923 0.028846153846153848 0.014423076923076924
0 0.2692307692307692 0.1141826923076923 0.019230769230769232 0.019230769230769232
0 0.29447115384615385 0.09735576923076923 0.026442307692307692 0.014423076923076924
0 0.2980769230769231 0.11057692307692307 0.028846153846153848 0.016826923076923076
0 0.37259615384615385 0.12139423076923077 0.028846153846153848 0.016826923076923076
0 0.359375 0.11538461538461539 0.021634615384615384 0.02403846153846154
0 0.32091346153846156 0.11298076923076923 0.028846153846153848 0.016826923076923076
0 0.34134615384615385 0.09975961538461539 0.019230769230769232 0.016826923076923076
0 0.3245192307692308 0.140625 0.021634615384615384 0.019230769230769232
0 0.4326923076923077 0.11538461538461539 0.028846153846153848 0.016826923076923076
0 0.45072115384615385 0.10336538461538461 0.026442307692307692 0.014423076923076924
0 0.4795673076923077 0.0829326923076923 0.021634615384615384 0.021634615384615384
0 0.4651442307692308 0.08173076923076923 0.028846153846153848 0.019230769230769232
0 0.47115384615384615 0.109375 0.028846153846153848 0.016826923076923076
0 0.49759615384615385 0.16466346153846154 0.03125 0.016826923076923076
0 0.5276442307692307 0.1502403846153846 0.02403846153846154 0.026442307692307692
0 0.5060096153846154 0.12980769230769232 0.028846153846153848 0.028846153846153848
0 0.484375 0.14783653846153846 0.02403846153846154 0.021634615384615384
0 0.47115384615384615 0.13822115384615385 0.03125 0.016826923076923076
0 0.49278846153846156 0.10576923076923077 0.019230769230769232 0.02403846153846154
0 0.5300480769230769 0.1045673076923077 0.026442307692307692 0.026442307692307692
0 0.5564903846153846 0.125 0.028846153846153848 0.026442307692307692
0 0.5264423076923077 0.0829326923076923 0.028846153846153848 0.014423076923076924
0 0.5853365384615384 0.1658653846153846 0.028846153846153848 0.016826923076923076
0 0.5961538461538461 0.13942307692307693 0.026442307692307692 0.026442307692307692
0 0.6742788461538461 0.13221153846153846 0.03365384615384615 0.01201923076923077
0 0.6694711538461539 0.11899038461538461 0.021634615384615384 0.02403846153846154
0 0.6322115384615384 0.125 0.03125 0.014423076923076924
0 0.6033653846153846 0.11658653846153846 0.03365384615384615 0.016826923076923076
0 0.578125 0.10576923076923077 0.026442307692307692 0.026442307692307692
0 0.5625 0.09495192307692307 0.02403846153846154 0.019230769230769232
0 0.5985576923076923 0.08774038461538461 0.019230769230769232 0.019230769230769232
0 0.6286057692307693 0.07572115384615384 0.021634615384615384 0.021634615384615384
0 0.5709134615384616 0.07572115384615384 0.026442307692307692 0.019230769230769232
0 0.6346153846153846 0.051682692307692304 0.019230769230769232 0.016826923076923076
0 0.6153846153846154 0.036057692307692304 0.016826923076923076 0.019230769230769232
0 0.5745192307692307 0.042067307692307696 0.021634615384615384 0.009615384615384616
0 0.5456730769230769 0.042067307692307696 0.026442307692307692 0.014423076923076924
0 0.5204326923076923 0.051682692307692304 0.019230769230769232 0.016826923076923076
0 0.4987980769230769 0.040865384615384616 0.019230769230769232 0.019230769230769232
0 0.515625 0.025240384615384616 0.019230769230769232 0.021634615384615384
0 0.3605769230769231 0.1466346153846154 0.021634615384615384 0.019230769230769232
0 0.38341346153846156 0.109375 0.02403846153846154 0.01201923076923077
0 0.20072115384615385 0.9170673076923077 0.036057692307692304 0.03125
0 0.18629807692307693 0.9879807692307693 0.03125 0.02403846153846154
0 0.16346153846153846 0.28725961538461536 0.03125 0.019230769230769232
0 0.2704326923076923 0.10336538461538461 0.016826923076923076 0.021634615384615384
0 0.5228365384615384 0.23557692307692307 0.021634615384615384 0.02403846153846154
0 0.5348557692307693 0.2127403846153846 0.026442307692307692 0.014423076923076924
0 0.6346153846153846 0.020432692307692308 0.019230769230769232 0.019230769230769232
0 0.24278846153846154 0.15504807692307693 0.028846153846153848 0.014423076923076924
0 0.09615384615384616 0.3798076923076923 0.04326923076923077 0.02403846153846154
0 0.1201923076923077 0.9170673076923077 0.03365384615384615 0.03125
0 0.0889423076923077 0.8064903846153846 0.04326923076923077 0.03125
0 0.08413461538461539 0.5721153846153846 0.03125 0.03365384615384615
0 0.3762019230769231 0.13942307692307693 0.02403846153846154 0.02403846153846154
0 0.19831730769230768 0.9314903846153846 0.03125 0.026442307692307692
0 0.08413461538461539 0.9867788461538461 0.038461538461538464 0.026442307692307692
0 0.15625 0.9903846153846154 0.03365384615384615 0.019230769230769232
0 0.08173076923076923 0.9975961538461539 0.038461538461538464 0.004807692307692308
0 0.14903846153846154 0.9963942307692307 0.019230769230769232 0.007211538461538462
0 0.5769230769230769 0.015625 0.021634615384615384 0.014423076923076924
0 0.6177884615384616 0.018028846153846152 0.016826923076923076 0.016826923076923076
0 0.4831730769230769 0.039663461538461536 0.021634615384615384 0.01201923076923077
0 0.025240384615384616 0.8509615384615384 0.03365384615384615 0.036057692307692304
0 0.6105769230769231 0.07091346153846154 0.019230769230769232 0.016826923076923076
0 0.37259615384615385 0.1971153846153846 0.019230769230769232 0.019230769230769232
0 0.17307692307692307 0.9098557692307693 0.03365384615384615 0.03365384615384615
0 0.14302884615384615 0.24759615384615385 0.03125 0.016826923076923076
0 0.6742788461538461 0.02283653846153846 0.019230769230769232 0.02403846153846154
0 0.6754807692307693 0.009615384615384616 0.019230769230769232 0.019230769230769232
0 0.5360576923076923 0.007211538461538462 0.019230769230769232 0.014423076923076924
0 0.5625 0.003605769230769231 0.02403846153846154 0.007211538461538462
0 0.49759615384615385 0.020432692307692308 0.016826923076923076 0.016826923076923076