0 0.49158653846153844 0.5925480769230769 0.028846153846153848 0.057692307692307696
0 0.75 0.5625 0.03125 0.04567307692307692
0 0.25841346153846156 0.7103365384615384 0.03365384615384615 0.04326923076923077
0 0.17548076923076922 0.8509615384615384 0.040865384615384616 0.055288461538461536
0 0.11899038461538461 0.8665865384615384 0.038461538461538464 0.0625
0 0.037259615384615384 0.8004807692307693 0.03125 0.04807692307692308
0 0.2620192307692308 0.8605769230769231 0.036057692307692304 0.055288461538461536
0 0.21394230769230768 0.9086538461538461 0.03365384615384615 0.052884615384615384
0 0.14783653846153846 0.9411057692307693 0.028846153846153848 0.04567307692307692
0 0.33653846153846156 0.6923076923076923 0.03365384615384615 0.04567307692307692
0 0.328125 0.7584134615384616 0.036057692307692304 0.055288461538461536
0 0.39903846153846156 0.6814903846153846 0.028846153846153848 0.052884615384615384
0 0.4326923076923077 0.6454326923076923 0.03365384615384615 0.04807692307692308
0 0.46274038461538464 0.6069711538461539 0.02403846153846154 0.04807692307692308
0 0.5252403846153846 0.6081730769230769 0.03365384615384615 0.06009615384615385
0 0.5180288461538461 0.6694711538461539 0.028846153846153848 0.040865384615384616
0 0.48197115384615385 0.6947115384615384 0.03125 0.04326923076923077
0 0.6466346153846154 0.6754807692307693 0.03365384615384615 0.04807692307692308
0 0.6069711538461539 0.6923076923076923 0.021634615384615384 0.0625
0 0.5877403846153846 0.7319711538461539 0.026442307692307692 0.06009615384615385
0 0.5612980769230769 0.7680288461538461 0.03365384615384615 0.040865384615384616
0 0.5060096153846154 0.7704326923076923 0.03365384615384615 0.040865384615384616
0 0.48197115384615385 0.8173076923076923 0.036057692307692304 0.04326923076923077
0 0.4699519230769231 0.9014423076923077 0.03365384615384615 0.038461538461538464
0 0.30649038461538464 0.8569711538461539 0.026442307692307692 0.052884615384615384
0 0.2512019230769231 0.7704326923076923 0.038461538461538464 0.05048076923076923
0 0.21033653846153846 0.7524038461538461 0.03125 0.04567307692307692
0 0.3485576923076923 0.7896634615384616 0.03365384615384615 0.036057692307692304
0 0.3545673076923077 0.8353365384615384 0.028846153846153848 0.038461538461538464
0 0.39302884615384615 0.8209134615384616 0.03365384615384615 0.05048076923076923
0 0.4170673076923077 0.7884615384615384 0.02403846153846154 0.057692307692307696
0 0.4699519230769231 0.7536057692307693 0.028846153846153848 0.040865384615384616
0 0.48677884615384615 0.6911057692307693 0.02403846153846154 0.055288461538461536
0 0.3894230769230769 0.5949519230769231 0.03365384615384615 0.055288461538461536
0 0.6454326923076923 0.5865384615384616 0.026442307692307692 0.04326923076923077
0 0.6862980769230769 0.7307692307692307 0.021634615384615384 0.04326923076923077
0 0.6454326923076923 0.7223557692307693 0.021634615384615384 0.04326923076923077
0 0.6189903846153846 0.7463942307692307 0.026442307692307692 0.040865384615384616
0 0.6670673076923077 0.7608173076923077 0.021634615384615384 0.026442307692307692
0 0.6862980769230769 0.8149038461538461 0.019230769230769232 0.04567307692307692
0 0.7319711538461539 0.8173076923076923 0.019230769230769232 0.038461538461538464
0 0.7043269230769231 0.7872596153846154 0.021634615384615384 0.026442307692307692
0 0.8173076923076923 0.3245192307692308 0.026442307692307692 0.03365384615384615
0 0.6983173076923077 0.35096153846153844 0.02403846153846154 0.036057692307692304
0 0.65625 0.4110576923076923 0.021634615384615384 0.036057692307692304
0 0.6310096153846154 0.4387019230769231 0.03125 0.03365384615384615
0 0.6526442307692307 0.5036057692307693 0.021634615384615384 0.040865384615384616
0 0.6983173076923077 0.5024038461538461 0.019230769230769232 0.04326923076923077
0 0.7223557692307693 0.4338942307692308 0.028846153846153848 0.040865384615384616
0 0.7620192307692307 0.4050480769230769 0.028846153846153848 0.04807692307692308
0 0.7956730769230769 0.3858173076923077 0.021634615384615384 0.03365384615384615
0 0.8521634615384616 0.41225961538461536 0.02403846153846154 0.03365384615384615
0 0.8497596153846154 0.36778846153846156 0.021634615384615384 0.04326923076923077
0 0.90625 0.40865384615384615 0.01201923076923077 0.02403846153846154
0 0.8701923076923077 0.4495192307692308 0.021634615384615384 0.03125
0 0.8137019230769231 0.49759615384615385 0.026442307692307692 0.057692307692307696
0 0.7980769230769231 0.5949519230769231 0.019230769230769232 0.026442307692307692
0 0.8004807692307693 0.7319711538461539 0.016826923076923076 0.028846153846153848
0 0.7487980769230769 0.7463942307692307 0.016826923076923076 0.028846153846153848
0 0.7307692307692307 0.7680288461538461 0.016826923076923076 0.026442307692307692
0 0.7668269230769231 0.78125 0.016826923076923076 0.02403846153846154
0 0.7524038461538461 0.8329326923076923 0.019230769230769232 0.02403846153846154
0 0.8293269230769231 0.6766826923076923 0.016826923076923076 0.026442307692307692
0 0.8317307692307693 0.7043269230769231 0.016826923076923076 0.02403846153846154
0 0.8569711538461539 0.7295673076923077 0.016826923076923076 0.036057692307692304
0 0.8894230769230769 0.7067307692307693 0.019230769230769232 0.021634615384615384
0 0.8581730769230769 0.6262019230769231 0.016826923076923076 0.040865384615384616
0 0.8233173076923077 0.6213942307692307 0.016826923076923076 0.03125
0 0.8185096153846154 0.5661057692307693 0.019230769230769232 0.03365384615384615
0 0.7884615384615384 0.7668269230769231 0.026442307692307692 0.038461538461538464
0 0.37740384615384615 0.7355769230769231 0.026442307692307692 0.04326923076923077
0 0.3557692307692308 0.9014423076923077 0.028846153846153848 0.04326923076923077
0 0.31850961538461536 0.9266826923076923 0.028846153846153848 0.038461538461538464
0 0.265625 0.9314903846153846 0.03365384615384615 0.04326923076923077
0 0.23557692307692307 0.9651442307692307 0.03365384615384615 0.04567307692307692
0 0.18509615384615385 0.9699519230769231 0.03365384615384615 0.038461538461538464
0 0.3954326923076923 0.8942307692307693 0.03365384615384615 0.038461538461538464
0 0.5252403846153846 0.8353365384615384 0.028846153846153848 0.05048076923076923
0 0.5480769230769231 0.8052884615384616 0.02403846153846154 0.04326923076923077
0 0.578125 0.9134615384615384 0.021634615384615384 0.038461538461538464
0 0.8425480769230769 0.2980769230769231 0.019230769230769232 0.04326923076923077
0 0.7223557692307693 0.5108173076923077 0.021634615384615384 0.038461538461538464
0 0.7307692307692307 0.46274038461538464 0.021634615384615384 0.028846153846153848
0 0.8810096153846154 0.5697115384615384 0.019230769230769232 0.040865384615384616
0 0.9134615384615384 0.5348557692307693 0.019230769230769232 0.038461538461538464
0 0.9170673076923077 0.4411057692307692 0.019230769230769232 0.038461538461538464
0 0.9146634615384616 0.3798076923076923 0.016826923076923076 0.028846153846153848
0 0.7752403846153846 0.7175480769230769 0.016826923076923076 0.04807692307692308
0 0.7572115384615384 0.6237980769230769 0.02403846153846154 0.040865384615384616
0 0.8004807692307693 0.6694711538461539 0.019230769230769232 0.040865384615384616
0 0.8858173076923077 0.765625 0.019230769230769232 0.03365384615384615
0 0.7415865384615384 0.3581730769230769 0.014423076923076924 0.040865384615384616
0 0.7175480769230769 0.33533653846153844 0.016826923076923076 0.03125
0 0.7596153846153846 0.328125 0.016826923076923076 0.038461538461538464
0 0.7932692307692307 0.32091346153846156 0.016826923076923076 0.038461538461538464
0 0.7776442307692307 0.32211538461538464 0.019230769230769232 0.021634615384615384
0 0.6754807692307693 0.43990384615384615 0.02403846153846154 0.038461538461538464
0 0.8461538461538461 0.47716346153846156 0.014423076923076924 0.040865384615384616
0 0.8641826923076923 0.49278846153846156 0.014423076923076924 0.040865384615384616
0 0.890625 0.5108173076923077 0.014423076923076924 0.03365384615384615