0 0.5264423076923077 0.59375 0.04326923076923077 0.06490384615384616
0 0.3329326923076923 0.6033653846153846 0.04567307692307692 0.0673076923076923
0 0.2956730769230769 0.7355769230769231 0.04567307692307692 0.055288461538461536
0 0.25961538461538464 0.7788461538461539 0.040865384615384616 0.04567307692307692
0 0.36899038461538464 0.7548076923076923 0.038461538461538464 0.052884615384615384
0 0.3954326923076923 0.6454326923076923 0.04807692307692308 0.052884615384615384
0 0.40865384615384615 0.7716346153846154 0.038461538461538464 0.057692307692307696
0 0.375 0.8449519230769231 0.038461538461538464 0.06009615384615385
0 0.43990384615384615 0.609375 0.040865384615384616 0.0625
0 0.47475961538461536 0.5600961538461539 0.04326923076923077 0.0673076923076923
0 0.4795673076923077 0.7379807692307693 0.04326923076923077 0.06971153846153846
0 0.53125 0.8112980769230769 0.04326923076923077 0.04326923076923077
0 0.49038461538461536 0.8485576923076923 0.038461538461538464 0.052884615384615384
0 0.41586538461538464 0.8497596153846154 0.038461538461538464 0.04567307692307692
0 0.6081730769230769 0.6454326923076923 0.04326923076923077 0.057692307692307696
0 0.5661057692307693 0.6298076923076923 0.038461538461538464 0.0673076923076923
0 0.6141826923076923 0.7692307692307693 0.040865384615384616 0.06971153846153846
0 0.5757211538461539 0.8185096153846154 0.040865384615384616 0.06490384615384616
0 0.5949519230769231 0.9074519230769231 0.038461538461538464 0.04326923076923077
0 0.5324519230769231 0.9206730769230769 0.040865384615384616 0.040865384615384616
0 0.6875 0.7091346153846154 0.05048076923076923 0.06490384615384616
0 0.6754807692307693 0.6165865384615384 0.04807692307692308 0.06009615384615385
0 0.7560096153846154 0.7548076923076923 0.038461538461538464 0.06009615384615385
0 0.7920673076923077 0.7067307692307693 0.03365384615384615 0.05048076923076923
0 0.8317307692307693 0.7512019230769231 0.036057692307692304 0.052884615384615384
0 0.8461538461538461 0.9266826923076923 0.03365384615384615 0.04567307692307692
0 0.7524038461538461 0.9579326923076923 0.036057692307692304 0.040865384615384616
0 0.8112980769230769 0.8581730769230769 0.036057692307692304 0.04567307692307692
0 0.6478365384615384 0.7788461538461539 0.03365384615384615 0.052884615384615384
0 0.33653846153846156 0.7920673076923077 0.040865384615384616 0.06971153846153846
0 0.22235576923076922 0.7680288461538461 0.03365384615384615 0.055288461538461536
0 0.4543269230769231 0.8076923076923077 0.036057692307692304 0.05048076923076923
0 0.9350961538461539 0.9447115384615384 0.04567307692307692 0.05048076923076923
0 0.9471153846153846 0.8317307692307693 0.040865384615384616 0.052884615384615384