0 0.8377403846153846 0.7139423076923077 0.04567307692307692 0.04567307692307692
0 0.9014423076923077 0.7704326923076923 0.04326923076923077 0.040865384615384616
0 0.9423076923076923 0.8786057692307693 0.03365384615384615 0.04326923076923077
0 0.9891826923076923 0.9134615384615384 0.01201923076923077 0.04567307692307692
0 0.6899038461538461 0.5817307692307693 0.038461538461538464 0.038461538461538464
0 0.6322115384615384 0.640625 0.040865384615384616 0.038461538461538464
0 0.6778846153846154 0.6814903846153846 0.03365384615384615 0.05048076923076923
0 0.7512019230769231 0.6887019230769231 0.040865384615384616 0.040865384615384616
0 0.7620192307692307 0.7680288461538461 0.04326923076923077 0.040865384615384616
0 0.7295673076923077 0.8028846153846154 0.026442307692307692 0.036057692307692304
0 0.7896634615384616 0.7956730769230769 0.04567307692307692 0.04326923076923077
0 0.8545673076923077 0.7764423076923077 0.040865384615384616 0.040865384615384616
0 0.5985576923076923 0.9302884615384616 0.036057692307692304 0.04807692307692308
0 0.8942307692307693 0.9399038461538461 0.038461538461538464 0.038461538461538464
0 0.8425480769230769 0.8870192307692307 0.03125 0.04567307692307692
0 0.7872596153846154 0.8870192307692307 0.036057692307692304 0.038461538461538464
0 0.8088942307692307 0.8353365384615384 0.03365384615384615 0.038461538461538464
0 0.6021634615384616 0.5889423076923077 0.03125 0.03125
0 0.5288461538461539 0.5985576923076923 0.03365384615384615 0.040865384615384616
0 0.5673076923076923 0.5757211538461539 0.03365384615384615 0.036057692307692304
0 0.5360576923076923 0.6634615384615384 0.028846153846153848 0.04326923076923077
0 0.5841346153846154 0.6346153846153846 0.02403846153846154 0.038461538461538464
0 0.5793269230769231 0.6959134615384616 0.03365384615384615 0.05048076923076923
0 0.5985576923076923 0.7680288461538461 0.028846153846153848 0.036057692307692304
0 0.5805288461538461 0.8365384615384616 0.028846153846153848 0.03365384615384615
0 0.6490384615384616 0.7127403846153846 0.03365384615384615 0.03365384615384615
0 0.5408653846153846 0.7319711538461539 0.03125 0.03365384615384615
0 0.9939903846153846 0.84375 0.002403846153846154 0.016826923076923076
0 0.9915865384615384 0.8425480769230769 0.007211538461538462 0.03365384615384615
0 0.9891826923076923 0.8209134615384616 0.01201923076923077 0.02403846153846154
0 0.9915865384615384 0.8786057692307693 0.007211538461538462 0.028846153846153848
0 0.9927884615384616 0.8846153846153846 0.004807692307692308 0.016826923076923076
0 0.9903846153846154 0.9507211538461539 0.007211538461538462 0.019230769230769232
0 0.9939903846153846 0.8305288461538461 0.002403846153846154 0.02403846153846154
0 0.9903846153846154 0.8245192307692307 0.009615384615384616 0.021634615384615384
0 0.9927884615384616 0.921875 0.004807692307692308 0.028846153846153848
0 0.9903846153846154 0.9711538461538461 0.007211538461538462 0.016826923076923076
0 0.9675480769230769 0.9711538461538461 0.03365384615384615 0.028846153846153848
0 0.9206730769230769 0.9459134615384616 0.014423076923076924 0.04567307692307692
0 0.9002403846153846 0.9771634615384616 0.021634615384615384 0.021634615384615384
0 0.8341346153846154 0.96875 0.03365384615384615 0.036057692307692304
0 0.8052884615384616 0.9747596153846154 0.028846153846153848 0.026442307692307692
0 0.7740384615384616 0.9651442307692307 0.02403846153846154 0.036057692307692304
0 0.7956730769230769 0.9338942307692307 0.03125 0.03125
0 0.7536057692307693 0.9807692307692307 0.016826923076923076 0.014423076923076924
0 0.8653846153846154 0.9447115384615384 0.02403846153846154 0.026442307692307692
0 0.8233173076923077 0.9014423076923077 0.02403846153846154 0.040865384615384616
0 0.8894230769230769 0.8197115384615384 0.036057692307692304 0.03365384615384615
0 0.8509615384615384 0.8197115384615384 0.03125 0.03125
0 0.8076923076923077 0.7247596153846154 0.03125 0.03365384615384615
0 0.765625 0.8185096153846154 0.02403846153846154 0.036057692307692304
0 0.7596153846153846 0.8689903846153846 0.03125 0.03125
0 0.7319711538461539 0.8581730769230769 0.03365384615384615 0.03125
0 0.7151442307692307 0.8882211538461539 0.026442307692307692 0.036057692307692304
0 0.7307692307692307 0.9362980769230769 0.028846153846153848 0.028846153846153848
0 0.7019230769230769 0.9783653846153846 0.02403846153846154 0.028846153846153848
0 0.6778846153846154 0.9519230769230769 0.02403846153846154 0.02403846153846154
0 0.6538461538461539 0.9711538461538461 0.019230769230769232 0.021634615384615384
0 0.6454326923076923 0.9375 0.02403846153846154 0.021634615384615384
0 0.6838942307692307 0.9206730769230769 0.03125 0.03365384615384615
0 0.7199519230769231 0.7007211538461539 0.03125 0.03365384615384615
0 0.7019230769230769 0.7451923076923077 0.028846153846153848 0.03365384615384615
0 0.6862980769230769 0.8425480769230769 0.03365384615384615 0.03125
0 0.6754807692307693 0.8810096153846154 0.03365384615384615 0.036057692307692304
0 0.6466346153846154 0.9050480769230769 0.03365384615384615 0.03365384615384615
0 0.65625 0.8100961538461539 0.026442307692307692 0.036057692307692304
0 0.6622596153846154 0.7584134615384616 0.028846153846153848 0.02403846153846154
0 0.5745192307692307 0.8701923076923077 0.03125 0.028846153846153848
0 0.5324519230769231 0.8557692307692307 0.02403846153846154 0.036057692307692304
0 0.5072115384615384 0.8233173076923077 0.026442307692307692 0.028846153846153848
0 0.5072115384615384 0.8665865384615384 0.026442307692307692 0.026442307692307692
0 0.5132211538461539 0.9026442307692307 0.019230769230769232 0.02403846153846154
0 0.5528846153846154 0.7800480769230769 0.028846153846153848 0.028846153846153848
0 0.5324519230769231 0.7980769230769231 0.016826923076923076 0.038461538461538464
0 0.47836538461538464 0.890625 0.028846153846153848 0.03125
0 0.47475961538461536 0.9387019230769231 0.019230769230769232 0.026442307692307692
0 0.45913461538461536 0.8942307692307693 0.028846153846153848 0.026442307692307692
0 0.44711538461538464 0.9459134615384616 0.02403846153846154 0.02403846153846154
0 0.42427884615384615 0.90625 0.026442307692307692 0.026442307692307692
0 0.46153846153846156 0.8413461538461539 0.021634615384615384 0.026442307692307692
0 0.4807692307692308 0.8209134615384616 0.021634615384615384 0.021634615384615384
0 0.49278846153846156 0.7704326923076923 0.028846153846153848 0.026442307692307692
0 0.5216346153846154 0.7463942307692307 0.028846153846153848 0.028846153846153848
0 0.5036057692307693 0.7067307692307693 0.03125 0.03365384615384615
0 0.49278846153846156 0.6526442307692307 0.036057692307692304 0.036057692307692304
0 0.4723557692307692 0.671875 0.02403846153846154 0.04567307692307692
0 0.4639423076923077 0.7403846153846154 0.02403846153846154 0.04326923076923077
0 0.46634615384615385 0.7788461538461539 0.028846153846153848 0.028846153846153848
0 0.4495192307692308 0.7980769230769231 0.03365384615384615 0.03365384615384615
0 0.4206730769230769 0.8233173076923077 0.026442307692307692 0.038461538461538464
0 0.42908653846153844 0.7512019230769231 0.038461538461538464 0.038461538461538464
0 0.39663461538461536 0.7235576923076923 0.02403846153846154 0.03125
0 0.39663461538461536 0.7632211538461539 0.028846153846153848 0.028846153846153848
0 0.38822115384615385 0.8040865384615384 0.021634615384615384 0.03125
0 0.43990384615384615 0.6923076923076923 0.02403846153846154 0.036057692307692304
0 0.41346153846153844 0.6935096153846154 0.019230769230769232 0.028846153846153848
0 0.3918269230769231 0.6706730769230769 0.040865384615384616 0.038461538461538464
0 0.4567307692307692 0.625 0.03125 0.03125
0 0.43509615384615385 0.6322115384615384 0.014423076923076924 0.036057692307692304
0 0.4519230769230769 0.5745192307692307 0.02403846153846154 0.036057692307692304
0 0.43149038461538464 0.5661057692307693 0.014423076923076924 0.04326923076923077
0 0.4182692307692308 0.5949519230769231 0.02403846153846154 0.02403846153846154
0 0.49399038461538464 0.5997596153846154 0.03125 0.03125
0 0.3918269230769231 0.5685096153846154 0.028846153846153848 0.026442307692307692
0 0.3701923076923077 0.6009615384615384 0.02403846153846154 0.028846153846153848
0 0.3557692307692308 0.6442307692307693 0.01201923076923077 0.019230769230769232
0 0.36658653846153844 0.6826923076923077 0.026442307692307692 0.028846153846153848
0 0.34615384615384615 0.7319711538461539 0.02403846153846154 0.021634615384615384
0 0.3713942307692308 0.7692307692307693 0.021634615384615384 0.019230769230769232
0 0.3605769230769231 0.7956730769230769 0.019230769230769232 0.014423076923076924
0 0.35336538461538464 0.8293269230769231 0.021634615384615384 0.028846153846153848
0 0.3798076923076923 0.8317307692307693 0.016826923076923076 0.019230769230769232
0 0.3473557692307692 0.8569711538461539 0.019230769230769232 0.021634615384615384
0 0.3269230769230769 0.8329326923076923 0.016826923076923076 0.016826923076923076
0 0.2980769230769231 0.8341346153846154 0.016826923076923076 0.028846153846153848
0 0.2776442307692308 0.8521634615384616 0.02403846153846154 0.021634615384615384
0 0.2956730769230769 0.7788461538461539 0.02403846153846154 0.019230769230769232
0 0.2764423076923077 0.7896634615384616 0.014423076923076924 0.021634615384615384
0 0.3137019230769231 0.8040865384615384 0.014423076923076924 0.02403846153846154
0 0.33052884615384615 0.8016826923076923 0.016826923076923076 0.026442307692307692
0 0.35216346153846156 0.7584134615384616 0.021634615384615384 0.021634615384615384
0 0.3269230769230769 0.7379807692307693 0.019230769230769232 0.019230769230769232
0 0.31490384615384615 0.7680288461538461 0.014423076923076924 0.019230769230769232
0 0.3125 0.7175480769230769 0.014423076923076924 0.028846153846153848
0 0.29927884615384615 0.7439903846153846 0.019230769230769232 0.02403846153846154
0 0.28365384615384615 0.7403846153846154 0.016826923076923076 0.019230769230769232
0 0.27283653846153844 0.7560096153846154 0.021634615384615384 0.021634615384615384
0 0.25600961538461536 0.7644230769230769 0.01201923076923077 0.026442307692307692
0 0.25600961538461536 0.7872596153846154 0.016826923076923076 0.019230769230769232
0 0.24639423076923078 0.8040865384615384 0.019230769230769232 0.028846153846153848
0 0.22596153846153846 0.7728365384615384 0.019230769230769232 0.02403846153846154
0 0.24158653846153846 0.7427884615384616 0.014423076923076924 0.026442307692307692
0 0.24519230769230768 0.7163461538461539 0.019230769230769232 0.026442307692307692
0 0.2644230769230769 0.7103365384615384 0.019230769230769232 0.026442307692307692
0 0.25 0.6850961538461539 0.019230769230769232 0.014423076923076924
0 0.24879807692307693 0.6574519230769231 0.02403846153846154 0.02403846153846154
0 0.23197115384615385 0.6778846153846154 0.021634615384615384 0.016826923076923076
0 0.22716346153846154 0.7019230769230769 0.009615384615384616 0.016826923076923076
0 0.21153846153846154 0.7355769230769231 0.016826923076923076 0.026442307692307692
0 0.20673076923076922 0.7728365384615384 0.019230769230769232 0.02403846153846154
0 0.3317307692307692 0.6766826923076923 0.014423076923076924 0.03125
0 0.33533653846153844 0.6213942307692307 0.014423076923076924 0.03125
0 0.34975961538461536 0.5853365384615384 0.014423076923076924 0.03125
0 0.35096153846153844 0.5480769230769231 0.014423076923076924 0.019230769230769232
0 0.3245192307692308 0.5637019230769231 0.014423076923076924 0.02403846153846154
0 0.35216346153846156 0.515625 0.014423076923076924 0.021634615384615384
0 0.375 0.5012019230769231 0.019230769230769232 0.019230769230769232
0 0.38221153846153844 0.4675480769230769 0.019230769230769232 0.03125
0 0.3641826923076923 0.4483173076923077 0.02403846153846154 0.021634615384615384
0 0.3293269230769231 0.47475961538461536 0.014423076923076924 0.036057692307692304
0 0.3245192307692308 0.515625 0.021634615384615384 0.021634615384615384
0 0.3016826923076923 0.5456730769230769 0.021634615384615384 0.019230769230769232
0 0.30288461538461536 0.5853365384615384 0.019230769230769232 0.026442307692307692
0 0.2644230769230769 0.6045673076923077 0.016826923076923076 0.021634615384615384
0 0.27283653846153844 0.5480769230769231 0.021634615384615384 0.02403846153846154
0 0.28725961538461536 0.5048076923076923 0.021634615384615384 0.02403846153846154
0 0.30408653846153844 0.484375 0.021634615384615384 0.021634615384615384
0 0.30649038461538464 0.5108173076923077 0.016826923076923076 0.019230769230769232
0 0.25240384615384615 0.6129807692307693 0.016826923076923076 0.019230769230769232
0 0.23317307692307693 0.6153846153846154 0.016826923076923076 0.028846153846153848
0 0.22956730769230768 0.6454326923076923 0.014423076923076924 0.028846153846153848
0 0.2127403846153846 0.6646634615384616 0.014423076923076924 0.02403846153846154
0 0.18028846153846154 0.6694711538461539 0.021634615384615384 0.021634615384615384
0 0.17908653846153846 0.7079326923076923 0.021634615384615384 0.021634615384615384
0 0.20673076923076922 0.703125 0.014423076923076924 0.014423076923076924
0 0.17668269230769232 0.7596153846153846 0.021634615384615384 0.019230769230769232
0 0.16105769230769232 0.7632211538461539 0.019230769230769232 0.021634615384615384
0 0.14182692307692307 0.7608173076923077 0.019230769230769232 0.021634615384615384
0 0.14543269230769232 0.7331730769230769 0.019230769230769232 0.019230769230769232
0 0.14903846153846154 0.7055288461538461 0.014423076923076924 0.021634615384615384
0 0.17307692307692307 0.6286057692307693 0.016826923076923076 0.026442307692307692
0 0.18990384615384615 0.609375 0.016826923076923076 0.02403846153846154
0 0.2127403846153846 0.578125 0.021634615384615384 0.019230769230769232
0 0.21394230769230768 0.6177884615384616 0.021634615384615384 0.021634615384615384
0 0.18990384615384615 0.5637019230769231 0.014423076923076924 0.014423076923076924
0 0.19591346153846154 0.5420673076923077 0.016826923076923076 0.019230769230769232
0 0.19831730769230768 0.5144230769230769 0.016826923076923076 0.026442307692307692
0 0.1814903846153846 0.4987980769230769 0.01201923076923077 0.02403846153846154
0 0.16826923076923078 0.546875 0.019230769230769232 0.026442307692307692
0 0.1658653846153846 0.5793269230769231 0.019230769230769232 0.019230769230769232
0 0.14783653846153846 0.6129807692307693 0.02403846153846154 0.02403846153846154
0 0.14903846153846154 0.6658653846153846 0.016826923076923076 0.014423076923076924
0 0.25600961538461536 0.5384615384615384 0.01201923076923077 0.021634615384615384
0 0.23197115384615385 0.5240384615384616 0.019230769230769232 0.021634615384615384
0 0.265625 0.5 0.019230769230769232 0.02403846153846154
0 0.27884615384615385 0.46274038461538464 0.016826923076923076 0.026442307692307692
0 0.25600961538461536 0.4519230769230769 0.014423076923076924 0.028846153846153848
0 0.2692307692307692 0.4254807692307692 0.019230769230769232 0.019230769230769232
0 0.28966346153846156 0.43028846153846156 0.019230769230769232 0.028846153846153848
0 0.2980769230769231 0.39302884615384615 0.019230769230769232 0.03125
0 0.27884615384615385 0.3605769230769231 0.02403846153846154 0.02403846153846154
0 0.2932692307692308 0.33413461538461536 0.019230769230769232 0.028846153846153848
0 0.3173076923076923 0.33052884615384615 0.02403846153846154 0.02403846153846154
0 0.32211538461538464 0.38341346153846156 0.028846153846153848 0.02403846153846154
0 0.32091346153846156 0.42427884615384615 0.02403846153846154 0.02403846153846154
0 0.35336538461538464 0.4014423076923077 0.016826923076923076 0.03365384615384615
0 0.375 0.39903846153846156 0.021634615384615384 0.02403846153846154
0 0.40384615384615385 0.3942307692307692 0.019230769230769232 0.026442307692307692
0 0.4266826923076923 0.4170673076923077 0.028846153846153848 0.028846153846153848
0 0.37740384615384615 0.3581730769230769 0.02403846153846154 0.02403846153846154
0 0.35216346153846156 0.32211538461538464 0.019230769230769232 0.02403846153846154
0 0.34375 0.3449519230769231 0.019230769230769232 0.026442307692307692
0 0.328125 0.296875 0.028846153846153848 0.028846153846153848
0 0.30528846153846156 0.27884615384615385 0.014423076923076924 0.028846153846153848
0 0.2800480769230769 0.2980769230769231 0.02403846153846154 0.02403846153846154
0 0.2608173076923077 0.29927884615384615 0.016826923076923076 0.016826923076923076
0 0.25841346153846156 0.26322115384615385 0.016826923076923076 0.026442307692307692
0 0.23677884615384615 0.2608173076923077 0.021634615384615384 0.02403846153846154
0 0.23677884615384615 0.31009615384615385 0.014423076923076924 0.028846153846153848
0 0.2512019230769231 0.3581730769230769 0.026442307692307692 0.026442307692307692
0 0.21153846153846154 0.328125 0.02403846153846154 0.02403846153846154
0 0.19230769230769232 0.30288461538461536 0.019230769230769232 0.03125
0 0.19110576923076922 0.25721153846153844 0.02403846153846154 0.021634615384615384
0 0.21634615384615385 0.25240384615384615 0.021634615384615384 0.021634615384615384
0 0.22956730769230768 0.3641826923076923 0.021634615384615384 0.02403846153846154
0 0.24639423076923078 0.3954326923076923 0.026442307692307692 0.02403846153846154
0 0.2283653846153846 0.4110576923076923 0.021634615384615384 0.03365384615384615
0 0.20192307692307693 0.4098557692307692 0.014423076923076924 0.03365384615384615
0 0.1814903846153846 0.43028846153846156 0.014423076923076924 0.038461538461538464
0 0.1971153846153846 0.46634615384615385 0.026442307692307692 0.026442307692307692
0 0.15865384615384615 0.4411057692307692 0.026442307692307692 0.026442307692307692
0 0.17668269230769232 0.3762019230769231 0.01201923076923077 0.026442307692307692
0 0.1971153846153846 0.36658653846153844 0.02403846153846154 0.02403846153846154
0 0.1778846153846154 0.33653846153846156 0.019230769230769232 0.028846153846153848
0 0.15264423076923078 0.3112980769230769 0.019230769230769232 0.021634615384615384
0 0.17427884615384615 0.24158653846153846 0.02403846153846154 0.021634615384615384
0 0.15745192307692307 0.23076923076923078 0.014423076923076924 0.028846153846153848
0 0.14302884615384615 0.27403846153846156 0.021634615384615384 0.02403846153846154
0 0.12620192307692307 0.2776442307692308 0.01201923076923077 0.03125
0 0.13221153846153846 0.32211538461538464 0.016826923076923076 0.028846153846153848
0 0.12379807692307693 0.35336538461538464 0.021634615384615384 0.02403846153846154
0 0.109375 0.38341346153846156 0.019230769230769232 0.02403846153846154
0 0.1466346153846154 0.3629807692307692 0.02403846153846154 0.02403846153846154
0 0.15985576923076922 0.3449519230769231 0.016826923076923076 0.016826923076923076
0 0.13221153846153846 0.40384615384615385 0.028846153846153848 0.028846153846153848
0 0.109375 0.4375 0.02403846153846154 0.02403846153846154
0 0.13701923076923078 0.4675480769230769 0.02403846153846154 0.021634615384615384
0 0.15745192307692307 0.49038461538461536 0.021634615384615384 0.02403846153846154
0 0.17548076923076922 0.47115384615384615 0.019230769230769232 0.019230769230769232
0 0.14783653846153846 0.5048076923076923 0.021634615384615384 0.02403846153846154
0 0.0889423076923077 0.3629807692307692 0.014423076923076924 0.019230769230769232
0 0.07692307692307693 0.32211538461538464 0.019230769230769232 0.019230769230769232
0 0.07211538461538461 0.34615384615384615 0.009615384615384616 0.014423076923076924
0 0.07572115384615384 0.40024038461538464 0.016826923076923076 0.03365384615384615
0 0.0985576923076923 0.40384615384615385 0.021634615384615384 0.019230769230769232
0 0.08413461538461539 0.44471153846153844 0.016826923076923076 0.019230769230769232
0 0.08533653846153846 0.49399038461538464 0.016826923076923076 0.026442307692307692
0 0.11177884615384616 0.47596153846153844 0.016826923076923076 0.03125
0 0.0829326923076923 0.5144230769230769 0.021634615384615384 0.019230769230769232
0 0.10576923076923077 0.5300480769230769 0.01201923076923077 0.02403846153846154
0 0.11658653846153846 0.5084134615384616 0.016826923076923076 0.019230769230769232
0 0.12139423076923077 0.5492788461538461 0.021634615384615384 0.021634615384615384
0 0.12740384615384615 0.6141826923076923 0.016826923076923076 0.021634615384615384
0 0.11057692307692307 0.6033653846153846 0.009615384615384616 0.01201923076923077
0 0.1201923076923077 0.6358173076923077 0.016826923076923076 0.021634615384615384
0 0.10096153846153846 0.6514423076923077 0.016826923076923076 0.016826923076923076
0 0.11778846153846154 0.6766826923076923 0.014423076923076924 0.019230769230769232
0 0.1141826923076923 0.7067307692307693 0.014423076923076924 0.021634615384615384
0 0.09975961538461539 0.7067307692307693 0.019230769230769232 0.019230769230769232
0 0.11899038461538461 0.7319711538461539 0.019230769230769232 0.019230769230769232
0 0.10096153846153846 0.7355769230769231 0.01201923076923077 0.021634615384615384
0 0.11538461538461539 0.765625 0.019230769230769232 0.019230769230769232
0 0.04807692307692308 0.32091346153846156 0.01201923076923077 0.016826923076923076
0 0.038461538461538464 0.3858173076923077 0.014423076923076924 0.014423076923076924
0 0.038461538461538464 0.4206730769230769 0.016826923076923076 0.016826923076923076
0 0.046875 0.453125 0.014423076923076924 0.014423076923076924
0 0.037259615384615384 0.4735576923076923 0.009615384615384616 0.021634615384615384
0 0.018028846153846152 0.4543269230769231 0.019230769230769232 0.021634615384615384
0 0.008413461538461538 0.38221153846153844 0.01201923076923077 0.019230769230769232
0 0.028846153846153848 0.33653846153846156 0.009615384615384616 0.021634615384615384
0 0.013221153846153846 0.3137019230769231 0.014423076923076924 0.014423076923076924
0 0.018028846153846152 0.27283653846153844 0.016826923076923076 0.019230769230769232
0 0.010817307692307692 0.33533653846153844 0.007211538461538462 0.019230769230769232