0 0.16346153846153846 0.8040865384615384 0.040865384615384616 0.057692307692307696
0 0.1971153846153846 0.7007211538461539 0.038461538461538464 0.06009615384615385
0 0.2536057692307692 0.6598557692307693 0.04567307692307692 0.05048076923076923
0 0.3329326923076923 0.6418269230769231 0.040865384615384616 0.055288461538461536
0 0.32211538461538464 0.7127403846153846 0.038461538461538464 0.05048076923076923
0 0.29447115384615385 0.7391826923076923 0.040865384615384616 0.05048076923076923
0 0.10576923076923077 0.8341346153846154 0.04807692307692308 0.055288461538461536
0 0.03125 0.7668269230769231 0.040865384615384616 0.06490384615384616
0 0.13942307692307693 0.8870192307692307 0.040865384615384616 0.055288461538461536
0 0.19831730769230768 0.8581730769230769 0.04567307692307692 0.06490384615384616
0 0.25240384615384615 0.8125 0.040865384615384616 0.06009615384615385
0 0.24158653846153846 0.7151442307692307 0.04326923076923077 0.057692307692307696
0 0.20793269230769232 0.7536057692307693 0.038461538461538464 0.04807692307692308
0 0.390625 0.5480769230769231 0.040865384615384616 0.06009615384615385
0 0.4375 0.6021634615384616 0.038461538461538464 0.057692307692307696
0 0.3605769230769231 0.6586538461538461 0.040865384615384616 0.0625
0 0.3954326923076923 0.6322115384615384 0.040865384615384616 0.06009615384615385
0 0.4675480769230769 0.859375 0.04567307692307692 0.04807692307692308
0 0.3473557692307692 0.7451923076923077 0.036057692307692304 0.04807692307692308
0 0.34615384615384615 0.7908653846153846 0.036057692307692304 0.04807692307692308
0 0.34975961538461536 0.8713942307692307 0.038461538461538464 0.04807692307692308
0 0.31490384615384615 0.8882211538461539 0.038461538461538464 0.057692307692307696
0 0.3004807692307692 0.8161057692307693 0.038461538461538464 0.057692307692307696
0 0.25841346153846156 0.8930288461538461 0.040865384615384616 0.057692307692307696
0 0.3894230769230769 0.7824519230769231 0.036057692307692304 0.05048076923076923
0 0.39903846153846156 0.8173076923076923 0.03125 0.055288461538461536
0 0.41586538461538464 0.6646634615384616 0.038461538461538464 0.06009615384615385
0 0.4675480769230769 0.5528846153846154 0.038461538461538464 0.055288461538461536
0 0.4795673076923077 0.5997596153846154 0.040865384615384616 0.057692307692307696
0 0.4807692307692308 0.6442307692307693 0.038461538461538464 0.05048076923076923
0 0.46634615384615385 0.7139423076923077 0.038461538461538464 0.06971153846153846
0 0.4807692307692308 0.7716346153846154 0.03365384615384615 0.05048076923076923
0 0.22956730769230768 0.9266826923076923 0.036057692307692304 0.06490384615384616
0 0.515625 0.6875 0.036057692307692304 0.06009615384615385
0 0.5276442307692307 0.5612980769230769 0.028846153846153848 0.06490384615384616
0 0.5612980769230769 0.5637019230769231 0.038461538461538464 0.0673076923076923
0 0.5204326923076923 0.625 0.036057692307692304 0.06009615384615385
0 0.5540865384615384 0.6634615384615384 0.03365384615384615 0.055288461538461536
0 0.5252403846153846 0.7992788461538461 0.036057692307692304 0.05048076923076923
0 0.5637019230769231 0.7235576923076923 0.028846153846153848 0.04326923076923077
0 0.5925480769230769 0.7007211538461539 0.03365384615384615 0.055288461538461536
0 0.5961538461538461 0.5949519230769231 0.038461538461538464 0.04567307692307692
0 0.6033653846153846 0.5384615384615384 0.03125 0.052884615384615384
0 0.65625 0.5480769230769231 0.036057692307692304 0.05048076923076923
0 0.6550480769230769 0.6334134615384616 0.03365384615384615 0.057692307692307696
0 0.6141826923076923 0.6514423076923077 0.03125 0.04326923076923077
0 0.6490384615384616 0.6862980769230769 0.03365384615384615 0.04326923076923077
0 0.5492788461538461 0.7716346153846154 0.036057692307692304 0.04326923076923077
0 0.5745192307692307 0.8353365384615384 0.028846153846153848 0.04807692307692308
0 0.6033653846153846 0.8918269230769231 0.026442307692307692 0.040865384615384616
0 0.4170673076923077 0.7548076923076923 0.036057692307692304 0.055288461538461536
0 0.6538461538461539 0.7199519230769231 0.03125 0.04567307692307692
0 0.6947115384615384 0.6971153846153846 0.03365384615384615 0.04567307692307692
0 0.6766826923076923 0.6478365384615384 0.028846153846153848 0.05048076923076923
0 0.7067307692307693 0.6478365384615384 0.02403846153846154 0.036057692307692304
0 0.7115384615384616 0.7632211538461539 0.02403846153846154 0.06009615384615385
0 0.6574519230769231 0.7584134615384616 0.028846153846153848 0.04807692307692308
0 0.6033653846153846 0.7548076923076923 0.028846153846153848 0.04807692307692308
0 0.5841346153846154 0.6358173076923077 0.02403846153846154 0.04807692307692308
0 0.6430288461538461 0.3954326923076923 0.03125 0.038461538461538464
0 0.6682692307692307 0.3605769230769231 0.028846153846153848 0.040865384615384616
0 0.6935096153846154 0.3317307692307692 0.026442307692307692 0.040865384615384616
0 0.7163461538461539 0.31009615384615385 0.02403846153846154 0.04326923076923077
0 0.7367788461538461 0.29447115384615385 0.019230769230769232 0.04326923076923077
0 0.7560096153846154 0.3076923076923077 0.021634615384615384 0.04567307692307692
0 0.7764423076923077 0.2764423076923077 0.02403846153846154 0.04326923076923077
0 0.796875 0.28365384615384615 0.02403846153846154 0.04567307692307692
0 0.6658653846153846 0.4579326923076923 0.028846153846153848 0.05048076923076923
0 0.7091346153846154 0.4639423076923077 0.026442307692307692 0.04567307692307692
0 0.6887019230769231 0.39783653846153844 0.026442307692307692 0.04326923076923077
0 0.7175480769230769 0.39302884615384615 0.028846153846153848 0.04807692307692308
0 0.7355769230769231 0.39783653846153844 0.028846153846153848 0.05048076923076923
0 0.7439903846153846 0.3473557692307692 0.028846153846153848 0.038461538461538464
0 0.7824519230769231 0.3629807692307692 0.026442307692307692 0.04326923076923077
0 0.7932692307692307 0.3233173076923077 0.026442307692307692 0.04326923076923077
0 0.8197115384615384 0.34134615384615385 0.028846153846153848 0.040865384615384616
0 0.8317307692307693 0.46634615384615385 0.03125 0.040865384615384616
0 0.8353365384615384 0.2776442307692308 0.026442307692307692 0.04567307692307692
0 0.8689903846153846 0.328125 0.021634615384615384 0.04326923076923077
0 0.9110576923076923 0.3942307692307692 0.02403846153846154 0.04326923076923077
0 0.8894230769230769 0.41466346153846156 0.026442307692307692 0.05048076923076923
0 0.9350961538461539 0.5060096153846154 0.028846153846153848 0.04567307692307692
0 0.9290865384615384 0.37740384615384615 0.021634615384615384 0.03125
0 0.7860576923076923 0.40024038461538464 0.026442307692307692 0.04326923076923077
0 0.7391826923076923 0.47596153846153844 0.028846153846153848 0.03365384615384615
0 0.7692307692307693 0.5877403846153846 0.028846153846153848 0.04326923076923077
0 0.7980769230769231 0.5180288461538461 0.02403846153846154 0.04326923076923077
0 0.8449519230769231 0.6550480769230769 0.02403846153846154 0.04326923076923077
0 0.875 0.6069711538461539 0.021634615384615384 0.05048076923076923
0 0.7620192307692307 0.5372596153846154 0.028846153846153848 0.03365384615384615
0 0.71875 0.5432692307692307 0.021634615384615384 0.05048076923076923
0 0.8149038461538461 0.7115384615384616 0.026442307692307692 0.038461538461538464
0 0.7620192307692307 0.7271634615384616 0.021634615384615384 0.038461538461538464
0 0.7884615384615384 0.6887019230769231 0.021634615384615384 0.036057692307692304
0 0.8713942307692307 0.6814903846153846 0.02403846153846154 0.04326923076923077
0 0.8485576923076923 0.7331730769230769 0.026442307692307692 0.04807692307692308
0 0.7439903846153846 0.7451923076923077 0.028846153846153848 0.036057692307692304
0 0.8557692307692307 0.5480769230769231 0.028846153846153848 0.04807692307692308
0 0.9038461538461539 0.6598557692307693 0.026442307692307692 0.038461538461538464
0 0.8882211538461539 0.4735576923076923 0.026442307692307692 0.038461538461538464
0 0.796875 0.6057692307692307 0.026442307692307692 0.04807692307692308
0 0.8149038461538461 0.5612980769230769 0.026442307692307692 0.038461538461538464
0 0.8004807692307693 0.7415865384615384 0.026442307692307692 0.036057692307692304
0 0.7379807692307693 0.7884615384615384 0.02403846153846154 0.038461538461538464
0 0.7608173076923077 0.8100961538461539 0.028846153846153848 0.038461538461538464
0 0.6935096153846154 0.5060096153846154 0.028846153846153848 0.038461538461538464
0 0.8293269230769231 0.3762019230769231 0.02403846153846154 0.04567307692307692
0 0.8966346153846154 0.30649038461538464 0.021634615384615384 0.04326923076923077
0 0.8485576923076923 0.4387019230769231 0.028846153846153848 0.04567307692307692