0 0.07091346153846154 0.4495192307692308 0.03125 0.04567307692307692
0 0.08533653846153846 0.4170673076923077 0.026442307692307692 0.038461538461538464
0 0.08774038461538461 0.3317307692307692 0.02403846153846154 0.06009615384615385
0 0.10576923076923077 0.3425480769230769 0.036057692307692304 0.055288461538461536
0 0.15625 0.28725961538461536 0.036057692307692304 0.057692307692307696
0 0.19591346153846154 0.30288461538461536 0.03365384615384615 0.05048076923076923
0 0.14543269230769232 0.32211538461538464 0.028846153846153848 0.04567307692307692
0 0.11778846153846154 0.41586538461538464 0.026442307692307692 0.04807692307692308
0 0.10096153846153846 0.47475961538461536 0.02403846153846154 0.04326923076923077
0 0.10697115384615384 0.4579326923076923 0.026442307692307692 0.038461538461538464
0 0.12980769230769232 0.4567307692307692 0.021634615384615384 0.04326923076923077
0 0.1502403846153846 0.49038461538461536 0.026442307692307692 0.036057692307692304
0 0.16466346153846154 0.36658653846153844 0.03125 0.038461538461538464
0 0.13822115384615385 0.4266826923076923 0.02403846153846154 0.05048076923076923
0 0.16346153846153846 0.4387019230769231 0.026442307692307692 0.04326923076923077
0 0.23317307692307693 0.32211538461538464 0.028846153846153848 0.04807692307692308
0 0.2644230769230769 0.29086538461538464 0.026442307692307692 0.04807692307692308
0 0.2608173076923077 0.34615384615384615 0.026442307692307692 0.040865384615384616
0 0.28725961538461536 0.3557692307692308 0.026442307692307692 0.052884615384615384
0 0.2776442307692308 0.41225961538461536 0.03125 0.06009615384615385
0 0.21875 0.359375 0.02403846153846154 0.040865384615384616
0 0.2439903846153846 0.36778846153846156 0.03125 0.040865384615384616
0 0.19831730769230768 0.40865384615384615 0.028846153846153848 0.04567307692307692
0 0.22716346153846154 0.4495192307692308 0.028846153846153848 0.040865384615384616
0 0.25240384615384615 0.4483173076923077 0.026442307692307692 0.05048076923076923
0 0.17668269230769232 0.49038461538461536 0.021634615384615384 0.038461538461538464
0 0.20793269230769232 0.4723557692307692 0.028846153846153848 0.038461538461538464
0 0.23677884615384615 0.4951923076923077 0.026442307692307692 0.04326923076923077
0 0.22115384615384615 0.5180288461538461 0.021634615384615384 0.036057692307692304
0 0.24278846153846154 0.5300480769230769 0.02403846153846154 0.04326923076923077
0 0.27403846153846156 0.5492788461538461 0.03365384615384615 0.040865384615384616
0 0.30528846153846156 0.5288461538461539 0.03125 0.04567307692307692
0 0.265625 0.48197115384615385 0.026442307692307692 0.040865384615384616
0 0.2956730769230769 0.46875 0.02403846153846154 0.03365384615384615
0 0.31850961538461536 0.328125 0.02403846153846154 0.04807692307692308
0 0.3449519230769231 0.375 0.028846153846153848 0.04807692307692308
0 0.375 0.3485576923076923 0.03125 0.057692307692307696
0 0.39663461538461536 0.4014423076923077 0.026442307692307692 0.05048076923076923
0 0.4483173076923077 0.38822115384615385 0.026442307692307692 0.04807692307692308
0 0.421875 0.4182692307692308 0.028846153846153848 0.04326923076923077
0 0.40384615384615385 0.5432692307692307 0.02403846153846154 0.04567307692307692
0 0.43509615384615385 0.5649038461538461 0.028846153846153848 0.052884615384615384
0 0.4675480769230769 0.4338942307692308 0.026442307692307692 0.04326923076923077
0 0.46033653846153844 0.4831730769230769 0.026442307692307692 0.040865384615384616
0 0.453125 0.5144230769230769 0.028846153846153848 0.040865384615384616
0 0.4170673076923077 0.5144230769230769 0.028846153846153848 0.04326923076923077
0 0.41346153846153844 0.44471153846153844 0.02403846153846154 0.04567307692307692
0 0.5120192307692307 0.3762019230769231 0.03365384615384615 0.04567307692307692
0 0.5108173076923077 0.42427884615384615 0.03125 0.04326923076923077
0 0.5084134615384616 0.5132211538461539 0.028846153846153848 0.05048076923076923
0 0.5384615384615384 0.46875 0.028846153846153848 0.05048076923076923
0 0.5576923076923077 0.5288461538461539 0.028846153846153848 0.04326923076923077
0 0.5757211538461539 0.39302884615384615 0.026442307692307692 0.04567307692307692
0 0.6153846153846154 0.3004807692307692 0.03125 0.052884615384615384
0 0.6526442307692307 0.3269230769230769 0.03365384615384615 0.055288461538461536
0 0.6862980769230769 0.3581730769230769 0.028846153846153848 0.052884615384615384
0 0.6286057692307693 0.3954326923076923 0.03125 0.04326923076923077
0 0.5757211538461539 0.4639423076923077 0.028846153846153848 0.05048076923076923
0 0.6033653846153846 0.4807692307692308 0.026442307692307692 0.052884615384615384
0 0.5961538461538461 0.5480769230769231 0.028846153846153848 0.038461538461538464
0 0.5877403846153846 0.6033653846153846 0.026442307692307692 0.04807692307692308
0 0.5769230769230769 0.6442307692307693 0.028846153846153848 0.04326923076923077
0 0.5408653846153846 0.5805288461538461 0.028846153846153848 0.04326923076923077
0 0.6322115384615384 0.48677884615384615 0.028846153846153848 0.04807692307692308
0 0.6670673076923077 0.5060096153846154 0.036057692307692304 0.04807692307692308
0 0.6706730769230769 0.44350961538461536 0.028846153846153848 0.052884615384615384
0 0.6286057692307693 0.578125 0.028846153846153848 0.028846153846153848
0 0.7067307692307693 0.5012019230769231 0.028846153846153848 0.05048076923076923
0 0.7223557692307693 0.4206730769230769 0.028846153846153848 0.040865384615384616
0 0.7632211538461539 0.39663461538461536 0.03365384615384615 0.0625
0 0.7259615384615384 0.3545673076923077 0.03125 0.057692307692307696
0 0.6634615384615384 0.6069711538461539 0.028846153846153848 0.036057692307692304
0 0.6923076923076923 0.6105769230769231 0.026442307692307692 0.036057692307692304
0 0.7007211538461539 0.6454326923076923 0.028846153846153848 0.028846153846153848
0 0.7355769230769231 0.6838942307692307 0.026442307692307692 0.03365384615384615
0 0.7211538461538461 0.6153846153846154 0.028846153846153848 0.028846153846153848
0 0.7115384615384616 0.5805288461538461 0.026442307692307692 0.038461538461538464
0 0.7680288461538461 0.4855769230769231 0.028846153846153848 0.04567307692307692
0 0.7668269230769231 0.5588942307692307 0.026442307692307692 0.03365384615384615
0 0.7728365384615384 0.6021634615384616 0.028846153846153848 0.038461538461538464
0 0.7391826923076923 0.5901442307692307 0.028846153846153848 0.03125
0 0.7463942307692307 0.6274038461538461 0.026442307692307692 0.038461538461538464
0 0.8233173076923077 0.5516826923076923 0.03125 0.040865384615384616
0 0.7884615384615384 0.44471153846153844 0.03365384615384615 0.040865384615384616
0 0.8004807692307693 0.4699519230769231 0.03365384615384615 0.040865384615384616
0 0.6826923076923077 0.5552884615384616 0.026442307692307692 0.036057692307692304
0 0.8617788461538461 0.6153846153846154 0.028846153846153848 0.040865384615384616
0 0.9146634615384616 0.6466346153846154 0.03125 0.04807692307692308
0 0.9266826923076923 0.7151442307692307 0.03125 0.03125
0 0.8557692307692307 0.6646634615384616 0.028846153846153848 0.03365384615384615
0 0.8269230769230769 0.6658653846153846 0.028846153846153848 0.03365384615384615
0 0.8173076923076923 0.7103365384615384 0.028846153846153848 0.038461538461538464
0 0.7932692307692307 0.6634615384615384 0.03125 0.03365384615384615
0 0.828125 0.6201923076923077 0.026442307692307692 0.038461538461538464
0 0.7451923076923077 0.5072115384615384 0.026442307692307692 0.05048076923076923
0 0.8004807692307693 0.5685096153846154 0.026442307692307692 0.038461538461538464
0 0.6045673076923077 0.42788461538461536 0.028846153846153848 0.04567307692307692