0 0.859375 0.14182692307692307 0.27403846153846156 0.25961538461538464
0 0.07211538461538461 0.08173076923076923 0.14423076923076922 0.15384615384615385
0 0.8521634615384616 0.06129807692307692 0.28125 0.11538461538461539
0 0.6346153846153846 0.10817307692307693 0.28365384615384615 0.21153846153846154
0 0.8918269230769231 0.06610576923076923 0.20192307692307693 0.12259615384615384
0 0.8822115384615384 0.23798076923076922 0.23076923076923078 0.25240384615384615
0 0.6310096153846154 0.7019230769230769 0.2980769230769231 0.30288461538461536
0 0.8990384615384616 0.8269230769230769 0.20192307692307693 0.21634615384615385
0 0.8990384615384616 0.6586538461538461 0.20192307692307693 0.22596153846153846
0 0.17548076923076922 0.20432692307692307 0.30288461538461536 0.30528846153846156
0 0.12620192307692307 0.0673076923076923 0.25240384615384615 0.12980769230769232
0 0.39783653846153844 0.09495192307692307 0.23317307692307693 0.1875
0 0.6514423076923077 0.06850961538461539 0.34134615384615385 0.13221153846153846
0 0.18870192307692307 0.08774038461538461 0.2403846153846154 0.17067307692307693