0 0.9699519230769231 0.9819711538461539 0.06009615384615385 0.02403846153846154
0 0.9891826923076923 0.8810096153846154 0.021634615384615384 0.052884615384615384
0 0.8894230769230769 0.8533653846153846 0.07692307692307693 0.052884615384615384
0 0.9771634615384616 0.9735576923076923 0.04567307692307692 0.040865384615384616
0 0.9555288461538461 0.9170673076923077 0.06490384615384616 0.0673076923076923
0 0.8197115384615384 0.9375 0.07692307692307693 0.04807692307692308
0 0.8305288461538461 0.8052884615384616 0.06009615384615385 0.0625
0 0.9723557692307693 0.7728365384615384 0.055288461538461536 0.052884615384615384
0 0.9338942307692307 0.7127403846153846 0.07692307692307693 0.04807692307692308
0 0.8341346153846154 0.7043269230769231 0.07211538461538461 0.052884615384615384
0 0.8413461538461539 0.6502403846153846 0.0625 0.0625
0 0.4254807692307692 0.036057692307692304 0.057692307692307696 0.028846153846153848
0 0.4807692307692308 0.052884615384615384 0.04807692307692308 0.019230769230769232
0 0.5252403846153846 0.03125 0.036057692307692304 0.036057692307692304
0 0.3293269230769231 0.203125 0.0625 0.036057692307692304
0 0.40384615384615385 0.15144230769230768 0.057692307692307696 0.028846153846153848
0 0.33774038461538464 0.27163461538461536 0.06490384615384616 0.028846153846153848
0 0.33653846153846156 0.30528846153846156 0.0625 0.038461538461538464
0 0.38822115384615385 0.3329326923076923 0.06490384615384616 0.026442307692307692
0 0.4050480769230769 0.27403846153846156 0.0673076923076923 0.03365384615384615
0 0.43028846153846156 0.4411057692307692 0.0673076923076923 0.036057692307692304
0 0.3894230769230769 0.4050480769230769 0.04807692307692308 0.05048076923076923
0 0.35697115384615385 0.3737980769230769 0.057692307692307696 0.03125
0 0.4735576923076923 0.2956730769230769 0.0625 0.038461538461538464
0 0.43990384615384615 0.3581730769230769 0.04807692307692308 0.04807692307692308
0 0.5300480769230769 0.36538461538461536 0.055288461538461536 0.03125
0 0.5204326923076923 0.40024038461538464 0.06490384615384616 0.03365384615384615
0 0.9375 0.18028846153846154 0.04807692307692308 0.03125
0 0.9855769230769231 0.13581730769230768 0.028846153846153848 0.028846153846153848
0 0.8485576923076923 0.19591346153846154 0.052884615384615384 0.028846153846153848
0 0.9831730769230769 0.17908653846153846 0.03365384615384615 0.028846153846153848
0 0.9903846153846154 0.2764423076923077 0.019230769230769232 0.021634615384615384
0 0.9543269230769231 0.2548076923076923 0.04807692307692308 0.028846153846153848
0 0.7992788461538461 0.23317307692307693 0.036057692307692304 0.038461538461538464
0 0.9831730769230769 0.08173076923076923 0.03365384615384615 0.02403846153846154
0 0.9435096153846154 0.0829326923076923 0.03125 0.03365384615384615
0 0.9855769230769231 0.06129807692307692 0.028846153846153848 0.028846153846153848
0 0.9783653846153846 0.6634615384615384 0.04326923076923077 0.04567307692307692
0 0.7956730769230769 0.5853365384615384 0.0625 0.06490384615384616
0 0.7908653846153846 0.4951923076923077 0.0673076923076923 0.038461538461538464
0 0.8774038461538461 0.5913461538461539 0.0625 0.0625
0 0.9699519230769231 0.5625 0.06009615384615385 0.04326923076923077
0 0.9362980769230769 0.49399038461538464 0.0625 0.0625
0 0.9939903846153846 0.49759615384615385 0.01201923076923077 0.04326923076923077
0 0.5348557692307693 0.5192307692307693 0.05048076923076923 0.05048076923076923
0 0.47475961538461536 0.4807692307692308 0.057692307692307696 0.038461538461538464
0 0.6418269230769231 0.484375 0.057692307692307696 0.03365384615384615
0 0.6478365384615384 0.40625 0.05048076923076923 0.05048076923076923
0 0.8389423076923077 0.46274038461538464 0.0625 0.040865384615384616
0 0.9495192307692307 0.40625 0.0625 0.040865384615384616
0 0.8377403846153846 0.30528846153846156 0.06009615384615385 0.03365384615384615
0 0.42908653846153844 0.23918269230769232 0.055288461538461536 0.04567307692307692
0 0.4951923076923077 0.21634615384615385 0.0625 0.04326923076923077
0 0.5264423076923077 0.28365384615384615 0.04807692307692308 0.05048076923076923
0 0.5913461538461539 0.07932692307692307 0.04807692307692308 0.04567307692307692
0 0.6802884615384616 0.039663461538461536 0.038461538461538464 0.04326923076923077
0 0.7608173076923077 0.09375 0.06490384615384616 0.03365384615384615
0 0.6346153846153846 0.12139423076923077 0.0625 0.03365384615384615
0 0.5817307692307693 0.18629807692307693 0.0673076923076923 0.03365384615384615
0 0.6418269230769231 0.21033653846153846 0.052884615384615384 0.04807692307692308
0 0.7067307692307693 0.21514423076923078 0.057692307692307696 0.038461538461538464
0 0.5853365384615384 0.34975961538461536 0.04807692307692308 0.04807692307692308
0 0.5504807692307693 0.11057692307692307 0.04326923076923077 0.04567307692307692
0 0.6033653846153846 0.042067307692307696 0.052884615384615384 0.03365384615384615
0 0.4807692307692308 0.14302884615384615 0.052884615384615384 0.055288461538461536
0 0.44471153846153844 0.18509615384615385 0.052884615384615384 0.04807692307692308
0 0.7548076923076923 0.32091346153846156 0.057692307692307696 0.040865384615384616
0 0.7692307692307693 0.39302884615384615 0.0625 0.036057692307692304
0 0.7067307692307693 0.4387019230769231 0.04807692307692308 0.04807692307692308
0 0.7163461538461539 0.265625 0.04807692307692308 0.052884615384615384
0 0.5516826923076923 0.25721153846153844 0.07451923076923077 0.038461538461538464
0 0.5769230769230769 0.31850961538461536 0.0625 0.038461538461538464
0 0.5384615384615384 0.44591346153846156 0.052884615384615384 0.052884615384615384
0 0.8605769230769231 0.1310096153846154 0.04326923076923077 0.040865384615384616
0 0.859375 0.10216346153846154 0.052884615384615384 0.03125
0 0.7584134615384616 0.16706730769230768 0.040865384615384616 0.040865384615384616
0 0.8617788461538461 0.26322115384615385 0.04567307692307692 0.04567307692307692
0 0.8894230769230769 0.7872596153846154 0.0625 0.06490384615384616
0 0.9459134615384616 0.609375 0.06009615384615385 0.0625
0 0.7980769230769231 0.7596153846153846 0.07692307692307693 0.04326923076923077
0 0.9483173076923077 0.45552884615384615 0.055288461538461536 0.052884615384615384
0 0.9879807692307693 0.375 0.02403846153846154 0.026442307692307692
0 0.6586538461538461 0.3629807692307692 0.04807692307692308 0.04567307692307692
0 0.6838942307692307 0.3125 0.0625 0.036057692307692304
0 0.5516826923076923 0.21754807692307693 0.06490384615384616 0.03365384615384615
0 0.6550480769230769 0.08173076923076923 0.055288461538461536 0.03365384615384615
0 0.5144230769230769 0.08052884615384616 0.038461538461538464 0.040865384615384616
0 0.2848557692307692 0.15865384615384615 0.05048076923076923 0.05048076923076923
0 0.3557692307692308 0.12980769230769232 0.04326923076923077 0.04326923076923077
0 0.46153846153846156 0.10576923076923077 0.052884615384615384 0.03365384615384615
0 0.5949519230769231 0.15504807692307693 0.0625 0.038461538461538464
0 0.6610576923076923 0.1502403846153846 0.04326923076923077 0.04807692307692308
0 0.6117788461538461 0.002403846153846154 0.036057692307692304 0.004807692307692308
0 0.42427884615384615 0.003605769230769231 0.036057692307692304 0.007211538461538462