0 0.02403846153846154 0.5396634615384616 0.04807692307692308 0.06490384615384616
0 0.01201923076923077 0.6670673076923077 0.02403846153846154 0.07451923076923077
0 0.039663461538461536 0.6502403846153846 0.06490384615384616 0.08413461538461539
0 0.019230769230769232 0.7403846153846154 0.038461538461538464 0.04807692307692308
0 0.036057692307692304 0.38341346153846156 0.057692307692307696 0.09375
0 0.12259615384615384 0.3125 0.0625 0.09375
0 0.0985576923076923 0.4050480769230769 0.0673076923076923 0.06971153846153846
0 0.11899038461538461 0.47596153846153844 0.06009615384615385 0.0673076923076923
0 0.0625 0.47475961538461536 0.057692307692307696 0.06009615384615385
0 0.12620192307692307 0.5865384615384616 0.07932692307692307 0.07932692307692307
0 0.0985576923076923 0.6730769230769231 0.052884615384615384 0.0673076923076923
0 0.109375 0.7740384615384616 0.052884615384615384 0.055288461538461536
0 0.057692307692307696 0.7199519230769231 0.04807692307692308 0.04567307692307692
0 0.18509615384615385 0.359375 0.0625 0.09615384615384616
0 0.20432692307692307 0.47596153846153844 0.0673076923076923 0.06971153846153846
0 0.2704326923076923 0.32211538461538464 0.055288461538461536 0.07932692307692307
0 0.2548076923076923 0.44471153846153844 0.0625 0.0625
0 0.3016826923076923 0.4963942307692308 0.07932692307692307 0.08173076923076923
0 0.33052884615384615 0.3605769230769231 0.06490384615384616 0.0673076923076923
0 0.3798076923076923 0.5757211538461539 0.0673076923076923 0.06971153846153846
0 0.36658653846153844 0.4326923076923077 0.06009615384615385 0.0625
0 0.3870192307692308 0.18389423076923078 0.07211538461538461 0.07451923076923077
0 0.21875 0.6153846153846154 0.07211538461538461 0.06971153846153846
0 0.1502403846153846 0.7307692307692307 0.04567307692307692 0.0673076923076923
0 0.24519230769230768 0.7403846153846154 0.057692307692307696 0.057692307692307696
0 0.3004807692307692 0.5913461538461539 0.07211538461538461 0.06971153846153846
0 0.3088942307692308 0.7139423076923077 0.04567307692307692 0.07932692307692307
0 0.49278846153846156 0.7487980769230769 0.07692307692307693 0.07932692307692307
0 0.4387019230769231 0.40384615384615385 0.06490384615384616 0.0625
0 0.3954326923076923 0.3269230769230769 0.07932692307692307 0.08173076923076923
0 0.46634615384615385 0.28846153846153844 0.0625 0.08653846153846154
0 0.39783653846153844 0.65625 0.06009615384615385 0.0625
0 0.23197115384615385 0.8329326923076923 0.05048076923076923 0.08173076923076923
0 0.43149038461538464 0.5456730769230769 0.04567307692307692 0.07692307692307693
0 0.5168269230769231 0.22235576923076922 0.0673076923076923 0.0673076923076923
0 0.5805288461538461 0.21995192307692307 0.04326923076923077 0.07211538461538461
0 0.6346153846153846 0.26322115384615385 0.052884615384615384 0.07692307692307693
0 0.6923076923076923 0.2848557692307692 0.0673076923076923 0.0673076923076923
0 0.7716346153846154 0.25600961538461536 0.04807692307692308 0.08413461538461539
0 0.8701923076923077 0.2800480769230769 0.0625 0.06490384615384616
0 0.546875 0.30649038461538464 0.06009615384615385 0.08173076923076923
0 0.5516826923076923 0.4014423076923077 0.06971153846153846 0.06971153846153846
0 0.5144230769230769 0.5084134615384616 0.052884615384615384 0.0889423076923077
0 0.5384615384615384 0.6225961538461539 0.057692307692307696 0.055288461538461536
0 0.6057692307692307 0.47475961538461536 0.04807692307692308 0.07692307692307693
0 0.5889423076923077 0.5516826923076923 0.057692307692307696 0.057692307692307696
0 0.6177884615384616 0.6778846153846154 0.04807692307692308 0.06009615384615385
0 0.6754807692307693 0.4495192307692308 0.07211538461538461 0.07451923076923077
0 0.6177884615384616 0.36658653846153844 0.0673076923076923 0.0673076923076923
0 0.6935096153846154 0.36899038461538464 0.06971153846153846 0.0673076923076923
0 0.7572115384615384 0.34375 0.057692307692307696 0.0673076923076923
0 0.7427884615384616 0.5216346153846154 0.052884615384615384 0.08653846153846154
0 0.6899038461538461 0.5600961538461539 0.04807692307692308 0.08413461538461539
0 0.6646634615384616 0.640625 0.05048076923076923 0.052884615384615384
0 0.7079326923076923 0.7548076923076923 0.06490384615384616 0.06490384615384616
0 0.7872596153846154 0.4543269230769231 0.05048076923076923 0.08653846153846154
0 0.734375 0.41586538461538464 0.06490384615384616 0.0625
0 0.8545673076923077 0.42427884615384615 0.04567307692307692 0.07932692307692307
0 0.8461538461538461 0.5204326923076923 0.057692307692307696 0.057692307692307696
0 0.8966346153846154 0.4675480769230769 0.0625 0.06490384615384616
0 0.9254807692307693 0.5625 0.0625 0.057692307692307696
0 0.8485576923076923 0.5901442307692307 0.0625 0.06009615384615385
0 0.9495192307692307 0.6766826923076923 0.03365384615384615 0.07692307692307693
0 0.9014423076923077 0.34975961538461536 0.052884615384615384 0.06490384615384616
0 0.8557692307692307 0.65625 0.052884615384615384 0.052884615384615384
0 0.8882211538461539 0.6033653846153846 0.040865384615384616 0.057692307692307696
0 0.8713942307692307 0.037259615384615384 0.055288461538461536 0.055288461538461536
0 0.921875 0.01201923076923077 0.04807692307692308 0.02403846153846154
0 0.9639423076923077 0.01201923076923077 0.03365384615384615 0.02403846153846154
0 0.9903846153846154 0.04927884615384615 0.019230769230769232 0.057692307692307696
0 0.9807692307692307 0.1778846153846154 0.038461538461538464 0.0889423076923077
0 0.90625 0.15865384615384615 0.052884615384615384 0.04807692307692308
0 0.9471153846153846 0.2439903846153846 0.03365384615384615 0.0625
0 0.9855769230769231 0.3245192307692308 0.028846153846153848 0.06009615384615385
0 0.9855769230769231 0.5757211538461539 0.028846153846153848 0.038461538461538464
0 0.9867788461538461 0.7319711538461539 0.026442307692307692 0.0625
0 0.9903846153846154 0.6598557692307693 0.019230769230769232 0.02403846153846154
0 0.9543269230769231 0.06129807692307692 0.04326923076923077 0.07211538461538461
0 0.9182692307692307 0.046875 0.03365384615384615 0.06490384615384616
0 0.9651442307692307 0.5024038461538461 0.04807692307692308 0.05048076923076923