0 0.018028846153846152 0.5841346153846154 0.036057692307692304 0.057692307692307696
0 0.055288461538461536 0.6670673076923077 0.04326923076923077 0.06009615384615385
0 0.15264423076923078 0.5769230769230769 0.052884615384615384 0.06009615384615385
0 0.12620192307692307 0.6574519230769231 0.04567307692307692 0.057692307692307696
0 0.18870192307692307 0.4014423076923077 0.05048076923076923 0.06971153846153846
0 0.17067307692307693 0.47716346153846156 0.06009615384615385 0.06971153846153846
0 0.12379807692307693 0.4543269230769231 0.040865384615384616 0.0673076923076923
0 0.29447115384615385 0.4074519230769231 0.040865384615384616 0.06490384615384616
0 0.2800480769230769 0.5036057692307693 0.04326923076923077 0.057692307692307696
0 0.2536057692307692 0.6225961538461539 0.04326923076923077 0.06490384615384616
0 0.18990384615384615 0.6069711538461539 0.04326923076923077 0.06971153846153846
0 0.3137019230769231 0.609375 0.04567307692307692 0.057692307692307696
0 0.31490384615384615 0.5420673076923077 0.04326923076923077 0.0673076923076923
0 0.3737980769230769 0.3088942307692308 0.04567307692307692 0.06490384615384616
0 0.20432692307692307 0.7055288461538461 0.038461538461538464 0.0673076923076923
0 0.17067307692307693 0.7391826923076923 0.04326923076923077 0.05048076923076923
0 0.27283653846153844 0.7163461538461539 0.038461538461538464 0.04567307692307692
0 0.3173076923076923 0.6983173076923077 0.036057692307692304 0.052884615384615384
0 0.36658653846153844 0.5985576923076923 0.038461538461538464 0.055288461538461536
0 0.38100961538461536 0.41466346153846156 0.04807692307692308 0.055288461538461536
0 0.4543269230769231 0.7235576923076923 0.05048076923076923 0.0625
0 0.42908653846153844 0.3737980769230769 0.040865384615384616 0.06971153846153846
0 0.4723557692307692 0.33533653846153844 0.040865384615384616 0.055288461538461536
0 0.4699519230769231 0.546875 0.04326923076923077 0.06009615384615385
0 0.4951923076923077 0.4699519230769231 0.040865384615384616 0.06009615384615385
0 0.5132211538461539 0.3269230769230769 0.03365384615384615 0.0673076923076923
0 0.5564903846153846 0.36177884615384615 0.04326923076923077 0.07211538461538461
0 0.6009615384615384 0.3762019230769231 0.038461538461538464 0.06490384615384616
0 0.546875 0.43990384615384615 0.040865384615384616 0.0673076923076923
0 0.5336538461538461 0.5252403846153846 0.040865384615384616 0.06009615384615385
0 0.5396634615384616 0.6646634615384616 0.040865384615384616 0.06490384615384616
0 0.4831730769230769 0.6225961538461539 0.040865384615384616 0.04326923076923077
0 0.6298076923076923 0.5516826923076923 0.040865384615384616 0.0625
0 0.7271634615384616 0.36778846153846156 0.040865384615384616 0.06490384615384616
0 0.6538461538461539 0.3473557692307692 0.038461538461538464 0.06490384615384616
0 0.6442307692307693 0.4206730769230769 0.038461538461538464 0.0673076923076923
0 0.5853365384615384 0.49759615384615385 0.04326923076923077 0.06971153846153846
0 0.5769230769230769 0.6382211538461539 0.038461538461538464 0.055288461538461536
0 0.4879807692307692 0.39663461538461536 0.04807692307692308 0.0625
0 0.71875 0.4855769230769231 0.04326923076923077 0.08413461538461539
0 0.765625 0.5805288461538461 0.040865384615384616 0.04807692307692308
0 0.78125 0.6694711538461539 0.03125 0.04807692307692308
0 0.7091346153846154 0.5516826923076923 0.036057692307692304 0.04807692307692308
0 0.6634615384615384 0.5024038461538461 0.036057692307692304 0.05048076923076923
0 0.2620192307692308 0.7824519230769231 0.04567307692307692 0.04807692307692308
0 0.09014423076923077 0.7139423076923077 0.052884615384615384 0.04567307692307692
0 0.4110576923076923 0.4735576923076923 0.05048076923076923 0.052884615384615384
0 0.4074519230769231 0.578125 0.040865384615384616 0.0625
0 0.35697115384615385 0.49278846153846156 0.04567307692307692 0.06009615384615385
0 0.33774038461538464 0.4375 0.04326923076923077 0.055288461538461536
0 0.7271634615384616 0.19230769230769232 0.036057692307692304 0.05048076923076923
0 0.7632211538461539 0.15144230769230768 0.038461538461538464 0.052884615384615384
0 0.8269230769230769 0.09615384615384616 0.03125 0.052884615384615384
0 0.7944711538461539 0.12139423076923077 0.036057692307692304 0.04326923076923077
0 0.8557692307692307 0.07932692307692307 0.028846153846153848 0.04807692307692308
0 0.9122596153846154 0.07211538461538461 0.03125 0.055288461538461536
0 0.9891826923076923 0.0829326923076923 0.021634615384615384 0.055288461538461536
0 0.9567307692307693 0.1622596153846154 0.028846153846153848 0.052884615384615384
0 0.8509615384615384 0.21394230769230768 0.03365384615384615 0.055288461538461536
0 0.8100961538461539 0.3016826923076923 0.03365384615384615 0.06490384615384616
0 0.7487980769230769 0.27524038461538464 0.03125 0.057692307692307696
0 0.9098557692307693 0.18870192307692307 0.03125 0.052884615384615384
0 0.9591346153846154 0.3317307692307692 0.026442307692307692 0.052884615384615384
0 0.9723557692307693 0.21995192307692307 0.026442307692307692 0.057692307692307696
0 0.953125 0.38822115384615385 0.03125 0.04567307692307692
0 0.9567307692307693 0.5673076923076923 0.026442307692307692 0.05048076923076923
0 0.8725961538461539 0.47115384615384615 0.03125 0.057692307692307696
0 0.8701923076923077 0.4074519230769231 0.040865384615384616 0.055288461538461536
0 0.9567307692307693 0.6706730769230769 0.028846153846153848 0.052884615384615384
0 0.8161057692307693 0.7079326923076923 0.028846153846153848 0.04326923076923077
0 0.8100961538461539 0.4050480769230769 0.028846153846153848 0.04567307692307692
0 0.9302884615384616 0.4519230769230769 0.03125 0.04567307692307692
0 0.9146634615384616 0.6298076923076923 0.03365384615384615 0.038461538461538464
0 0.7908653846153846 0.5360576923076923 0.03125 0.038461538461538464
0 0.9122596153846154 0.23677884615384615 0.03125 0.04326923076923077
0 0.859375 0.2692307692307692 0.038461538461538464 0.04326923076923077
0 0.5985576923076923 0.4362980769230769 0.038461538461538464 0.052884615384615384
0 0.6033653846153846 0.7199519230769231 0.03365384615384615 0.05048076923076923
0 0.3786057692307692 0.6538461538461539 0.040865384615384616 0.04326923076923077
0 0.07692307692307693 0.5745192307692307 0.05048076923076923 0.0625