0 0.025240384615384616 0.7512019230769231 0.04567307692307692 0.04567307692307692
0 0.0625 0.8149038461538461 0.040865384615384616 0.04326923076923077
0 0.08052884615384616 0.7319711538461539 0.04807692307692308 0.055288461538461536
0 0.18028846153846154 0.5769230769230769 0.04326923076923077 0.0673076923076923
0 0.12139423076923077 0.6274038461538461 0.04326923076923077 0.055288461538461536
0 0.1658653846153846 0.6382211538461539 0.05048076923076923 0.04807692307692308
0 0.12620192307692307 0.8016826923076923 0.04326923076923077 0.04326923076923077
0 0.27283653846153844 0.5661057692307693 0.04326923076923077 0.05048076923076923
0 0.34134615384615385 0.4699519230769231 0.040865384615384616 0.06009615384615385
0 0.35336538461538464 0.5685096153846154 0.038461538461538464 0.055288461538461536
0 0.3125 0.5889423076923077 0.036057692307692304 0.05048076923076923
0 0.2956730769230769 0.6838942307692307 0.036057692307692304 0.04326923076923077
0 0.26322115384615385 0.6514423076923077 0.036057692307692304 0.057692307692307696
0 0.24158653846153846 0.7620192307692307 0.038461538461538464 0.05048076923076923
0 0.18269230769230768 0.7560096153846154 0.04567307692307692 0.04807692307692308
0 0.2980769230769231 0.8161057692307693 0.036057692307692304 0.038461538461538464
0 0.34134615384615385 0.7247596153846154 0.036057692307692304 0.05048076923076923
0 0.4254807692307692 0.8221153846153846 0.03365384615384615 0.052884615384615384
0 0.3545673076923077 0.7740384615384616 0.038461538461538464 0.040865384615384616
0 0.37740384615384615 0.7019230769230769 0.036057692307692304 0.05048076923076923
0 0.3954326923076923 0.5336538461538461 0.038461538461538464 0.057692307692307696
0 0.43149038461538464 0.49038461538461536 0.038461538461538464 0.05048076923076923
0 0.5048076923076923 0.5048076923076923 0.03365384615384615 0.06009615384615385
0 0.5420673076923077 0.5096153846153846 0.036057692307692304 0.04807692307692308
0 0.4951923076923077 0.5697115384615384 0.03365384615384615 0.052884615384615384
0 0.4543269230769231 0.5949519230769231 0.038461538461538464 0.055288461538461536
0 0.44711538461538464 0.5372596153846154 0.04326923076923077 0.04807692307692308
0 0.49038461538461536 0.6394230769230769 0.036057692307692304 0.04807692307692308
0 0.44591346153846156 0.7319711538461539 0.036057692307692304 0.04326923076923077
0 0.4326923076923077 0.6682692307692307 0.040865384615384616 0.05048076923076923
0 0.5012019230769231 0.7668269230769231 0.03365384615384615 0.057692307692307696
0 0.53125 0.6189903846153846 0.038461538461538464 0.052884615384615384
0 0.5745192307692307 0.6586538461538461 0.03365384615384615 0.052884615384615384
0 0.1971153846153846 0.8401442307692307 0.038461538461538464 0.04807692307692308
0 0.2620192307692308 0.8389423076923077 0.036057692307692304 0.04807692307692308
0 0.2956730769230769 0.7379807692307693 0.04326923076923077 0.052884615384615384
0 0.09254807692307693 0.859375 0.04807692307692308 0.04326923076923077
0 0.1658653846153846 0.8653846153846154 0.036057692307692304 0.04326923076923077
0 0.22956730769230768 0.6790865384615384 0.04326923076923077 0.04807692307692308
0 0.21754807692307693 0.6009615384615384 0.03125 0.05048076923076923
0 0.3786057692307692 0.6105769230769231 0.040865384615384616 0.04326923076923077
0 0.5889423076923077 0.4879807692307692 0.028846153846153848 0.05048076923076923
0 0.6538461538461539 0.49399038461538464 0.038461538461538464 0.04807692307692308
0 0.5841346153846154 0.5456730769230769 0.03365384615384615 0.055288461538461536
0 0.6033653846153846 0.609375 0.03365384615384615 0.04326923076923077
0 0.6490384615384616 0.5925480769230769 0.038461538461538464 0.057692307692307696
0 0.6923076923076923 0.6622596153846154 0.03365384615384615 0.052884615384615384
0 0.5324519230769231 0.7355769230769231 0.028846153846153848 0.04807692307692308
0 0.6454326923076923 0.6502403846153846 0.03365384615384615 0.03365384615384615
0 0.6490384615384616 0.3233173076923077 0.026442307692307692 0.04807692307692308
0 0.6802884615384616 0.28725961538461536 0.028846153846153848 0.04567307692307692
0 0.7079326923076923 0.25600961538461536 0.026442307692307692 0.04567307692307692
0 0.7355769230769231 0.23317307692307693 0.026442307692307692 0.04567307692307692
0 0.7572115384615384 0.21634615384615385 0.021634615384615384 0.04326923076923077
0 0.7836538461538461 0.2403846153846154 0.02403846153846154 0.04567307692307692
0 0.8064903846153846 0.21033653846153846 0.02403846153846154 0.04567307692307692
0 0.8293269230769231 0.2127403846153846 0.02403846153846154 0.04567307692307692
0 0.8762019230769231 0.21033653846153846 0.02403846153846154 0.04807692307692308
0 0.8497596153846154 0.203125 0.019230769230769232 0.04326923076923077
0 0.9098557692307693 0.2692307692307692 0.02403846153846154 0.04326923076923077
0 0.8533653846153846 0.28125 0.026442307692307692 0.038461538461538464
0 0.8088942307692307 0.30528846153846156 0.026442307692307692 0.04326923076923077
0 0.7620192307692307 0.3329326923076923 0.028846153846153848 0.04807692307692308
0 0.7259615384615384 0.41346153846153844 0.026442307692307692 0.04567307692307692
0 0.6730769230769231 0.39783653846153844 0.026442307692307692 0.036057692307692304
0 0.734375 0.32211538461538464 0.026442307692307692 0.04567307692307692
0 0.7307692307692307 0.49759615384615385 0.026442307692307692 0.03365384615384615
0 0.78125 0.49278846153846156 0.028846153846153848 0.038461538461538464
0 0.8629807692307693 0.4266826923076923 0.026442307692307692 0.04326923076923077
0 0.8233173076923077 0.4735576923076923 0.02403846153846154 0.036057692307692304
0 0.8653846153846154 0.3245192307692308 0.026442307692307692 0.040865384615384616
0 0.8137019230769231 0.3425480769230769 0.026442307692307692 0.038461538461538464
0 0.8713942307692307 0.6213942307692307 0.02403846153846154 0.036057692307692304
0 0.8413461538461539 0.5288461538461539 0.02403846153846154 0.03365384615384615
0 0.859375 0.4675480769230769 0.026442307692307692 0.036057692307692304
0 0.7896634615384616 0.546875 0.026442307692307692 0.03125
0 0.7175480769230769 0.609375 0.028846153846153848 0.038461538461538464
0 0.75 0.7644230769230769 0.02403846153846154 0.038461538461538464
0 0.71875 0.7307692307692307 0.02403846153846154 0.03365384615384615
0 0.8377403846153846 0.6826923076923077 0.026442307692307692 0.03365384615384615
0 0.8725961538461539 0.7199519230769231 0.02403846153846154 0.036057692307692304
0 0.9002403846153846 0.6634615384615384 0.021634615384615384 0.03125
0 0.9338942307692307 0.7331730769230769 0.019230769230769232 0.03365384615384615
0 0.9314903846153846 0.6947115384615384 0.021634615384615384 0.03365384615384615
0 0.9326923076923077 0.3713942307692308 0.021634615384615384 0.040865384615384616
0 0.9555288461538461 0.34975961538461536 0.02403846153846154 0.04326923076923077
0 0.9555288461538461 0.4026442307692308 0.021634615384615384 0.038461538461538464
0 0.8810096153846154 0.3894230769230769 0.026442307692307692 0.040865384615384616
0 0.9362980769230769 0.5120192307692307 0.026442307692307692 0.040865384615384616
0 0.9759615384615384 0.46153846153846156 0.02403846153846154 0.038461538461538464
0 0.8882211538461539 0.5096153846153846 0.021634615384615384 0.04326923076923077
0 0.9074519230769231 0.578125 0.021634615384615384 0.04326923076923077
0 0.8641826923076923 0.5649038461538461 0.02403846153846154 0.036057692307692304
0 0.9242788461538461 0.43028846153846156 0.02403846153846154 0.040865384615384616
0 0.9891826923076923 0.2920673076923077 0.021634615384615384 0.03365384615384615
0 0.9891826923076923 0.3605769230769231 0.021634615384615384 0.038461538461538464
0 0.9158653846153846 0.32572115384615385 0.026442307692307692 0.04326923076923077
0 0.8870192307692307 0.2920673076923077 0.021634615384615384 0.038461538461538464
0 0.8605769230769231 0.3629807692307692 0.02403846153846154 0.04326923076923077
0 0.7379807692307693 0.6526442307692307 0.021634615384615384 0.03365384615384615
0 0.7019230769230769 0.5240384615384616 0.02403846153846154 0.04326923076923077