0 0.20072115384615385 0.6610576923076923 0.036057692307692304 0.055288461538461536
0 0.10697115384615384 0.8245192307692307 0.040865384615384616 0.055288461538461536
0 0.4375 0.5432692307692307 0.038461538461538464 0.038461538461538464
0 0.3473557692307692 0.5336538461538461 0.036057692307692304 0.057692307692307696
0 0.2848557692307692 0.6418269230769231 0.03125 0.036057692307692304
0 0.25240384615384615 0.7451923076923077 0.038461538461538464 0.038461538461538464
0 0.3870192307692308 0.75 0.038461538461538464 0.040865384615384616
0 0.25841346153846156 0.8341346153846154 0.03365384615384615 0.036057692307692304
0 0.15504807692307693 0.8786057692307693 0.05048076923076923 0.05048076923076923
0 0.0889423076923077 0.9050480769230769 0.03125 0.038461538461538464
0 0.4987980769230769 0.5480769230769231 0.040865384615384616 0.04807692307692308
0 0.5372596153846154 0.5444711538461539 0.03365384615384615 0.052884615384615384
0 0.5805288461538461 0.5180288461538461 0.026442307692307692 0.04567307692307692
0 0.6394230769230769 0.5204326923076923 0.03365384615384615 0.04326923076923077
0 0.5769230769230769 0.578125 0.03125 0.040865384615384616
0 0.5420673076923077 0.5985576923076923 0.028846153846153848 0.040865384615384616
0 0.4963942307692308 0.6129807692307693 0.03125 0.04807692307692308
0 0.44711538461538464 0.5901442307692307 0.036057692307692304 0.040865384615384616
0 0.4014423076923077 0.5865384615384616 0.03365384615384615 0.040865384615384616
0 0.49038461538461536 0.6814903846153846 0.03365384615384615 0.038461538461538464
0 0.5324519230769231 0.6502403846153846 0.028846153846153848 0.04326923076923077
0 0.5709134615384616 0.6826923076923077 0.03125 0.04567307692307692
0 0.5444711538461539 0.7127403846153846 0.02403846153846154 0.04326923076923077
0 0.5324519230769231 0.7596153846153846 0.02403846153846154 0.03125
0 0.4387019230769231 0.7115384615384616 0.03365384615384615 0.038461538461538464
0 0.45552884615384615 0.7752403846153846 0.03125 0.038461538461538464
0 0.5060096153846154 0.7920673076923077 0.026442307692307692 0.04326923076923077
0 0.4362980769230769 0.8641826923076923 0.03365384615384615 0.036057692307692304
0 0.484375 0.7247596153846154 0.028846153846153848 0.036057692307692304
0 0.4651442307692308 0.5300480769230769 0.026442307692307692 0.04326923076923077
0 0.3112980769230769 0.7980769230769231 0.036057692307692304 0.04326923076923077
0 0.3557692307692308 0.7788461538461539 0.028846153846153848 0.04567307692307692
0 0.31009615384615385 0.7439903846153846 0.038461538461538464 0.04326923076923077
0 0.3233173076923077 0.6514423076923077 0.036057692307692304 0.04567307692307692
0 0.2776442307692308 0.7175480769230769 0.038461538461538464 0.038461538461538464
0 0.3605769230769231 0.6310096153846154 0.038461538461538464 0.040865384615384616
0 0.38461538461538464 0.6646634615384616 0.040865384615384616 0.04326923076923077
0 0.4567307692307692 0.6454326923076923 0.03125 0.05048076923076923
0 0.31971153846153844 0.8713942307692307 0.038461538461538464 0.04326923076923077
0 0.2776442307692308 0.9026442307692307 0.028846153846153848 0.03365384615384615
0 0.23557692307692307 0.6730769230769231 0.03125 0.04326923076923077
0 0.24759615384615385 0.9170673076923077 0.03125 0.040865384615384616
0 0.18870192307692307 0.7247596153846154 0.040865384615384616 0.052884615384615384
0 0.20673076923076922 0.8293269230769231 0.03365384615384615 0.04807692307692308
0 0.36899038461538464 0.8233173076923077 0.03125 0.04567307692307692
0 0.05048076923076923 0.8557692307692307 0.040865384615384616 0.038461538461538464
0 0.14543269230769232 0.7139423076923077 0.038461538461538464 0.04326923076923077
0 0.5600961538461539 0.828125 0.028846153846153848 0.03365384615384615
0 0.5973557692307693 0.6358173076923077 0.026442307692307692 0.03365384615384615
0 0.625 0.3545673076923077 0.026442307692307692 0.036057692307692304
0 0.6514423076923077 0.31971153846153844 0.026442307692307692 0.02403846153846154
0 0.6778846153846154 0.28846153846153844 0.03125 0.038461538461538464
0 0.6995192307692307 0.2620192307692308 0.021634615384615384 0.03125
0 0.7175480769230769 0.24158653846153846 0.021634615384615384 0.04567307692307692
0 0.7451923076923077 0.25841346153846156 0.021634615384615384 0.04567307692307692
0 0.7668269230769231 0.22596153846153846 0.02403846153846154 0.03125
0 0.7884615384615384 0.22596153846153846 0.019230769230769232 0.036057692307692304
0 0.8052884615384616 0.21875 0.019230769230769232 0.038461538461538464
0 0.828125 0.22235576923076922 0.02403846153846154 0.036057692307692304
0 0.8641826923076923 0.19230769230769232 0.019230769230769232 0.038461538461538464
0 0.6754807692307693 0.36177884615384615 0.026442307692307692 0.036057692307692304
0 0.7043269230769231 0.3473557692307692 0.019230769230769232 0.040865384615384616
0 0.7091346153846154 0.2956730769230769 0.021634615384615384 0.04326923076923077
0 0.7295673076923077 0.35216346153846156 0.02403846153846154 0.04326923076923077
0 0.7019230769230769 0.42908653846153844 0.019230769230769232 0.040865384615384616
0 0.6502403846153846 0.4266826923076923 0.02403846153846154 0.04326923076923077
0 0.7800480769230769 0.3557692307692308 0.021634615384615384 0.03125
0 0.8257211538461539 0.42427884615384615 0.02403846153846154 0.036057692307692304
0 0.8425480769230769 0.390625 0.021634615384615384 0.03125
0 0.8233173076923077 0.36778846153846156 0.019230769230769232 0.036057692307692304
0 0.7920673076923077 0.47475961538461536 0.021634615384615384 0.03125
0 0.7536057692307693 0.4963942307692308 0.021634615384615384 0.03365384615384615
0 0.7271634615384616 0.4423076923076923 0.021634615384615384 0.02403846153846154
0 0.7367788461538461 0.390625 0.021634615384615384 0.036057692307692304
0 0.765625 0.5516826923076923 0.021634615384615384 0.028846153846153848
0 0.7884615384615384 0.5649038461538461 0.019230769230769232 0.03125
0 0.8112980769230769 0.5240384615384616 0.021634615384615384 0.026442307692307692
0 0.84375 0.6129807692307693 0.016826923076923076 0.019230769230769232
0 0.8137019230769231 0.6778846153846154 0.021634615384615384 0.02403846153846154
0 0.8485576923076923 0.7043269230769231 0.016826923076923076 0.026442307692307692
0 0.7548076923076923 0.7848557692307693 0.021634615384615384 0.02403846153846154
0 0.7355769230769231 0.7668269230769231 0.016826923076923076 0.028846153846153848
0 0.7211538461538461 0.6598557692307693 0.016826923076923076 0.028846153846153848
0 0.7572115384615384 0.6959134615384616 0.019230769230769232 0.026442307692307692
0 0.7848557692307693 0.6574519230769231 0.016826923076923076 0.03125
0 0.7668269230769231 0.6514423076923077 0.02403846153846154 0.021634615384615384
0 0.8257211538461539 0.46634615384615385 0.016826923076923076 0.036057692307692304
0 0.8533653846153846 0.5024038461538461 0.019230769230769232 0.036057692307692304
0 0.7848557692307693 0.27283653846153844 0.021634615384615384 0.036057692307692304
0 0.8100961538461539 0.2932692307692308 0.026442307692307692 0.028846153846153848
0 0.8269230769230769 0.3269230769230769 0.021634615384615384 0.03125
0 0.7704326923076923 0.3161057692307692 0.026442307692307692 0.038461538461538464
0 0.7331730769230769 0.2980769230769231 0.02403846153846154 0.03125
0 0.828125 0.2644230769230769 0.019230769230769232 0.038461538461538464
0 0.8954326923076923 0.31490384615384615 0.019230769230769232 0.036057692307692304
0 0.9098557692307693 0.34134615384615385 0.02403846153846154 0.03125
0 0.9290865384615384 0.32091346153846156 0.019230769230769232 0.021634615384615384
0 0.9399038461538461 0.2860576923076923 0.019230769230769232 0.03365384615384615
0 0.8677884615384616 0.27403846153846156 0.02403846153846154 0.028846153846153848
0 0.8894230769230769 0.36538461538461536 0.02403846153846154 0.036057692307692304
0 0.9122596153846154 0.3942307692307692 0.021634615384615384 0.03125
0 0.8834134615384616 0.42427884615384615 0.021634615384615384 0.03125
0 0.8978365384615384 0.49759615384615385 0.02403846153846154 0.03125
0 0.8737980769230769 0.6478365384615384 0.019230769230769232 0.019230769230769232
0 0.8762019230769231 0.6730769230769231 0.019230769230769232 0.021634615384615384
0 0.8353365384615384 0.5564903846153846 0.019230769230769232 0.028846153846153848
0 0.6394230769230769 0.6129807692307693 0.036057692307692304 0.04807692307692308
0 0.6346153846153846 0.6610576923076923 0.028846153846153848 0.040865384615384616
0 0.640625 0.7007211538461539 0.03125 0.04326923076923077
0 0.6826923076923077 0.6790865384615384 0.03125 0.036057692307692304
0 0.7055288461538461 0.7427884615384616 0.019230769230769232 0.040865384615384616