0 0.140625 0.7980769230769231 0.02403846153846154 0.04326923076923077
0 0.3389423076923077 0.7848557692307693 0.038461538461538464 0.06009615384615385
0 0.3894230769230769 0.6153846153846154 0.038461538461538464 0.04326923076923077
0 0.2403846153846154 0.6394230769230769 0.03125 0.05048076923076923
0 0.18990384615384615 0.6935096153846154 0.04807692307692308 0.06009615384615385
0 0.28966346153846156 0.8076923076923077 0.028846153846153848 0.04326923076923077
0 0.09254807692307693 0.8305288461538461 0.04326923076923077 0.04807692307692308
0 0.12139423076923077 0.8858173076923077 0.03365384615384615 0.03125
0 0.15625 0.9170673076923077 0.04807692307692308 0.04326923076923077
0 0.1935096153846154 0.8581730769230769 0.038461538461538464 0.04807692307692308
0 0.46033653846153844 0.8521634615384616 0.03365384615384615 0.04326923076923077
0 0.4639423076923077 0.6947115384615384 0.026442307692307692 0.04326923076923077
0 0.4639423076923077 0.5420673076923077 0.036057692307692304 0.04567307692307692
0 0.38100961538461536 0.53125 0.038461538461538464 0.04807692307692308
0 0.5264423076923077 0.5432692307692307 0.03365384615384615 0.057692307692307696
0 0.6009615384615384 0.5180288461538461 0.038461538461538464 0.05048076923076923
0 0.6598557692307693 0.6189903846153846 0.03125 0.055288461538461536
0 0.65625 0.5264423076923077 0.021634615384615384 0.04807692307692308
0 0.4831730769230769 0.640625 0.026442307692307692 0.052884615384615384
0 0.41586538461538464 0.6634615384615384 0.03125 0.036057692307692304
0 0.3701923076923077 0.6802884615384616 0.03365384615384615 0.04807692307692308
0 0.3125 0.703125 0.03365384615384615 0.05048076923076923
0 0.3233173076923077 0.6310096153846154 0.026442307692307692 0.04807692307692308
0 0.5180288461538461 0.6730769230769231 0.026442307692307692 0.04807692307692308
0 0.5528846153846154 0.6454326923076923 0.02403846153846154 0.04807692307692308
0 0.5600961538461539 0.5913461538461539 0.02403846153846154 0.052884615384615384
0 0.6021634615384616 0.5829326923076923 0.038461538461538464 0.06009615384615385
0 0.5901442307692307 0.6766826923076923 0.02403846153846154 0.0625
0 0.4807692307692308 0.765625 0.026442307692307692 0.04807692307692308
0 0.3858173076923077 0.7704326923076923 0.03125 0.04326923076923077
0 0.24879807692307693 0.8834134615384616 0.028846153846153848 0.04326923076923077
0 0.21995192307692307 0.9134615384615384 0.03125 0.06009615384615385
0 0.016826923076923076 0.7415865384615384 0.03125 0.055288461538461536
0 0.7139423076923077 0.4411057692307692 0.019230769230769232 0.040865384615384616
0 0.6646634615384616 0.4375 0.019230769230769232 0.036057692307692304
0 0.640625 0.3701923076923077 0.028846153846153848 0.04326923076923077
0 0.6658653846153846 0.3329326923076923 0.026442307692307692 0.04807692307692308
0 0.6911057692307693 0.3112980769230769 0.026442307692307692 0.03365384615384615
0 0.7151442307692307 0.2824519230769231 0.02403846153846154 0.04326923076923077
0 0.7788461538461539 0.2512019230769231 0.021634615384615384 0.040865384615384616
0 0.7584134615384616 0.28725961538461536 0.021634615384615384 0.038461538461538464
0 0.7403846153846154 0.36899038461538464 0.016826923076923076 0.04807692307692308
0 0.7151442307692307 0.359375 0.021634615384615384 0.040865384615384616
0 0.6875 0.38341346153846156 0.019230769230769232 0.04567307692307692
0 0.8353365384615384 0.44350961538461536 0.016826923076923076 0.04567307692307692
0 0.8317307692307693 0.38822115384615385 0.021634615384615384 0.038461538461538464
0 0.8064903846153846 0.34615384615384615 0.021634615384615384 0.04326923076923077
0 0.8509615384615384 0.32091346153846156 0.02403846153846154 0.038461538461538464
0 0.8834134615384616 0.2668269230769231 0.016826923076923076 0.03365384615384615
0 0.8149038461538461 0.2439903846153846 0.016826923076923076 0.028846153846153848
0 0.8725961538461539 0.22716346153846154 0.021634615384615384 0.040865384615384616
0 0.8918269230769231 0.38461538461538464 0.016826923076923076 0.038461538461538464
0 0.5264423076923077 0.7848557692307693 0.03365384615384615 0.06009615384615385
0 0.5600961538461539 0.7115384615384616 0.028846153846153848 0.052884615384615384
0 0.6225961538461539 0.6923076923076923 0.028846153846153848 0.057692307692307696
0 0.6514423076923077 0.7079326923076923 0.02403846153846154 0.028846153846153848
0 0.5492788461538461 0.7632211538461539 0.026442307692307692 0.05048076923076923
0 0.38341346153846156 0.8425480769230769 0.026442307692307692 0.057692307692307696
0 0.5745192307692307 0.8233173076923077 0.019230769230769232 0.04326923076923077
0 0.29447115384615385 0.9447115384615384 0.03365384615384615 0.0673076923076923
0 0.30649038461538464 0.8834134615384616 0.03365384615384615 0.04326923076923077
0 0.34375 0.8521634615384616 0.03365384615384615 0.06009615384615385
0 0.7427884615384616 0.7728365384615384 0.026442307692307692 0.038461538461538464
0 0.7632211538461539 0.5132211538461539 0.021634615384615384 0.04326923076923077
0 0.7367788461538461 0.453125 0.019230769230769232 0.036057692307692304
0 0.78125 0.34134615384615385 0.021634615384615384 0.057692307692307696
0 0.7451923076923077 0.3173076923076923 0.02403846153846154 0.03365384615384615
0 0.7956730769230769 0.2956730769230769 0.021634615384615384 0.038461538461538464
0 0.890625 0.3112980769230769 0.021634615384615384 0.038461538461538464
0 0.9387019230769231 0.31490384615384615 0.021634615384615384 0.028846153846153848
0 0.96875 0.32091346153846156 0.014423076923076924 0.02403846153846154
0 0.9747596153846154 0.39903846153846156 0.016826923076923076 0.03125
0 0.8786057692307693 0.5793269230769231 0.019230769230769232 0.038461538461538464
0 0.90625 0.6334134615384616 0.016826923076923076 0.02403846153846154
0 0.8713942307692307 0.6670673076923077 0.01201923076923077 0.03125
0 0.8461538461538461 0.6274038461538461 0.021634615384615384 0.028846153846153848
0 0.8149038461538461 0.6237980769230769 0.021634615384615384 0.038461538461538464
0 0.8173076923076923 0.6911057692307693 0.016826923076923076 0.028846153846153848
0 0.8028846153846154 0.7247596153846154 0.021634615384615384 0.03125
0 0.7644230769230769 0.7103365384615384 0.019230769230769232 0.036057692307692304
0 0.8389423076923077 0.4831730769230769 0.03365384615384615 0.036057692307692304
0 0.7451923076923077 0.40384615384615385 0.026442307692307692 0.04807692307692308
0 0.6923076923076923 0.48197115384615385 0.016826923076923076 0.040865384615384616
0 0.6995192307692307 0.6730769230769231 0.03125 0.052884615384615384
0 0.7091346153846154 0.6286057692307693 0.026442307692307692 0.055288461538461536
0 0.5180288461538461 0.6081730769230769 0.019230769230769232 0.04326923076923077
0 0.42908653846153844 0.5817307692307693 0.026442307692307692 0.038461538461538464
0 0.4206730769230769 0.8293269230769231 0.021634615384615384 0.028846153846153848
0 0.6586538461538461 0.7427884615384616 0.019230769230769232 0.036057692307692304
0 0.5793269230769231 0.8629807692307693 0.019230769230769232 0.028846153846153848
0 0.28365384615384615 0.7367788461538461 0.026442307692307692 0.021634615384615384
0 0.5048076923076923 0.71875 0.02403846153846154 0.026442307692307692
0 0.47475961538461536 0.5865384615384616 0.028846153846153848 0.038461538461538464
0 0.5600961538461539 0.5540865384615384 0.028846153846153848 0.03125
0 0.3557692307692308 0.6394230769230769 0.028846153846153848 0.03365384615384615
0 0.2283653846153846 0.703125 0.038461538461538464 0.03125
0 0.19831730769230768 0.7463942307692307 0.03125 0.038461538461538464
0 0.23076923076923078 0.7355769230769231 0.03365384615384615 0.03125
0 0.24158653846153846 0.8088942307692307 0.036057692307692304 0.03365384615384615
0 0.41225961538461536 0.7391826923076923 0.02403846153846154 0.03125
0 0.2668269230769231 0.7632211538461539 0.028846153846153848 0.03125
0 0.11057692307692307 0.9194711538461539 0.02403846153846154 0.03125
0 0.2764423076923077 0.8930288461538461 0.019230769230769232 0.040865384615384616
0 0.8173076923076923 0.546875 0.019230769230769232 0.02403846153846154
0 0.7992788461538461 0.49399038461538464 0.016826923076923076 0.028846153846153848
0 0.6730769230769231 0.5685096153846154 0.016826923076923076 0.03125
0 0.8870192307692307 0.4495192307692308 0.016826923076923076 0.03125
0 0.9134615384615384 0.41947115384615385 0.016826923076923076 0.036057692307692304
0 0.7560096153846154 0.4411057692307692 0.014423076923076924 0.026442307692307692
0 0.8040865384615384 0.39302884615384615 0.016826923076923076 0.026442307692307692
0 0.7728365384615384 0.5673076923076923 0.014423076923076924 0.026442307692307692
0 0.7872596153846154 0.6201923076923077 0.01201923076923077 0.028846153846153848
0 0.9038461538461539 0.5192307692307693 0.016826923076923076 0.03125
0 0.8689903846153846 0.4675480769230769 0.016826923076923076 0.02403846153846154
0 0.8689903846153846 0.41947115384615385 0.016826923076923076 0.028846153846153848
0 0.9350961538461539 0.4723557692307692 0.016826923076923076 0.02403846153846154
0 0.7884615384615384 0.6694711538461539 0.019230769230769232 0.021634615384615384
0 0.7379807692307693 0.6923076923076923 0.019230769230769232 0.02403846153846154
0 0.7091346153846154 0.7427884615384616 0.021634615384615384 0.021634615384615384
0 0.6911057692307693 0.7716346153846154 0.014423076923076924 0.026442307692307692
0 0.6514423076923077 0.6730769230769231 0.021634615384615384 0.028846153846153848
0 0.6153846153846154 0.6418269230769231 0.021634615384615384 0.03365384615384615
0 0.5841346153846154 0.6213942307692307 0.02403846153846154 0.03365384615384615
0 0.8377403846153846 0.5757211538461539 0.01201923076923077 0.028846153846153848
0 0.5913461538461539 0.7716346153846154 0.02403846153846154 0.021634615384615384
0 0.6766826923076923 0.7115384615384616 0.019230769230769232 0.026442307692307692
0 0.71875 0.5252403846153846 0.019230769230769232 0.028846153846153848
0 0.8521634615384616 0.7175480769230769 0.019230769230769232 0.02403846153846154
0 0.8485576923076923 0.6634615384615384 0.014423076923076924 0.028846153846153848
0 0.8353365384615384 0.5132211538461539 0.019230769230769232 0.019230769230769232
0 0.8569711538461539 0.5240384615384616 0.016826923076923076 0.028846153846153848
0 0.8233173076923077 0.7235576923076923 0.019230769230769232 0.026442307692307692
0 0.8798076923076923 0.6935096153846154 0.019230769230769232 0.019230769230769232
0 0.8978365384615384 0.6802884615384616 0.002403846153846154 0.007211538461538462
0 0.7980769230769231 0.5805288461538461 0.01201923076923077 0.026442307692307692
0 0.7716346153846154 0.4735576923076923 0.016826923076923076 0.03125
0 0.6009615384615384 0.7391826923076923 0.021634615384615384 0.03125
0 0.7704326923076923 0.4098557692307692 0.014423076923076924 0.036057692307692304
0 0.9122596153846154 0.45913461538461536 0.016826923076923076 0.026442307692307692
0 0.8389423076923077 0.2536057692307692 0.019230769230769232 0.02403846153846154
0 0.8233173076923077 0.31490384615384615 0.021634615384615384 0.026442307692307692
0 0.8725961538461539 0.30288461538461536 0.019230769230769232 0.026442307692307692
0 0.8798076923076923 0.35216346153846156 0.021634615384615384 0.028846153846153848
0 0.8329326923076923 0.3545673076923077 0.019230769230769232 0.026442307692307692
0 0.9122596153846154 0.3737980769230769 0.01201923076923077 0.026442307692307692
0 0.9326923076923077 0.34975961538461536 0.009615384615384616 0.021634615384615384
0 0.8990384615384616 0.3473557692307692 0.01201923076923077 0.026442307692307692
0 0.9459134615384616 0.38341346153846156 0.014423076923076924 0.019230769230769232
0 0.9387019230769231 0.42908653846153844 0.01201923076923077 0.019230769230769232
0 0.8509615384615384 0.36177884615384615 0.014423076923076924 0.02403846153846154
0 0.8978365384615384 0.27403846153846156 0.009615384615384616 0.026442307692307692