0 0.32211538461538464 0.9266826923076923 0.20673076923076922 0.1466346153846154
0 0.2764423076923077 0.9627403846153846 0.2620192307692308 0.07451923076923077
0 0.1141826923076923 0.9411057692307693 0.15384615384615385 0.11778846153846154
0 0.6778846153846154 0.9435096153846154 0.17067307692307693 0.11298076923076923
0 0.7536057692307693 0.9375 0.17307692307692307 0.125
0 0.8689903846153846 0.9483173076923077 0.12980769230769232 0.10336538461538461
0 0.7800480769230769 0.9435096153846154 0.15865384615384615 0.11298076923076923
0 0.6045673076923077 0.9375 0.17307692307692307 0.125
0 0.3425480769230769 0.9591346153846154 0.20673076923076922 0.08173076923076923
0 0.13701923076923078 0.9495192307692307 0.14182692307692307 0.10096153846153846
0 0.29447115384615385 0.9627403846153846 0.19230769230769232 0.07451923076923077
0 0.10817307692307693 0.9651442307692307 0.20432692307692307 0.06971153846153846
0 0.09134615384615384 0.9579326923076923 0.11298076923076923 0.08413461538461539
0 0.9266826923076923 0.9507211538461539 0.1201923076923077 0.0985576923076923
0 0.671875 0.9435096153846154 0.15384615384615385 0.11298076923076923
0 0.7536057692307693 0.9543269230769231 0.125 0.09134615384615384
0 0.5769230769230769 0.9483173076923077 0.1466346153846154 0.10336538461538461
0 0.234375 0.9483173076923077 0.13942307692307693 0.10336538461538461
0 0.27283653846153844 0.96875 0.19230769230769232 0.0625
0 0.20552884615384615 0.96875 0.24519230769230768 0.0625
0 0.06370192307692307 0.9591346153846154 0.09615384615384616 0.08173076923076923
0 0.44711538461538464 0.9723557692307693 0.18509615384615385 0.055288461538461536
0 0.0625 0.9278846153846154 0.11538461538461539 0.14423076923076922
0 0.07692307692307693 0.7548076923076923 0.14423076923076922 0.14423076923076922
0 0.06009615384615385 0.4963942307692308 0.11538461538461539 0.14182692307692307
0 0.7548076923076923 0.9735576923076923 0.16105769230769232 0.052884615384615384
0 0.6165865384615384 0.9543269230769231 0.125 0.09134615384615384
0 0.5649038461538461 0.9627403846153846 0.10336538461538461 0.07451923076923077
0 0.38822115384615385 0.9735576923076923 0.12980769230769232 0.052884615384615384
0 0.21634615384615385 0.9723557692307693 0.18509615384615385 0.055288461538461536
0 0.12860576923076922 0.9567307692307693 0.125 0.08653846153846154
0 0.41466346153846156 0.8233173076923077 0.19471153846153846 0.10817307692307693
0 0.5180288461538461 0.9038461538461539 0.16105769230769232 0.10576923076923077
0 0.375 0.953125 0.11778846153846154 0.09375
0 0.05048076923076923 0.7403846153846154 0.09134615384615384 0.10576923076923077
0 0.054086538461538464 0.6141826923076923 0.10096153846153846 0.10336538461538461
0 0.10336538461538461 0.6694711538461539 0.19951923076923078 0.1201923076923077
0 0.04807692307692308 0.5456730769230769 0.0889423076923077 0.09615384615384616
0 0.06129807692307692 0.19831730769230768 0.1201923076923077 0.11778846153846154
0 0.051682692307692304 0.33413461538461536 0.0985576923076923 0.10576923076923077
0 0.04326923076923077 0.21995192307692307 0.08413461538461539 0.0889423076923077
0 0.08052884615384616 0.11057692307692307 0.15865384615384615 0.09615384615384616
0 0.08533653846153846 0.014423076923076924 0.17067307692307693 0.028846153846153848
0 0.2608173076923077 0.15504807692307693 0.11057692307692307 0.11057692307692307
0 0.5324519230769231 0.08052884615384616 0.13701923076923078 0.10336538461538461
0 0.45552884615384615 0.31009615384615385 0.12259615384615384 0.1201923076923077
0 0.36658653846153844 0.35336538461538464 0.14423076923076922 0.08653846153846154
0 0.2127403846153846 0.3786057692307692 0.125 0.125
0 0.052884615384615384 0.4338942307692308 0.10096153846153846 0.10576923076923077
0 0.04807692307692308 0.44711538461538464 0.09134615384615384 0.10096153846153846
0 0.25 0.5649038461538461 0.12980769230769232 0.12980769230769232
0 0.38461538461538464 0.6322115384615384 0.12740384615384615 0.12980769230769232
0 0.5456730769230769 0.5216346153846154 0.13942307692307693 0.11057692307692307
0 0.09254807692307693 0.8016826923076923 0.15625 0.11298076923076923
0 0.24879807692307693 0.8713942307692307 0.14182692307692307 0.0985576923076923
0 0.38341346153846156 0.9711538461538461 0.15384615384615385 0.057692307692307696
0 0.5012019230769231 0.9723557692307693 0.16346153846153846 0.055288461538461536
0 0.5372596153846154 0.9735576923076923 0.1201923076923077 0.052884615384615384
0 0.7439903846153846 0.9747596153846154 0.11538461538461539 0.05048076923076923
0 0.25961538461538464 0.9471153846153846 0.14182692307692307 0.10576923076923077
0 0.2283653846153846 0.4651442307692308 0.13942307692307693 0.09134615384615384
0 0.17307692307692307 0.20192307692307693 0.12740384615384615 0.125
0 0.6009615384615384 0.6947115384615384 0.15384615384615385 0.10576923076923077