0 0.014423076923076924 0.5084134615384616 0.028846153846153848 0.0673076923076923
0 0.052884615384615384 0.5276442307692307 0.052884615384615384 0.06009615384615385
0 0.06971153846153846 0.46274038461538464 0.052884615384615384 0.06971153846153846
0 0.1141826923076923 0.4855769230769231 0.04326923076923077 0.0625
0 0.13341346153846154 0.5769230769230769 0.05048076923076923 0.052884615384615384
0 0.16706730769230768 0.5516826923076923 0.04807692307692308 0.0673076923076923
0 0.18389423076923078 0.46033653846153844 0.04807692307692308 0.06490384615384616
0 0.22596153846153846 0.4879807692307692 0.04567307692307692 0.06009615384615385
0 0.2644230769230769 0.3629807692307692 0.04807692307692308 0.06009615384615385
0 0.27403846153846156 0.4675480769230769 0.04807692307692308 0.0673076923076923
0 0.203125 0.5949519230769231 0.04326923076923077 0.06490384615384616
0 0.1201923076923077 0.6189903846153846 0.04807692307692308 0.05048076923076923
0 0.078125 0.6658653846153846 0.04567307692307692 0.057692307692307696
0 0.05889423076923077 0.7175480769230769 0.038461538461538464 0.04807692307692308
0 0.10817307692307693 0.6875 0.028846153846153848 0.052884615384615384
0 0.14543269230769232 0.6766826923076923 0.04326923076923077 0.0673076923076923
0 0.16105769230769232 0.6021634615384616 0.04326923076923077 0.055288461538461536
0 0.20552884615384615 0.6586538461538461 0.05048076923076923 0.052884615384615384
0 0.16826923076923078 0.765625 0.03365384615384615 0.04567307692307692
0 0.015625 0.7079326923076923 0.03125 0.05048076923076923
0 0.026442307692307692 0.7596153846153846 0.038461538461538464 0.05048076923076923
0 0.06370192307692307 0.7860576923076923 0.03365384615384615 0.05048076923076923
0 0.09975961538461539 0.7572115384615384 0.04326923076923077 0.057692307692307696
0 0.13581730769230768 0.7776442307692307 0.028846153846153848 0.052884615384615384
0 0.15625 0.8329326923076923 0.03125 0.055288461538461536
0 0.19471153846153846 0.7884615384615384 0.028846153846153848 0.052884615384615384
0 0.21394230769230768 0.7463942307692307 0.036057692307692304 0.04326923076923077
0 0.2283653846153846 0.6923076923076923 0.038461538461538464 0.06009615384615385
0 0.27283653846153844 0.6971153846153846 0.04326923076923077 0.06009615384615385
0 0.3004807692307692 0.6237980769230769 0.036057692307692304 0.057692307692307696
0 0.25 0.5396634615384616 0.04326923076923077 0.0625
0 0.30408653846153844 0.5204326923076923 0.04807692307692308 0.06009615384615385
0 0.3233173076923077 0.4338942307692308 0.04807692307692308 0.07211538461538461
0 0.30408653846153844 0.7295673076923077 0.028846153846153848 0.052884615384615384
0 0.265625 0.7391826923076923 0.04326923076923077 0.04567307692307692
0 0.22355769230769232 0.7992788461538461 0.026442307692307692 0.04807692307692308
0 0.27403846153846156 0.7764423076923077 0.036057692307692304 0.03365384615384615
0 0.3088942307692308 0.7848557692307693 0.03365384615384615 0.055288461538461536
0 0.02403846153846154 0.5793269230769231 0.040865384615384616 0.06009615384615385
0 0.0673076923076923 0.5697115384615384 0.04567307692307692 0.06490384615384616
0 0.3605769230769231 0.3870192307692308 0.04567307692307692 0.06009615384615385
0 0.4026442307692308 0.37740384615384615 0.04326923076923077 0.0673076923076923
0 0.44471153846153844 0.41586538461538464 0.052884615384615384 0.057692307692307696
0 0.49038461538461536 0.4266826923076923 0.038461538461538464 0.06490384615384616
0 0.5408653846153846 0.4014423076923077 0.04326923076923077 0.06971153846153846
0 0.6105769230769231 0.4206730769230769 0.040865384615384616 0.0625
0 0.5336538461538461 0.4675480769230769 0.038461538461538464 0.06490384615384616
0 0.49038461538461536 0.48677884615384615 0.038461538461538464 0.06971153846153846
0 0.4362980769230769 0.4879807692307692 0.04807692307692308 0.06971153846153846
0 0.3786057692307692 0.43990384615384615 0.04567307692307692 0.0673076923076923
0 0.38822115384615385 0.5180288461538461 0.040865384615384616 0.07451923076923077
0 0.3605769230769231 0.5925480769230769 0.04326923076923077 0.0625
0 0.42427884615384615 0.5612980769230769 0.04326923076923077 0.06490384615384616
0 0.47475961538461536 0.546875 0.040865384615384616 0.0673076923076923
0 0.4519230769230769 0.5853365384615384 0.036057692307692304 0.052884615384615384
0 0.41466346153846156 0.6033653846153846 0.04567307692307692 0.06971153846153846
0 0.375 0.6694711538461539 0.036057692307692304 0.04326923076923077
0 0.39302884615384615 0.7127403846153846 0.040865384615384616 0.055288461538461536
0 0.34375 0.7644230769230769 0.04326923076923077 0.05048076923076923
0 0.4375 0.7019230769230769 0.040865384615384616 0.057692307692307696
0 0.49038461538461536 0.6225961538461539 0.03125 0.06490384615384616
0 0.5180288461538461 0.5913461538461539 0.04326923076923077 0.06009615384615385
0 0.5168269230769231 0.5192307692307693 0.036057692307692304 0.0673076923076923
0 0.5540865384615384 0.5492788461538461 0.036057692307692304 0.052884615384615384
0 0.5637019230769231 0.6105769230769231 0.04567307692307692 0.07451923076923077
0 0.6069711538461539 0.5300480769230769 0.038461538461538464 0.07451923076923077
0 0.5841346153846154 0.4362980769230769 0.03125 0.06971153846153846
0 0.5661057692307693 0.3954326923076923 0.02403846153846154 0.0625
0 0.6418269230769231 0.33052884615384615 0.028846153846153848 0.06009615384615385
0 0.6514423076923077 0.36658653846153844 0.026442307692307692 0.052884615384615384
0 0.6983173076923077 0.35096153846153844 0.03365384615384615 0.06490384615384616
0 0.59375 0.26802884615384615 0.026442307692307692 0.052884615384615384
0 0.6201923076923077 0.24158653846153846 0.03365384615384615 0.04567307692307692
0 0.6538461538461539 0.20432692307692307 0.03125 0.04807692307692308
0 0.6826923076923077 0.17548076923076922 0.04326923076923077 0.036057692307692304
0 0.7127403846153846 0.15144230769230768 0.036057692307692304 0.04807692307692308
0 0.6538461538461539 0.2536057692307692 0.03125 0.05048076923076923
0 0.6802884615384616 0.2620192307692308 0.026442307692307692 0.05048076923076923
0 0.6610576923076923 0.3125 0.028846153846153848 0.055288461538461536
0 0.7091346153846154 0.2956730769230769 0.02403846153846154 0.04807692307692308
0 0.7091346153846154 0.2536057692307692 0.03125 0.04807692307692308
0 0.7211538461538461 0.19110576923076922 0.02403846153846154 0.04567307692307692
0 0.6899038461538461 0.20673076923076922 0.019230769230769232 0.055288461538461536
0 0.7487980769230769 0.20432692307692307 0.026442307692307692 0.052884615384615384
0 0.7355769230769231 0.2620192307692308 0.03125 0.0673076923076923
0 0.7451923076923077 0.30649038461538464 0.03125 0.055288461538461536
0 0.7391826923076923 0.13701923076923078 0.021634615384615384 0.052884615384615384
0 0.765625 0.1622596153846154 0.02403846153846154 0.052884615384615384
0 0.7908653846153846 0.1310096153846154 0.028846153846153848 0.040865384615384616
0 0.8149038461538461 0.13701923076923078 0.028846153846153848 0.04807692307692308
0 0.8377403846153846 0.12740384615384615 0.026442307692307692 0.05048076923076923
0 0.8677884615384616 0.14182692307692307 0.028846153846153848 0.057692307692307696
0 0.8858173076923077 0.12259615384615384 0.021634615384615384 0.052884615384615384
0 0.9086538461538461 0.12139423076923077 0.021634615384615384 0.06009615384615385
0 0.8125 0.19230769230769232 0.028846153846153848 0.052884615384615384
0 0.7920673076923077 0.23557692307692307 0.026442307692307692 0.055288461538461536
0 0.7632211538461539 0.22956730769230768 0.03365384615384615 0.05048076923076923
0 0.8353365384615384 0.21153846153846154 0.03125 0.05048076923076923
0 0.8173076923076923 0.25240384615384615 0.021634615384615384 0.052884615384615384
0 0.7932692307692307 0.2824519230769231 0.028846153846153848 0.04326923076923077
0 0.7716346153846154 0.31850961538461536 0.026442307692307692 0.05048076923076923
0 0.7295673076923077 0.36899038461538464 0.038461538461538464 0.052884615384615384
0 0.7007211538461539 0.39903846153846156 0.026442307692307692 0.04807692307692308
0 0.6730769230769231 0.38461538461538464 0.026442307692307692 0.04326923076923077
0 0.6706730769230769 0.4254807692307692 0.028846153846153848 0.036057692307692304
0 0.6334134615384616 0.46274038461538464 0.038461538461538464 0.057692307692307696
0 0.6670673076923077 0.46875 0.028846153846153848 0.04567307692307692
0 0.6983173076923077 0.44591346153846156 0.03125 0.057692307692307696
0 0.7211538461538461 0.42788461538461536 0.03125 0.05048076923076923
0 0.7644230769230769 0.4411057692307692 0.04326923076923077 0.052884615384615384
0 0.7680288461538461 0.3954326923076923 0.02403846153846154 0.06490384615384616
0 0.7980769230769231 0.43028846153846156 0.03365384615384615 0.040865384615384616
0 0.8137019230769231 0.49278846153846156 0.03125 0.036057692307692304
0 0.8425480769230769 0.3762019230769231 0.03365384615384615 0.04326923076923077
0 0.8449519230769231 0.31490384615384615 0.02403846153846154 0.04567307692307692
0 0.8125 0.3076923076923077 0.028846153846153848 0.04807692307692308
0 0.8485576923076923 0.2644230769230769 0.03125 0.05048076923076923
0 0.8581730769230769 0.19471153846153846 0.03365384615384615 0.038461538461538464
0 0.8737980769230769 0.23197115384615385 0.026442307692307692 0.05048076923076923
0 0.9038461538461539 0.21754807692307693 0.03125 0.040865384615384616
0 0.9206730769230769 0.17548076923076922 0.021634615384615384 0.036057692307692304
0 0.9326923076923077 0.18990384615384615 0.02403846153846154 0.036057692307692304
0 0.9230769230769231 0.234375 0.02403846153846154 0.040865384615384616
0 0.8894230769230769 0.25 0.021634615384615384 0.028846153846153848
0 0.9038461538461539 0.27524038461538464 0.021634615384615384 0.038461538461538464
0 0.8725961538461539 0.2860576923076923 0.026442307692307692 0.04326923076923077
0 0.9819711538461539 0.25 0.026442307692307692 0.036057692307692304
0 0.9675480769230769 0.28725961538461536 0.02403846153846154 0.038461538461538464
0 0.9459134615384616 0.3088942307692308 0.028846153846153848 0.040865384615384616
0 0.9326923076923077 0.27163461538461536 0.03125 0.040865384615384616
0 0.9194711538461539 0.328125 0.026442307692307692 0.04567307692307692
0 0.8858173076923077 0.359375 0.026442307692307692 0.036057692307692304
0 0.8641826923076923 0.3449519230769231 0.028846153846153848 0.055288461538461536
0 0.9086538461538461 0.3918269230769231 0.03365384615384615 0.05048076923076923
0 0.8353365384615384 0.4182692307692308 0.02403846153846154 0.04567307692307692
0 0.8605769230769231 0.4170673076923077 0.019230769230769232 0.04567307692307692
0 0.7536057692307693 0.49759615384615385 0.038461538461538464 0.040865384615384616
0 0.6826923076923077 0.49759615384615385 0.03125 0.038461538461538464
0 0.6790865384615384 0.5661057692307693 0.03365384615384615 0.04807692307692308
0 0.65625 0.5252403846153846 0.028846153846153848 0.04326923076923077
0 0.6346153846153846 0.5564903846153846 0.026442307692307692 0.038461538461538464
0 0.6550480769230769 0.6189903846153846 0.038461538461538464 0.05048076923076923
0 0.6009615384615384 0.5949519230769231 0.036057692307692304 0.04326923076923077
0 0.4675480769230769 0.6778846153846154 0.036057692307692304 0.05048076923076923
0 0.4735576923076923 0.7199519230769231 0.03365384615384615 0.04326923076923077
0 0.46875 0.7620192307692307 0.028846153846153848 0.038461538461538464
0 0.4987980769230769 0.7560096153846154 0.038461538461538464 0.04807692307692308
0 0.5036057692307693 0.8088942307692307 0.03365384615384615 0.04807692307692308
0 0.5324519230769231 0.8245192307692307 0.03365384615384615 0.04807692307692308
0 0.5264423076923077 0.7608173076923077 0.026442307692307692 0.055288461538461536
0 0.5 0.6730769230769231 0.026442307692307692 0.04326923076923077
0 0.5180288461538461 0.6358173076923077 0.03125 0.05048076923076923
0 0.5384615384615384 0.6610576923076923 0.036057692307692304 0.04807692307692308
0 0.5240384615384616 0.703125 0.028846153846153848 0.052884615384615384
0 0.5588942307692307 0.6875 0.026442307692307692 0.038461538461538464
0 0.6105769230769231 0.6850961538461539 0.028846153846153848 0.04567307692307692
0 0.6021634615384616 0.5949519230769231 0.03125 0.05048076923076923
0 0.6009615384615384 0.6358173076923077 0.03365384615384615 0.04807692307692308
0 0.6310096153846154 0.6490384615384616 0.028846153846153848 0.04567307692307692
0 0.6262019230769231 0.7139423076923077 0.02403846153846154 0.036057692307692304
0 0.6430288461538461 0.6766826923076923 0.02403846153846154 0.04326923076923077
0 0.6574519230769231 0.6478365384615384 0.028846153846153848 0.04326923076923077
0 0.6838942307692307 0.703125 0.028846153846153848 0.04567307692307692
0 0.6550480769230769 0.7223557692307693 0.03365384615384615 0.04807692307692308
0 0.6598557692307693 0.7572115384615384 0.028846153846153848 0.04326923076923077
0 0.7103365384615384 0.7367788461538461 0.02403846153846154 0.04326923076923077
0 0.7319711538461539 0.7620192307692307 0.02403846153846154 0.038461538461538464
0 0.6838942307692307 0.6322115384615384 0.028846153846153848 0.038461538461538464
0 0.7055288461538461 0.6141826923076923 0.028846153846153848 0.03365384615384615
0 0.71875 0.6442307692307693 0.04326923076923077 0.03365384615384615
0 0.7884615384615384 0.5228365384615384 0.026442307692307692 0.052884615384615384
0 0.7740384615384616 0.5685096153846154 0.026442307692307692 0.04326923076923077
0 0.7560096153846154 0.6165865384615384 0.02403846153846154 0.040865384615384616
0 0.7427884615384616 0.6586538461538461 0.019230769230769232 0.04567307692307692
0 0.7608173076923077 0.6742788461538461 0.019230769230769232 0.052884615384615384
0 0.7752403846153846 0.6298076923076923 0.026442307692307692 0.038461538461538464
0 0.8028846153846154 0.6538461538461539 0.028846153846153848 0.04326923076923077
0 0.7872596153846154 0.6935096153846154 0.02403846153846154 0.03125
0 0.8125 0.6971153846153846 0.019230769230769232 0.038461538461538464
0 0.7800480769230769 0.34375 0.021634615384615384 0.040865384615384616
0 0.8377403846153846 0.4543269230769231 0.026442307692307692 0.036057692307692304
0 0.84375 0.4855769230769231 0.021634615384615384 0.02403846153846154
0 0.8653846153846154 0.4723557692307692 0.03125 0.05048076923076923
0 0.8401442307692307 0.53125 0.026442307692307692 0.04326923076923077
0 0.8064903846153846 0.5721153846153846 0.03125 0.052884615384615384
0 0.8425480769230769 0.5949519230769231 0.028846153846153848 0.04567307692307692
0 0.8713942307692307 0.6382211538461539 0.03125 0.040865384615384616
0 0.8401442307692307 0.6971153846153846 0.021634615384615384 0.04326923076923077
0 0.8822115384615384 0.5492788461538461 0.028846153846153848 0.04326923076923077
0 0.9170673076923077 0.4855769230769231 0.02403846153846154 0.04807692307692308
0 0.9591346153846154 0.43149038461538464 0.02403846153846154 0.040865384615384616
0 0.9302884615384616 0.40865384615384615 0.03125 0.04807692307692308
0 0.9387019230769231 0.3629807692307692 0.028846153846153848 0.05048076923076923
0 0.9122596153846154 0.6141826923076923 0.03125 0.03365384615384615
0 0.9038461538461539 0.6754807692307693 0.028846153846153848 0.03365384615384615
0 0.875 0.671875 0.021634615384615384 0.040865384615384616
0 0.8581730769230769 0.7007211538461539 0.016826923076923076 0.028846153846153848
0 0.8774038461538461 0.6995192307692307 0.019230769230769232 0.026442307692307692
0 0.9002403846153846 0.7127403846153846 0.028846153846153848 0.036057692307692304
0 0.9783653846153846 0.3329326923076923 0.026442307692307692 0.055288461538461536
0 0.9639423076923077 0.38100961538461536 0.02403846153846154 0.04807692307692308
0 0.9338942307692307 0.46634615384615385 0.019230769230769232 0.03365384615384615
0 0.890625 0.4230769230769231 0.03125 0.052884615384615384
0 0.8401442307692307 0.6334134615384616 0.028846153846153848 0.036057692307692304
0 0.8786057692307693 0.6045673076923077 0.014423076923076924 0.026442307692307692
0 0.8557692307692307 0.5564903846153846 0.021634615384615384 0.028846153846153848
0 0.9134615384615384 0.5612980769230769 0.03365384615384615 0.055288461538461536
0 0.8665865384615384 0.5048076923076923 0.03125 0.038461538461538464
0 0.9194711538461539 0.6586538461538461 0.036057692307692304 0.04807692307692308
0 0.2536057692307692 0.7932692307692307 0.038461538461538464 0.04326923076923077
0 0.2980769230769231 0.5625 0.04326923076923077 0.057692307692307696
0 0.3762019230769231 0.7620192307692307 0.02403846153846154 0.052884615384615384
0 0.5588942307692307 0.78125 0.03125 0.057692307692307696