0 0.7259615384615384 0.013221153846153846 0.06009615384615385 0.009615384615384616
0 0.7427884615384616 0.019230769230769232 0.03125 0.021634615384615384
0 0.8461538461538461 0.021634615384615384 0.036057692307692304 0.021634615384615384
0 0.8233173076923077 0.021634615384615384 0.028846153846153848 0.021634615384615384
0 0.9278846153846154 0.03125 0.036057692307692304 0.038461538461538464
0 0.9026442307692307 0.021634615384615384 0.028846153846153848 0.019230769230769232
0 0.8016826923076923 0.051682692307692304 0.04326923076923077 0.036057692307692304
0 0.7932692307692307 0.11298076923076923 0.04326923076923077 0.04326923076923077
0 0.8894230769230769 0.12379807692307693 0.04326923076923077 0.03365384615384615
0 0.8810096153846154 0.1658653846153846 0.04807692307692308 0.05048076923076923
0 0.9338942307692307 0.20793269230769232 0.036057692307692304 0.03365384615384615
0 0.8425480769230769 0.23076923076923078 0.05048076923076923 0.05048076923076923
0 0.7247596153846154 0.2644230769230769 0.040865384615384616 0.040865384615384616
0 0.7776442307692307 0.2764423076923077 0.038461538461538464 0.038461538461538464
0 0.9026442307692307 0.27884615384615385 0.04326923076923077 0.04326923076923077
0 0.9639423076923077 0.24278846153846154 0.04326923076923077 0.038461538461538464
0 0.9495192307692307 0.17067307692307693 0.036057692307692304 0.036057692307692304
0 0.6706730769230769 0.32572115384615385 0.055288461538461536 0.038461538461538464
0 0.734375 0.3137019230769231 0.04326923076923077 0.038461538461538464
0 0.7199519230769231 0.39783653846153844 0.040865384615384616 0.040865384615384616
0 0.75 0.3701923076923077 0.04326923076923077 0.04326923076923077
0 0.8341346153846154 0.3798076923076923 0.04807692307692308 0.03125
0 0.8509615384615384 0.3401442307692308 0.038461538461538464 0.03365384615384615
0 0.9567307692307693 0.30408653846153844 0.040865384615384616 0.040865384615384616
0 0.9170673076923077 0.3317307692307692 0.04326923076923077 0.028846153846153848
0 0.640625 0.40384615384615385 0.04807692307692308 0.036057692307692304
0 0.5300480769230769 0.46153846153846156 0.057692307692307696 0.03125
0 0.6153846153846154 0.47596153846153844 0.04807692307692308 0.04567307692307692
0 0.7740384615384616 0.47475961538461536 0.04807692307692308 0.04567307692307692
0 0.8016826923076923 0.43149038461538464 0.052884615384615384 0.040865384615384616
0 0.8786057692307693 0.4338942307692308 0.04807692307692308 0.04807692307692308
0 0.8557692307692307 0.5612980769230769 0.040865384615384616 0.04326923076923077
0 0.6923076923076923 0.5576923076923077 0.055288461538461536 0.03365384615384615
0 0.5769230769230769 0.515625 0.04807692307692308 0.036057692307692304
0 0.53125 0.5480769230769231 0.05048076923076923 0.036057692307692304
0 0.7620192307692307 0.5793269230769231 0.040865384615384616 0.028846153846153848
0 0.6298076923076923 0.5697115384615384 0.04567307692307692 0.04567307692307692
0 0.5252403846153846 0.6153846153846154 0.038461538461538464 0.038461538461538464
0 0.5889423076923077 0.609375 0.04326923076923077 0.036057692307692304
0 0.6574519230769231 0.6081730769230769 0.06971153846153846 0.038461538461538464
0 0.7788461538461539 0.6213942307692307 0.052884615384615384 0.026442307692307692
0 0.5216346153846154 0.6526442307692307 0.038461538461538464 0.03365384615384615
0 0.484375 0.6947115384615384 0.038461538461538464 0.038461538461538464
0 0.5492788461538461 0.6983173076923077 0.04326923076923077 0.04567307692307692
0 0.6514423076923077 0.6887019230769231 0.038461538461538464 0.038461538461538464
0 0.6826923076923077 0.6598557692307693 0.03365384615384615 0.036057692307692304
0 0.7427884615384616 0.6502403846153846 0.057692307692307696 0.026442307692307692
0 0.47475961538461536 0.7524038461538461 0.04567307692307692 0.04326923076923077
0 0.5721153846153846 0.7560096153846154 0.04326923076923077 0.040865384615384616
0 0.6358173076923077 0.8016826923076923 0.040865384615384616 0.04326923076923077
0 0.6045673076923077 0.7091346153846154 0.038461538461538464 0.036057692307692304
0 0.6899038461538461 0.8112980769230769 0.04326923076923077 0.02403846153846154
0 0.6442307692307693 0.4423076923076923 0.055288461538461536 0.036057692307692304
0 0.671875 0.421875 0.004807692307692308 0.004807692307692308
0 0.6538461538461539 0.5024038461538461 0.038461538461538464 0.036057692307692304
0 0.8088942307692307 0.6766826923076923 0.03125 0.03365384615384615
0 0.296875 0.7211538461538461 0.04326923076923077 0.03365384615384615
0 0.25240384615384615 0.7475961538461539 0.04326923076923077 0.03125
0 0.19471153846153846 0.796875 0.038461538461538464 0.02403846153846154
0 0.36538461538461536 0.7487980769230769 0.04807692307692308 0.021634615384615384
0 0.36778846153846156 0.7980769230769231 0.04807692307692308 0.02403846153846154
0 0.2980769230769231 0.7716346153846154 0.052884615384615384 0.02403846153846154
0 0.2824519230769231 0.8257211538461539 0.038461538461538464 0.040865384615384616
0 0.2776442307692308 0.7992788461538461 0.036057692307692304 0.036057692307692304
0 0.16826923076923078 0.8173076923076923 0.03125 0.028846153846153848
0 0.14302884615384615 0.8605769230769231 0.038461538461538464 0.02403846153846154
0 0.18870192307692307 0.8461538461538461 0.028846153846153848 0.03125
0 0.14423076923076922 0.8870192307692307 0.028846153846153848 0.028846153846153848
0 0.1346153846153846 0.9314903846153846 0.038461538461538464 0.021634615384615384
0 0.1310096153846154 0.9050480769230769 0.040865384615384616 0.016826923076923076
0 0.23677884615384615 0.8713942307692307 0.04326923076923077 0.02403846153846154
0 0.20432692307692307 0.9122596153846154 0.04326923076923077 0.02403846153846154
0 0.19230769230769232 0.8858173076923077 0.038461538461538464 0.02403846153846154
0 0.24759615384615385 0.9254807692307693 0.038461538461538464 0.021634615384615384
0 0.27884615384615385 0.8774038461538461 0.03125 0.028846153846153848
0 0.3449519230769231 0.9290865384615384 0.036057692307692304 0.036057692307692304
0 0.30288461538461536 0.9471153846153846 0.040865384615384616 0.019230769230769232
0 0.43149038461538464 0.859375 0.038461538461538464 0.02403846153846154
0 0.453125 0.8088942307692307 0.03125 0.028846153846153848
0 0.453125 0.9146634615384616 0.036057692307692304 0.03365384615384615
0 0.3954326923076923 0.9314903846153846 0.036057692307692304 0.02403846153846154
0 0.5432692307692307 0.953125 0.03365384615384615 0.02403846153846154
0 0.09615384615384616 0.9603365384615384 0.03125 0.03125
0 0.18028846153846154 0.9675480769230769 0.04567307692307692 0.019230769230769232
0 0.2764423076923077 0.9891826923076923 0.04567307692307692 0.016826923076923076
0 0.41586538461538464 0.9975961538461539 0.040865384615384616 0.004807692307692308
0 0.49278846153846156 0.8725961538461539 0.03125 0.028846153846153848
0 0.7163461538461539 0.8449519230769231 0.040865384615384616 0.02403846153846154
0 0.5709134615384616 0.8040865384615384 0.03125 0.03125
0 0.6334134615384616 0.9579326923076923 0.028846153846153848 0.028846153846153848
0 0.4230769230769231 0.9615384615384616 0.026442307692307692 0.028846153846153848
0 0.484375 0.9423076923076923 0.03125 0.03365384615384615
0 0.5420673076923077 0.8882211538461539 0.028846153846153848 0.028846153846153848
0 0.6177884615384616 0.9242788461538461 0.028846153846153848 0.028846153846153848
0 0.19110576923076922 0.9891826923076923 0.04326923076923077 0.014423076923076924
0 0.40384615384615385 0.8954326923076923 0.03365384615384615 0.02403846153846154