0 0.37259615384615385 0.5096153846153846 0.03365384615384615 0.04807692307692308
0 0.31850961538461536 0.6057692307692307 0.026442307692307692 0.06009615384615385
0 0.37740384615384615 0.5805288461538461 0.028846153846153848 0.04567307692307692
0 0.421875 0.546875 0.026442307692307692 0.057692307692307696
0 0.44591346153846156 0.5180288461538461 0.026442307692307692 0.055288461538461536
0 0.46875 0.47836538461538464 0.019230769230769232 0.055288461538461536
0 0.5060096153846154 0.5108173076923077 0.02403846153846154 0.06971153846153846
0 0.2403846153846154 0.6201923076923077 0.028846153846153848 0.04567307692307692
0 0.27283653846153844 0.6298076923076923 0.019230769230769232 0.04807692307692308
0 0.3161057692307692 0.6694711538461539 0.038461538461538464 0.03365384615384615
0 0.28125 0.6923076923076923 0.02403846153846154 0.038461538461538464
0 0.23557692307692307 0.6826923076923077 0.036057692307692304 0.021634615384615384
0 0.18990384615384615 0.6694711538461539 0.028846153846153848 0.02403846153846154
0 0.16105769230769232 0.7644230769230769 0.021634615384615384 0.05048076923076923
0 0.21153846153846154 0.8269230769230769 0.028846153846153848 0.04326923076923077
0 0.3629807692307692 0.6454326923076923 0.028846153846153848 0.03365384615384615
0 0.3485576923076923 0.6105769230769231 0.02403846153846154 0.038461538461538464
0 0.40625 0.6225961538461539 0.036057692307692304 0.028846153846153848
0 0.3954326923076923 0.6550480769230769 0.02403846153846154 0.021634615384615384
0 0.40024038461538464 0.6947115384615384 0.02403846153846154 0.02403846153846154
0 0.375 0.7211538461538461 0.021634615384615384 0.038461538461538464
0 0.3329326923076923 0.734375 0.03365384615384615 0.040865384615384616
0 0.3401442307692308 0.6947115384615384 0.028846153846153848 0.02403846153846154
0 0.3076923076923077 0.7127403846153846 0.028846153846153848 0.03365384615384615
0 0.28966346153846156 0.7788461538461539 0.06009615384615385 0.040865384615384616
0 0.27283653846153844 0.734375 0.055288461538461536 0.036057692307692304
0 0.24639423076923078 0.7764423076923077 0.014423076923076924 0.040865384615384616
0 0.3870192307692308 0.765625 0.021634615384615384 0.02403846153846154
0 0.3545673076923077 0.7680288461538461 0.028846153846153848 0.026442307692307692
0 0.3425480769230769 0.8112980769230769 0.016826923076923076 0.03365384615384615
0 0.4170673076923077 0.7836538461538461 0.021634615384615384 0.038461538461538464
0 0.46634615384615385 0.7079326923076923 0.028846153846153848 0.04326923076923077
0 0.4519230769230769 0.7956730769230769 0.02403846153846154 0.055288461538461536
0 0.45072115384615385 0.6538461538461539 0.02403846153846154 0.040865384615384616
0 0.46634615384615385 0.5973557692307693 0.019230769230769232 0.040865384615384616
0 0.46033653846153844 0.5516826923076923 0.026442307692307692 0.028846153846153848
0 0.5036057692307693 0.5685096153846154 0.03365384615384615 0.04807692307692308
0 0.5 0.6237980769230769 0.026442307692307692 0.04326923076923077
0 0.4879807692307692 0.6694711538461539 0.03365384615384615 0.036057692307692304
0 0.5084134615384616 0.7283653846153846 0.028846153846153848 0.026442307692307692
0 0.5108173076923077 0.6838942307692307 0.01201923076923077 0.036057692307692304
0 0.5192307692307693 0.6394230769230769 0.016826923076923076 0.036057692307692304
0 0.5300480769230769 0.6057692307692307 0.016826923076923076 0.038461538461538464
0 0.5396634615384616 0.5564903846153846 0.02403846153846154 0.019230769230769232
0 0.5444711538461539 0.5096153846153846 0.016826923076923076 0.028846153846153848
0 0.5745192307692307 0.47716346153846156 0.02403846153846154 0.03365384615384615
0 0.5733173076923077 0.5348557692307693 0.02403846153846154 0.04807692307692308
0 0.5612980769230769 0.5685096153846154 0.01201923076923077 0.02403846153846154
0 0.5661057692307693 0.6322115384615384 0.02403846153846154 0.038461538461538464
0 0.5408653846153846 0.6550480769230769 0.03125 0.03365384615384615
0 0.5336538461538461 0.6995192307692307 0.02403846153846154 0.03125
0 0.5324519230769231 0.7403846153846154 0.026442307692307692 0.03125
0 0.6298076923076923 0.47836538461538464 0.028846153846153848 0.026442307692307692
0 0.6009615384615384 0.49759615384615385 0.019230769230769232 0.021634615384615384
0 0.5901442307692307 0.5324519230769231 0.016826923076923076 0.05048076923076923
0 0.5913461538461539 0.5877403846153846 0.019230769230769232 0.03365384615384615
0 0.5949519230769231 0.6262019230769231 0.009615384615384616 0.03125
0 0.5817307692307693 0.6790865384615384 0.019230769230769232 0.04807692307692308
0 0.5600961538461539 0.6622596153846154 0.019230769230769232 0.038461538461538464
0 0.5637019230769231 0.7596153846153846 0.02403846153846154 0.038461538461538464
0 0.5552884615384616 0.7019230769230769 0.007211538461538462 0.026442307692307692
0 0.5733173076923077 0.7139423076923077 0.007211538461538462 0.028846153846153848
0 0.6262019230769231 0.5649038461538461 0.019230769230769232 0.04567307692307692
0 0.6117788461538461 0.5925480769230769 0.01201923076923077 0.04807692307692308
0 0.6286057692307693 0.6081730769230769 0.016826923076923076 0.028846153846153848
0 0.6514423076923077 0.6490384615384616 0.009615384615384616 0.03125
0 0.6286057692307693 0.6454326923076923 0.009615384615384616 0.03125
0 0.6262019230769231 0.6141826923076923 0.019230769230769232 0.04567307692307692
0 0.6646634615384616 0.6153846153846154 0.026442307692307692 0.04326923076923077
0 0.6514423076923077 0.578125 0.01201923076923077 0.03125
0 0.6418269230769231 0.5072115384615384 0.021634615384615384 0.02403846153846154
0 0.6346153846153846 0.38822115384615385 0.019230769230769232 0.03125
0 0.6153846153846154 0.328125 0.019230769230769232 0.03125
0 0.5877403846153846 0.34134615384615385 0.021634615384615384 0.036057692307692304
0 0.6358173076923077 0.2932692307692308 0.02403846153846154 0.03125
0 0.6598557692307693 0.2620192307692308 0.016826923076923076 0.019230769230769232
0 0.6778846153846154 0.23557692307692307 0.014423076923076924 0.036057692307692304
0 0.6959134615384616 0.21995192307692307 0.01201923076923077 0.03365384615384615
0 0.7163461538461539 0.21995192307692307 0.016826923076923076 0.052884615384615384
0 0.7355769230769231 0.20192307692307693 0.007211538461538462 0.03125
0 0.7524038461538461 0.19110576923076922 0.009615384615384616 0.028846153846153848
0 0.7680288461538461 0.19230769230769232 0.009615384615384616 0.04567307692307692
0 0.7956730769230769 0.203125 0.02403846153846154 0.038461538461538464
0 0.6658653846153846 0.6947115384615384 0.014423076923076924 0.026442307692307692
0 0.6826923076923077 0.6730769230769231 0.016826923076923076 0.026442307692307692
0 0.71875 0.6995192307692307 0.014423076923076924 0.028846153846153848
0 0.6358173076923077 0.6802884615384616 0.014423076923076924 0.03125
0 0.6081730769230769 0.6862980769230769 0.016826923076923076 0.03365384615384615
0 0.6742788461538461 0.5661057692307693 0.016826923076923076 0.028846153846153848
0 0.6742788461538461 0.5192307692307693 0.01201923076923077 0.02403846153846154
0 0.6850961538461539 0.4579326923076923 0.016826923076923076 0.02403846153846154
0 0.6622596153846154 0.4230769230769231 0.009615384615384616 0.016826923076923076
0 0.6778846153846154 0.3870192307692308 0.016826923076923076 0.026442307692307692
0 0.6826923076923077 0.30649038461538464 0.02403846153846154 0.02403846153846154
0 0.7043269230769231 0.32211538461538464 0.016826923076923076 0.038461538461538464
0 0.7223557692307693 0.2932692307692308 0.016826923076923076 0.03365384615384615
0 0.7103365384615384 0.2704326923076923 0.016826923076923076 0.021634615384615384
0 0.6838942307692307 0.2764423076923077 0.01201923076923077 0.026442307692307692
0 0.7427884615384616 0.2824519230769231 0.016826923076923076 0.026442307692307692
0 0.7536057692307693 0.24278846153846154 0.007211538461538462 0.02403846153846154
0 0.7776442307692307 0.25721153846153844 0.026442307692307692 0.019230769230769232
0 0.7884615384615384 0.2956730769230769 0.009615384615384616 0.028846153846153848
0 0.7632211538461539 0.2956730769230769 0.014423076923076924 0.026442307692307692
0 0.7427884615384616 0.3293269230769231 0.016826923076923076 0.036057692307692304
0 0.7307692307692307 0.3449519230769231 0.007211538461538462 0.026442307692307692
0 0.7103365384615384 0.35697115384615385 0.016826923076923076 0.03125
0 0.6826923076923077 0.35216346153846156 0.02403846153846154 0.026442307692307692
0 0.7019230769230769 0.4026442307692308 0.01201923076923077 0.036057692307692304
0 0.7223557692307693 0.3786057692307692 0.01201923076923077 0.03365384615384615
0 0.7391826923076923 0.3786057692307692 0.009615384615384616 0.02403846153846154
0 0.7331730769230769 0.41586538461538464 0.01201923076923077 0.016826923076923076
0 0.7175480769230769 0.41466346153846156 0.01201923076923077 0.026442307692307692
0 0.6983173076923077 0.4483173076923077 0.014423076923076924 0.028846153846153848
0 0.6802884615384616 0.43149038461538464 0.009615384615384616 0.040865384615384616
0 0.6586538461538461 0.45913461538461536 0.014423076923076924 0.021634615384615384
0 0.6682692307692307 0.49399038461538464 0.016826923076923076 0.019230769230769232
0 0.703125 0.47836538461538464 0.009615384615384616 0.026442307692307692
0 0.7307692307692307 0.453125 0.016826923076923076 0.03125
0 0.734375 0.5 0.014423076923076924 0.02403846153846154
0 0.7596153846153846 0.5024038461538461 0.01201923076923077 0.038461538461538464
0 0.7800480769230769 0.47596153846153844 0.01201923076923077 0.028846153846153848
0 0.7572115384615384 0.4362980769230769 0.016826923076923076 0.038461538461538464
0 0.7860576923076923 0.3786057692307692 0.019230769230769232 0.026442307692307692
0 0.7644230769230769 0.33533653846153844 0.01201923076923077 0.021634615384615384
0 0.7884615384615384 0.3329326923076923 0.01201923076923077 0.038461538461538464
0 0.8269230769230769 0.24278846153846154 0.02403846153846154 0.021634615384615384
0 0.8052884615384616 0.2644230769230769 0.01201923076923077 0.02403846153846154
0 0.7920673076923077 0.24158653846153846 0.016826923076923076 0.019230769230769232
0 0.8305288461538461 0.20432692307692307 0.016826923076923076 0.016826923076923076
0 0.8185096153846154 0.171875 0.019230769230769232 0.021634615384615384
0 0.8473557692307693 0.21394230769230768 0.014423076923076924 0.03365384615384615
0 0.8461538461538461 0.2548076923076923 0.01201923076923077 0.026442307692307692
0 0.8497596153846154 0.2824519230769231 0.014423076923076924 0.019230769230769232
0 0.8293269230769231 0.2956730769230769 0.01201923076923077 0.04326923076923077
0 0.8425480769230769 0.32572115384615385 0.01201923076923077 0.03365384615384615
0 0.8653846153846154 0.3473557692307692 0.016826923076923076 0.028846153846153848
0 0.8641826923076923 0.3870192307692308 0.009615384615384616 0.026442307692307692
0 0.8389423076923077 0.3786057692307692 0.009615384615384616 0.026442307692307692
0 0.8257211538461539 0.35336538461538464 0.007211538461538462 0.028846153846153848
0 0.8040865384615384 0.3389423076923077 0.01201923076923077 0.026442307692307692
0 0.8100961538461539 0.38461538461538464 0.01201923076923077 0.01201923076923077
0 0.8052884615384616 0.40625 0.01201923076923077 0.021634615384615384
0 0.7872596153846154 0.4170673076923077 0.016826923076923076 0.026442307692307692
0 0.8185096153846154 0.4519230769230769 0.021634615384615384 0.036057692307692304
0 0.7920673076923077 0.4411057692307692 0.014423076923076924 0.016826923076923076
0 0.8028846153846154 0.49399038461538464 0.019230769230769232 0.028846153846153848
0 0.8353365384615384 0.5072115384615384 0.016826923076923076 0.021634615384615384
0 0.8545673076923077 0.4951923076923077 0.009615384615384616 0.028846153846153848
0 0.8569711538461539 0.4411057692307692 0.014423076923076924 0.03365384615384615
0 0.8737980769230769 0.4326923076923077 0.009615384615384616 0.026442307692307692
0 0.8894230769230769 0.39663461538461536 0.01201923076923077 0.016826923076923076
0 0.8858173076923077 0.3485576923076923 0.009615384615384616 0.02403846153846154
0 0.8978365384615384 0.31490384615384615 0.019230769230769232 0.026442307692307692
0 0.8846153846153846 0.25 0.01201923076923077 0.026442307692307692
0 0.8810096153846154 0.2860576923076923 0.009615384615384616 0.03125
0 0.8665865384615384 0.30408653846153844 0.016826923076923076 0.019230769230769232
0 0.8064903846153846 0.3016826923076923 0.01201923076923077 0.021634615384615384
0 0.8377403846153846 0.41225961538461536 0.016826923076923076 0.021634615384615384
0 0.8233173076923077 0.40384615384615385 0.009615384615384616 0.02403846153846154
0 0.8641826923076923 0.5516826923076923 0.019230769230769232 0.019230769230769232
0 0.8100961538461539 0.5480769230769231 0.021634615384615384 0.019230769230769232
0 0.7716346153846154 0.5384615384615384 0.016826923076923076 0.026442307692307692
0 0.7620192307692307 0.5637019230769231 0.01201923076923077 0.01201923076923077
0 0.7836538461538461 0.6141826923076923 0.028846153846153848 0.036057692307692304
0 0.7524038461538461 0.5985576923076923 0.01201923076923077 0.02403846153846154
0 0.7367788461538461 0.5961538461538461 0.014423076923076924 0.02403846153846154
0 0.7487980769230769 0.5492788461538461 0.009615384615384616 0.038461538461538464
0 0.6971153846153846 0.59375 0.016826923076923076 0.02403846153846154
0 0.7103365384615384 0.6358173076923077 0.019230769230769232 0.02403846153846154
0 0.7331730769230769 0.6298076923076923 0.014423076923076924 0.02403846153846154
0 0.75 0.6646634615384616 0.019230769230769232 0.021634615384615384
0 0.7271634615384616 0.6610576923076923 0.01201923076923077 0.016826923076923076
0 0.7680288461538461 0.6442307692307693 0.016826923076923076 0.028846153846153848
0 0.7860576923076923 0.6514423076923077 0.014423076923076924 0.02403846153846154
0 0.8100961538461539 0.6370192307692307 0.014423076923076924 0.021634615384615384
0 0.8329326923076923 0.5949519230769231 0.014423076923076924 0.019230769230769232
0 0.8413461538461539 0.6298076923076923 0.014423076923076924 0.016826923076923076
0 0.8605769230769231 0.6057692307692307 0.01201923076923077 0.028846153846153848
0 0.8641826923076923 0.5829326923076923 0.007211538461538462 0.01201923076923077
0 0.8641826923076923 0.53125 0.01201923076923077 0.021634615384615384
0 0.10576923076923077 0.796875 0.02403846153846154 0.04326923076923077
0 0.14182692307692307 0.8461538461538461 0.02403846153846154 0.03365384615384615
0 0.10576923076923077 0.8870192307692307 0.026442307692307692 0.026442307692307692
0 0.16706730769230768 0.8725961538461539 0.026442307692307692 0.04567307692307692
0 0.1466346153846154 0.9050480769230769 0.03365384615384615 0.028846153846153848
0 0.2127403846153846 0.8365384615384616 0.07932692307692307 0.057692307692307696
0 0.21754807692307693 0.8942307692307693 0.040865384615384616 0.04807692307692308
0 0.25240384615384615 0.8725961538461539 0.04567307692307692 0.05048076923076923
0 0.2764423076923077 0.8353365384615384 0.028846153846153848 0.04326923076923077
0 0.2956730769230769 0.9038461538461539 0.02403846153846154 0.028846153846153848
0 0.7956730769230769 0.5721153846153846 0.03125 0.04326923076923077
0 0.31009615384615385 0.8497596153846154 0.02403846153846154 0.07692307692307693
0 0.33533653846153844 0.8533653846153846 0.03365384615384615 0.05048076923076923
0 0.5733173076923077 0.8040865384615384 0.04567307692307692 0.028846153846153848