0 0.14182692307692307 0.6935096153846154 0.03125 0.03365384615384615
0 0.12740384615384615 0.7740384615384616 0.03125 0.03365384615384615
0 0.1141826923076923 0.8028846153846154 0.026442307692307692 0.028846153846153848
0 0.140625 0.8125 0.026442307692307692 0.028846153846153848
0 0.14783653846153846 0.7872596153846154 0.02403846153846154 0.038461538461538464
0 0.18509615384615385 0.6286057692307693 0.028846153846153848 0.040865384615384616
0 0.21875 0.625 0.028846153846153848 0.04326923076923077
0 0.2848557692307692 0.5817307692307693 0.026442307692307692 0.04807692307692308
0 0.3125 0.6310096153846154 0.026442307692307692 0.040865384615384616
0 0.25961538461538464 0.6225961538461539 0.028846153846153848 0.03365384615384615
0 0.1971153846153846 0.6911057692307693 0.03365384615384615 0.03365384615384615
0 0.23197115384615385 0.7115384615384616 0.026442307692307692 0.04567307692307692
0 0.2644230769230769 0.7379807692307693 0.026442307692307692 0.03365384615384615
0 0.3016826923076923 0.6826923076923077 0.026442307692307692 0.05048076923076923
0 0.17548076923076922 0.7560096153846154 0.026442307692307692 0.04326923076923077
0 0.19951923076923078 0.7524038461538461 0.026442307692307692 0.038461538461538464
0 0.18990384615384615 0.8040865384615384 0.03125 0.038461538461538464
0 0.21634615384615385 0.796875 0.028846153846153848 0.03365384615384615
0 0.2668269230769231 0.7704326923076923 0.02403846153846154 0.040865384615384616
0 0.3076923076923077 0.7908653846153846 0.026442307692307692 0.03125
0 0.33653846153846156 0.7644230769230769 0.02403846153846154 0.04807692307692308
0 0.36658653846153844 0.6237980769230769 0.036057692307692304 0.05048076923076923
0 0.3401442307692308 0.5901442307692307 0.026442307692307692 0.03365384615384615
0 0.390625 0.5793269230769231 0.026442307692307692 0.038461538461538464
0 0.4110576923076923 0.6165865384615384 0.026442307692307692 0.040865384615384616
0 0.4579326923076923 0.5817307692307693 0.028846153846153848 0.038461538461538464
0 0.43509615384615385 0.6165865384615384 0.02403846153846154 0.04326923076923077
0 0.4795673076923077 0.6129807692307693 0.02403846153846154 0.03365384615384615
0 0.47475961538461536 0.6526442307692307 0.02403846153846154 0.05048076923076923
0 0.4326923076923077 0.6862980769230769 0.026442307692307692 0.052884615384615384
0 0.45913461538461536 0.7331730769230769 0.028846153846153848 0.06009615384615385
0 0.515625 0.5552884615384616 0.028846153846153848 0.04326923076923077
0 0.5240384615384616 0.6694711538461539 0.02403846153846154 0.04567307692307692
0 0.546875 0.6165865384615384 0.02403846153846154 0.038461538461538464
0 0.5697115384615384 0.6598557692307693 0.026442307692307692 0.03125
0 0.5889423076923077 0.7463942307692307 0.026442307692307692 0.04326923076923077
0 0.5564903846153846 0.7079326923076923 0.02403846153846154 0.04567307692307692
0 0.578125 0.546875 0.03125 0.038461538461538464
0 0.6069711538461539 0.44711538461538464 0.028846153846153848 0.05048076923076923
0 0.6394230769230769 0.453125 0.026442307692307692 0.05048076923076923
0 0.6262019230769231 0.5216346153846154 0.028846153846153848 0.038461538461538464
0 0.6045673076923077 0.5985576923076923 0.02403846153846154 0.040865384615384616
0 0.6033653846153846 0.6538461538461539 0.02403846153846154 0.03125
0 0.6334134615384616 0.5913461538461539 0.028846153846153848 0.036057692307692304
0 0.5997596153846154 0.6971153846153846 0.026442307692307692 0.04807692307692308
0 0.6346153846153846 0.6622596153846154 0.026442307692307692 0.040865384615384616
0 0.6442307692307693 0.6935096153846154 0.026442307692307692 0.038461538461538464
0 0.6730769230769231 0.4735576923076923 0.028846153846153848 0.05048076923076923
0 0.7439903846153846 0.47596153846153844 0.028846153846153848 0.052884615384615384
0 0.6634615384615384 0.5384615384615384 0.026442307692307692 0.038461538461538464
0 0.6983173076923077 0.5673076923076923 0.02403846153846154 0.040865384615384616
0 0.7331730769230769 0.5588942307692307 0.02403846153846154 0.055288461538461536
0 0.7355769230769231 0.6310096153846154 0.026442307692307692 0.038461538461538464
0 0.6670673076923077 0.6730769230769231 0.02403846153846154 0.03365384615384615
0 0.6935096153846154 0.6658653846153846 0.026442307692307692 0.03125
0 0.7355769230769231 0.7055288461538461 0.026442307692307692 0.036057692307692304
0 0.6658653846153846 0.5961538461538461 0.026442307692307692 0.05048076923076923
0 0.8918269230769231 0.59375 0.026442307692307692 0.04567307692307692
0 0.8040865384615384 0.5588942307692307 0.028846153846153848 0.038461538461538464
0 0.84375 0.5925480769230769 0.026442307692307692 0.04807692307692308
0 0.8401442307692307 0.640625 0.02403846153846154 0.038461538461538464
0 0.8762019230769231 0.6538461538461539 0.02403846153846154 0.036057692307692304
0 0.9086538461538461 0.6478365384615384 0.026442307692307692 0.036057692307692304
0 0.7644230769230769 0.6201923076923077 0.02403846153846154 0.038461538461538464
0 0.8088942307692307 0.6899038461538461 0.02403846153846154 0.040865384615384616
0 0.7824519230769231 0.6526442307692307 0.03125 0.036057692307692304
0 0.7079326923076923 0.5024038461538461 0.026442307692307692 0.04326923076923077
0 0.3485576923076923 0.671875 0.026442307692307692 0.04326923076923077
0 0.3485576923076923 0.7223557692307693 0.004807692307692308 0.002403846153846154
0 0.35216346153846156 0.6754807692307693 0.007211538461538462 0.009615384615384616