0 0.04567307692307692 0.6814903846153846 0.026442307692307692 0.057692307692307696
0 0.07211538461538461 0.703125 0.026442307692307692 0.036057692307692304
0 0.028846153846153848 0.7391826923076923 0.028846153846153848 0.04807692307692308
0 0.08774038461538461 0.7620192307692307 0.02403846153846154 0.04567307692307692
0 0.04447115384615385 0.7836538461538461 0.02403846153846154 0.038461538461538464
0 0.018028846153846152 0.7908653846153846 0.028846153846153848 0.03125
0 0.12620192307692307 0.7451923076923077 0.026442307692307692 0.040865384615384616
0 0.17908653846153846 0.7415865384615384 0.026442307692307692 0.04567307692307692
0 0.109375 0.8449519230769231 0.021634615384615384 0.038461538461538464
0 0.08052884615384616 0.8245192307692307 0.021634615384615384 0.03365384615384615
0 0.016826923076923076 0.8329326923076923 0.03365384615384615 0.03125
0 0.28846153846153844 0.7776442307692307 0.03125 0.05048076923076923
0 0.23197115384615385 0.8064903846153846 0.040865384615384616 0.038461538461538464
0 0.2644230769230769 0.8533653846153846 0.026442307692307692 0.036057692307692304
0 0.29447115384615385 0.8798076923076923 0.03125 0.040865384615384616
0 0.3137019230769231 0.6802884615384616 0.03125 0.038461538461538464
0 0.32211538461538464 0.8257211538461539 0.028846153846153848 0.036057692307692304
0 0.36658653846153844 0.640625 0.026442307692307692 0.04807692307692308
0 0.3557692307692308 0.7055288461538461 0.03365384615384615 0.052884615384615384
0 0.359375 0.7752403846153846 0.021634615384615384 0.036057692307692304
0 0.4014423076923077 0.7091346153846154 0.026442307692307692 0.04807692307692308
0 0.40024038461538464 0.7728365384615384 0.028846153846153848 0.040865384615384616
0 0.421875 0.6838942307692307 0.026442307692307692 0.03125
0 0.4254807692307692 0.6177884615384616 0.028846153846153848 0.03365384615384615
0 0.47115384615384615 0.5288461538461539 0.02403846153846154 0.038461538461538464
0 0.4831730769230769 0.6021634615384616 0.03125 0.036057692307692304
0 0.45552884615384615 0.6237980769230769 0.02403846153846154 0.036057692307692304
0 0.44591346153846156 0.703125 0.026442307692307692 0.038461538461538464
0 0.44471153846153844 0.7415865384615384 0.028846153846153848 0.04326923076923077
0 0.4795673076923077 0.7283653846153846 0.028846153846153848 0.04326923076923077
0 0.5024038461538461 0.6310096153846154 0.02403846153846154 0.03365384615384615
0 0.33774038461538464 0.8689903846153846 0.02403846153846154 0.03365384615384615
0 0.40865384615384615 0.8317307692307693 0.021634615384615384 0.038461538461538464
0 0.4423076923076923 0.8076923076923077 0.021634615384615384 0.05048076923076923
0 0.4879807692307692 0.7668269230769231 0.03125 0.03365384615384615
0 0.546875 0.7896634615384616 0.02403846153846154 0.05048076923076923
0 0.18509615384615385 0.8137019230769231 0.02403846153846154 0.036057692307692304
0 0.5180288461538461 0.5612980769230769 0.026442307692307692 0.04326923076923077
0 0.5420673076923077 0.5276442307692307 0.03365384615384615 0.04326923076923077
0 0.5456730769230769 0.6634615384615384 0.03365384615384615 0.04326923076923077
0 0.5600961538461539 0.7319711538461539 0.028846153846153848 0.055288461538461536
0 0.5588942307692307 0.609375 0.028846153846153848 0.038461538461538464
0 0.5528846153846154 0.5685096153846154 0.021634615384615384 0.04326923076923077
0 0.5649038461538461 0.5120192307692307 0.021634615384615384 0.038461538461538464
0 0.59375 0.5252403846153846 0.028846153846153848 0.038461538461538464
0 0.5889423076923077 0.5745192307692307 0.028846153846153848 0.06009615384615385
0 0.5889423076923077 0.6334134615384616 0.028846153846153848 0.04326923076923077
0 0.36177884615384615 0.8449519230769231 0.021634615384615384 0.03365384615384615
0 0.3858173076923077 0.8533653846153846 0.02403846153846154 0.040865384615384616
0 0.6237980769230769 0.5252403846153846 0.03125 0.03365384615384615
0 0.6550480769230769 0.5012019230769231 0.03365384615384615 0.036057692307692304
0 0.65625 0.5408653846153846 0.03125 0.03365384615384615
0 0.625 0.5661057692307693 0.02403846153846154 0.03365384615384615
0 0.6153846153846154 0.6069711538461539 0.019230769230769232 0.04326923076923077
0 0.6225961538461539 0.6586538461538461 0.021634615384615384 0.04326923076923077
0 0.59375 0.7283653846153846 0.019230769230769232 0.040865384615384616
0 0.6502403846153846 0.6370192307692307 0.021634615384615384 0.04326923076923077
0 0.6646634615384616 0.5853365384615384 0.02403846153846154 0.04567307692307692
0 0.6983173076923077 0.5625 0.02403846153846154 0.055288461538461536
0 0.703125 0.49038461538461536 0.02403846153846154 0.05048076923076923
0 0.671875 0.6334134615384616 0.02403846153846154 0.04326923076923077
0 0.6310096153846154 0.7463942307692307 0.021634615384615384 0.04326923076923077
0 0.6141826923076923 0.6995192307692307 0.021634615384615384 0.038461538461538464
0 0.734375 0.6201923076923077 0.03125 0.03365384615384615
0 0.7367788461538461 0.6658653846153846 0.019230769230769232 0.038461538461538464
0 0.6935096153846154 0.6117788461538461 0.026442307692307692 0.03125
0 0.671875 0.35096153846153844 0.021634615384615384 0.038461538461538464
0 0.6971153846153846 0.3137019230769231 0.019230769230769232 0.038461538461538464
0 0.7151442307692307 0.28725961538461536 0.021634615384615384 0.026442307692307692
0 0.7331730769230769 0.25841346153846156 0.02403846153846154 0.028846153846153848
0 0.7548076923076923 0.24158653846153846 0.019230769230769232 0.03365384615384615
0 0.7728365384615384 0.25961538461538464 0.016826923076923076 0.028846153846153848
0 0.7896634615384616 0.22596153846153846 0.019230769230769232 0.028846153846153848
0 0.8064903846153846 0.22596153846153846 0.01201923076923077 0.026442307692307692
0 0.8221153846153846 0.21514423076923078 0.019230769230769232 0.03365384615384615
0 0.84375 0.21394230769230768 0.016826923076923076 0.028846153846153848
0 0.6971153846153846 0.40384615384615385 0.021634615384615384 0.036057692307692304
0 0.7367788461538461 0.40024038461538464 0.02403846153846154 0.040865384615384616
0 0.7572115384615384 0.33774038461538464 0.016826923076923076 0.04567307692307692
0 0.7391826923076923 0.33413461538461536 0.019230769230769232 0.03365384615384615
0 0.6995192307692307 0.3473557692307692 0.019230769230769232 0.028846153846153848
0 0.7932692307692307 0.30408653846153844 0.016826923076923076 0.03365384615384615
0 0.7632211538461539 0.28966346153846156 0.016826923076923076 0.038461538461538464
0 0.8028846153846154 0.2644230769230769 0.019230769230769232 0.040865384615384616
0 0.8245192307692307 0.27403846153846156 0.016826923076923076 0.04326923076923077
0 0.8509615384615384 0.27163461538461536 0.016826923076923076 0.040865384615384616
0 0.8701923076923077 0.25240384615384615 0.019230769230769232 0.036057692307692304
0 0.8377403846153846 0.3076923076923077 0.021634615384615384 0.036057692307692304
0 0.8377403846153846 0.3858173076923077 0.021634615384615384 0.038461538461538464
0 0.8521634615384616 0.34975961538461536 0.021634615384615384 0.040865384615384616
0 0.8221153846153846 0.4723557692307692 0.016826923076923076 0.04807692307692308
0 0.8365384615384616 0.421875 0.016826923076923076 0.028846153846153848
0 0.7860576923076923 0.4987980769230769 0.019230769230769232 0.03125
0 0.7776442307692307 0.45552884615384615 0.016826923076923076 0.026442307692307692
0 0.7848557692307693 0.4206730769230769 0.021634615384615384 0.036057692307692304
0 0.8425480769230769 0.4987980769230769 0.014423076923076924 0.03365384615384615
0 0.8233173076923077 0.5997596153846154 0.016826923076923076 0.028846153846153848
0 0.8509615384615384 0.5444711538461539 0.019230769230769232 0.028846153846153848
0 0.8545673076923077 0.6189903846153846 0.021634615384615384 0.03365384615384615
0 0.8894230769230769 0.328125 0.021634615384615384 0.036057692307692304
0 0.90625 0.31009615384615385 0.021634615384615384 0.03365384615384615
0 0.9338942307692307 0.3112980769230769 0.021634615384615384 0.026442307692307692
0 0.9290865384615384 0.25841346153846156 0.019230769230769232 0.02403846153846154
0 0.9002403846153846 0.44350961538461536 0.021634615384615384 0.038461538461538464
0 0.9110576923076923 0.35216346153846156 0.016826923076923076 0.04326923076923077
0 0.9507211538461539 0.25 0.019230769230769232 0.03365384615384615
0 0.9747596153846154 0.359375 0.016826923076923076 0.04326923076923077
0 0.8725961538461539 0.5757211538461539 0.021634615384615384 0.021634615384615384
0 0.8137019230769231 0.6310096153846154 0.01201923076923077 0.03365384615384615
0 0.7608173076923077 0.6838942307692307 0.019230769230769232 0.028846153846153848
0 0.7199519230769231 0.5168269230769231 0.02403846153846154 0.028846153846153848