0 0.31490384615384615 0.9387019230769231 0.038461538461538464 0.038461538461538464
0 0.296875 0.9098557692307693 0.040865384615384616 0.038461538461538464
0 0.2512019230769231 0.9819711538461539 0.03365384615384615 0.026442307692307692
0 0.25 0.9555288461538461 0.036057692307692304 0.036057692307692304
0 0.20192307692307693 0.9663461538461539 0.036057692307692304 0.03365384615384615
0 0.13701923076923078 0.9879807692307693 0.021634615384615384 0.01201923076923077
0 0.15264423076923078 0.9675480769230769 0.03365384615384615 0.028846153846153848
0 0.2283653846153846 0.8942307692307693 0.028846153846153848 0.028846153846153848
0 0.25 0.796875 0.03365384615384615 0.036057692307692304
0 0.24759615384615385 0.8233173076923077 0.040865384615384616 0.02403846153846154
0 0.17548076923076922 0.7980769230769231 0.04807692307692308 0.021634615384615384
0 0.14783653846153846 0.8737980769230769 0.038461538461538464 0.02403846153846154
0 0.15985576923076922 0.90625 0.040865384615384616 0.038461538461538464
0 0.25240384615384615 0.8533653846153846 0.040865384615384616 0.02403846153846154
0 0.234375 0.8725961538461539 0.019230769230769232 0.02403846153846154
0 0.18629807692307693 0.7379807692307693 0.036057692307692304 0.036057692307692304
0 0.13942307692307693 0.7079326923076923 0.036057692307692304 0.03365384615384615
0 0.12980769230769232 0.7367788461538461 0.04326923076923077 0.02403846153846154
0 0.21754807692307693 0.6887019230769231 0.057692307692307696 0.040865384615384616
0 0.17427884615384615 0.6442307692307693 0.040865384615384616 0.02403846153846154
0 0.35096153846153844 0.6045673076923077 0.03365384615384615 0.036057692307692304
0 0.3004807692307692 0.6141826923076923 0.038461538461538464 0.03365384615384615
0 0.3088942307692308 0.6550480769230769 0.036057692307692304 0.038461538461538464
0 0.2644230769230769 0.6490384615384616 0.03365384615384615 0.026442307692307692
0 0.15384615384615385 0.9879807692307693 0.03365384615384615 0.01201923076923077
0 0.11298076923076923 0.6790865384615384 0.04567307692307692 0.021634615384615384
0 0.12620192307692307 0.6358173076923077 0.038461538461538464 0.038461538461538464
0 0.296875 0.5733173076923077 0.04807692307692308 0.02403846153846154
0 0.38461538461538464 0.5420673076923077 0.052884615384615384 0.021634615384615384
0 0.4795673076923077 0.5 0.057692307692307696 0.028846153846153848
0 0.40024038461538464 0.4879807692307692 0.038461538461538464 0.03125
0 0.3786057692307692 0.5132211538461539 0.036057692307692304 0.036057692307692304
0 0.3173076923076923 0.5456730769230769 0.03125 0.03125
0 0.27524038461538464 0.49038461538461536 0.04326923076923077 0.026442307692307692
0 0.2980769230769231 0.5228365384615384 0.038461538461538464 0.02403846153846154
0 0.2512019230769231 0.5252403846153846 0.036057692307692304 0.036057692307692304
0 0.22235576923076922 0.5673076923076923 0.04326923076923077 0.02403846153846154
0 0.20673076923076922 0.6045673076923077 0.04807692307692308 0.03365384615384615
0 0.1814903846153846 0.5276442307692307 0.05048076923076923 0.02403846153846154
0 0.2091346153846154 0.4170673076923077 0.040865384615384616 0.03125
0 0.21995192307692307 0.4579326923076923 0.03365384615384615 0.03125
0 0.4387019230769231 0.4495192307692308 0.038461538461538464 0.026442307692307692
0 0.4735576923076923 0.42427884615384615 0.03365384615384615 0.03365384615384615
0 0.33774038461538464 0.4230769230769231 0.04326923076923077 0.04326923076923077
0 0.36538461538461536 0.3786057692307692 0.04326923076923077 0.028846153846153848
0 0.4795673076923077 0.375 0.04567307692307692 0.02403846153846154
0 0.49038461538461536 0.39903846153846156 0.028846153846153848 0.028846153846153848
0 0.42908653846153844 0.37740384615384615 0.04567307692307692 0.021634615384615384
0 0.39903846153846156 0.4098557692307692 0.036057692307692304 0.03365384615384615
0 0.4807692307692308 0.34615384615384615 0.028846153846153848 0.028846153846153848
0 0.5084134615384616 0.3137019230769231 0.028846153846153848 0.03125
0 0.46153846153846156 0.3112980769230769 0.04567307692307692 0.02403846153846154
0 0.37259615384615385 0.31850961538461536 0.03125 0.03125
0 0.3473557692307692 0.3425480769230769 0.028846153846153848 0.026442307692307692
0 0.3954326923076923 0.3485576923076923 0.04567307692307692 0.02403846153846154
0 0.4362980769230769 0.3425480769230769 0.040865384615384616 0.02403846153846154
0 0.41586538461538464 0.30408653846153844 0.03125 0.03365384615384615
0 0.36778846153846156 0.29086538461538464 0.03125 0.028846153846153848
0 0.27283653846153844 0.37740384615384615 0.04807692307692308 0.019230769230769232
0 0.30649038461538464 0.35336538461538464 0.040865384615384616 0.03125
0 0.24759615384615385 0.33413461538461536 0.04326923076923077 0.02403846153846154
0 0.44471153846153844 0.26802884615384615 0.04567307692307692 0.02403846153846154
0 0.3954326923076923 0.23677884615384615 0.036057692307692304 0.036057692307692304
0 0.6730769230769231 0.2980769230769231 0.03125 0.03365384615384615
0 0.7019230769230769 0.2764423076923077 0.03125 0.021634615384615384
0 0.6129807692307693 0.2800480769230769 0.038461538461538464 0.016826923076923076
0 0.6153846153846154 0.2403846153846154 0.03365384615384615 0.03365384615384615
0 0.6838942307692307 0.21514423076923078 0.03125 0.03365384615384615
0 0.7632211538461539 0.23918269230769232 0.026442307692307692 0.02403846153846154
0 0.7776442307692307 0.22235576923076922 0.021634615384615384 0.021634615384615384
0 0.7980769230769231 0.18629807692307693 0.026442307692307692 0.026442307692307692
0 0.7632211538461539 0.20072115384615385 0.03125 0.016826923076923076
0 0.7163461538461539 0.17908653846153846 0.03365384615384615 0.014423076923076924
0 0.6862980769230769 0.171875 0.03365384615384615 0.019230769230769232
0 0.8088942307692307 0.1310096153846154 0.028846153846153848 0.016826923076923076
0 0.7956730769230769 0.16706730769230768 0.03125 0.016826923076923076
0 0.7704326923076923 0.10336538461538461 0.03365384615384615 0.019230769230769232
0 0.7692307692307693 0.04567307692307692 0.021634615384615384 0.02403846153846154
0 0.6911057692307693 0.08533653846153846 0.036057692307692304 0.019230769230769232
0 0.7127403846153846 0.1346153846153846 0.03365384615384615 0.021634615384615384
0 0.7475961538461539 0.14543269230769232 0.021634615384615384 0.021634615384615384
0 0.6334134615384616 0.13581730769230768 0.038461538461538464 0.016826923076923076
0 0.5913461538461539 0.13581730769230768 0.021634615384615384 0.02403846153846154
0 0.5108173076923077 0.1875 0.02403846153846154 0.02403846153846154
0 0.7247596153846154 0.2548076923076923 0.055288461538461536 0.026442307692307692
0 0.5396634615384616 0.1502403846153846 0.02403846153846154 0.02403846153846154
0 0.46634615384615385 0.12139423076923077 0.026442307692307692 0.02403846153846154
0 0.40865384615384615 0.1466346153846154 0.026442307692307692 0.026442307692307692
0 0.7475961538461539 0.12139423076923077 0.02403846153846154 0.021634615384615384
0 0.44350961538461536 0.09615384615384616 0.026442307692307692 0.026442307692307692
0 0.39302884615384615 0.11538461538461539 0.026442307692307692 0.02403846153846154
0 0.4963942307692308 0.2512019230769231 0.040865384615384616 0.026442307692307692
0 0.7247596153846154 0.09735576923076923 0.03125 0.028846153846153848
0 0.6694711538461539 0.06370192307692307 0.026442307692307692 0.026442307692307692
0 0.7127403846153846 0.06490384615384616 0.026442307692307692 0.026442307692307692
0 0.734375 0.078125 0.028846153846153848 0.014423076923076924
0 0.6274038461538461 0.046875 0.021634615384615384 0.021634615384615384
0 0.7091346153846154 0.039663461538461536 0.026442307692307692 0.02403846153846154
0 0.5733173076923077 0.07572115384615384 0.026442307692307692 0.028846153846153848
0 0.6658653846153846 0.1201923076923077 0.03365384615384615 0.02403846153846154
0 0.31850961538461536 0.2091346153846154 0.026442307692307692 0.019230769230769232
0 0.34134615384615385 0.234375 0.02403846153846154 0.026442307692307692
0 0.5444711538461539 0.23317307692307693 0.026442307692307692 0.026442307692307692
0 0.5576923076923077 0.1971153846153846 0.019230769230769232 0.021634615384615384
0 0.640625 0.08774038461538461 0.026442307692307692 0.026442307692307692
0 0.6911057692307693 0.015625 0.02403846153846154 0.02403846153846154
0 0.7728365384615384 0.02283653846153846 0.02403846153846154 0.014423076923076924