0 0.9182692307692307 0.9459134615384616 0.028846153846153848 0.03125
0 0.6141826923076923 0.6466346153846154 0.03125 0.03365384615384615
0 0.7127403846153846 0.703125 0.03125 0.03125
0 0.6995192307692307 0.6370192307692307 0.03365384615384615 0.03365384615384615
0 0.6610576923076923 0.59375 0.03365384615384615 0.03365384615384615
0 0.6213942307692307 0.5600961538461539 0.040865384615384616 0.028846153846153848
0 0.7223557692307693 0.6694711538461539 0.05048076923076923 0.03125
0 0.7908653846153846 0.7139423076923077 0.03365384615384615 0.02403846153846154
0 0.8185096153846154 0.6875 0.03125 0.028846153846153848
0 0.8533653846153846 0.6394230769230769 0.028846153846153848 0.019230769230769232
0 0.7644230769230769 0.65625 0.04807692307692308 0.02403846153846154
0 0.7415865384615384 0.609375 0.03125 0.03125
0 0.7848557692307693 0.5600961538461539 0.03365384615384615 0.02403846153846154
0 0.7175480769230769 0.5396634615384616 0.03125 0.03125
0 0.6610576923076923 0.5504807692307693 0.04326923076923077 0.04326923076923077
0 0.5961538461538461 0.5348557692307693 0.038461538461538464 0.016826923076923076
0 0.6225961538461539 0.49399038461538464 0.028846153846153848 0.026442307692307692
0 0.6790865384615384 0.5072115384615384 0.03125 0.028846153846153848
0 0.6225961538461539 0.4639423076923077 0.038461538461538464 0.038461538461538464
0 0.9350961538461539 0.5576923076923077 0.04326923076923077 0.028846153846153848
0 0.8473557692307693 0.5444711538461539 0.026442307692307692 0.026442307692307692
0 0.7992788461538461 0.5204326923076923 0.03125 0.03125
0 0.7475961538461539 0.5060096153846154 0.03365384615384615 0.03365384615384615
0 0.8725961538461539 0.6838942307692307 0.038461538461538464 0.03125
0 0.8161057692307693 0.7451923076923077 0.040865384615384616 0.028846153846153848
0 0.7271634615384616 0.47115384615384615 0.036057692307692304 0.038461538461538464
0 0.6694711538461539 0.45913461538461536 0.03125 0.028846153846153848
0 0.6502403846153846 0.4230769230769231 0.03125 0.028846153846153848
0 0.6838942307692307 0.43990384615384615 0.036057692307692304 0.019230769230769232
0 0.7584134615384616 0.42908653846153844 0.036057692307692304 0.036057692307692304
0 0.7872596153846154 0.4567307692307692 0.03125 0.028846153846153848
0 0.8365384615384616 0.47115384615384615 0.03365384615384615 0.02403846153846154
0 0.8665865384615384 0.5 0.04326923076923077 0.02403846153846154
0 0.8125 0.5 0.028846153846153848 0.028846153846153848
0 0.9014423076923077 0.4483173076923077 0.03365384615384615 0.036057692307692304
0 0.9495192307692307 0.4375 0.02403846153846154 0.028846153846153848
0 0.8161057692307693 0.41947115384615385 0.03125 0.03125
0 0.7608173076923077 0.39663461538461536 0.040865384615384616 0.02403846153846154
0 0.7115384615384616 0.40384615384615385 0.03365384615384615 0.03365384615384615
0 0.5997596153846154 0.4206730769230769 0.04567307692307692 0.02403846153846154
0 0.6875 0.36538461538461536 0.028846153846153848 0.019230769230769232
0 0.5913461538461539 0.3641826923076923 0.02403846153846154 0.026442307692307692
0 0.6165865384615384 0.390625 0.021634615384615384 0.016826923076923076
0 0.4987980769230769 0.35697115384615385 0.03365384615384615 0.016826923076923076
0 0.42908653846153844 0.3798076923076923 0.026442307692307692 0.02403846153846154
0 0.4495192307692308 0.4014423076923077 0.02403846153846154 0.019230769230769232
0 0.6995192307692307 0.34134615384615385 0.03365384615384615 0.03365384615384615
0 0.7427884615384616 0.3701923076923077 0.02403846153846154 0.019230769230769232
0 0.7487980769230769 0.32211538461538464 0.03365384615384615 0.019230769230769232
0 0.6237980769230769 0.3425480769230769 0.03125 0.019230769230769232
0 0.7740384615384616 0.36778846153846156 0.02403846153846154 0.019230769230769232
0 0.8257211538461539 0.390625 0.03125 0.019230769230769232
0 0.8473557692307693 0.42788461538461536 0.021634615384615384 0.028846153846153848
0 0.8305288461538461 0.4483173076923077 0.026442307692307692 0.016826923076923076
0 0.8978365384615384 0.4254807692307692 0.040865384615384616 0.019230769230769232
0 0.8737980769230769 0.4699519230769231 0.026442307692307692 0.026442307692307692
0 0.8149038461538461 0.359375 0.03365384615384615 0.02403846153846154
0 0.7824519230769231 0.34375 0.028846153846153848 0.028846153846153848
0 0.8112980769230769 0.30528846153846156 0.026442307692307692 0.028846153846153848
0 0.8425480769230769 0.3233173076923077 0.026442307692307692 0.026442307692307692
0 0.8425480769230769 0.27163461538461536 0.02403846153846154 0.014423076923076924
0 0.7932692307692307 0.2704326923076923 0.02403846153846154 0.021634615384615384
0 0.7355769230769231 0.2860576923076923 0.028846153846153848 0.019230769230769232
0 0.6947115384615384 0.3088942307692308 0.02403846153846154 0.026442307692307692
0 0.6394230769230769 0.31490384615384615 0.028846153846153848 0.019230769230769232
0 0.6117788461538461 0.3245192307692308 0.03365384615384615 0.014423076923076924
0 0.5300480769230769 0.34975961538461536 0.02403846153846154 0.019230769230769232
0 0.47836538461538464 0.34134615384615385 0.028846153846153848 0.009615384615384616
0 0.4326923076923077 0.3329326923076923 0.02403846153846154 0.026442307692307692
0 0.5048076923076923 0.3088942307692308 0.038461538461538464 0.021634615384615384
0 0.41947115384615385 0.30288461538461536 0.021634615384615384 0.02403846153846154
0 0.4254807692307692 0.27884615384615385 0.02403846153846154 0.019230769230769232
0 0.4519230769230769 0.29927884615384615 0.02403846153846154 0.014423076923076924
0 0.46033653846153844 0.2704326923076923 0.026442307692307692 0.016826923076923076
0 0.5108173076923077 0.2824519230769231 0.021634615384615384 0.021634615384615384
0 0.4951923076923077 0.2608173076923077 0.02403846153846154 0.014423076923076924
0 0.5348557692307693 0.2692307692307692 0.026442307692307692 0.014423076923076924
0 0.5829326923076923 0.29927884615384615 0.026442307692307692 0.026442307692307692
0 0.5384615384615384 0.3269230769230769 0.019230769230769232 0.02403846153846154
0 0.5709134615384616 0.3269230769230769 0.021634615384615384 0.019230769230769232
0 0.5408653846153846 0.30288461538461536 0.019230769230769232 0.019230769230769232
0 0.5649038461538461 0.2824519230769231 0.02403846153846154 0.01201923076923077
0 0.5697115384615384 0.2536057692307692 0.03365384615384615 0.016826923076923076
0 0.6237980769230769 0.24759615384615385 0.03125 0.014423076923076924
0 0.6802884615384616 0.2283653846153846 0.02403846153846154 0.014423076923076924
0 0.6370192307692307 0.21754807692307693 0.019230769230769232 0.021634615384615384
0 0.6021634615384616 0.1971153846153846 0.02403846153846154 0.019230769230769232
0 0.5492788461538461 0.21634615384615385 0.03125 0.019230769230769232
0 0.5276442307692307 0.24759615384615385 0.026442307692307692 0.02403846153846154
0 0.4579326923076923 0.25 0.026442307692307692 0.014423076923076924
0 0.42788461538461536 0.23076923076923078 0.019230769230769232 0.019230769230769232
0 0.4375 0.18629807692307693 0.028846153846153848 0.014423076923076924
0 0.43990384615384615 0.21153846153846154 0.02403846153846154 0.028846153846153848
0 0.4951923076923077 0.18389423076923078 0.02403846153846154 0.02403846153846154
0 0.5384615384615384 0.18389423076923078 0.02403846153846154 0.026442307692307692
0 0.4807692307692308 0.23677884615384615 0.019230769230769232 0.021634615384615384
0 0.5697115384615384 0.18028846153846154 0.02403846153846154 0.014423076923076924
0 0.6658653846153846 0.2127403846153846 0.02403846153846154 0.016826923076923076
0 0.6262019230769231 0.17307692307692307 0.028846153846153848 0.019230769230769232
0 0.6862980769230769 0.1935096153846154 0.021634615384615384 0.021634615384615384
0 0.6862980769230769 0.16346153846153846 0.021634615384615384 0.02403846153846154
0 0.75 0.1935096153846154 0.02403846153846154 0.026442307692307692
0 0.7007211538461539 0.2127403846153846 0.021634615384615384 0.021634615384615384
0 0.7367788461538461 0.2247596153846154 0.016826923076923076 0.016826923076923076
0 0.7872596153846154 0.20793269230769232 0.021634615384615384 0.021634615384615384
0 0.7728365384615384 0.23317307692307693 0.02403846153846154 0.02403846153846154
0 0.7704326923076923 0.2512019230769231 0.019230769230769232 0.021634615384615384
0 0.45913461538461536 0.1658653846153846 0.02403846153846154 0.02403846153846154
0 0.5721153846153846 0.15625 0.028846153846153848 0.014423076923076924
0 0.5252403846153846 0.16706730769230768 0.03125 0.016826923076923076
0 0.4951923076923077 0.12259615384615384 0.028846153846153848 0.019230769230769232
0 0.4387019230769231 0.1201923076923077 0.02403846153846154 0.02403846153846154
0 0.4699519230769231 0.14423076923076922 0.021634615384615384 0.019230769230769232
0 0.46634615384615385 0.0985576923076923 0.028846153846153848 0.019230769230769232
0 0.5096153846153846 0.0985576923076923 0.019230769230769232 0.019230769230769232
0 0.5733173076923077 0.10817307692307693 0.016826923076923076 0.019230769230769232
0 0.6382211538461539 0.13341346153846154 0.03125 0.016826923076923076
0 0.6394230769230769 0.11298076923076923 0.028846153846153848 0.019230769230769232
0 0.7247596153846154 0.13822115384615385 0.021634615384615384 0.021634615384615384
0 0.7235576923076923 0.16346153846153846 0.02403846153846154 0.014423076923076924
0 0.7776442307692307 0.16105769230769232 0.021634615384615384 0.019230769230769232
0 0.7788461538461539 0.12740384615384615 0.019230769230769232 0.019230769230769232
0 0.7512019230769231 0.10576923076923077 0.026442307692307692 0.014423076923076924
0 0.6911057692307693 0.1045673076923077 0.03125 0.016826923076923076
0 0.7463942307692307 0.13221153846153846 0.021634615384615384 0.019230769230769232
0 0.7788461538461539 0.1466346153846154 0.028846153846153848 0.014423076923076924
0 0.7920673076923077 0.18990384615384615 0.021634615384615384 0.02403846153846154
0 0.8185096153846154 0.22355769230769232 0.02403846153846154 0.02403846153846154
0 0.8052884615384616 0.23557692307692307 0.02403846153846154 0.009615384615384616
0 0.8040865384615384 0.2548076923076923 0.021634615384615384 0.019230769230769232
0 0.8641826923076923 0.2536057692307692 0.021634615384615384 0.021634615384615384
0 0.7800480769230769 0.2932692307692308 0.028846153846153848 0.014423076923076924
0 0.7548076923076923 0.30528846153846156 0.028846153846153848 0.009615384615384616
0 0.390625 0.35336538461538464 0.028846153846153848 0.019230769230769232
0 0.36538461538461536 0.3317307692307692 0.02403846153846154 0.028846153846153848
0 0.33413461538461536 0.3076923076923077 0.028846153846153848 0.02403846153846154
0 0.3173076923076923 0.2860576923076923 0.03365384615384615 0.014423076923076924
0 0.36538461538461536 0.2980769230769231 0.02403846153846154 0.02403846153846154
0 0.38221153846153844 0.32211538461538464 0.038461538461538464 0.019230769230769232
0 0.3713942307692308 0.27524038461538464 0.026442307692307692 0.026442307692307692
0 0.33653846153846156 0.2620192307692308 0.02403846153846154 0.02403846153846154
0 0.3004807692307692 0.24278846153846154 0.02403846153846154 0.02403846153846154
0 0.3016826923076923 0.22115384615384615 0.028846153846153848 0.019230769230769232
0 0.34615384615384615 0.22355769230769232 0.02403846153846154 0.02403846153846154
0 0.390625 0.23557692307692307 0.021634615384615384 0.02403846153846154
0 0.3918269230769231 0.25961538461538464 0.02403846153846154 0.02403846153846154
0 0.3389423076923077 0.24519230769230768 0.03365384615384615 0.019230769230769232
0 0.39663461538461536 0.21514423076923078 0.02403846153846154 0.021634615384615384
0 0.3629807692307692 0.19951923076923078 0.03365384615384615 0.019230769230769232
0 0.28966346153846156 0.20552884615384615 0.03125 0.016826923076923076
0 0.2956730769230769 0.1778846153846154 0.028846153846153848 0.028846153846153848
0 0.2764423076923077 0.16466346153846154 0.019230769230769232 0.016826923076923076
0 0.27163461538461536 0.14543269230769232 0.028846153846153848 0.021634615384615384
0 0.3425480769230769 0.14423076923076922 0.03125 0.019230769230769232
0 0.3701923076923077 0.16706730769230768 0.02403846153846154 0.021634615384615384
0 0.3401442307692308 0.1814903846153846 0.03125 0.019230769230769232
0 0.40024038461538464 0.1875 0.03125 0.019230769230769232
0 0.39663461538461536 0.13701923076923078 0.03365384615384615 0.019230769230769232
0 0.31850961538461536 0.11899038461538461 0.021634615384615384 0.019230769230769232
0 0.31009615384615385 0.13221153846153846 0.028846153846153848 0.014423076923076924
0 0.3605769230769231 0.125 0.02403846153846154 0.02403846153846154
0 0.3858173076923077 0.1141826923076923 0.026442307692307692 0.026442307692307692
0 0.41346153846153844 0.09975961538461539 0.028846153846153848 0.016826923076923076
0 0.39783653846153844 0.08052884615384616 0.021634615384615384 0.021634615384615384
0 0.35697115384615385 0.06850961538461539 0.02403846153846154 0.016826923076923076
0 0.43028846153846156 0.06610576923076923 0.02403846153846154 0.026442307692307692
0 0.4723557692307692 0.07451923076923077 0.021634615384615384 0.014423076923076924
0 0.5180288461538461 0.07572115384615384 0.021634615384615384 0.021634615384615384
0 0.5372596153846154 0.07211538461538461 0.021634615384615384 0.02403846153846154
0 0.5528846153846154 0.09615384615384616 0.019230769230769232 0.019230769230769232
0 0.5324519230769231 0.10576923076923077 0.021634615384615384 0.019230769230769232
0 0.5120192307692307 0.14302884615384615 0.02403846153846154 0.021634615384615384
0 0.6706730769230769 0.09134615384615384 0.019230769230769232 0.019230769230769232
0 0.7247596153846154 0.08774038461538461 0.019230769230769232 0.019230769230769232
0 0.44711538461538464 0.03365384615384615 0.019230769230769232 0.019230769230769232
0 0.48197115384615385 0.01201923076923077 0.03365384615384615 0.014423076923076924
0 0.4951923076923077 0.030048076923076924 0.028846153846153848 0.007211538461538462
0 0.359375 0.010817307692307692 0.026442307692307692 0.01201923076923077
0 0.41466346153846156 0.006009615384615385 0.026442307692307692 0.01201923076923077
0 0.4495192307692308 0.008413461538461538 0.019230769230769232 0.016826923076923076
0 0.359375 0.04326923076923077 0.026442307692307692 0.009615384615384616
0 0.31009615384615385 0.01201923076923077 0.014423076923076924 0.014423076923076924
0 0.3112980769230769 0.002403846153846154 0.026442307692307692 0.004807692307692308
0 0.9122596153846154 0.6033653846153846 0.03125 0.028846153846153848
0 0.8221153846153846 0.6153846153846154 0.038461538461538464 0.028846153846153848
0 0.7752403846153846 0.6213942307692307 0.026442307692307692 0.026442307692307692
0 0.890625 0.6286057692307693 0.026442307692307692 0.026442307692307692
0 0.9302884615384616 0.640625 0.028846153846153848 0.026442307692307692
0 0.984375 0.65625 0.026442307692307692 0.02403846153846154
0 0.9591346153846154 0.6334134615384616 0.019230769230769232 0.026442307692307692
0 0.9783653846153846 0.6129807692307693 0.02403846153846154 0.02403846153846154
0 0.9459134615384616 0.6838942307692307 0.03125 0.03125
0 0.9711538461538461 0.7223557692307693 0.038461538461538464 0.026442307692307692
0 0.9026442307692307 0.7391826923076923 0.036057692307692304 0.036057692307692304
0 0.8509615384615384 0.7584134615384616 0.038461538461538464 0.036057692307692304
0 0.7487980769230769 0.7596153846153846 0.026442307692307692 0.028846153846153848
0 0.7295673076923077 0.7872596153846154 0.040865384615384616 0.03365384615384615
0 0.7776442307692307 0.8425480769230769 0.036057692307692304 0.03125
0 0.7908653846153846 0.8016826923076923 0.03365384615384615 0.03125
0 0.828125 0.7956730769230769 0.03125 0.03365384615384615
0 0.8930288461538461 0.7920673076923077 0.036057692307692304 0.03125
0 0.9122596153846154 0.7728365384615384 0.03125 0.026442307692307692
0 0.9387019230769231 0.7463942307692307 0.026442307692307692 0.026442307692307692
0 0.9855769230769231 0.7560096153846154 0.028846153846153848 0.026442307692307692
0 0.9771634615384616 0.7836538461538461 0.040865384615384616 0.028846153846153848
0 0.9507211538461539 0.8137019230769231 0.03125 0.03125
0 0.9915865384615384 0.8161057692307693 0.016826923076923076 0.021634615384615384
0 0.9495192307692307 0.8401442307692307 0.038461538461538464 0.03125
0 0.9939903846153846 0.8762019230769231 0.01201923076923077 0.026442307692307692
0 0.8882211538461539 0.8810096153846154 0.04326923076923077 0.028846153846153848
0 0.9759615384615384 0.90625 0.038461538461538464 0.038461538461538464
0 0.9819711538461539 0.9423076923076923 0.026442307692307692 0.02403846153846154
0 0.9338942307692307 0.9747596153846154 0.036057692307692304 0.021634615384615384
0 0.8473557692307693 0.9759615384615384 0.036057692307692304 0.019230769230769232
0 0.8449519230769231 0.9927884615384616 0.021634615384615384 0.014423076923076924
0 0.8365384615384616 0.9903846153846154 0.02403846153846154 0.019230769230769232
0 0.859375 0.9927884615384616 0.021634615384615384 0.014423076923076924
0 0.8918269230769231 0.9915865384615384 0.02403846153846154 0.016826923076923076
0 0.9603365384615384 0.9915865384615384 0.026442307692307692 0.016826923076923076
0 0.8978365384615384 0.9951923076923077 0.03125 0.009615384615384616
0 0.8557692307692307 0.9963942307692307 0.014423076923076924 0.007211538461538462
0 0.9795673076923077 0.9951923076923077 0.016826923076923076 0.009615384615384616