0 0.5048076923076923 0.9867788461538461 0.038461538461538464 0.026442307692307692
0 0.5264423076923077 0.9927884615384616 0.0625 0.014423076923076924
0 0.59375 0.9927884615384616 0.02403846153846154 0.014423076923076924
0 0.6730769230769231 0.9903846153846154 0.028846153846153848 0.019230769230769232
0 0.75 0.9891826923076923 0.03365384615384615 0.021634615384615384
0 0.8016826923076923 0.9963942307692307 0.036057692307692304 0.007211538461538462
0 0.6610576923076923 0.9927884615384616 0.04807692307692308 0.014423076923076924
0 0.7271634615384616 0.9951923076923077 0.040865384615384616 0.009615384615384616
0 0.7704326923076923 0.9927884615384616 0.021634615384615384 0.014423076923076924
0 0.6262019230769231 0.9879807692307693 0.036057692307692304 0.02403846153846154
0 0.6887019230769231 0.9927884615384616 0.05048076923076923 0.014423076923076924
0 0.7319711538461539 0.9927884615384616 0.028846153846153848 0.014423076923076924
0 0.7872596153846154 0.9927884615384616 0.040865384615384616 0.014423076923076924
0 0.7596153846153846 0.9927884615384616 0.038461538461538464 0.014423076923076924
0 0.6237980769230769 0.9939903846153846 0.036057692307692304 0.01201923076923077
0 0.5985576923076923 0.9915865384615384 0.04807692307692308 0.016826923076923076
0 0.6610576923076923 0.9927884615384616 0.038461538461538464 0.014423076923076924
0 0.6778846153846154 0.9939903846153846 0.028846153846153848 0.01201923076923077
0 0.5889423076923077 0.9963942307692307 0.009615384615384616 0.007211538461538462
0 0.5961538461538461 0.9951923076923077 0.04326923076923077 0.009615384615384616
0 0.5949519230769231 0.9915865384615384 0.06009615384615385 0.016826923076923076
0 0.6430288461538461 0.9927884615384616 0.036057692307692304 0.014423076923076924
0 0.7127403846153846 0.9939903846153846 0.05048076923076923 0.01201923076923077
0 0.7584134615384616 0.9963942307692307 0.028846153846153848 0.007211538461538462
0 0.8004807692307693 0.9927884615384616 0.02403846153846154 0.014423076923076924
0 0.8665865384615384 0.9915865384615384 0.04567307692307692 0.016826923076923076
0 0.6742788461538461 0.9903846153846154 0.03125 0.019230769230769232
0 0.6887019230769231 0.984375 0.040865384615384616 0.03125
0 0.7920673076923077 0.9903846153846154 0.06009615384615385 0.019230769230769232
0 0.8509615384615384 0.9891826923076923 0.028846153846153848 0.021634615384615384
0 0.7668269230769231 0.9891826923076923 0.057692307692307696 0.021634615384615384
0 0.828125 0.9879807692307693 0.036057692307692304 0.02403846153846154
0 0.8209134615384616 0.9891826923076923 0.036057692307692304 0.021634615384615384
0 0.8149038461538461 0.9915865384615384 0.0625 0.016826923076923076
0 0.6538461538461539 0.9855769230769231 0.038461538461538464 0.028846153846153848
0 0.7271634615384616 0.9915865384615384 0.026442307692307692 0.016826923076923076
0 0.7307692307692307 0.9867788461538461 0.03365384615384615 0.026442307692307692
0 0.7800480769230769 0.9915865384615384 0.040865384615384616 0.016826923076923076
0 0.5132211538461539 0.9891826923076923 0.057692307692307696 0.021634615384615384
0 0.5817307692307693 0.9891826923076923 0.038461538461538464 0.021634615384615384
0 0.5180288461538461 0.9807692307692307 0.057692307692307696 0.038461538461538464
0 0.5685096153846154 0.9795673076923077 0.028846153846153848 0.036057692307692304
0 0.6610576923076923 0.9759615384615384 0.0625 0.019230769230769232
0 0.6778846153846154 0.9495192307692307 0.038461538461538464 0.028846153846153848
0 0.7235576923076923 0.9879807692307693 0.03365384615384615 0.02403846153846154
0 0.8112980769230769 0.9867788461538461 0.036057692307692304 0.026442307692307692
0 0.7632211538461539 0.9651442307692307 0.040865384615384616 0.040865384615384616
0 0.7776442307692307 0.9326923076923077 0.04807692307692308 0.028846153846153848
0 0.8245192307692307 0.9086538461538461 0.038461538461538464 0.038461538461538464
0 0.6598557692307693 0.9050480769230769 0.055288461538461536 0.036057692307692304
0 0.5504807692307693 0.9086538461538461 0.038461538461538464 0.04326923076923077
0 0.59375 0.9350961538461539 0.04326923076923077 0.04326923076923077
0 0.4423076923076923 0.9651442307692307 0.0673076923076923 0.04567307692307692
0 0.4579326923076923 0.9302884615384616 0.03125 0.03365384615384615
0 0.5096153846153846 0.8737980769230769 0.052884615384615384 0.036057692307692304
0 0.4014423076923077 0.8641826923076923 0.04807692307692308 0.04807692307692308
0 0.4110576923076923 0.8233173076923077 0.04326923076923077 0.040865384615384616
0 0.5420673076923077 0.8305288461538461 0.055288461538461536 0.036057692307692304
0 0.6201923076923077 0.8389423076923077 0.052884615384615384 0.04326923076923077
0 0.6274038461538461 0.8737980769230769 0.028846153846153848 0.028846153846153848
0 0.7524038461538461 0.8918269230769231 0.04326923076923077 0.04326923076923077
0 0.703125 0.8389423076923077 0.04567307692307692 0.028846153846153848
0 0.46274038461538464 0.8076923076923077 0.036057692307692304 0.038461538461538464
0 0.578125 0.7860576923076923 0.06490384615384616 0.03365384615384615
0 0.6334134615384616 0.7704326923076923 0.04807692307692308 0.026442307692307692
0 0.6778846153846154 0.78125 0.038461538461538464 0.038461538461538464
0 0.7259615384615384 0.7752403846153846 0.038461538461538464 0.040865384615384616
0 0.6550480769230769 0.7307692307692307 0.06009615384615385 0.028846153846153848
0 0.5336538461538461 0.7463942307692307 0.0673076923076923 0.03125
0 0.265625 0.7884615384615384 0.06009615384615385 0.038461538461538464
0 0.3798076923076923 0.7752403846153846 0.04807692307692308 0.04567307692307692
0 0.42788461538461536 0.7415865384615384 0.057692307692307696 0.040865384615384616
0 0.48197115384615385 0.7584134615384616 0.040865384615384616 0.040865384615384616
0 0.6862980769230769 0.6694711538461539 0.07692307692307693 0.040865384615384616
0 0.3173076923076923 0.7199519230769231 0.04807692307692308 0.05048076923076923
0 0.2608173076923077 0.6766826923076923 0.05048076923076923 0.05048076923076923
0 0.24639423076923078 0.6382211538461539 0.06009615384615385 0.03125
0 0.32091346153846156 0.6646634615384616 0.040865384615384616 0.040865384615384616
0 0.3918269230769231 0.6514423076923077 0.03365384615384615 0.028846153846153848
0 0.484375 0.6802884615384616 0.05048076923076923 0.052884615384615384
0 0.5853365384615384 0.6490384615384616 0.08413461538461539 0.03365384615384615
0 0.265625 0.5949519230769231 0.03365384615384615 0.036057692307692304
0 0.2692307692307692 0.5528846153846154 0.03365384615384615 0.03365384615384615
0 0.34975961538461536 0.6081730769230769 0.05048076923076923 0.028846153846153848
0 0.42788461538461536 0.6117788461538461 0.038461538461538464 0.040865384615384616
0 0.4891826923076923 0.6225961538461539 0.04567307692307692 0.028846153846153848
0 0.5805288461538461 0.5997596153846154 0.036057692307692304 0.036057692307692304
0 0.5060096153846154 0.5985576923076923 0.04807692307692308 0.02403846153846154
0 0.3954326923076923 0.5576923076923077 0.03125 0.03365384615384615
0 0.3233173076923077 0.5492788461538461 0.040865384615384616 0.036057692307692304
0 0.34615384615384615 0.5216346153846154 0.04807692307692308 0.02403846153846154
0 0.21634615384615385 0.49759615384615385 0.04326923076923077 0.04326923076923077
0 0.2800480769230769 0.5 0.05048076923076923 0.04326923076923077
0 0.36538461538461536 0.4831730769230769 0.028846153846153848 0.03365384615384615
0 0.43028846153846156 0.5108173076923077 0.0673076923076923 0.028846153846153848
0 0.47716346153846156 0.5456730769230769 0.040865384615384616 0.038461538461538464
0 0.5348557692307693 0.5637019230769231 0.04567307692307692 0.028846153846153848
0 0.5865384615384616 0.5673076923076923 0.04807692307692308 0.028846153846153848
0 0.6274038461538461 0.5336538461538461 0.03365384615384615 0.028846153846153848
0 0.6802884615384616 0.5300480769230769 0.03365384615384615 0.036057692307692304
0 0.7055288461538461 0.4963942307692308 0.03125 0.03125
0 0.5288461538461539 0.5336538461538461 0.038461538461538464 0.019230769230769232
0 0.4338942307692308 0.4699519230769231 0.055288461538461536 0.03125
0 0.49759615384615385 0.49278846153846156 0.03365384615384615 0.03365384615384615
0 0.5444711538461539 0.5096153846153846 0.021634615384615384 0.02403846153846154
0 0.6177884615384616 0.5072115384615384 0.028846153846153848 0.03365384615384615
0 0.22956730769230768 0.46033653846153844 0.036057692307692304 0.036057692307692304
0 0.3293269230769231 0.4266826923076923 0.07211538461538461 0.03125
0 0.3942307692307692 0.4326923076923077 0.03365384615384615 0.038461538461538464
0 0.4483173076923077 0.4326923076923077 0.028846153846153848 0.028846153846153848
0 0.4963942307692308 0.42427884615384615 0.04326923076923077 0.03125
0 0.44350961538461536 0.4014423076923077 0.03125 0.03365384615384615
0 0.3425480769230769 0.40024038461538464 0.040865384615384616 0.040865384615384616
0 0.21033653846153846 0.4230769230769231 0.04567307692307692 0.04326923076923077
0 0.25721153846153844 0.40384615384615385 0.03365384615384615 0.038461538461538464
0 0.39903846153846156 0.3737980769230769 0.03365384615384615 0.03365384615384615
0 0.484375 0.3605769230769231 0.05048076923076923 0.02403846153846154
0 0.5168269230769231 0.3942307692307692 0.02403846153846154 0.028846153846153848
0 0.5600961538461539 0.390625 0.028846153846153848 0.026442307692307692
0 0.5144230769230769 0.3245192307692308 0.028846153846153848 0.028846153846153848
0 0.53125 0.296875 0.03365384615384615 0.021634615384615384
0 0.5276442307692307 0.4567307692307692 0.03365384615384615 0.03365384615384615
0 0.007211538461538462 0.15865384615384615 0.014423076923076924 0.019230769230769232
0 0.009615384615384616 0.17908653846153846 0.019230769230769232 0.021634615384615384
0 0.008413461538461538 0.19951923076923078 0.016826923076923076 0.019230769230769232
0 0.009615384615384616 0.23076923076923078 0.019230769230769232 0.019230769230769232
0 0.009615384615384616 0.25 0.019230769230769232 0.019230769230769232
0 0.008413461538461538 0.2848557692307692 0.016826923076923076 0.026442307692307692
0 0.007211538461538462 0.3076923076923077 0.014423076923076924 0.02403846153846154
0 0.009615384615384616 0.34375 0.019230769230769232 0.02403846153846154
0 0.008413461538461538 0.36658653846153844 0.016826923076923076 0.021634615384615384
0 0.007211538461538462 0.39903846153846156 0.014423076923076924 0.02403846153846154
0 0.007211538461538462 0.42908653846153844 0.014423076923076924 0.021634615384615384
0 0.008413461538461538 0.4699519230769231 0.016826923076923076 0.021634615384615384
0 0.0733173076923077 0.4326923076923077 0.026442307692307692 0.02403846153846154
0 0.007211538461538462 0.42788461538461536 0.014423076923076924 0.02403846153846154
0 0.008413461538461538 0.4014423076923077 0.016826923076923076 0.019230769230769232
0 0.009615384615384616 0.36658653846153844 0.019230769230769232 0.021634615384615384
0 0.008413461538461538 0.33413461538461536 0.016826923076923076 0.028846153846153848
0 0.006009615384615385 0.3545673076923077 0.01201923076923077 0.016826923076923076
0 0.009615384615384616 0.33052884615384615 0.019230769230769232 0.021634615384615384
0 0.007211538461538462 0.30408653846153844 0.014423076923076924 0.016826923076923076
0 0.008413461538461538 0.27283653846153844 0.016826923076923076 0.026442307692307692
0 0.008413461538461538 0.25721153846153844 0.016826923076923076 0.019230769230769232
0 0.008413461538461538 0.2247596153846154 0.016826923076923076 0.026442307692307692
0 0.010817307692307692 0.203125 0.021634615384615384 0.021634615384615384
0 0.009615384615384616 0.1502403846153846 0.019230769230769232 0.021634615384615384
0 0.007211538461538462 0.13942307692307693 0.014423076923076924 0.019230769230769232
0 0.009615384615384616 0.1201923076923077 0.019230769230769232 0.019230769230769232
0 0.009615384615384616 0.06129807692307692 0.019230769230769232 0.021634615384615384
0 0.007211538461538462 0.1201923076923077 0.014423076923076924 0.019230769230769232
0 0.009615384615384616 0.11538461538461539 0.019230769230769232 0.019230769230769232
0 0.009615384615384616 0.09615384615384616 0.019230769230769232 0.019230769230769232
0 0.009615384615384616 0.0733173076923077 0.019230769230769232 0.016826923076923076
0 0.009615384615384616 0.054086538461538464 0.019230769230769232 0.026442307692307692
0 0.008413461538461538 0.14423076923076922 0.016826923076923076 0.019230769230769232
0 0.009615384615384616 0.12740384615384615 0.019230769230769232 0.02403846153846154
0 0.009615384615384616 0.09014423076923077 0.019230769230769232 0.021634615384615384
0 0.007211538461538462 0.0625 0.014423076923076924 0.014423076923076924
0 0.05889423076923077 0.06370192307692307 0.021634615384615384 0.016826923076923076
0 0.08173076923076923 0.06009615384615385 0.019230769230769232 0.02403846153846154
0 0.028846153846153848 0.12980769230769232 0.028846153846153848 0.028846153846153848
0 0.009615384615384616 0.16105769230769232 0.019230769230769232 0.019230769230769232
0 0.009615384615384616 0.18028846153846154 0.019230769230769232 0.019230769230769232
0 0.010817307692307692 0.18028846153846154 0.021634615384615384 0.02403846153846154
0 0.040865384615384616 0.09735576923076923 0.028846153846153848 0.016826923076923076
0 0.07692307692307693 0.10697115384615384 0.02403846153846154 0.021634615384615384
0 0.10216346153846154 0.0889423076923077 0.026442307692307692 0.014423076923076924
0 0.125 0.11057692307692307 0.04326923076923077 0.028846153846153848
0 0.06490384615384616 0.15625 0.028846153846153848 0.014423076923076924
0 0.08052884615384616 0.13942307692307693 0.02403846153846154 0.019230769230769232
0 0.010817307692307692 0.20673076923076922 0.021634615384615384 0.019230769230769232
0 0.013221153846153846 0.24519230769230768 0.026442307692307692 0.02403846153846154
0 0.008413461538461538 0.2668269230769231 0.016826923076923076 0.02403846153846154
0 0.010817307692307692 0.2956730769230769 0.021634615384615384 0.02403846153846154
0 0.014423076923076924 0.32211538461538464 0.02403846153846154 0.019230769230769232
0 0.0625 0.36899038461538464 0.03365384615384615 0.03125
0 0.12139423076923077 0.3954326923076923 0.026442307692307692 0.026442307692307692
0 0.10336538461538461 0.4206730769230769 0.028846153846153848 0.028846153846153848
0 0.07572115384615384 0.328125 0.026442307692307692 0.02403846153846154
0 0.12379807692307693 0.36538461538461536 0.03365384615384615 0.02403846153846154
0 0.16947115384615385 0.3581730769230769 0.040865384615384616 0.02403846153846154
0 0.140625 0.33774038461538464 0.036057692307692304 0.036057692307692304
0 0.14783653846153846 0.2980769230769231 0.026442307692307692 0.028846153846153848
0 0.23317307692307693 0.25600961538461536 0.03365384615384615 0.03125
0 0.2247596153846154 0.28725961538461536 0.038461538461538464 0.021634615384615384
0 0.10697115384615384 0.24879807692307693 0.036057692307692304 0.036057692307692304
0 0.0985576923076923 0.20552884615384615 0.04326923076923077 0.026442307692307692
0 0.039663461538461536 0.20432692307692307 0.040865384615384616 0.02403846153846154
0 0.01201923076923077 0.18269230769230768 0.02403846153846154 0.019230769230769232
0 0.010817307692307692 0.21033653846153846 0.021634615384615384 0.021634615384615384
0 0.007211538461538462 0.2439903846153846 0.014423076923076924 0.016826923076923076
0 0.026442307692307692 0.2800480769230769 0.028846153846153848 0.016826923076923076
0 0.04927884615384615 0.3088942307692308 0.021634615384615384 0.021634615384615384
0 0.0889423076923077 0.28966346153846156 0.03365384615384615 0.036057692307692304
0 0.008413461538461538 0.3629807692307692 0.016826923076923076 0.019230769230769232
0 0.03245192307692308 0.4098557692307692 0.055288461538461536 0.021634615384615384
0 0.32572115384615385 0.3713942307692308 0.04326923076923077 0.021634615384615384
0 0.3798076923076923 0.3401442307692308 0.02403846153846154 0.026442307692307692
0 0.4375 0.34375 0.038461538461538464 0.014423076923076924
0 0.4483173076923077 0.32091346153846156 0.040865384615384616 0.021634615384615384
0 0.4579326923076923 0.29927884615384615 0.03125 0.016826923076923076
0 0.4651442307692308 0.27524038461538464 0.026442307692307692 0.026442307692307692
0 0.43509615384615385 0.23918269230769232 0.02403846153846154 0.026442307692307692
0 0.4375 0.2127403846153846 0.03365384615384615 0.03125
0 0.4182692307692308 0.17668269230769232 0.038461538461538464 0.036057692307692304
0 0.40625 0.13341346153846154 0.028846153846153848 0.03125
0 0.4098557692307692 0.10336538461538461 0.040865384615384616 0.028846153846153848
0 0.36538461538461536 0.10336538461538461 0.028846153846153848 0.028846153846153848
0 0.3293269230769231 0.0985576923076923 0.03365384615384615 0.019230769230769232
0 0.3317307692307692 0.07932692307692307 0.038461538461538464 0.014423076923076924
0 0.21394230769230768 0.19591346153846154 0.038461538461538464 0.021634615384615384
0 0.1814903846153846 0.22355769230769232 0.03125 0.03365384615384615
0 0.2932692307692308 0.21995192307692307 0.019230769230769232 0.019230769230769232
0 0.29927884615384615 0.18028846153846154 0.026442307692307692 0.02403846153846154
0 0.36177884615384615 0.25961538461538464 0.036057692307692304 0.038461538461538464
0 0.3473557692307692 0.2824519230769231 0.04807692307692308 0.021634615384615384
0 0.3798076923076923 0.22115384615384615 0.038461538461538464 0.02403846153846154
0 0.41947115384615385 0.27163461538461536 0.04567307692307692 0.02403846153846154
0 0.4110576923076923 0.296875 0.028846153846153848 0.026442307692307692
0 0.39783653846153844 0.3245192307692308 0.03125 0.02403846153846154
0 0.328125 0.14423076923076922 0.03125 0.028846153846153848
0 0.3329326923076923 0.18269230769230768 0.036057692307692304 0.03365384615384615
0 0.3088942307692308 0.24519230769230768 0.03125 0.028846153846153848
0 0.2800480769230769 0.27163461538461536 0.026442307692307692 0.028846153846153848
0 0.1658653846153846 0.19230769230769232 0.028846153846153848 0.02403846153846154
0 0.12980769230769232 0.20673076923076922 0.019230769230769232 0.019230769230769232
0 0.07692307692307693 0.18028846153846154 0.04326923076923077 0.014423076923076924
0 0.13341346153846154 0.17067307692307693 0.05048076923076923 0.019230769230769232
0 0.17668269230769232 0.16105769230769232 0.03125 0.028846153846153848
0 0.21754807692307693 0.14302884615384615 0.036057692307692304 0.036057692307692304
0 0.29086538461538464 0.10096153846153846 0.028846153846153848 0.03365384615384615
0 0.25600961538461536 0.0829326923076923 0.026442307692307692 0.026442307692307692
0 0.2439903846153846 0.17307692307692307 0.026442307692307692 0.028846153846153848
0 0.21875 0.11658653846153846 0.02403846153846154 0.026442307692307692
0 0.20793269230769232 0.09975961538461539 0.026442307692307692 0.026442307692307692
0 0.2403846153846154 0.10576923076923077 0.028846153846153848 0.019230769230769232
0 0.36538461538461536 0.13942307692307693 0.02403846153846154 0.02403846153846154
0 0.15865384615384615 0.39903846153846156 0.028846153846153848 0.028846153846153848
0 0.2536057692307692 0.3737980769230769 0.036057692307692304 0.036057692307692304