0 0.04807692307692308 0.6117788461538461 0.036057692307692304 0.04326923076923077
0 0.10817307692307693 0.5901442307692307 0.05048076923076923 0.06490384615384616
0 0.08653846153846154 0.6862980769230769 0.04326923076923077 0.03365384615384615
0 0.15745192307692307 0.6706730769230769 0.04567307692307692 0.06490384615384616
0 0.15625 0.4723557692307692 0.040865384615384616 0.04807692307692308
0 0.21754807692307693 0.42788461538461536 0.04326923076923077 0.06490384615384616
0 0.20432692307692307 0.4963942307692308 0.057692307692307696 0.04807692307692308
0 0.20793269230769232 0.5444711538461539 0.052884615384615384 0.04567307692307692
0 0.21754807692307693 0.6213942307692307 0.04807692307692308 0.04567307692307692
0 0.20192307692307693 0.7487980769230769 0.038461538461538464 0.04567307692307692
0 0.1201923076923077 0.734375 0.04567307692307692 0.0673076923076923
0 0.27403846153846156 0.5336538461538461 0.040865384615384616 0.05048076923076923
0 0.3245192307692308 0.4254807692307692 0.04326923076923077 0.07451923076923077
0 0.3112980769230769 0.5048076923076923 0.04326923076923077 0.06490384615384616
0 0.34615384615384615 0.5528846153846154 0.040865384615384616 0.055288461538461536
0 0.34615384615384615 0.6165865384615384 0.04807692307692308 0.04807692307692308
0 0.28125 0.6334134615384616 0.040865384615384616 0.06490384615384616
0 0.3016826923076923 0.7235576923076923 0.036057692307692304 0.052884615384615384
0 0.19831730769230768 0.6802884615384616 0.038461538461538464 0.04567307692307692
0 0.3641826923076923 0.43990384615384615 0.028846153846153848 0.07451923076923077
0 0.4014423076923077 0.3137019230769231 0.038461538461538464 0.07451923076923077
0 0.40865384615384615 0.4182692307692308 0.040865384615384616 0.057692307692307696
0 0.3942307692307692 0.5985576923076923 0.04326923076923077 0.052884615384615384
0 0.4375 0.4723557692307692 0.040865384615384616 0.0625
0 0.4338942307692308 0.5673076923076923 0.028846153846153848 0.04807692307692308
0 0.48677884615384615 0.7151442307692307 0.04326923076923077 0.08173076923076923
0 0.40865384615384615 0.6550480769230769 0.04326923076923077 0.036057692307692304
0 0.4951923076923077 0.546875 0.036057692307692304 0.0673076923076923
0 0.46274038461538464 0.38221153846153844 0.038461538461538464 0.0673076923076923
0 0.5024038461538461 0.3317307692307692 0.04326923076923077 0.0673076923076923
0 0.5612980769230769 0.5120192307692307 0.04326923076923077 0.055288461538461536
0 0.5216346153846154 0.46634615384615385 0.04567307692307692 0.0625
0 0.5709134615384616 0.4375 0.038461538461538464 0.06971153846153846
0 0.5168269230769231 0.39302884615384615 0.038461538461538464 0.07692307692307693
0 0.5432692307692307 0.3245192307692308 0.028846153846153848 0.06009615384615385
0 0.5853365384615384 0.3581730769230769 0.038461538461538464 0.0673076923076923
0 0.6286057692307693 0.36658653846153844 0.04807692307692308 0.0673076923076923
0 0.6262019230769231 0.42908653846153844 0.038461538461538464 0.055288461538461536
0 0.609375 0.49278846153846156 0.038461538461538464 0.0673076923076923
0 0.5673076923076923 0.6574519230769231 0.03365384615384615 0.06490384615384616
0 0.5480769230769231 0.5564903846153846 0.038461538461538464 0.06490384615384616
0 0.3485576923076923 0.7019230769230769 0.036057692307692304 0.055288461538461536
0 0.6213942307692307 0.5733173076923077 0.028846153846153848 0.07211538461538461
0 0.5096153846153846 0.6201923076923077 0.04326923076923077 0.04326923076923077
0 0.6814903846153846 0.34375 0.036057692307692304 0.06009615384615385
0 0.6694711538461539 0.4074519230769231 0.036057692307692304 0.055288461538461536
0 0.6586538461538461 0.546875 0.03125 0.057692307692307696
0 0.7439903846153846 0.47475961538461536 0.036057692307692304 0.07451923076923077
0 0.7536057692307693 0.36177884615384615 0.04567307692307692 0.052884615384615384
0 0.6899038461538461 0.4963942307692308 0.03365384615384615 0.04807692307692308
0 0.734375 0.5432692307692307 0.03125 0.04567307692307692
0 0.6298076923076923 0.7091346153846154 0.028846153846153848 0.040865384615384616
0 0.6033653846153846 0.6298076923076923 0.03365384615384615 0.05048076923076923
0 0.7884615384615384 0.5637019230769231 0.03365384615384615 0.055288461538461536
0 0.7776442307692307 0.4098557692307692 0.03125 0.04807692307692308
0 0.7451923076923077 0.17908653846153846 0.03125 0.05048076923076923
0 0.7824519230769231 0.13701923076923078 0.028846153846153848 0.05048076923076923
0 0.8137019230769231 0.10576923076923077 0.028846153846153848 0.04807692307692308
0 0.84375 0.0829326923076923 0.03125 0.04807692307692308
0 0.8725961538461539 0.06370192307692307 0.02403846153846154 0.05048076923076923
0 0.8990384615384616 0.09134615384615384 0.021634615384615384 0.052884615384615384
0 0.9242788461538461 0.055288461538461536 0.028846153846153848 0.05048076923076923
0 0.9555288461538461 0.06009615384615385 0.021634615384615384 0.055288461538461536
0 0.9783653846153846 0.06009615384615385 0.019230769230769232 0.06009615384615385
0 0.7704326923076923 0.26802884615384615 0.03125 0.05048076923076923
0 0.7824519230769231 0.18990384615384615 0.028846153846153848 0.05048076923076923
0 0.8245192307692307 0.28125 0.038461538461538464 0.06009615384615385
0 0.8713942307692307 0.20552884615384615 0.028846153846153848 0.05048076923076923
0 0.9278846153846154 0.16947115384615385 0.02403846153846154 0.052884615384615384
0 0.9783653846153846 0.13942307692307693 0.036057692307692304 0.05048076923076923
0 0.9855769230769231 0.1971153846153846 0.028846153846153848 0.052884615384615384
0 0.9795673076923077 0.31009615384615385 0.03365384615384615 0.06009615384615385
0 0.8317307692307693 0.3894230769230769 0.03125 0.04567307692307692
0 0.8004807692307693 0.6478365384615384 0.028846153846153848 0.03365384615384615
0 0.8353365384615384 0.6947115384615384 0.036057692307692304 0.040865384615384616
0 0.8100961538461539 0.5144230769230769 0.028846153846153848 0.040865384615384616
0 0.8918269230769231 0.4483173076923077 0.026442307692307692 0.04326923076923077
0 0.8822115384615384 0.3870192307692308 0.026442307692307692 0.040865384615384616
0 0.9447115384615384 0.4326923076923077 0.028846153846153848 0.04567307692307692
0 0.9723557692307693 0.3641826923076923 0.028846153846153848 0.04567307692307692
0 0.9747596153846154 0.47716346153846156 0.028846153846153848 0.036057692307692304
0 0.9783653846153846 0.5420673076923077 0.03125 0.04567307692307692
0 0.9711538461538461 0.6550480769230769 0.03125 0.06490384615384616
0 0.9338942307692307 0.6045673076923077 0.028846153846153848 0.04326923076923077
0 0.8966346153846154 0.3401442307692308 0.026442307692307692 0.052884615384615384
0 0.9314903846153846 0.21754807692307693 0.028846153846153848 0.04807692307692308