0 0.12139423076923077 0.7019230769230769 0.036057692307692304 0.057692307692307696
0 0.25961538461538464 0.7139423076923077 0.038461538461538464 0.06009615384615385
0 0.3112980769230769 0.6430288461538461 0.038461538461538464 0.0625
0 0.5552884615384616 0.6129807692307693 0.021634615384615384 0.04326923076923077
0 0.33052884615384615 0.5276442307692307 0.038461538461538464 0.055288461538461536
0 0.17668269230769232 0.6574519230769231 0.040865384615384616 0.06009615384615385
0 0.2668269230769231 0.6358173076923077 0.026442307692307692 0.04326923076923077
0 0.08533653846153846 0.8125 0.038461538461538464 0.055288461538461536
0 0.02403846153846154 0.8401442307692307 0.04326923076923077 0.057692307692307696
0 0.6370192307692307 0.5072115384615384 0.03365384615384615 0.04326923076923077
0 0.41586538461538464 0.5420673076923077 0.036057692307692304 0.038461538461538464
0 0.3737980769230769 0.6598557692307693 0.036057692307692304 0.0625
0 0.47716346153846156 0.6778846153846154 0.03365384615384615 0.05048076923076923
0 0.29447115384615385 0.7872596153846154 0.036057692307692304 0.026442307692307692
0 0.35336538461538464 0.8221153846153846 0.03125 0.036057692307692304
0 0.1622596153846154 0.7139423076923077 0.04567307692307692 0.04326923076923077
0 0.22956730769230768 0.7355769230769231 0.038461538461538464 0.052884615384615384
0 0.21634615384615385 0.7740384615384616 0.040865384615384616 0.04567307692307692
0 0.18509615384615385 0.8161057692307693 0.036057692307692304 0.04326923076923077
0 0.12980769230769232 0.8737980769230769 0.040865384615384616 0.04807692307692308
0 0.19831730769230768 0.9002403846153846 0.03125 0.04326923076923077
0 0.25600961538461536 0.8930288461538461 0.03125 0.04807692307692308
0 0.29927884615384615 0.8653846153846154 0.03365384615384615 0.04326923076923077
0 0.31490384615384615 0.8209134615384616 0.028846153846153848 0.04326923076923077
0 0.3389423076923077 0.7728365384615384 0.028846153846153848 0.04326923076923077
0 0.28966346153846156 0.734375 0.038461538461538464 0.057692307692307696
0 0.16947115384615385 0.9362980769230769 0.028846153846153848 0.03365384615384615
0 0.36899038461538464 0.7439903846153846 0.026442307692307692 0.038461538461538464
0 0.3245192307692308 0.6802884615384616 0.03365384615384615 0.04326923076923077
0 0.4230769230769231 0.8677884615384616 0.028846153846153848 0.040865384615384616
0 0.44350961538461536 0.7704326923076923 0.028846153846153848 0.038461538461538464
0 0.4266826923076923 0.7067307692307693 0.03365384615384615 0.04807692307692308
0 0.45072115384615385 0.5096153846153846 0.026442307692307692 0.04567307692307692
0 0.43509615384615385 0.5769230769230769 0.036057692307692304 0.04807692307692308
0 0.49158653846153844 0.5432692307692307 0.036057692307692304 0.04326923076923077
0 0.5264423076923077 0.5408653846153846 0.03125 0.05048076923076923
0 0.5685096153846154 0.5084134615384616 0.03125 0.05048076923076923
0 0.5661057692307693 0.5673076923076923 0.028846153846153848 0.038461538461538464
0 0.5300480769230769 0.5901442307692307 0.03125 0.038461538461538464
0 0.4891826923076923 0.6045673076923077 0.026442307692307692 0.04807692307692308
0 0.5228365384615384 0.6466346153846154 0.028846153846153848 0.038461538461538464
0 0.5637019230769231 0.6814903846153846 0.028846153846153848 0.036057692307692304
0 0.49399038461538464 0.7908653846153846 0.03125 0.038461538461538464
0 0.5192307692307693 0.7584134615384616 0.028846153846153848 0.04326923076923077
0 0.5360576923076923 0.703125 0.028846153846153848 0.04807692307692308
0 0.5889423076923077 0.6322115384615384 0.028846153846153848 0.040865384615384616
0 0.6346153846153846 0.6069711538461539 0.03125 0.04807692307692308
0 0.6310096153846154 0.6658653846153846 0.028846153846153848 0.03365384615384615
0 0.5973557692307693 0.6862980769230769 0.03125 0.052884615384615384
0 0.5528846153846154 0.8209134615384616 0.02403846153846154 0.040865384615384616
0 0.3894230769230769 0.5709134615384616 0.036057692307692304 0.0673076923076923
0 0.6237980769230769 0.3425480769230769 0.038461538461538464 0.036057692307692304
0 0.6502403846153846 0.29927884615384615 0.03125 0.052884615384615384
0 0.6778846153846154 0.26802884615384615 0.02403846153846154 0.04326923076923077
0 0.7055288461538461 0.25240384615384615 0.028846153846153848 0.05048076923076923
0 0.6598557692307693 0.625 0.02403846153846154 0.03125
0 0.6778846153846154 0.6766826923076923 0.026442307692307692 0.026442307692307692
0 0.6574519230769231 0.7067307692307693 0.026442307692307692 0.026442307692307692
0 0.6322115384615384 0.703125 0.02403846153846154 0.02403846153846154
0 0.703125 0.7319711538461539 0.021634615384615384 0.026442307692307692
0 0.6826923076923077 0.5300480769230769 0.02403846153846154 0.028846153846153848
0 0.6550480769230769 0.5480769230769231 0.026442307692307692 0.04326923076923077
0 0.6995192307692307 0.4182692307692308 0.026442307692307692 0.040865384615384616
0 0.6790865384615384 0.45913461538461536 0.02403846153846154 0.026442307692307692
0 0.6586538461538461 0.4423076923076923 0.02403846153846154 0.03125
0 0.7271634615384616 0.43028846153846156 0.021634615384615384 0.026442307692307692
0 0.7512019230769231 0.41225961538461536 0.021634615384615384 0.028846153846153848
0 0.7391826923076923 0.3798076923076923 0.021634615384615384 0.028846153846153848
0 0.7295673076923077 0.3449519230769231 0.02403846153846154 0.028846153846153848
0 0.7091346153846154 0.3713942307692308 0.021634615384615384 0.02403846153846154
0 0.7055288461538461 0.33653846153846156 0.02403846153846154 0.028846153846153848
0 0.6766826923076923 0.3485576923076923 0.021634615384615384 0.026442307692307692
0 0.6502403846153846 0.41346153846153844 0.021634615384615384 0.040865384615384616
0 0.7235576923076923 0.23197115384615385 0.02403846153846154 0.038461538461538464
0 0.7536057692307693 0.23918269230769232 0.019230769230769232 0.04326923076923077
0 0.7704326923076923 0.2127403846153846 0.02403846153846154 0.03365384615384615
0 0.7932692307692307 0.21514423076923078 0.019230769230769232 0.028846153846153848
0 0.8125 0.20432692307692307 0.016826923076923076 0.03125
0 0.7367788461538461 0.2824519230769231 0.02403846153846154 0.02403846153846154
0 0.7524038461538461 0.3088942307692308 0.016826923076923076 0.028846153846153848
0 0.7764423076923077 0.30649038461538464 0.02403846153846154 0.036057692307692304
0 0.7908653846153846 0.25841346153846156 0.021634615384615384 0.038461538461538464
0 0.7836538461538461 0.3425480769230769 0.021634615384615384 0.036057692307692304
0 0.8004807692307693 0.3112980769230769 0.019230769230769232 0.036057692307692304
0 0.7932692307692307 0.5600961538461539 0.019230769230769232 0.03125
0 0.8473557692307693 0.609375 0.019230769230769232 0.028846153846153848
0 0.8173076923076923 0.671875 0.019230769230769232 0.03125
0 0.7367788461538461 0.7115384615384616 0.019230769230769232 0.03125
0 0.8786057692307693 0.6466346153846154 0.019230769230769232 0.02403846153846154
0 0.8137019230769231 0.5216346153846154 0.02403846153846154 0.026442307692307692
0 0.8317307692307693 0.41586538461538464 0.021634615384615384 0.038461538461538464
0 0.828125 0.359375 0.021634615384615384 0.038461538461538464
0 0.8305288461538461 0.3161057692307692 0.02403846153846154 0.040865384615384616
0 0.8173076923076923 0.27524038461538464 0.019230769230769232 0.03125
0 0.8509615384615384 0.28725961538461536 0.019230769230769232 0.03365384615384615
0 0.8737980769230769 0.2620192307692308 0.021634615384615384 0.036057692307692304
0 0.8365384615384616 0.2091346153846154 0.021634615384615384 0.038461538461538464
0 0.8713942307692307 0.1814903846153846 0.021634615384615384 0.03125
0 0.8966346153846154 0.27403846153846156 0.019230769230769232 0.028846153846153848
0 0.8798076923076923 0.3173076923076923 0.02403846153846154 0.02403846153846154
0 0.8966346153846154 0.3581730769230769 0.019230769230769232 0.03125
0 0.9026442307692307 0.30408653846153844 0.021634615384615384 0.03125
0 0.8389423076923077 0.5552884615384616 0.019230769230769232 0.03365384615384615
0 0.9423076923076923 0.44350961538461536 0.019230769230769232 0.038461538461538464
0 0.9206730769230769 0.42788461538461536 0.019230769230769232 0.038461538461538464
0 0.9771634615384616 0.2764423076923077 0.016826923076923076 0.02403846153846154
0 0.9867788461538461 0.33413461538461536 0.019230769230769232 0.03365384615384615
0 0.9867788461538461 0.37259615384615385 0.019230769230769232 0.03125
0 0.9194711538461539 0.3317307692307692 0.02403846153846154 0.036057692307692304
0 0.9387019230769231 0.3088942307692308 0.019230769230769232 0.03365384615384615
0 0.9483173076923077 0.27403846153846156 0.016826923076923076 0.036057692307692304
0 0.9194711538461539 0.38461538461538464 0.016826923076923076 0.028846153846153848
0 0.8894230769230769 0.4170673076923077 0.026442307692307692 0.03365384615384615
0 0.8701923076923077 0.390625 0.021634615384615384 0.028846153846153848
0 0.9074519230769231 0.49278846153846156 0.021634615384615384 0.03365384615384615
0 0.8497596153846154 0.6442307692307693 0.016826923076923076 0.02403846153846154
0 0.8509615384615384 0.703125 0.016826923076923076 0.02403846153846154
0 0.8798076923076923 0.5612980769230769 0.016826923076923076 0.026442307692307692
0 0.8329326923076923 0.46153846153846156 0.026442307692307692 0.04567307692307692
0 0.7860576923076923 0.6502403846153846 0.019230769230769232 0.03365384615384615
0 0.8016826923076923 0.7079326923076923 0.021634615384615384 0.028846153846153848
0 0.7560096153846154 0.78125 0.021634615384615384 0.03125
0 0.7355769230769231 0.7644230769230769 0.019230769230769232 0.03125
0 0.8858173076923077 0.22596153846153846 0.019230769230769232 0.03365384615384615