0 0.046875 0.8557692307692307 0.02403846153846154 0.026442307692307692
0 0.08774038461538461 0.9122596153846154 0.026442307692307692 0.026442307692307692
0 0.055288461538461536 0.9230769230769231 0.02403846153846154 0.02403846153846154
0 0.10817307692307693 0.8269230769230769 0.03365384615384615 0.028846153846153848
0 0.1466346153846154 0.8846153846153846 0.03365384615384615 0.03125
0 0.11658653846153846 0.9459134615384616 0.028846153846153848 0.026442307692307692
0 0.08173076923076923 0.9483173076923077 0.026442307692307692 0.02403846153846154
0 0.15745192307692307 0.9230769230769231 0.021634615384615384 0.021634615384615384
0 0.14543269230769232 0.7151442307692307 0.026442307692307692 0.028846153846153848
0 0.1622596153846154 0.7680288461538461 0.021634615384615384 0.026442307692307692
0 0.19951923076923078 0.6658653846153846 0.03125 0.03365384615384615
0 0.18629807692307693 0.7259615384615384 0.038461538461538464 0.028846153846153848
0 0.234375 0.6778846153846154 0.02403846153846154 0.036057692307692304
0 0.24759615384615385 0.7487980769230769 0.03125 0.03125
0 0.28966346153846156 0.640625 0.021634615384615384 0.026442307692307692
0 0.3233173076923077 0.6526442307692307 0.021634615384615384 0.03125
0 0.27884615384615385 0.7175480769230769 0.021634615384615384 0.03125
0 0.31009615384615385 0.7512019230769231 0.02403846153846154 0.03365384615384615
0 0.3401442307692308 0.6947115384615384 0.021634615384615384 0.03365384615384615
0 0.3605769230769231 0.6286057692307693 0.028846153846153848 0.03365384615384615
0 0.40625 0.5853365384615384 0.019230769230769232 0.028846153846153848
0 0.3858173076923077 0.6658653846153846 0.026442307692307692 0.03365384615384615
0 0.3473557692307692 0.5408653846153846 0.026442307692307692 0.03365384615384615
0 0.43149038461538464 0.5492788461538461 0.02403846153846154 0.03365384615384615
0 0.46274038461538464 0.53125 0.02403846153846154 0.03365384615384615
0 0.5072115384615384 0.5564903846153846 0.019230769230769232 0.028846153846153848
0 0.44591346153846156 0.5877403846153846 0.026442307692307692 0.03365384615384615
0 0.49399038461538464 0.6129807692307693 0.019230769230769232 0.03365384615384615
0 0.4567307692307692 0.6478365384615384 0.019230769230769232 0.03125
0 0.49158653846153844 0.6814903846153846 0.021634615384615384 0.026442307692307692
0 0.4375 0.7163461538461539 0.02403846153846154 0.02403846153846154
0 0.5300480769230769 0.6526442307692307 0.019230769230769232 0.028846153846153848
0 0.484375 0.7271634615384616 0.021634615384615384 0.028846153846153848
0 0.43509615384615385 0.8689903846153846 0.02403846153846154 0.03125
0 0.4567307692307692 0.7788461538461539 0.021634615384615384 0.026442307692307692
0 0.46875 0.8137019230769231 0.028846153846153848 0.03365384615384615
0 0.36778846153846156 0.8233173076923077 0.026442307692307692 0.03125
0 0.39783653846153844 0.8425480769230769 0.021634615384615384 0.03365384615384615
0 0.3629807692307692 0.859375 0.028846153846153848 0.028846153846153848
0 0.3473557692307692 0.9110576923076923 0.021634615384615384 0.03125
0 0.3161057692307692 0.875 0.021634615384615384 0.026442307692307692
0 0.2764423076923077 0.9026442307692307 0.019230769230769232 0.028846153846153848
0 0.26802884615384615 0.96875 0.01201923076923077 0.026442307692307692
0 0.30408653846153844 0.9110576923076923 0.019230769230769232 0.028846153846153848
0 0.24879807692307693 0.9206730769230769 0.021634615384615384 0.026442307692307692
0 0.21875 0.9098557692307693 0.02403846153846154 0.028846153846153848
0 0.1875 0.8786057692307693 0.021634615384615384 0.026442307692307692
0 0.18870192307692307 0.9411057692307693 0.02403846153846154 0.03125
0 0.05889423076923077 0.9759615384615384 0.016826923076923076 0.021634615384615384
0 0.36899038461538464 0.8882211538461539 0.016826923076923076 0.019230769230769232
0 0.38822115384615385 0.9026442307692307 0.016826923076923076 0.019230769230769232
0 0.5300480769230769 0.7680288461538461 0.016826923076923076 0.021634615384615384
0 0.5048076923076923 0.7932692307692307 0.021634615384615384 0.028846153846153848
0 0.5432692307692307 0.7139423076923077 0.021634615384615384 0.03125
0 0.5661057692307693 0.7235576923076923 0.014423076923076924 0.028846153846153848
0 0.5540865384615384 0.7584134615384616 0.016826923076923076 0.02403846153846154
0 0.5336538461538461 0.8004807692307693 0.019230769230769232 0.02403846153846154
0 0.5060096153846154 0.7403846153846154 0.014423076923076924 0.03365384615384615
0 0.5132211538461539 0.6899038461538461 0.016826923076923076 0.03125
0 0.5372596153846154 0.5528846153846154 0.021634615384615384 0.028846153846153848
0 0.5769230769230769 0.5228365384615384 0.019230769230769232 0.03365384615384615
0 0.5757211538461539 0.5757211538461539 0.021634615384615384 0.03125
0 0.6382211538461539 0.5216346153846154 0.02403846153846154 0.03125
0 0.5396634615384616 0.5997596153846154 0.019230769230769232 0.03365384615384615
0 0.5973557692307693 0.5108173076923077 0.01201923076923077 0.040865384615384616
0 0.6129807692307693 0.5396634615384616 0.014423076923076924 0.036057692307692304
0 0.5649038461538461 0.6177884615384616 0.019230769230769232 0.038461538461538464
0 0.5709134615384616 0.6850961538461539 0.02403846153846154 0.038461538461538464
0 0.5949519230769231 0.6394230769230769 0.021634615384615384 0.03125
0 0.5985576923076923 0.6850961538461539 0.019230769230769232 0.038461538461538464
0 0.5901442307692307 0.7379807692307693 0.016826923076923076 0.028846153846153848
0 0.5745192307692307 0.7752403846153846 0.016826923076923076 0.021634615384615384
0 0.5576923076923077 0.8269230769230769 0.019230769230769232 0.026442307692307692
0 0.5649038461538461 0.8713942307692307 0.021634615384615384 0.03125
0 0.5889423076923077 0.8810096153846154 0.019230769230769232 0.028846153846153848
0 0.6454326923076923 0.7427884615384616 0.021634615384615384 0.02403846153846154
0 0.6370192307692307 0.7091346153846154 0.016826923076923076 0.021634615384615384
0 0.6622596153846154 0.7079326923076923 0.016826923076923076 0.026442307692307692
0 0.6742788461538461 0.7319711538461539 0.01201923076923077 0.021634615384615384
0 0.6850961538461539 0.765625 0.014423076923076924 0.026442307692307692
0 0.7043269230769231 0.7379807692307693 0.01201923076923077 0.02403846153846154
0 0.6838942307692307 0.6778846153846154 0.019230769230769232 0.028846153846153848
0 0.7043269230769231 0.6778846153846154 0.01201923076923077 0.02403846153846154
0 0.71875 0.7043269230769231 0.014423076923076924 0.02403846153846154
0 0.71875 0.7367788461538461 0.01201923076923077 0.03125
0 0.6165865384615384 0.6959134615384616 0.01201923076923077 0.038461538461538464
0 0.6334134615384616 0.671875 0.019230769230769232 0.021634615384615384
0 0.578125 0.8233173076923077 0.01201923076923077 0.052884615384615384
0 0.6117788461538461 0.7403846153846154 0.021634615384615384 0.03365384615384615
0 0.6189903846153846 0.640625 0.016826923076923076 0.026442307692307692
0 0.6394230769230769 0.6153846153846154 0.026442307692307692 0.028846153846153848
0 0.6610576923076923 0.6310096153846154 0.016826923076923076 0.028846153846153848
0 0.6610576923076923 0.5576923076923077 0.016826923076923076 0.028846153846153848
0 0.6069711538461539 0.3798076923076923 0.014423076923076924 0.026442307692307692
0 0.6274038461538461 0.3581730769230769 0.021634615384615384 0.028846153846153848
0 0.6538461538461539 0.31971153846153844 0.016826923076923076 0.028846153846153848
0 0.6550480769230769 0.359375 0.019230769230769232 0.03365384615384615
0 0.6490384615384616 0.42788461538461536 0.019230769230769232 0.02403846153846154
0 0.6766826923076923 0.3629807692307692 0.016826923076923076 0.03125
0 0.6586538461538461 0.4567307692307692 0.016826923076923076 0.026442307692307692
0 0.6995192307692307 0.43149038461538464 0.021634615384615384 0.03365384615384615
0 0.7043269230769231 0.4723557692307692 0.014423076923076924 0.026442307692307692
0 0.7247596153846154 0.4375 0.016826923076923076 0.02403846153846154
0 0.7403846153846154 0.46153846153846156 0.01201923076923077 0.028846153846153848
0 0.7079326923076923 0.5072115384615384 0.019230769230769232 0.028846153846153848
0 0.6802884615384616 0.46875 0.016826923076923076 0.02403846153846154
0 0.6670673076923077 0.40865384615384615 0.01201923076923077 0.03125
0 0.6802884615384616 0.5 0.016826923076923076 0.021634615384615384
0 0.6826923076923077 0.5360576923076923 0.014423076923076924 0.028846153846153848
0 0.6911057692307693 0.5661057692307693 0.01201923076923077 0.02403846153846154
0 0.6766826923076923 0.5913461538461539 0.014423076923076924 0.02403846153846154
0 0.7007211538461539 0.6213942307692307 0.016826923076923076 0.026442307692307692
0 0.7211538461538461 0.6610576923076923 0.01201923076923077 0.016826923076923076
0 0.7331730769230769 0.6826923076923077 0.01201923076923077 0.016826923076923076
0 0.7463942307692307 0.6814903846153846 0.007211538461538462 0.028846153846153848
0 0.765625 0.6502403846153846 0.016826923076923076 0.016826923076923076
0 0.7800480769230769 0.6057692307692307 0.01201923076923077 0.016826923076923076
0 0.7788461538461539 0.6274038461538461 0.01201923076923077 0.01201923076923077
0 0.7836538461538461 0.6598557692307693 0.01201923076923077 0.014423076923076924
0 0.7860576923076923 0.6790865384615384 0.01201923076923077 0.01201923076923077
0 0.7740384615384616 0.7007211538461539 0.009615384615384616 0.016826923076923076
0 0.8137019230769231 0.6778846153846154 0.014423076923076924 0.019230769230769232
0 0.8004807692307693 0.7127403846153846 0.014423076923076924 0.016826923076923076
0 0.7536057692307693 0.7247596153846154 0.014423076923076924 0.019230769230769232
0 0.7367788461538461 0.7163461538461539 0.01201923076923077 0.016826923076923076
0 0.7980769230769231 0.5913461538461539 0.01201923076923077 0.019230769230769232
0 0.7956730769230769 0.6237980769230769 0.01201923076923077 0.019230769230769232
0 0.8016826923076923 0.6454326923076923 0.01201923076923077 0.014423076923076924
0 0.8197115384615384 0.7091346153846154 0.01201923076923077 0.016826923076923076
0 0.7644230769230769 0.5528846153846154 0.01201923076923077 0.019230769230769232
0 0.7560096153846154 0.5 0.014423076923076924 0.021634615384615384
0 0.7776442307692307 0.5564903846153846 0.007211538461538462 0.02403846153846154
0 0.7920673076923077 0.5673076923076923 0.016826923076923076 0.026442307692307692
0 0.8112980769230769 0.5240384615384616 0.016826923076923076 0.02403846153846154
0 0.828125 0.4951923076923077 0.016826923076923076 0.019230769230769232
0 0.7692307692307693 0.4879807692307692 0.01201923076923077 0.021634615384615384
0 0.8329326923076923 0.5552884615384616 0.014423076923076924 0.028846153846153848
0 0.8100961538461539 0.5588942307692307 0.016826923076923076 0.028846153846153848
0 0.8137019230769231 0.6057692307692307 0.01201923076923077 0.028846153846153848
0 0.84375 0.6129807692307693 0.016826923076923076 0.021634615384615384
0 0.8329326923076923 0.515625 0.014423076923076924 0.019230769230769232
0 0.7259615384615384 0.53125 0.01201923076923077 0.016826923076923076
0 0.7259615384615384 0.4951923076923077 0.009615384615384616 0.02403846153846154
0 0.7932692307692307 0.47716346153846156 0.014423076923076924 0.02403846153846154
0 0.8257211538461539 0.4266826923076923 0.014423076923076924 0.028846153846153848
0 0.8269230769230769 0.46875 0.014423076923076924 0.02403846153846154
0 0.8425480769230769 0.4543269230769231 0.01201923076923077 0.026442307692307692
0 0.8521634615384616 0.5012019230769231 0.01201923076923077 0.02403846153846154
0 0.8641826923076923 0.4423076923076923 0.014423076923076924 0.026442307692307692
0 0.8834134615384616 0.421875 0.019230769230769232 0.026442307692307692
0 0.8617788461538461 0.39783653846153844 0.014423076923076924 0.026442307692307692
0 0.8401442307692307 0.390625 0.016826923076923076 0.02403846153846154
0 0.8485576923076923 0.4266826923076923 0.01201923076923077 0.014423076923076924
0 0.8762019230769231 0.46033653846153844 0.01201923076923077 0.01201923076923077
0 0.9002403846153846 0.5012019230769231 0.01201923076923077 0.021634615384615384
0 0.7608173076923077 0.4543269230769231 0.016826923076923076 0.02403846153846154
0 0.7367788461538461 0.3894230769230769 0.016826923076923076 0.02403846153846154
0 0.7572115384615384 0.38822115384615385 0.01201923076923077 0.026442307692307692
0 0.7776442307692307 0.3557692307692308 0.019230769230769232 0.021634615384615384
0 0.7704326923076923 0.41225961538461536 0.014423076923076924 0.019230769230769232
0 0.796875 0.3701923076923077 0.014423076923076924 0.021634615384615384
0 0.8233173076923077 0.3701923076923077 0.014423076923076924 0.02403846153846154
0 0.7283653846153846 0.3545673076923077 0.019230769230769232 0.026442307692307692
0 0.7487980769230769 0.4206730769230769 0.016826923076923076 0.028846153846153848
0 0.7067307692307693 0.38221153846153844 0.014423076923076924 0.021634615384615384
0 0.703125 0.3473557692307692 0.016826923076923076 0.03125
0 0.6754807692307693 0.28725961538461536 0.01201923076923077 0.019230769230769232
0 0.7007211538461539 0.2644230769230769 0.019230769230769232 0.02403846153846154
0 0.7211538461538461 0.24759615384615385 0.014423076923076924 0.026442307692307692
0 0.7475961538461539 0.26322115384615385 0.01201923076923077 0.026442307692307692
0 0.7331730769230769 0.296875 0.016826923076923076 0.02403846153846154
0 0.7475961538461539 0.32211538461538464 0.014423076923076924 0.016826923076923076
0 0.7728365384615384 0.32091346153846156 0.019230769230769232 0.019230769230769232
0 0.6850961538461539 0.3125 0.014423076923076924 0.019230769230769232
0 0.7091346153846154 0.29447115384615385 0.016826923076923076 0.019230769230769232
0 0.7644230769230769 0.234375 0.01201923076923077 0.016826923076923076
0 0.7860576923076923 0.27524038461538464 0.016826923076923076 0.016826923076923076
0 0.7872596153846154 0.23317307692307693 0.016826923076923076 0.019230769230769232
0 0.8293269230769231 0.2283653846153846 0.016826923076923076 0.021634615384615384
0 0.8088942307692307 0.2920673076923077 0.014423076923076924 0.026442307692307692
0 0.8305288461538461 0.265625 0.016826923076923076 0.026442307692307692
0 0.84375 0.2980769230769231 0.019230769230769232 0.028846153846153848
0 0.8221153846153846 0.32572115384615385 0.019230769230769232 0.03125
0 0.7956730769230769 0.32572115384615385 0.016826923076923076 0.026442307692307692
0 0.8665865384615384 0.27283653846153844 0.016826923076923076 0.021634615384615384
0 0.8725961538461539 0.32572115384615385 0.016826923076923076 0.028846153846153848
0 0.8762019230769231 0.2403846153846154 0.01201923076923077 0.028846153846153848
0 0.8052884615384616 0.22115384615384615 0.01201923076923077 0.028846153846153848
0 0.8461538461538461 0.20552884615384615 0.016826923076923076 0.026442307692307692
0 0.8617788461538461 0.19471153846153846 0.01201923076923077 0.026442307692307692
0 0.890625 0.24639423076923078 0.01201923076923077 0.02403846153846154
0 0.7644230769230769 0.2608173076923077 0.01201923076923077 0.016826923076923076
0 0.8449519230769231 0.6442307692307693 0.01201923076923077 0.021634615384615384
0 0.8725961538461539 0.6478365384615384 0.014423076923076924 0.021634615384615384
0 0.8497596153846154 0.5709134615384616 0.01201923076923077 0.01201923076923077
0 0.875 0.5625 0.014423076923076924 0.021634615384615384
0 0.8737980769230769 0.609375 0.01201923076923077 0.019230769230769232
0 0.8942307692307693 0.5600961538461539 0.01201923076923077 0.019230769230769232
0 0.9002403846153846 0.5793269230769231 0.01201923076923077 0.016826923076923076
0 0.9026442307692307 0.6117788461538461 0.016826923076923076 0.03125
0 0.90625 0.6442307692307693 0.016826923076923076 0.021634615384615384
0 0.9038461538461539 0.6706730769230769 0.014423076923076924 0.021634615384615384
0 0.8774038461538461 0.671875 0.014423076923076924 0.021634615384615384
0 0.8497596153846154 0.7019230769230769 0.01201923076923077 0.021634615384615384
0 0.8629807692307693 0.7007211538461539 0.007211538461538462 0.021634615384615384
0 0.8810096153846154 0.6971153846153846 0.01201923076923077 0.021634615384615384
0 0.9038461538461539 0.7043269230769231 0.019230769230769232 0.021634615384615384
0 0.859375 0.5300480769230769 0.01201923076923077 0.019230769230769232
0 0.9086538461538461 0.5492788461538461 0.009615384615384616 0.016826923076923076
0 0.9074519230769231 0.4326923076923077 0.016826923076923076 0.026442307692307692
0 0.9098557692307693 0.3942307692307692 0.016826923076923076 0.028846153846153848
0 0.9326923076923077 0.44471153846153844 0.016826923076923076 0.03125
0 0.9026442307692307 0.4579326923076923 0.01201923076923077 0.019230769230769232
0 0.9122596153846154 0.4795673076923077 0.01201923076923077 0.021634615384615384
0 0.9326923076923077 0.47115384615384615 0.016826923076923076 0.014423076923076924
0 0.8870192307692307 0.36658653846153844 0.016826923076923076 0.028846153846153848
0 0.9074519230769231 0.34975961538461536 0.01201923076923077 0.021634615384615384
0 0.9278846153846154 0.3245192307692308 0.009615384615384616 0.019230769230769232
0 0.9399038461538461 0.28966346153846156 0.009615384615384616 0.02403846153846154
0 0.9651442307692307 0.28846153846153844 0.007211538461538462 0.009615384615384616
0 0.9759615384615384 0.38100961538461536 0.009615384615384616 0.016826923076923076
0 0.9783653846153846 0.34615384615384615 0.009615384615384616 0.007211538461538462
0 0.9399038461538461 0.3581730769230769 0.014423076923076924 0.016826923076923076
0 0.9206730769230769 0.36177884615384615 0.007211538461538462 0.014423076923076924
0 0.9326923076923077 0.4026442307692308 0.009615384615384616 0.016826923076923076
0 0.8846153846153846 0.2860576923076923 0.01201923076923077 0.019230769230769232
0 0.8942307692307693 0.3161057692307692 0.01201923076923077 0.02403846153846154
0 0.7355769230769231 0.7632211538461539 0.01201923076923077 0.028846153846153848
0 0.7524038461538461 0.7824519230769231 0.009615384615384616 0.019230769230769232
0 0.7067307692307693 0.7680288461538461 0.014423076923076924 0.016826923076923076
0 0.6899038461538461 0.7932692307692307 0.014423076923076924 0.019230769230769232
0 0.7728365384615384 0.7259615384615384 0.009615384615384616 0.019230769230769232
0 0.7848557692307693 0.7367788461538461 0.01201923076923077 0.019230769230769232
0 0.6598557692307693 0.7680288461538461 0.016826923076923076 0.021634615384615384
0 0.5300480769230769 0.8389423076923077 0.016826923076923076 0.028846153846153848
0 0.39783653846153844 0.8774038461538461 0.019230769230769232 0.021634615384615384
0 0.2548076923076923 0.8689903846153846 0.021634615384615384 0.02403846153846154
0 0.25961538461538464 0.8305288461538461 0.019230769230769232 0.036057692307692304
0 0.2860576923076923 0.8100961538461539 0.01201923076923077 0.021634615384615384
0 0.3112980769230769 0.8016826923076923 0.02403846153846154 0.021634615384615384
0 0.23677884615384615 0.7848557692307693 0.026442307692307692 0.02403846153846154
0 0.2283653846153846 0.8461538461538461 0.014423076923076924 0.03125
0 0.20432692307692307 0.8305288461538461 0.02403846153846154 0.026442307692307692
0 0.19471153846153846 0.7632211538461539 0.026442307692307692 0.028846153846153848
0 0.3798076923076923 0.703125 0.026442307692307692 0.03125
0 0.38461538461538464 0.7548076923076923 0.021634615384615384 0.036057692307692304
0 0.7932692307692307 0.3954326923076923 0.009615384615384616 0.01201923076923077
0 0.7716346153846154 0.3858173076923077 0.007211538461538462 0.019230769230769232
0 0.8449519230769231 0.3401442307692308 0.016826923076923076 0.026442307692307692
0 0.8197115384615384 0.6442307692307693 0.009615384615384616 0.01201923076923077
0 0.921875 0.6466346153846154 0.01201923076923077 0.016826923076923076
0 0.9170673076923077 0.6730769230769231 0.009615384615384616 0.019230769230769232
0 0.9182692307692307 0.5973557692307693 0.009615384615384616 0.016826923076923076
0 0.9795673076923077 0.43028846153846156 0.007211538461538462 0.019230769230769232
0 0.9675480769230769 0.4074519230769231 0.009615384615384616 0.014423076923076924
0 0.9831730769230769 0.3004807692307692 0.01201923076923077 0.021634615384615384
0 0.9951923076923077 0.23918269230769232 0.009615384615384616 0.016826923076923076
0 0.9435096153846154 0.3112980769230769 0.009615384615384616 0.016826923076923076
0 0.7584134615384616 0.6935096153846154 0.009615384615384616 0.021634615384615384
0 0.7980769230769231 0.7367788461538461 0.007211538461538462 0.014423076923076924