0 0.9615384615384616 0.8185096153846154 0.03365384615384615 0.03365384615384615
0 0.9098557692307693 0.7463942307692307 0.026442307692307692 0.036057692307692304
0 0.8786057692307693 0.7740384615384616 0.03125 0.028846153846153848
0 0.9290865384615384 0.8233173076923077 0.026442307692307692 0.026442307692307692
0 0.9399038461538461 0.8762019230769231 0.028846153846153848 0.028846153846153848
0 0.9699519230769231 0.9266826923076923 0.036057692307692304 0.036057692307692304
0 0.9915865384615384 0.9471153846153846 0.016826923076923076 0.038461538461538464
0 0.9423076923076923 0.9290865384615384 0.02403846153846154 0.036057692307692304
0 0.9435096153846154 0.9579326923076923 0.028846153846153848 0.026442307692307692
0 0.9723557692307693 0.9747596153846154 0.02403846153846154 0.021634615384615384
0 0.9098557692307693 0.8665865384615384 0.026442307692307692 0.026442307692307692
0 0.921875 0.9134615384615384 0.014423076923076924 0.02403846153846154
0 0.9110576923076923 0.9387019230769231 0.016826923076923076 0.03125
0 0.8581730769230769 0.8401442307692307 0.02403846153846154 0.028846153846153848
0 0.8641826923076923 0.8737980769230769 0.026442307692307692 0.02403846153846154
0 0.8689903846153846 0.921875 0.026442307692307692 0.028846153846153848
0 0.8581730769230769 0.953125 0.021634615384615384 0.03125
0 0.8389423076923077 0.9350961538461539 0.026442307692307692 0.03365384615384615
0 0.8353365384615384 0.8401442307692307 0.021634615384615384 0.036057692307692304
0 0.8112980769230769 0.8173076923076923 0.028846153846153848 0.04326923076923077
0 0.8100961538461539 0.8617788461538461 0.028846153846153848 0.036057692307692304
0 0.7800480769230769 0.8233173076923077 0.028846153846153848 0.038461538461538464
0 0.75 0.8221153846153846 0.028846153846153848 0.028846153846153848
0 0.75 0.9038461538461539 0.02403846153846154 0.028846153846153848
0 0.7439903846153846 0.8461538461538461 0.021634615384615384 0.02403846153846154
0 0.7283653846153846 0.8677884615384616 0.028846153846153848 0.03365384615384615
0 0.7259615384615384 0.8197115384615384 0.019230769230769232 0.03365384615384615
0 0.734375 0.9807692307692307 0.019230769230769232 0.02403846153846154
0 0.7331730769230769 0.9375 0.026442307692307692 0.02403846153846154
0 0.703125 0.984375 0.02403846153846154 0.03125
0 0.6802884615384616 0.8918269230769231 0.038461538461538464 0.03365384615384615
0 0.6478365384615384 0.9471153846153846 0.03365384615384615 0.038461538461538464
0 0.6814903846153846 0.9567307692307693 0.028846153846153848 0.028846153846153848
0 0.6778846153846154 0.984375 0.028846153846153848 0.028846153846153848
0 0.6141826923076923 0.8653846153846154 0.036057692307692304 0.03365384615384615
0 0.6358173076923077 0.8629807692307693 0.009615384615384616 0.04807692307692308
0 0.6045673076923077 0.9170673076923077 0.02403846153846154 0.026442307692307692
0 0.6153846153846154 0.9747596153846154 0.03125 0.03125
0 0.6430288461538461 0.9831730769230769 0.019230769230769232 0.03365384615384615
0 0.5757211538461539 0.9194711538461539 0.026442307692307692 0.03365384615384615
0 0.5649038461538461 0.9735576923076923 0.02403846153846154 0.02403846153846154
0 0.5877403846153846 0.9603365384615384 0.019230769230769232 0.03125
0 0.5841346153846154 0.7524038461538461 0.03365384615384615 0.04326923076923077
0 0.5745192307692307 0.8052884615384616 0.02403846153846154 0.03365384615384615
0 0.5408653846153846 0.7692307692307693 0.03365384615384615 0.038461538461538464
0 0.5180288461538461 0.7091346153846154 0.03365384615384615 0.03365384615384615
0 0.4963942307692308 0.7151442307692307 0.014423076923076924 0.036057692307692304
0 0.5348557692307693 0.8004807692307693 0.026442307692307692 0.028846153846153848
0 0.5252403846153846 0.875 0.036057692307692304 0.03365384615384615
0 0.5396634615384616 0.9411057692307693 0.028846153846153848 0.03125
0 0.5084134615384616 0.9375 0.028846153846153848 0.03365384615384615
0 0.49038461538461536 0.859375 0.02403846153846154 0.040865384615384616
0 0.5048076923076923 0.8245192307692307 0.03365384615384615 0.03365384615384615
0 0.4879807692307692 0.7824519230769231 0.028846153846153848 0.036057692307692304
0 0.46153846153846156 0.7560096153846154 0.02403846153846154 0.04326923076923077
0 0.45552884615384615 0.6887019230769231 0.028846153846153848 0.028846153846153848
0 0.4831730769230769 0.9266826923076923 0.02403846153846154 0.026442307692307692
0 0.4951923076923077 0.9855769230769231 0.021634615384615384 0.02403846153846154
0 0.40384615384615385 0.5769230769230769 0.036057692307692304 0.038461538461538464
0 0.421875 0.6862980769230769 0.02403846153846154 0.03365384615384615
0 0.39302884615384615 0.6646634615384616 0.03365384615384615 0.036057692307692304
0 0.36778846153846156 0.6923076923076923 0.026442307692307692 0.02403846153846154
0 0.41346153846153844 0.7223557692307693 0.03125 0.03125
0 0.38341346153846156 0.7295673076923077 0.026442307692307692 0.026442307692307692
0 0.3954326923076923 0.8088942307692307 0.028846153846153848 0.026442307692307692
0 0.4387019230769231 0.8257211538461539 0.036057692307692304 0.03125
0 0.4326923076923077 0.7752403846153846 0.028846153846153848 0.03125
0 0.390625 0.8449519230769231 0.02403846153846154 0.036057692307692304
0 0.4014423076923077 0.875 0.02403846153846154 0.038461538461538464
0 0.4254807692307692 0.8581730769230769 0.028846153846153848 0.014423076923076924
0 0.44350961538461536 0.9014423076923077 0.036057692307692304 0.03365384615384615
0 0.3629807692307692 0.8617788461538461 0.03365384615384615 0.036057692307692304
0 0.34975961538461536 0.6213942307692307 0.03365384615384615 0.03365384615384615
0 0.3233173076923077 0.7367788461538461 0.021634615384615384 0.036057692307692304
0 0.32211538461538464 0.8810096153846154 0.02403846153846154 0.03125
0 0.3076923076923077 0.7896634615384616 0.03365384615384615 0.03125
0 0.3004807692307692 0.828125 0.019230769230769232 0.028846153846153848
0 0.3233173076923077 0.5793269230769231 0.028846153846153848 0.028846153846153848
0 0.3088942307692308 0.6141826923076923 0.028846153846153848 0.026442307692307692
0 0.29447115384615385 0.5576923076923077 0.014423076923076924 0.03365384615384615
0 0.30408653846153844 0.6610576923076923 0.028846153846153848 0.028846153846153848
0 0.2668269230769231 0.6346153846153846 0.02403846153846154 0.028846153846153848
0 0.27163461538461536 0.6971153846153846 0.021634615384615384 0.038461538461538464
0 0.23798076923076922 0.6670673076923077 0.019230769230769232 0.03365384615384615
0 0.27403846153846156 0.7512019230769231 0.02403846153846154 0.03125
0 0.265625 0.8149038461538461 0.026442307692307692 0.052884615384615384
0 0.24639423076923078 0.78125 0.026442307692307692 0.02403846153846154
0 0.23076923076923078 0.7295673076923077 0.028846153846153848 0.026442307692307692
0 0.20072115384615385 0.6983173076923077 0.019230769230769232 0.03125
0 0.2283653846153846 0.5709134615384616 0.021634615384615384 0.021634615384615384
0 0.25721153846153844 0.5793269230769231 0.026442307692307692 0.04326923076923077
0 0.22596153846153846 0.6153846153846154 0.021634615384615384 0.02403846153846154
0 0.19110576923076922 0.5997596153846154 0.028846153846153848 0.03125
0 0.20793269230769232 0.6382211538461539 0.028846153846153848 0.026442307692307692
0 0.1814903846153846 0.6538461538461539 0.019230769230769232 0.038461538461538464
0 0.17427884615384615 0.7067307692307693 0.028846153846153848 0.028846153846153848
0 0.15504807692307693 0.6766826923076923 0.019230769230769232 0.021634615384615384
0 0.15384615384615385 0.7079326923076923 0.016826923076923076 0.016826923076923076
0 0.1971153846153846 0.7524038461538461 0.019230769230769232 0.03365384615384615
0 0.21394230769230768 0.7848557692307693 0.02403846153846154 0.021634615384615384
0 0.24519230769230768 0.8112980769230769 0.019230769230769232 0.021634615384615384
0 0.2247596153846154 0.8401442307692307 0.021634615384615384 0.028846153846153848
0 0.22355769230769232 0.8762019230769231 0.019230769230769232 0.016826923076923076
0 0.20432692307692307 0.8341346153846154 0.014423076923076924 0.028846153846153848
0 0.20072115384615385 0.8858173076923077 0.026442307692307692 0.026442307692307692
0 0.1778846153846154 0.8461538461538461 0.02403846153846154 0.02403846153846154
0 0.17307692307692307 0.7608173076923077 0.02403846153846154 0.026442307692307692
0 0.14543269230769232 0.6225961538461539 0.014423076923076924 0.04326923076923077
0 0.18990384615384615 0.5444711538461539 0.016826923076923076 0.036057692307692304
0 0.140625 0.5336538461538461 0.03365384615384615 0.04807692307692308
0 0.12740384615384615 0.6310096153846154 0.016826923076923076 0.03365384615384615
0 0.12139423076923077 0.5661057692307693 0.028846153846153848 0.026442307692307692
0 0.1310096153846154 0.7103365384615384 0.019230769230769232 0.021634615384615384
0 0.14903846153846154 0.7463942307692307 0.02403846153846154 0.021634615384615384
0 0.13581730769230768 0.7776442307692307 0.019230769230769232 0.03125
0 0.11298076923076923 0.7319711538461539 0.019230769230769232 0.026442307692307692
0 0.10336538461538461 0.6742788461538461 0.014423076923076924 0.040865384615384616
0 0.08653846153846154 0.7596153846153846 0.019230769230769232 0.028846153846153848
0 0.06610576923076923 0.7752403846153846 0.021634615384615384 0.021634615384615384
0 0.17908653846153846 0.36899038461538464 0.019230769230769232 0.026442307692307692
0 0.19831730769230768 0.3798076923076923 0.021634615384615384 0.019230769230769232
0 0.1502403846153846 0.3233173076923077 0.03125 0.026442307692307692
0 0.12740384615384615 0.2932692307692308 0.021634615384615384 0.02403846153846154
0 0.10576923076923077 0.265625 0.02403846153846154 0.02403846153846154
0 0.08413461538461539 0.2439903846153846 0.026442307692307692 0.026442307692307692
0 0.057692307692307696 0.2620192307692308 0.016826923076923076 0.02403846153846154
0 0.1502403846153846 0.3641826923076923 0.014423076923076924 0.03125
0 0.1310096153846154 0.36899038461538464 0.01201923076923077 0.021634615384615384
0 0.15264423076923078 0.42788461538461536 0.016826923076923076 0.028846153846153848
0 0.140625 0.4050480769230769 0.01201923076923077 0.036057692307692304
0 0.10697115384615384 0.42908653846153844 0.016826923076923076 0.03125
0 0.13221153846153846 0.47475961538461536 0.019230769230769232 0.03125
0 0.1045673076923077 0.35096153846153844 0.016826923076923076 0.03365384615384615
0 0.08173076923076923 0.3545673076923077 0.019230769230769232 0.019230769230769232
0 0.09735576923076923 0.296875 0.019230769230769232 0.02403846153846154
0 0.07572115384615384 0.2932692307692308 0.019230769230769232 0.03365384615384615
0 0.06370192307692307 0.32211538461538464 0.016826923076923076 0.028846153846153848
0 0.040865384615384616 0.3161057692307692 0.02403846153846154 0.02403846153846154
0 0.036057692307692304 0.34975961538461536 0.019230769230769232 0.03125
0 0.021634615384615384 0.36899038461538464 0.02403846153846154 0.026442307692307692
0 0.019230769230769232 0.32091346153846156 0.009615384615384616 0.02403846153846154
0 0.027644230769230768 0.26802884615384615 0.019230769230769232 0.036057692307692304
0 0.006009615384615385 0.2860576923076923 0.009615384615384616 0.02403846153846154
0 0.07451923076923077 0.3870192307692308 0.019230769230769232 0.02403846153846154
0 0.08413461538461539 0.43028846153846156 0.02403846153846154 0.02403846153846154
0 0.06610576923076923 0.49399038461538464 0.016826923076923076 0.036057692307692304
0 0.10697115384615384 0.5060096153846154 0.021634615384615384 0.021634615384615384
0 0.11177884615384616 0.4735576923076923 0.014423076923076924 0.03365384615384615
0 0.055288461538461536 0.44350961538461536 0.02403846153846154 0.021634615384615384
0 0.055288461538461536 0.38100961538461536 0.014423076923076924 0.026442307692307692
0 0.07932692307692307 0.453125 0.014423076923076924 0.021634615384615384
0 0.0889423076923077 0.49399038461538464 0.009615384615384616 0.026442307692307692
0 0.09134615384615384 0.53125 0.021634615384615384 0.019230769230769232
0 0.051682692307692304 0.5432692307692307 0.019230769230769232 0.019230769230769232
0 0.03125 0.45913461538461536 0.028846153846153848 0.02403846153846154
0 0.010817307692307692 0.5108173076923077 0.016826923076923076 0.016826923076923076
0 0.03245192307692308 0.5456730769230769 0.02403846153846154 0.02403846153846154
0 0.042067307692307696 0.5961538461538461 0.02403846153846154 0.028846153846153848
0 0.010817307692307692 0.5949519230769231 0.014423076923076924 0.026442307692307692
0 0.02403846153846154 0.5829326923076923 0.02403846153846154 0.026442307692307692
0 0.030048076923076924 0.6069711538461539 0.014423076923076924 0.03125
0 0.04326923076923077 0.6454326923076923 0.01201923076923077 0.026442307692307692
0 0.05889423076923077 0.6454326923076923 0.014423076923076924 0.019230769230769232
0 0.06490384615384616 0.6838942307692307 0.016826923076923076 0.026442307692307692
0 0.07932692307692307 0.6706730769230769 0.021634615384615384 0.019230769230769232
0 0.08413461538461539 0.7079326923076923 0.021634615384615384 0.021634615384615384
0 0.06490384615384616 0.7199519230769231 0.014423076923076924 0.021634615384615384
0 0.04927884615384615 0.6862980769230769 0.014423076923076924 0.01201923076923077
0 0.025240384615384616 0.6983173076923077 0.019230769230769232 0.019230769230769232
0 0.04447115384615385 0.7259615384615384 0.014423076923076924 0.014423076923076924
0 0.05048076923076923 0.7115384615384616 0.016826923076923076 0.014423076923076924
0 0.013221153846153846 0.6610576923076923 0.019230769230769232 0.019230769230769232
0 0.013221153846153846 0.6971153846153846 0.019230769230769232 0.019230769230769232
0 0.042067307692307696 0.22115384615384615 0.02403846153846154 0.019230769230769232
0 0.02403846153846154 0.21514423076923078 0.021634615384615384 0.021634615384615384
0 0.007211538461538462 0.21634615384615385 0.01201923076923077 0.02403846153846154
0 0.06610576923076923 0.4170673076923077 0.01201923076923077 0.028846153846153848
0 0.10336538461538461 0.38221153846153844 0.02403846153846154 0.019230769230769232
0 0.051682692307692304 0.47716346153846156 0.01201923076923077 0.021634615384615384