0 0.8209134615384616 0.16947115384615385 0.002403846153846154 0.002403846153846154
0 0.010817307692307692 0.6646634615384616 0.021634615384615384 0.04326923076923077
0 0.019230769230769232 0.7283653846153846 0.03365384615384615 0.04567307692307692
0 0.04447115384615385 0.7259615384615384 0.026442307692307692 0.04567307692307692
0 0.019230769230769232 0.7596153846153846 0.03365384615384615 0.038461538461538464
0 0.014423076923076924 0.796875 0.026442307692307692 0.038461538461538464
0 0.04927884615384615 0.8125 0.028846153846153848 0.04567307692307692
0 0.03245192307692308 0.8305288461538461 0.026442307692307692 0.038461538461538464
0 0.04447115384615385 0.7584134615384616 0.028846153846153848 0.03365384615384615
0 0.06490384615384616 0.7512019230769231 0.03125 0.038461538461538464
0 0.0625 0.7091346153846154 0.03365384615384615 0.038461538461538464
0 0.11778846153846154 0.7079326923076923 0.036057692307692304 0.04807692307692308
0 0.12259615384615384 0.78125 0.028846153846153848 0.04326923076923077
0 0.15504807692307693 0.7764423076923077 0.038461538461538464 0.04567307692307692
0 0.21033653846153846 0.7475961538461539 0.038461538461538464 0.055288461538461536
0 0.18870192307692307 0.8209134615384616 0.036057692307692304 0.04326923076923077
0 0.24879807692307693 0.8004807692307693 0.038461538461538464 0.04807692307692308
0 0.27283653846153844 0.8425480769230769 0.03365384615384615 0.04807692307692308
0 0.1346153846153846 0.890625 0.026442307692307692 0.03125
0 0.21875 0.8485576923076923 0.03365384615384615 0.04326923076923077
0 0.2956730769230769 0.8112980769230769 0.03365384615384615 0.04326923076923077
0 0.23918269230769232 0.6502403846153846 0.036057692307692304 0.04807692307692308
0 0.25 0.6983173076923077 0.036057692307692304 0.04807692307692308
0 0.28966346153846156 0.7512019230769231 0.03365384615384615 0.040865384615384616
0 0.2776442307692308 0.6586538461538461 0.04326923076923077 0.04567307692307692
0 0.3137019230769231 0.7019230769230769 0.038461538461538464 0.04807692307692308
0 0.328125 0.6730769230769231 0.038461538461538464 0.040865384615384616
0 0.28966346153846156 0.6069711538461539 0.036057692307692304 0.052884615384615384
0 0.3581730769230769 0.5817307692307693 0.036057692307692304 0.05048076923076923
0 0.35336538461538464 0.6478365384615384 0.036057692307692304 0.04326923076923077
0 0.37740384615384615 0.6694711538461539 0.03365384615384615 0.052884615384615384
0 0.3858173076923077 0.5877403846153846 0.03365384615384615 0.04807692307692308
0 0.39903846153846156 0.6177884615384616 0.03125 0.04326923076923077
0 0.3329326923076923 0.7427884615384616 0.03365384615384615 0.052884615384615384
0 0.3449519230769231 0.8040865384615384 0.03125 0.040865384615384616
0 0.32211538461538464 0.8173076923076923 0.028846153846153848 0.052884615384615384
0 0.38100961538461536 0.7776442307692307 0.036057692307692304 0.05048076923076923
0 0.3786057692307692 0.7127403846153846 0.038461538461538464 0.04326923076923077
0 0.39302884615384615 0.7355769230769231 0.03125 0.038461538461538464
0 0.41586538461538464 0.6935096153846154 0.036057692307692304 0.05048076923076923
0 0.4182692307692308 0.5649038461538461 0.038461538461538464 0.052884615384615384
0 0.40625 0.48677884615384615 0.03365384615384615 0.052884615384615384
0 0.41947115384615385 0.5985576923076923 0.002403846153846154 0.002403846153846154
0 0.4387019230769231 0.59375 0.038461538461538464 0.04567307692307692
0 0.4387019230769231 0.6670673076923077 0.03125 0.04567307692307692
0 0.4254807692307692 0.7307692307692307 0.03365384615384615 0.04326923076923077
0 0.4495192307692308 0.7439903846153846 0.028846153846153848 0.04326923076923077
0 0.4050480769230769 0.8064903846153846 0.03125 0.038461538461538464
0 0.48677884615384615 0.7596153846153846 0.03365384615384615 0.04807692307692308
0 0.453125 0.5252403846153846 0.036057692307692304 0.055288461538461536
0 0.4855769230769231 0.6298076923076923 0.03365384615384615 0.05048076923076923
0 0.5 0.6838942307692307 0.03365384615384615 0.040865384615384616
0 0.4182692307692308 0.7584134615384616 0.03365384615384615 0.05048076923076923
0 0.15985576923076922 0.8329326923076923 0.03365384615384615 0.04807692307692308
0 0.3389423076923077 0.8545673076923077 0.03125 0.05048076923076923
0 0.4795673076923077 0.4855769230769231 0.036057692307692304 0.057692307692307696
0 0.49038461538461536 0.5204326923076923 0.03365384615384615 0.052884615384615384
0 0.49759615384615385 0.5685096153846154 0.036057692307692304 0.05048076923076923
0 0.5276442307692307 0.5973557692307693 0.028846153846153848 0.05048076923076923
0 0.5288461538461539 0.5396634615384616 0.03365384615384615 0.052884615384615384
0 0.5036057692307693 0.4699519230769231 0.028846153846153848 0.052884615384615384
0 0.5348557692307693 0.48677884615384615 0.03365384615384615 0.055288461538461536
0 0.5661057692307693 0.484375 0.03125 0.05048076923076923
0 0.5685096153846154 0.5252403846153846 0.03365384615384615 0.04326923076923077
0 0.5600961538461539 0.5721153846153846 0.028846153846153848 0.05048076923076923
0 0.5721153846153846 0.6201923076923077 0.03125 0.04326923076923077
0 0.5961538461538461 0.5973557692307693 0.03365384615384615 0.04326923076923077
0 0.5384615384615384 0.6971153846153846 0.03125 0.040865384615384616
0 0.5612980769230769 0.6658653846153846 0.028846153846153848 0.04567307692307692
0 0.5829326923076923 0.71875 0.028846153846153848 0.04326923076923077
0 0.5865384615384616 0.7596153846153846 0.02403846153846154 0.038461538461538464
0 0.5985576923076923 0.5024038461538461 0.028846153846153848 0.04326923076923077
0 0.6129807692307693 0.5504807692307693 0.028846153846153848 0.04326923076923077
0 0.6466346153846154 0.5757211538461539 0.026442307692307692 0.04326923076923077
0 0.6478365384615384 0.6069711538461539 0.028846153846153848 0.038461538461538464
0 0.6550480769230769 0.6394230769230769 0.026442307692307692 0.038461538461538464
0 0.6021634615384616 0.453125 0.028846153846153848 0.052884615384615384
0 0.6502403846153846 0.4483173076923077 0.028846153846153848 0.04807692307692308
0 0.6514423076923077 0.5300480769230769 0.03365384615384615 0.055288461538461536
0 0.6694711538461539 0.5384615384615384 0.026442307692307692 0.04807692307692308
0 0.6682692307692307 0.6081730769230769 0.026442307692307692 0.04326923076923077
0 0.6887019230769231 0.5757211538461539 0.028846153846153848 0.04807692307692308
0 0.6983173076923077 0.6298076923076923 0.02403846153846154 0.038461538461538464
0 0.6274038461538461 0.46634615384615385 0.026442307692307692 0.04567307692307692
0 0.5192307692307693 0.6358173076923077 0.03365384615384615 0.04326923076923077
0 0.5576923076923077 0.7271634615384616 0.026442307692307692 0.04807692307692308
0 0.5985576923076923 0.6730769230769231 0.028846153846153848 0.04326923076923077
0 0.6213942307692307 0.5973557692307693 0.03365384615384615 0.055288461538461536
0 0.6826923076923077 0.6538461538461539 0.02403846153846154 0.04326923076923077
0 0.6682692307692307 0.4735576923076923 0.028846153846153848 0.052884615384615384
0 0.6923076923076923 0.5228365384615384 0.028846153846153848 0.04567307692307692
0 0.7139423076923077 0.5576923076923077 0.02403846153846154 0.04326923076923077
0 0.7259615384615384 0.6502403846153846 0.02403846153846154 0.036057692307692304
0 0.7427884615384616 0.6658653846153846 0.019230769230769232 0.03365384615384615
0 0.6298076923076923 0.3004807692307692 0.028846153846153848 0.04567307692307692
0 0.6538461538461539 0.26322115384615385 0.026442307692307692 0.04567307692307692
0 0.671875 0.23677884615384615 0.026442307692307692 0.04567307692307692
0 0.6947115384615384 0.20793269230769232 0.026442307692307692 0.04567307692307692
0 0.7103365384615384 0.19110576923076922 0.02403846153846154 0.04807692307692308
0 0.7355769230769231 0.20793269230769232 0.02403846153846154 0.038461538461538464
0 0.75 0.17427884615384615 0.02403846153846154 0.040865384615384616
0 0.7680288461538461 0.17548076923076922 0.02403846153846154 0.04326923076923077
0 0.7836538461538461 0.16346153846153846 0.026442307692307692 0.038461538461538464
0 0.8052884615384616 0.16466346153846154 0.02403846153846154 0.038461538461538464
0 0.8197115384615384 0.1466346153846154 0.021634615384615384 0.03365384615384615
0 0.8353365384615384 0.13942307692307693 0.026442307692307692 0.03365384615384615
0 0.6526442307692307 0.359375 0.02403846153846154 0.038461538461538464
0 0.6538461538461539 0.296875 0.02403846153846154 0.04567307692307692
0 0.6730769230769231 0.296875 0.021634615384615384 0.04326923076923077
0 0.6983173076923077 0.2848557692307692 0.02403846153846154 0.04567307692307692
0 0.7175480769230769 0.28725961538461536 0.02403846153846154 0.05048076923076923
0 0.7211538461538461 0.23557692307692307 0.02403846153846154 0.04807692307692308
0 0.7007211538461539 0.23677884615384615 0.026442307692307692 0.040865384615384616
0 0.7379807692307693 0.25841346153846156 0.021634615384615384 0.04326923076923077
0 0.7572115384615384 0.2536057692307692 0.02403846153846154 0.04326923076923077
0 0.7632211538461539 0.2848557692307692 0.02403846153846154 0.04326923076923077
0 0.7259615384615384 0.31971153846153844 0.02403846153846154 0.040865384615384616
0 0.6947115384615384 0.3581730769230769 0.026442307692307692 0.04326923076923077
0 0.6766826923076923 0.3918269230769231 0.02403846153846154 0.038461538461538464
0 0.6586538461538461 0.3798076923076923 0.021634615384615384 0.04807692307692308
0 0.6983173076923077 0.3173076923076923 0.026442307692307692 0.04326923076923077
0 0.7391826923076923 0.41225961538461536 0.026442307692307692 0.038461538461538464
0 0.7175480769230769 0.36538461538461536 0.02403846153846154 0.038461538461538464
0 0.703125 0.42788461538461536 0.02403846153846154 0.036057692307692304
0 0.7512019230769231 0.46033653846153844 0.02403846153846154 0.040865384615384616
0 0.7716346153846154 0.46875 0.026442307692307692 0.040865384615384616
0 0.7728365384615384 0.3918269230769231 0.02403846153846154 0.038461538461538464
0 0.8028846153846154 0.38221153846153844 0.026442307692307692 0.036057692307692304
0 0.8040865384615384 0.34375 0.021634615384615384 0.04326923076923077
0 0.8016826923076923 0.296875 0.019230769230769232 0.040865384615384616
0 0.8173076923076923 0.31009615384615385 0.021634615384615384 0.040865384615384616
0 0.7992788461538461 0.25841346153846156 0.026442307692307692 0.04326923076923077
0 0.7680288461538461 0.21033653846153846 0.021634615384615384 0.04807692307692308
0 0.7884615384615384 0.22596153846153846 0.028846153846153848 0.040865384615384616
0 0.8173076923076923 0.2283653846153846 0.026442307692307692 0.038461538461538464
0 0.8377403846153846 0.20793269230769232 0.021634615384615384 0.04326923076923077
0 0.84375 0.24879807692307693 0.026442307692307692 0.04326923076923077
0 0.8569711538461539 0.2848557692307692 0.02403846153846154 0.04567307692307692
0 0.8762019230769231 0.3088942307692308 0.026442307692307692 0.040865384615384616
0 0.8521634615384616 0.33774038461538464 0.021634615384615384 0.040865384615384616
0 0.8341346153846154 0.3125 0.019230769230769232 0.04326923076923077
0 0.8665865384615384 0.39903846153846156 0.021634615384615384 0.036057692307692304
0 0.7463942307692307 0.375 0.021634615384615384 0.040865384615384616
0 0.8112980769230769 0.4567307692307692 0.02403846153846154 0.04326923076923077
0 0.7896634615384616 0.42788461538461536 0.02403846153846154 0.040865384615384616
0 0.8173076923076923 0.5060096153846154 0.021634615384615384 0.040865384615384616
0 0.7920673076923077 0.5637019230769231 0.02403846153846154 0.036057692307692304
0 0.8233173076923077 0.5817307692307693 0.021634615384615384 0.036057692307692304
0 0.84375 0.5360576923076923 0.019230769230769232 0.03365384615384615
0 0.7415865384615384 0.6117788461538461 0.016826923076923076 0.036057692307692304
0 0.7271634615384616 0.6081730769230769 0.02403846153846154 0.038461538461538464
0 0.8509615384615384 0.5805288461538461 0.02403846153846154 0.038461538461538464
0 0.8485576923076923 0.17067307692307693 0.019230769230769232 0.040865384615384616
0 0.8617788461538461 0.2403846153846154 0.021634615384615384 0.038461538461538464
0 0.8990384615384616 0.21033653846153846 0.021634615384615384 0.038461538461538464
0 0.890625 0.24278846153846154 0.021634615384615384 0.038461538461538464
0 0.9038461538461539 0.27403846153846156 0.021634615384615384 0.040865384615384616
0 0.8978365384615384 0.35697115384615385 0.021634615384615384 0.03365384615384615
0 0.8269230769230769 0.4098557692307692 0.021634615384615384 0.038461538461538464
0 0.7668269230769231 0.5504807692307693 0.021634615384615384 0.03365384615384615
0 0.78125 0.59375 0.02403846153846154 0.038461538461538464
0 0.8461538461538461 0.4639423076923077 0.026442307692307692 0.038461538461538464
0 0.8713942307692307 0.5817307692307693 0.026442307692307692 0.03365384615384615
0 0.875 0.53125 0.021634615384615384 0.03125
0 0.7788461538461539 0.5204326923076923 0.02403846153846154 0.03365384615384615
0 0.9326923076923077 0.25961538461538464 0.021634615384615384 0.028846153846153848
0 0.9242788461538461 0.20673076923076922 0.02403846153846154 0.03125
0 0.9350961538461539 0.33533653846153844 0.016826923076923076 0.036057692307692304
0 0.9254807692307693 0.3137019230769231 0.019230769230769232 0.028846153846153848
0 0.9495192307692307 0.15865384615384615 0.019230769230769232 0.036057692307692304
0 0.9819711538461539 0.14302884615384615 0.019230769230769232 0.03365384615384615
0 0.9591346153846154 0.25240384615384615 0.019230769230769232 0.026442307692307692
0 0.9807692307692307 0.2776442307692308 0.019230769230769232 0.026442307692307692
0 0.9579326923076923 0.21634615384615385 0.016826923076923076 0.036057692307692304
0 0.8725961538461539 0.34615384615384615 0.021634615384615384 0.036057692307692304
0 0.8762019230769231 0.38221153846153844 0.021634615384615384 0.036057692307692304