0 0.018028846153846152 0.5901442307692307 0.036057692307692304 0.052884615384615384
0 0.07451923076923077 0.5721153846153846 0.05048076923076923 0.06490384615384616
0 0.12620192307692307 0.4543269230769231 0.04807692307692308 0.0625
0 0.16947115384615385 0.47596153846153844 0.052884615384615384 0.06490384615384616
0 0.1875 0.4050480769230769 0.05048076923076923 0.0673076923076923
0 0.2247596153846154 0.4326923076923077 0.04567307692307692 0.06490384615384616
0 0.026442307692307692 0.6730769230769231 0.04326923076923077 0.04326923076923077
0 0.055288461538461536 0.6706730769230769 0.04567307692307692 0.04807692307692308
0 0.09014423076923077 0.7139423076923077 0.052884615384615384 0.055288461538461536
0 0.054086538461538464 0.7475961538461539 0.03125 0.03365384615384615
0 0.1346153846153846 0.7019230769230769 0.040865384615384616 0.055288461538461536
0 0.12379807692307693 0.65625 0.05048076923076923 0.057692307692307696
0 0.16706730769230768 0.6634615384615384 0.040865384615384616 0.04807692307692308
0 0.20432692307692307 0.7055288461538461 0.04567307692307692 0.05048076923076923
0 0.171875 0.7379807692307693 0.040865384615384616 0.04807692307692308
0 0.24158653846153846 0.7271634615384616 0.036057692307692304 0.05048076923076923
0 0.27283653846153844 0.71875 0.036057692307692304 0.04326923076923077
0 0.25961538461538464 0.7836538461538461 0.038461538461538464 0.05048076923076923
0 0.18990384615384615 0.6117788461538461 0.04567307692307692 0.04807692307692308
0 0.2127403846153846 0.6370192307692307 0.038461538461538464 0.05048076923076923
0 0.25240384615384615 0.6298076923076923 0.04326923076923077 0.06009615384615385
0 0.2283653846153846 0.5649038461538461 0.04326923076923077 0.055288461538461536
0 0.14182692307692307 0.5228365384615384 0.04326923076923077 0.055288461538461536
0 0.18028846153846154 0.5216346153846154 0.04807692307692308 0.055288461538461536
0 0.2439903846153846 0.5240384615384616 0.05048076923076923 0.06009615384615385
0 0.2776442307692308 0.5012019230769231 0.04807692307692308 0.06009615384615385
0 0.24759615384615385 0.6706730769230769 0.040865384615384616 0.04326923076923077
0 0.2920673076923077 0.6129807692307693 0.036057692307692304 0.05048076923076923
0 0.27403846153846156 0.5504807692307693 0.04567307692307692 0.05048076923076923
0 0.29447115384615385 0.4074519230769231 0.04567307692307692 0.0673076923076923
0 0.33413461538461536 0.4375 0.04567307692307692 0.0673076923076923
0 0.38221153846153844 0.4170673076923077 0.05048076923076923 0.0673076923076923
0 0.37259615384615385 0.3076923076923077 0.04326923076923077 0.06490384615384616
0 0.4326923076923077 0.3762019230769231 0.04326923076923077 0.0673076923076923
0 0.4723557692307692 0.33413461538461536 0.04567307692307692 0.0625
0 0.3557692307692308 0.48677884615384615 0.04326923076923077 0.057692307692307696
0 0.4098557692307692 0.4699519230769231 0.040865384615384616 0.055288461538461536
0 0.40024038461538464 0.515625 0.040865384615384616 0.04807692307692308
0 0.3125 0.5408653846153846 0.040865384615384616 0.052884615384615384
0 0.3161057692307692 0.609375 0.04326923076923077 0.055288461538461536
0 0.33533653846153844 0.6454326923076923 0.04326923076923077 0.052884615384615384
0 0.3173076923076923 0.6959134615384616 0.04326923076923077 0.05048076923076923
0 0.3317307692307692 0.7115384615384616 0.036057692307692304 0.04326923076923077
0 0.2980769230769231 0.7355769230769231 0.036057692307692304 0.04807692307692308
0 0.3233173076923077 0.7560096153846154 0.026442307692307692 0.038461538461538464
0 0.35216346153846156 0.7463942307692307 0.03125 0.052884615384615384
0 0.3798076923076923 0.7271634615384616 0.03365384615384615 0.04326923076923077
0 0.37259615384615385 0.6947115384615384 0.04326923076923077 0.04326923076923077
0 0.3798076923076923 0.6538461538461539 0.040865384615384616 0.052884615384615384
0 0.41346153846153844 0.6862980769230769 0.038461538461538464 0.04807692307692308
0 0.41346153846153844 0.71875 0.036057692307692304 0.04326923076923077
0 0.40384615384615385 0.75 0.038461538461538464 0.040865384615384616
0 0.4519230769230769 0.71875 0.038461538461538464 0.04567307692307692
0 0.47115384615384615 0.7175480769230769 0.038461538461538464 0.06009615384615385
0 0.36778846153846156 0.6033653846153846 0.04326923076923077 0.052884615384615384
0 0.4050480769230769 0.5805288461538461 0.038461538461538464 0.052884615384615384
0 0.5132211538461539 0.32572115384615385 0.036057692307692304 0.06490384615384616
0 0.5564903846153846 0.3641826923076923 0.04326923076923077 0.0625
0 0.5997596153846154 0.37740384615384615 0.04326923076923077 0.06009615384615385
0 0.4879807692307692 0.39302884615384615 0.04567307692307692 0.0625
0 0.4963942307692308 0.46875 0.04567307692307692 0.06009615384615385
0 0.5456730769230769 0.4411057692307692 0.040865384615384616 0.0673076923076923
0 0.46875 0.5432692307692307 0.04326923076923077 0.052884615384615384
0 0.4831730769230769 0.6274038461538461 0.038461538461538464 0.04567307692307692
0 0.49278846153846156 0.6598557692307693 0.036057692307692304 0.04807692307692308
0 0.5036057692307693 0.6802884615384616 0.036057692307692304 0.04807692307692308
0 0.5228365384615384 0.5709134615384616 0.038461538461538464 0.055288461538461536
0 0.5348557692307693 0.5180288461538461 0.038461538461538464 0.052884615384615384
0 0.5396634615384616 0.5997596153846154 0.038461538461538464 0.05048076923076923
0 0.5432692307692307 0.6622596153846154 0.03365384615384615 0.05048076923076923
0 0.5588942307692307 0.5372596153846154 0.038461538461538464 0.055288461538461536
0 0.5829326923076923 0.5 0.04326923076923077 0.055288461538461536
0 0.5973557692307693 0.4375 0.04326923076923077 0.0625
0 0.59375 0.5769230769230769 0.036057692307692304 0.0625
0 0.5769230769230769 0.640625 0.03365384615384615 0.04807692307692308
0 0.5745192307692307 0.6790865384615384 0.036057692307692304 0.04567307692307692
0 0.5733173076923077 0.7175480769230769 0.038461538461538464 0.04326923076923077
0 0.6033653846153846 0.7199519230769231 0.036057692307692304 0.04326923076923077
0 0.6081730769230769 0.7764423076923077 0.028846153846153848 0.04807692307692308
0 0.6334134615384616 0.7956730769230769 0.03365384615384615 0.038461538461538464
0 0.6274038461538461 0.7223557692307693 0.03365384615384615 0.06490384615384616
0 0.6286057692307693 0.6634615384615384 0.036057692307692304 0.04326923076923077
0 0.6442307692307693 0.6262019230769231 0.036057692307692304 0.04567307692307692
0 0.6237980769230769 0.59375 0.038461538461538464 0.04807692307692308
0 0.6057692307692307 0.6346153846153846 0.03365384615384615 0.04807692307692308
0 0.6310096153846154 0.5516826923076923 0.038461538461538464 0.057692307692307696
0 0.6262019230769231 0.46634615384615385 0.038461538461538464 0.0673076923076923
0 0.6538461538461539 0.35096153846153844 0.040865384615384616 0.06490384615384616
0 0.6730769230769231 0.35096153846153844 0.03125 0.06009615384615385
0 0.7259615384615384 0.36899038461538464 0.040865384615384616 0.057692307692307696
0 0.6959134615384616 0.3870192307692308 0.036057692307692304 0.06009615384615385
0 0.6610576923076923 0.5060096153846154 0.038461538461538464 0.05048076923076923
0 0.671875 0.6670673076923077 0.038461538461538464 0.06009615384615385
0 0.6790865384615384 0.6213942307692307 0.036057692307692304 0.06490384615384616
0 0.7079326923076923 0.5997596153846154 0.036057692307692304 0.04567307692307692
0 0.7139423076923077 0.6478365384615384 0.036057692307692304 0.04567307692307692
0 0.7259615384615384 0.6875 0.028846153846153848 0.040865384615384616
0 0.6622596153846154 0.5637019230769231 0.036057692307692304 0.052884615384615384
0 0.6754807692307693 0.5829326923076923 0.03365384615384615 0.057692307692307696
0 0.6887019230769231 0.5168269230769231 0.03365384615384615 0.05048076923076923
0 0.6442307692307693 0.41466346153846156 0.040865384615384616 0.057692307692307696
0 0.6610576923076923 0.421875 0.036057692307692304 0.07692307692307693
0 0.71875 0.4879807692307692 0.040865384615384616 0.07211538461538461
0 0.7463942307692307 0.5132211538461539 0.03365384615384615 0.052884615384615384
0 0.7091346153846154 0.5528846153846154 0.036057692307692304 0.055288461538461536
0 0.75 0.4182692307692308 0.038461538461538464 0.06009615384615385
0 0.7427884615384616 0.45072115384615385 0.028846153846153848 0.04567307692307692
0 0.765625 0.578125 0.038461538461538464 0.05048076923076923
0 0.7355769230769231 0.6105769230769231 0.03365384615384615 0.05048076923076923
0 0.7572115384615384 0.6141826923076923 0.026442307692307692 0.04807692307692308
0 0.7451923076923077 0.6490384615384616 0.03125 0.04807692307692308
0 0.7560096153846154 0.6923076923076923 0.03125 0.04807692307692308
0 0.7824519230769231 0.6706730769230769 0.028846153846153848 0.038461538461538464
0 0.7584134615384616 0.7247596153846154 0.028846153846153848 0.036057692307692304
0 0.7824519230769231 0.7043269230769231 0.02403846153846154 0.03365384615384615
0 0.7944711538461539 0.6730769230769231 0.026442307692307692 0.036057692307692304
0 0.7860576923076923 0.6009615384615384 0.026442307692307692 0.036057692307692304
0 0.7596153846153846 0.49038461538461536 0.028846153846153848 0.038461538461538464
0 0.7740384615384616 0.4326923076923077 0.028846153846153848 0.04807692307692308
0 0.7848557692307693 0.4639423076923077 0.026442307692307692 0.04326923076923077
0 0.796875 0.4807692307692308 0.02403846153846154 0.038461538461538464
0 0.7908653846153846 0.5324519230769231 0.028846153846153848 0.04567307692307692
0 0.6646634615384616 0.7536057692307693 0.03365384615384615 0.04807692307692308
0 0.6995192307692307 0.21995192307692307 0.03365384615384615 0.05048076923076923
0 0.7283653846153846 0.19230769230769232 0.036057692307692304 0.052884615384615384
0 0.7644230769230769 0.15384615384615385 0.03365384615384615 0.052884615384615384
0 0.7956730769230769 0.12139423076923077 0.03125 0.055288461538461536
0 0.8293269230769231 0.09495192307692307 0.03365384615384615 0.055288461538461536
0 0.8557692307692307 0.08052884615384616 0.028846153846153848 0.05048076923076923
0 0.8846153846153846 0.10576923076923077 0.028846153846153848 0.057692307692307696
0 0.9110576923076923 0.07572115384615384 0.03125 0.057692307692307696
0 0.9387019230769231 0.08052884615384616 0.028846153846153848 0.055288461538461536
0 0.9603365384615384 0.0733173076923077 0.02403846153846154 0.057692307692307696
0 0.9026442307692307 0.11778846153846154 0.028846153846153848 0.055288461538461536
0 0.8353365384615384 0.1346153846153846 0.03365384615384615 0.04807692307692308
0 0.8028846153846154 0.1502403846153846 0.036057692307692304 0.052884615384615384
0 0.7632211538461539 0.20192307692307693 0.03125 0.055288461538461536
0 0.7860576923076923 0.21514423076923078 0.03365384615384615 0.052884615384615384
0 0.8221153846153846 0.20552884615384615 0.028846153846153848 0.055288461538461536
0 0.75 0.2824519230769231 0.03125 0.052884615384615384
0 0.7680288461538461 0.26802884615384615 0.026442307692307692 0.05048076923076923
0 0.8100961538461539 0.3004807692307692 0.03125 0.055288461538461536
0 0.8209134615384616 0.24759615384615385 0.03125 0.04807692307692308
0 0.8521634615384616 0.21995192307692307 0.03125 0.052884615384615384
0 0.8605769230769231 0.265625 0.028846153846153848 0.05048076923076923
0 0.7572115384615384 0.32211538461538464 0.028846153846153848 0.04807692307692308
0 0.78125 0.34375 0.028846153846153848 0.04567307692307692
0 0.7788461538461539 0.38341346153846156 0.03125 0.04567307692307692
0 0.8076923076923077 0.3581730769230769 0.03125 0.052884615384615384
0 0.8389423076923077 0.3233173076923077 0.03125 0.04567307692307692
0 0.8088942307692307 0.40384615384615385 0.03125 0.04326923076923077
0 0.8305288461538461 0.3918269230769231 0.028846153846153848 0.052884615384615384
0 0.8293269230769231 0.44471153846153844 0.026442307692307692 0.04567307692307692
0 0.8088942307692307 0.5841346153846154 0.026442307692307692 0.038461538461538464
0 0.8629807692307693 0.14903846153846154 0.03365384615384615 0.055288461538461536
0 0.8762019230769231 0.18389423076923078 0.03365384615384615 0.052884615384615384
0 0.9879807692307693 0.08774038461538461 0.02403846153846154 0.05048076923076923
0 0.9819711538461539 0.14182692307692307 0.03125 0.052884615384615384
0 0.9314903846153846 0.1346153846153846 0.03125 0.055288461538461536
0 0.9591346153846154 0.1622596153846154 0.03365384615384615 0.05048076923076923
0 0.9711538461538461 0.21634615384615385 0.03125 0.052884615384615384
0 0.9098557692307693 0.18990384615384615 0.03365384615384615 0.052884615384615384
0 0.9122596153846154 0.234375 0.028846153846153848 0.04807692307692308
0 0.9350961538461539 0.20432692307692307 0.03125 0.057692307692307696
0 0.8641826923076923 0.3088942307692308 0.03125 0.04807692307692308
0 0.8834134615384616 0.26802884615384615 0.026442307692307692 0.05048076923076923
0 0.8930288461538461 0.3016826923076923 0.026442307692307692 0.04807692307692308
0 0.9326923076923077 0.25961538461538464 0.03125 0.05048076923076923
0 0.9591346153846154 0.33653846153846156 0.03365384615384615 0.04807692307692308
0 0.9651442307692307 0.265625 0.028846153846153848 0.04567307692307692
0 0.9831730769230769 0.296875 0.028846153846153848 0.04567307692307692
0 0.8509615384615384 0.3545673076923077 0.03125 0.052884615384615384
0 0.8786057692307693 0.3545673076923077 0.03125 0.05048076923076923
0 0.8653846153846154 0.40625 0.03125 0.04567307692307692
0 0.8798076923076923 0.39783653846153844 0.026442307692307692 0.04567307692307692
0 0.9122596153846154 0.390625 0.03125 0.04807692307692308
0 0.9543269230769231 0.38341346153846156 0.03125 0.04326923076923077
0 0.9735576923076923 0.36899038461538464 0.028846153846153848 0.055288461538461536
0 0.9567307692307693 0.4170673076923077 0.028846153846153848 0.04567307692307692
0 0.9579326923076923 0.44471153846153844 0.03125 0.040865384615384616
0 0.9819711538461539 0.4375 0.026442307692307692 0.04807692307692308
0 0.984375 0.4699519230769231 0.026442307692307692 0.04326923076923077
0 0.9314903846153846 0.4519230769230769 0.03125 0.04567307692307692
0 0.8701923076923077 0.47115384615384615 0.028846153846153848 0.04567307692307692
0 0.8834134615384616 0.4831730769230769 0.026442307692307692 0.04326923076923077
0 0.9014423076923077 0.4963942307692308 0.028846153846153848 0.04326923076923077
0 0.9242788461538461 0.4735576923076923 0.03125 0.04326923076923077
0 0.9254807692307693 0.5036057692307693 0.026442307692307692 0.04326923076923077
0 0.9543269230769231 0.5 0.028846153846153848 0.04326923076923077
0 0.96875 0.5228365384615384 0.028846153846153848 0.040865384615384616
0 0.9591346153846154 0.5697115384615384 0.026442307692307692 0.038461538461538464
0 0.9879807692307693 0.6165865384615384 0.02403846153846154 0.040865384615384616
0 0.9879807692307693 0.6442307692307693 0.02403846153846154 0.038461538461538464
0 0.9879807692307693 0.6778846153846154 0.02403846153846154 0.04326923076923077
0 0.9543269230769231 0.6730769230769231 0.026442307692307692 0.038461538461538464
0 0.9651442307692307 0.6790865384615384 0.02403846153846154 0.04326923076923077
0 0.9567307692307693 0.6045673076923077 0.028846153846153848 0.04326923076923077
0 0.8834134615384616 0.5396634615384616 0.02403846153846154 0.040865384615384616
0 0.9074519230769231 0.5324519230769231 0.026442307692307692 0.04326923076923077
0 0.921875 0.5504807692307693 0.026442307692307692 0.05048076923076923
0 0.8798076923076923 0.5612980769230769 0.026442307692307692 0.03365384615384615
0 0.9002403846153846 0.5661057692307693 0.026442307692307692 0.03365384615384615
0 0.9026442307692307 0.5901442307692307 0.019230769230769232 0.03365384615384615
0 0.8617788461538461 0.5877403846153846 0.02403846153846154 0.03365384615384615
0 0.8822115384615384 0.6021634615384616 0.026442307692307692 0.03365384615384615
0 0.8822115384615384 0.6286057692307693 0.021634615384615384 0.036057692307692304
0 0.9158653846153846 0.6346153846153846 0.028846153846153848 0.036057692307692304
0 0.8197115384615384 0.6117788461538461 0.028846153846153848 0.038461538461538464
0 0.8329326923076923 0.6165865384615384 0.02403846153846154 0.038461538461538464
0 0.8485576923076923 0.6346153846153846 0.026442307692307692 0.03365384615384615
0 0.8653846153846154 0.6478365384615384 0.026442307692307692 0.038461538461538464
0 0.8028846153846154 0.6346153846153846 0.028846153846153848 0.038461538461538464
0 0.8209134615384616 0.6538461538461539 0.026442307692307692 0.038461538461538464
0 0.8389423076923077 0.6706730769230769 0.026442307692307692 0.038461538461538464
0 0.8149038461538461 0.7103365384615384 0.026442307692307692 0.040865384615384616
0 0.8353365384615384 0.7367788461538461 0.026442307692307692 0.03365384615384615
0 0.8641826923076923 0.6742788461538461 0.026442307692307692 0.038461538461538464
0 0.8713942307692307 0.6959134615384616 0.02403846153846154 0.038461538461538464
0 0.8990384615384616 0.6658653846153846 0.026442307692307692 0.038461538461538464
0 0.9194711538461539 0.6790865384615384 0.028846153846153848 0.038461538461538464