0 0.8137019230769231 0.7524038461538461 0.02403846153846154 0.03125
0 0.27884615384615385 0.24519230769230768 0.04807692307692308 0.04326923076923077
0 0.015625 0.25961538461538464 0.02403846153846154 0.040865384615384616
0 0.036057692307692304 0.28125 0.05048076923076923 0.05048076923076923
0 0.02283653846153846 0.1658653846153846 0.03365384615384615 0.040865384615384616
0 0.13221153846153846 0.2091346153846154 0.0625 0.0625
0 0.19471153846153846 0.2403846153846154 0.057692307692307696 0.057692307692307696
0 0.22235576923076922 0.34975961538461536 0.040865384615384616 0.0673076923076923
0 0.27524038461538464 0.4026442307692308 0.04326923076923077 0.0625
0 0.35336538461538464 0.4362980769230769 0.036057692307692304 0.06490384615384616
0 0.40625 0.5360576923076923 0.03365384615384615 0.06490384615384616
0 0.4855769230769231 0.5384615384615384 0.055288461538461536 0.057692307692307696
0 0.5829326923076923 0.5480769230769231 0.04807692307692308 0.04807692307692308
0 0.5480769230769231 0.546875 0.055288461538461536 0.055288461538461536
0 0.515625 0.5600961538461539 0.04326923076923077 0.052884615384615384
0 0.4230769230769231 0.45072115384615385 0.055288461538461536 0.057692307692307696
0 0.38221153846153844 0.43028846153846156 0.040865384615384616 0.0625
0 0.3485576923076923 0.36177884615384615 0.04807692307692308 0.06490384615384616
0 0.31009615384615385 0.2920673076923077 0.04807692307692308 0.057692307692307696
0 0.31971153846153844 0.33052884615384615 0.04807692307692308 0.057692307692307696
0 0.375 0.33533653846153844 0.04326923076923077 0.06009615384615385
0 0.4026442307692308 0.39663461538461536 0.05048076923076923 0.05048076923076923
0 0.44591346153846156 0.34375 0.04807692307692308 0.04567307692307692
0 0.41947115384615385 0.3112980769230769 0.052884615384615384 0.04807692307692308
0 0.37740384615384615 0.28846153846153844 0.04807692307692308 0.04807692307692308
0 0.3293269230769231 0.2512019230769231 0.04326923076923077 0.0625
0 0.23798076923076922 0.18870192307692307 0.06490384615384616 0.0673076923076923
0 0.2956730769230769 0.23918269230769232 0.04807692307692308 0.05048076923076923
0 0.28725961538461536 0.17427884615384615 0.04807692307692308 0.05048076923076923
0 0.3161057692307692 0.1658653846153846 0.04807692307692308 0.05048076923076923
0 0.34615384615384615 0.18509615384615385 0.05048076923076923 0.04807692307692308
0 0.38341346153846156 0.21875 0.04567307692307692 0.0625
0 0.17067307692307693 0.15985576923076922 0.055288461538461536 0.052884615384615384
0 0.2644230769230769 0.13822115384615385 0.052884615384615384 0.05048076923076923
0 0.5012019230769231 0.23918269230769232 0.06009615384615385 0.06009615384615385
0 0.5120192307692307 0.3245192307692308 0.05048076923076923 0.052884615384615384
0 0.4951923076923077 0.3858173076923077 0.04326923076923077 0.06009615384615385
0 0.2644230769230769 0.34375 0.052884615384615384 0.052884615384615384
0 0.5012019230769231 0.5072115384615384 0.040865384615384616 0.0673076923076923
0 0.5420673076923077 0.4879807692307692 0.040865384615384616 0.0625
0 0.5420673076923077 0.43149038461538464 0.04567307692307692 0.07451923076923077
0 0.6177884615384616 0.421875 0.05048076923076923 0.04807692307692308
0 0.6177884615384616 0.578125 0.040865384615384616 0.0625
0 0.6370192307692307 0.47475961538461536 0.04326923076923077 0.052884615384615384
0 0.5805288461538461 0.4519230769230769 0.05048076923076923 0.07692307692307693
0 0.5805288461538461 0.34375 0.04567307692307692 0.04326923076923077
0 0.6778846153846154 0.5072115384615384 0.052884615384615384 0.052884615384615384
0 0.6766826923076923 0.5889423076923077 0.04807692307692308 0.04807692307692308
0 0.46153846153846156 0.2548076923076923 0.038461538461538464 0.057692307692307696
0 0.6045673076923077 0.28966346153846156 0.04807692307692308 0.04567307692307692
0 0.6778846153846154 0.453125 0.036057692307692304 0.055288461538461536
0 0.7199519230769231 0.44471153846153844 0.04326923076923077 0.052884615384615384
0 0.1141826923076923 0.08774038461538461 0.03365384615384615 0.04807692307692308
0 0.23317307692307693 0.3004807692307692 0.04807692307692308 0.05048076923076923
0 0.4110576923076923 0.19230769230769232 0.04326923076923077 0.04326923076923077
0 0.43149038461538464 0.26802884615384615 0.03365384615384615 0.04326923076923077
0 0.5096153846153846 0.4495192307692308 0.036057692307692304 0.0625
0 0.5348557692307693 0.3798076923076923 0.036057692307692304 0.055288461538461536
0 0.5552884615384616 0.3173076923076923 0.036057692307692304 0.04807692307692308
0 0.5841346153846154 0.5024038461538461 0.03365384615384615 0.04807692307692308
0 0.5901442307692307 0.3954326923076923 0.03125 0.052884615384615384
0 0.6358173076923077 0.23557692307692307 0.026442307692307692 0.036057692307692304
0 0.6754807692307693 0.41346153846153844 0.036057692307692304 0.03365384615384615
0 0.6862980769230769 0.3798076923076923 0.03125 0.04326923076923077
0 0.7175480769230769 0.36538461538461536 0.02403846153846154 0.04326923076923077
0 0.6490384615384616 0.5697115384615384 0.040865384615384616 0.040865384615384616
0 0.765625 0.3701923076923077 0.036057692307692304 0.038461538461538464
0 0.7836538461538461 0.35336538461538464 0.02403846153846154 0.03365384615384615
0 0.7644230769230769 0.4182692307692308 0.021634615384615384 0.038461538461538464
0 0.7247596153846154 0.5108173076923077 0.026442307692307692 0.04326923076923077
0 0.7824519230769231 0.4098557692307692 0.028846153846153848 0.03125
0 0.7487980769230769 0.47115384615384615 0.028846153846153848 0.028846153846153848
0 0.734375 0.390625 0.026442307692307692 0.038461538461538464
0 0.015625 0.1502403846153846 0.019230769230769232 0.02403846153846154
0 0.038461538461538464 0.23677884615384615 0.04326923076923077 0.04326923076923077
0 0.018028846153846152 0.23197115384615385 0.026442307692307692 0.03365384615384615
0 0.09254807692307693 0.2824519230769231 0.04326923076923077 0.040865384615384616
0 0.09975961538461539 0.19951923076923078 0.036057692307692304 0.038461538461538464
0 0.4543269230769231 0.49759615384615385 0.04326923076923077 0.055288461538461536
0 0.6310096153846154 0.3713942307692308 0.026442307692307692 0.04326923076923077
0 0.6213942307692307 0.3401442307692308 0.03365384615384615 0.03365384615384615
0 0.6514423076923077 0.7512019230769231 0.03365384615384615 0.04807692307692308
0 0.6754807692307693 0.7932692307692307 0.038461538461538464 0.038461538461538464
0 0.6971153846153846 0.8245192307692307 0.028846153846153848 0.04326923076923077
0 0.71875 0.8497596153846154 0.040865384615384616 0.040865384615384616
0 0.7391826923076923 0.8774038461538461 0.028846153846153848 0.04807692307692308
0 0.7644230769230769 0.859375 0.026442307692307692 0.04567307692307692
0 0.78125 0.8954326923076923 0.02403846153846154 0.05048076923076923
0 0.8173076923076923 0.9110576923076923 0.03365384615384615 0.036057692307692304
0 0.84375 0.9050480769230769 0.038461538461538464 0.038461538461538464
0 0.6778846153846154 0.6862980769230769 0.036057692307692304 0.036057692307692304
0 0.6778846153846154 0.7524038461538461 0.02403846153846154 0.04326923076923077
0 0.6983173076923077 0.7524038461538461 0.036057692307692304 0.038461538461538464
0 0.7247596153846154 0.7680288461538461 0.036057692307692304 0.038461538461538464
0 0.7295673076923077 0.8245192307692307 0.03365384615384615 0.036057692307692304
0 0.7512019230769231 0.8233173076923077 0.028846153846153848 0.04326923076923077
0 0.7487980769230769 0.765625 0.026442307692307692 0.04326923076923077
0 0.7908653846153846 0.8064903846153846 0.038461538461538464 0.040865384615384616
0 0.7680288461538461 0.8028846153846154 0.036057692307692304 0.038461538461538464
0 0.7584134615384616 0.7355769230769231 0.028846153846153848 0.04807692307692308
0 0.7283653846153846 0.7367788461538461 0.026442307692307692 0.03365384615384615
0 0.7223557692307693 0.6875 0.03365384615384615 0.03365384615384615
0 0.6887019230769231 0.7091346153846154 0.02403846153846154 0.04326923076923077
0 0.7463942307692307 0.6850961538461539 0.028846153846153848 0.04326923076923077
0 0.7283653846153846 0.6478365384615384 0.028846153846153848 0.028846153846153848
0 0.7043269230769231 0.6514423076923077 0.02403846153846154 0.04326923076923077
0 0.6838942307692307 0.65625 0.036057692307692304 0.03365384615384615
0 0.7980769230769231 0.7728365384615384 0.02403846153846154 0.04326923076923077
0 0.7824519230769231 0.6706730769230769 0.02403846153846154 0.04326923076923077
0 0.7752403846153846 0.6298076923076923 0.036057692307692304 0.03365384615384615
0 0.7331730769230769 0.6129807692307693 0.03365384615384615 0.03125
0 0.7884615384615384 0.578125 0.03125 0.04567307692307692
0 0.8125 0.5709134615384616 0.026442307692307692 0.04807692307692308
0 0.8064903846153846 0.47836538461538464 0.021634615384615384 0.038461538461538464
0 0.8377403846153846 0.46274038461538464 0.02403846153846154 0.038461538461538464
0 0.8088942307692307 0.40024038461538464 0.021634615384615384 0.021634615384615384
0 0.8233173076923077 0.43028846153846156 0.028846153846153848 0.03125
0 0.8725961538461539 0.44350961538461536 0.021634615384615384 0.03365384615384615
0 0.8641826923076923 0.5264423076923077 0.021634615384615384 0.038461538461538464
0 0.8317307692307693 0.609375 0.03125 0.03365384615384615
0 0.8088942307692307 0.6574519230769231 0.036057692307692304 0.038461538461538464
0 0.84375 0.6706730769230769 0.03365384615384615 0.04326923076923077
0 0.84375 0.7103365384615384 0.03125 0.03365384615384615
0 0.8269230769230769 0.8377403846153846 0.026442307692307692 0.04326923076923077
0 0.8389423076923077 0.8016826923076923 0.028846153846153848 0.04326923076923077
0 0.8389423076923077 0.7644230769230769 0.02403846153846154 0.04567307692307692
0 0.859375 0.7439903846153846 0.02403846153846154 0.04807692307692308
0 0.8545673076923077 0.5841346153846154 0.02403846153846154 0.040865384615384616
0 0.8209134615384616 0.5132211538461539 0.026442307692307692 0.03365384615384615
0 0.8930288461538461 0.49759615384615385 0.021634615384615384 0.038461538461538464
0 0.9002403846153846 0.4495192307692308 0.028846153846153848 0.028846153846153848
0 0.9254807692307693 0.44350961538461536 0.02403846153846154 0.036057692307692304
0 0.8978365384615384 0.7199519230769231 0.03365384615384615 0.036057692307692304
0 0.8762019230769231 0.7415865384615384 0.03365384615384615 0.03365384615384615
0 0.8798076923076923 0.8641826923076923 0.03125 0.03125
0 0.8990384615384616 0.7752403846153846 0.028846153846153848 0.04567307692307692
0 0.9254807692307693 0.7487980769230769 0.03125 0.03365384615384615
0 0.9206730769230769 0.7067307692307693 0.019230769230769232 0.04326923076923077
0 0.9146634615384616 0.6466346153846154 0.02403846153846154 0.038461538461538464
0 0.8701923076923077 0.6358173076923077 0.03365384615384615 0.028846153846153848
0 0.9459134615384616 0.6995192307692307 0.028846153846153848 0.028846153846153848
0 0.8557692307692307 0.8341346153846154 0.028846153846153848 0.03125
0 0.90625 0.8233173076923077 0.021634615384615384 0.040865384615384616
0 0.8882211538461539 0.8978365384615384 0.021634615384615384 0.03365384615384615
0 0.8930288461538461 0.5817307692307693 0.028846153846153848 0.038461538461538464
0 0.9471153846153846 0.8617788461538461 0.03125 0.03125
0 0.8413461538461539 0.8665865384615384 0.036057692307692304 0.038461538461538464
0 0.953125 0.7908653846153846 0.026442307692307692 0.04326923076923077
0 0.9735576923076923 0.8641826923076923 0.02403846153846154 0.03125
0 0.9819711538461539 0.8088942307692307 0.026442307692307692 0.026442307692307692
0 0.9867788461538461 0.7307692307692307 0.019230769230769232 0.028846153846153848
0 0.9819711538461539 0.7788461538461539 0.026442307692307692 0.028846153846153848
0 0.9855769230769231 0.8521634615384616 0.016826923076923076 0.026442307692307692
0 0.9026442307692307 0.8942307692307693 0.021634615384615384 0.04326923076923077
0 0.8990384615384616 0.8557692307692307 0.021634615384615384 0.038461538461538464
0 0.3954326923076923 0.2644230769230769 0.03365384615384615 0.04326923076923077
0 0.14543269230769232 0.12139423076923077 0.04326923076923077 0.040865384615384616
0 0.6478365384615384 0.42427884615384615 0.04807692307692308 0.04807692307692308
0 0.7067307692307693 0.6177884615384616 0.02403846153846154 0.038461538461538464
0 0.7848557692307693 0.4375 0.028846153846153848 0.03365384615384615
0 0.921875 0.4735576923076923 0.03365384615384615 0.028846153846153848
0 0.921875 0.5084134615384616 0.026442307692307692 0.03125
0 0.9254807692307693 0.6658653846153846 0.028846153846153848 0.028846153846153848
0 0.8677884615384616 0.5709134615384616 0.026442307692307692 0.038461538461538464
0 0.8641826923076923 0.4963942307692308 0.03125 0.03365384615384615
0 0.8786057692307693 0.6935096153846154 0.028846153846153848 0.03125
0 0.9783653846153846 0.7451923076923077 0.019230769230769232 0.028846153846153848