0 0.025240384615384616 0.7271634615384616 0.04326923076923077 0.08653846153846154
0 0.0829326923076923 0.7235576923076923 0.04567307692307692 0.06490384615384616
0 0.1201923076923077 0.6141826923076923 0.04326923076923077 0.057692307692307696
0 0.17908653846153846 0.5745192307692307 0.05048076923076923 0.06009615384615385
0 0.1622596153846154 0.6358173076923077 0.055288461538461536 0.04807692307692308
0 0.125 0.7944711538461539 0.04807692307692308 0.052884615384615384
0 0.06009615384615385 0.8100961538461539 0.05048076923076923 0.052884615384615384
0 0.18509615384615385 0.7427884615384616 0.04567307692307692 0.0625
0 0.1658653846153846 0.8569711538461539 0.04567307692307692 0.052884615384615384
0 0.23317307692307693 0.6634615384615384 0.04567307692307692 0.06490384615384616
0 0.27403846153846156 0.5564903846153846 0.040865384615384616 0.06971153846153846
0 0.31009615384615385 0.5817307692307693 0.040865384615384616 0.0673076923076923
0 0.3425480769230769 0.4651442307692308 0.04567307692307692 0.06009615384615385
0 0.34975961538461536 0.5564903846153846 0.038461538461538464 0.0625
0 0.3317307692307692 0.6225961538461539 0.040865384615384616 0.052884615384615384
0 0.3449519230769231 0.7223557692307693 0.038461538461538464 0.06490384615384616
0 0.2932692307692308 0.6814903846153846 0.040865384615384616 0.06009615384615385
0 0.296875 0.7367788461538461 0.05048076923076923 0.04567307692307692
0 0.29927884615384615 0.8149038461538461 0.04326923076923077 0.04807692307692308
0 0.2283653846153846 0.8485576923076923 0.040865384615384616 0.05048076923076923
0 0.2620192307692308 0.8353365384615384 0.040865384615384616 0.057692307692307696
0 0.2439903846153846 0.7548076923076923 0.04326923076923077 0.057692307692307696
0 0.09254807692307693 0.8425480769230769 0.04807692307692308 0.06009615384615385
0 0.4266826923076923 0.828125 0.04807692307692308 0.07211538461538461
0 0.3954326923076923 0.5288461538461539 0.04326923076923077 0.06490384615384616
0 0.43149038461538464 0.48677884615384615 0.055288461538461536 0.06009615384615385
0 0.5024038461538461 0.4963942307692308 0.04326923076923077 0.06009615384615385
0 0.5396634615384616 0.5060096153846154 0.040865384615384616 0.0673076923076923
0 0.5901442307692307 0.48197115384615385 0.036057692307692304 0.057692307692307696
0 0.3798076923076923 0.6057692307692307 0.04326923076923077 0.055288461538461536
0 0.43149038461538464 0.6622596153846154 0.040865384615384616 0.05048076923076923
0 0.4543269230769231 0.59375 0.038461538461538464 0.057692307692307696
0 0.49038461538461536 0.6382211538461539 0.04326923076923077 0.057692307692307696
0 0.44591346153846156 0.7331730769230769 0.038461538461538464 0.055288461538461536
0 0.5 0.7620192307692307 0.036057692307692304 0.06490384615384616
0 0.5336538461538461 0.6153846153846154 0.03365384615384615 0.06009615384615385
0 0.5733173076923077 0.65625 0.038461538461538464 0.0625
0 0.5865384615384616 0.5408653846153846 0.038461538461538464 0.06490384615384616
0 0.6514423076923077 0.5853365384615384 0.036057692307692304 0.07932692307692307
0 0.65625 0.49038461538461536 0.038461538461538464 0.0625
0 0.6033653846153846 0.6129807692307693 0.036057692307692304 0.04567307692307692
0 0.6983173076923077 0.6670673076923077 0.03365384615384615 0.057692307692307696
0 0.6466346153846154 0.6466346153846154 0.038461538461538464 0.06009615384615385
0 0.5564903846153846 0.8004807692307693 0.036057692307692304 0.05048076923076923
0 0.5276442307692307 0.7307692307692307 0.04807692307692308 0.057692307692307696
0 0.3557692307692308 0.7752403846153846 0.038461538461538464 0.0625
0 0.65625 0.7307692307692307 0.03125 0.05048076923076923
0 0.6538461538461539 0.31971153846153844 0.038461538461538464 0.055288461538461536
0 0.6838942307692307 0.28365384615384615 0.028846153846153848 0.040865384615384616
0 0.7103365384615384 0.2536057692307692 0.03125 0.04807692307692308
0 0.7379807692307693 0.22956730769230768 0.026442307692307692 0.04326923076923077
0 0.7620192307692307 0.21634615384615385 0.028846153846153848 0.05048076923076923
0 0.6778846153846154 0.4074519230769231 0.036057692307692304 0.057692307692307696
0 0.6838942307692307 0.3245192307692308 0.028846153846153848 0.05048076923076923
0 0.7367788461538461 0.3245192307692308 0.03125 0.0673076923076923
0 0.7632211538461539 0.3329326923076923 0.028846153846153848 0.055288461538461536
0 0.8137019230769231 0.30288461538461536 0.03125 0.04807692307692308
0 0.7307692307692307 0.41225961538461536 0.036057692307692304 0.05048076923076923
0 0.7211538461538461 0.7319711538461539 0.02403846153846154 0.04807692307692308
0 0.7211538461538461 0.6069711538461539 0.03125 0.04567307692307692
0 0.7067307692307693 0.5216346153846154 0.03365384615384615 0.05048076923076923
0 0.7872596153846154 0.49158653846153844 0.03125 0.040865384615384616
0 0.7920673076923077 0.5444711538461539 0.028846153846153848 0.04326923076923077
0 0.7560096153846154 0.7127403846153846 0.021634615384615384 0.038461538461538464
0 0.8112980769230769 0.203125 0.028846153846153848 0.055288461538461536
0 0.8269230769230769 0.4699519230769231 0.028846153846153848 0.04807692307692308
0 0.84375 0.5264423076923077 0.03125 0.04567307692307692
0 0.8088942307692307 0.6622596153846154 0.02403846153846154 0.038461538461538464
0 0.8413461538461539 0.6838942307692307 0.02403846153846154 0.04807692307692308
0 0.8834134615384616 0.21394230769230768 0.03365384615384615 0.055288461538461536
0 0.9158653846153846 0.2692307692307692 0.036057692307692304 0.05048076923076923
0 0.9182692307692307 0.18870192307692307 0.028846153846153848 0.04807692307692308
0 0.8677884615384616 0.32211538461538464 0.03365384615384615 0.04567307692307692
0 0.8581730769230769 0.2764423076923077 0.03365384615384615 0.04567307692307692
0 0.8533653846153846 0.20072115384615385 0.02403846153846154 0.05048076923076923
0 0.8665865384615384 0.421875 0.026442307692307692 0.04807692307692308
0 0.9362980769230769 0.37259615384615385 0.026442307692307692 0.04567307692307692
0 0.9567307692307693 0.4026442307692308 0.03125 0.04326923076923077
0 0.9819711538461539 0.4639423076923077 0.02403846153846154 0.040865384615384616
0 0.9423076923076923 0.515625 0.028846153846153848 0.04326923076923077
0 0.875 0.6237980769230769 0.028846153846153848 0.038461538461538464
0 0.8762019230769231 0.7127403846153846 0.026442307692307692 0.038461538461538464
0 0.9819711538461539 0.33052884615384615 0.021634615384615384 0.04326923076923077
0 0.8930288461538461 0.5120192307692307 0.02403846153846154 0.04326923076923077
0 0.7752403846153846 0.7884615384615384 0.038461538461538464 0.05048076923076923
0 0.8245192307692307 0.71875 0.03365384615384615 0.04807692307692308
0 0.7932692307692307 0.3737980769230769 0.03365384615384615 0.05048076923076923
0 0.8870192307692307 0.390625 0.03365384615384615 0.052884615384615384
0 0.796875 0.4483173076923077 0.026442307692307692 0.04567307692307692
0 0.9110576923076923 0.5793269230769231 0.03125 0.04567307692307692
0 0.9074519230769231 0.6887019230769231 0.02403846153846154 0.040865384615384616
0 0.9411057692307693 0.6634615384615384 0.02403846153846154 0.038461538461538464
0 0.2644230769230769 0.6442307692307693 0.040865384615384616 0.06490384615384616