0 0.015625 0.43990384615384615 0.03125 0.14903846153846154
0 0.02283653846153846 0.38100961538461536 0.04567307692307692 0.06490384615384616
0 0.016826923076923076 0.28365384615384615 0.03365384615384615 0.125
0 0.02283653846153846 0.22235576923076922 0.04567307692307692 0.07451923076923077
0 0.01201923076923077 0.16346153846153846 0.02403846153846154 0.10096153846153846
0 0.016826923076923076 0.14423076923076922 0.03365384615384615 0.08653846153846154
0 0.014423076923076924 0.2668269230769231 0.028846153846153848 0.10576923076923077
0 0.025240384615384616 0.2776442307692308 0.05048076923076923 0.07932692307692307
0 0.008413461538461538 0.030048076923076924 0.016826923076923076 0.04567307692307692
0 0.009615384615384616 0.054086538461538464 0.019230769230769232 0.09375
0 0.016826923076923076 0.040865384615384616 0.03365384615384615 0.0673076923076923
0 0.028846153846153848 0.17908653846153846 0.057692307692307696 0.08413461538461539
0 0.02283653846153846 0.1045673076923077 0.04567307692307692 0.0985576923076923
0 0.027644230769230768 0.4411057692307692 0.055288461538461536 0.07451923076923077
0 0.015625 0.052884615384615384 0.03125 0.09134615384615384
0 0.028846153846153848 0.5504807692307693 0.057692307692307696 0.08413461538461539
0 0.019230769230769232 0.375 0.038461538461538464 0.13942307692307693
0 0.018028846153846152 0.18870192307692307 0.036057692307692304 0.06009615384615385
0 0.08173076923076923 0.36177884615384615 0.10336538461538461 0.10576923076923077
0 0.07692307692307693 0.19230769230769232 0.08413461538461539 0.11298076923076923
0 0.13701923076923078 0.42908653846153844 0.07211538461538461 0.08413461538461539
0 0.14783653846153846 0.6045673076923077 0.08653846153846154 0.08413461538461539
0 0.27524038461538464 0.8425480769230769 0.0889423076923077 0.0889423076923077
0 0.30288461538461536 0.6466346153846154 0.09134615384615384 0.09134615384615384
0 0.2283653846153846 0.5889423076923077 0.07932692307692307 0.08413461538461539
0 0.20072115384615385 0.37740384615384615 0.07211538461538461 0.10096153846153846
0 0.19831730769230768 0.27403846153846156 0.0985576923076923 0.0985576923076923
0 0.28966346153846156 0.3076923076923077 0.07692307692307693 0.11538461538461539
0 0.3557692307692308 0.5661057692307693 0.07932692307692307 0.08173076923076923
0 0.09615384615384616 0.046875 0.057692307692307696 0.07932692307692307
0 0.18990384615384615 0.09495192307692307 0.06009615384615385 0.13221153846153846
0 0.3125 0.203125 0.08653846153846154 0.09375
0 0.46875 0.13822115384615385 0.06490384615384616 0.13701923076923078
0 0.01201923076923077 0.0829326923076923 0.02403846153846154 0.0985576923076923
0 0.39783653846153844 0.7536057692307693 0.09615384615384616 0.0985576923076923
0 0.46274038461538464 0.84375 0.10817307692307693 0.10576923076923077
0 0.47115384615384615 0.47716346153846156 0.10817307692307693 0.10576923076923077
0 0.5048076923076923 0.29447115384615385 0.07451923076923077 0.15384615384615385
0 0.5060096153846154 0.6201923076923077 0.07932692307692307 0.10817307692307693
0 0.4891826923076923 0.7307692307692307 0.0889423076923077 0.0889423076923077
0 0.5264423076923077 0.8822115384615384 0.08413461538461539 0.08413461538461539
0 0.6021634615384616 0.8449519230769231 0.0889423076923077 0.09134615384615384
0 0.5889423076923077 0.7151442307692307 0.11778846153846154 0.11778846153846154
0 0.5865384615384616 0.5552884615384616 0.0985576923076923 0.10096153846153846
0 0.03485576923076923 0.020432692307692308 0.0625 0.02403846153846154
0 0.6826923076923077 0.84375 0.08653846153846154 0.09615384615384616
0 0.7668269230769231 0.90625 0.09375 0.0985576923076923
0 0.7668269230769231 0.7992788461538461 0.08413461538461539 0.08653846153846154
0 0.6838942307692307 0.7331730769230769 0.07932692307692307 0.07692307692307693
0 0.6574519230769231 0.6262019230769231 0.06009615384615385 0.11778846153846154
0 0.6766826923076923 0.4855769230769231 0.08653846153846154 0.08653846153846154
0 0.5949519230769231 0.30288461538461536 0.055288461538461536 0.10817307692307693
0 0.7512019230769231 0.5432692307692307 0.06009615384615385 0.11538461538461539
0 0.7896634615384616 0.6814903846153846 0.09615384615384616 0.09615384615384616
0 0.8786057692307693 0.7391826923076923 0.0625 0.14423076923076922
0 0.8942307692307693 0.9302884615384616 0.0625 0.125
0 0.8076923076923077 0.5504807692307693 0.06490384615384616 0.11778846153846154
0 0.6959134615384616 0.2512019230769231 0.0889423076923077 0.0889423076923077
0 0.6526442307692307 0.37740384615384615 0.08653846153846154 0.08413461538461539
0 0.9639423076923077 0.5877403846153846 0.06490384615384616 0.09375
0 0.9747596153846154 0.46153846153846156 0.04567307692307692 0.10576923076923077
0 0.8665865384615384 0.609375 0.07451923076923077 0.08413461538461539
0 0.8112980769230769 0.9699519230769231 0.055288461538461536 0.04807692307692308
0 0.8786057692307693 0.96875 0.05048076923076923 0.04807692307692308
0 0.9278846153846154 0.9735576923076923 0.04807692307692308 0.038461538461538464
0 0.96875 0.9711538461538461 0.05048076923076923 0.038461538461538464
0 0.875 0.9699519230769231 0.052884615384615384 0.04807692307692308
0 0.9735576923076923 0.9639423076923077 0.040865384615384616 0.052884615384615384
0 0.9795673076923077 0.9699519230769231 0.028846153846153848 0.040865384615384616
0 0.8846153846153846 0.9735576923076923 0.04326923076923077 0.038461538461538464
0 0.9411057692307693 0.8629807692307693 0.06490384615384616 0.08173076923076923