0 0.78125 0.36538461538461536 0.04326923076923077 0.052884615384615384
0 0.828125 0.3112980769230769 0.036057692307692304 0.04567307692307692
0 0.6947115384615384 0.41346153846153844 0.04326923076923077 0.038461538461538464
0 0.7055288461538461 0.33774038461538464 0.021634615384615384 0.06009615384615385
0 0.7536057692307693 0.38341346153846156 0.04567307692307692 0.04567307692307692
0 0.7355769230769231 0.29927884615384615 0.028846153846153848 0.06009615384615385
0 0.78125 0.2848557692307692 0.028846153846153848 0.057692307692307696
0 0.8221153846153846 0.2644230769230769 0.03365384615384615 0.03365384615384615
0 0.8617788461538461 0.2091346153846154 0.040865384615384616 0.04326923076923077
0 0.9086538461538461 0.18028846153846154 0.04326923076923077 0.04326923076923077
0 0.8858173076923077 0.1346153846153846 0.038461538461538464 0.03365384615384615
0 0.8185096153846154 0.15504807692307693 0.055288461538461536 0.055288461538461536
0 0.7788461538461539 0.2283653846153846 0.04807692307692308 0.04326923076923077
0 0.7307692307692307 0.20793269230769232 0.052884615384615384 0.05048076923076923
0 0.75 0.25841346153846156 0.04326923076923077 0.040865384615384616
0 0.7139423076923077 0.2848557692307692 0.03365384615384615 0.03125
0 0.6838942307692307 0.296875 0.03365384615384615 0.06490384615384616
0 0.6814903846153846 0.24639423076923078 0.040865384615384616 0.06009615384615385
0 0.6730769230769231 0.17548076923076922 0.02403846153846154 0.0673076923076923
0 0.7163461538461539 0.15264423076923078 0.04807692307692308 0.03125
0 0.7620192307692307 0.1310096153846154 0.02403846153846154 0.03125
0 0.7992788461538461 0.09254807692307693 0.057692307692307696 0.055288461538461536
0 0.8581730769230769 0.109375 0.07211538461538461 0.036057692307692304
0 0.9194711538461539 0.10817307692307693 0.040865384615384616 0.04326923076923077
0 0.6418269230769231 0.4987980769230769 0.052884615384615384 0.055288461538461536
0 0.6610576923076923 0.38221153846153844 0.02403846153846154 0.0673076923076923
0 0.6382211538461539 0.41586538461538464 0.04567307692307692 0.04807692307692308
0 0.6105769230769231 0.3641826923076923 0.028846153846153848 0.026442307692307692
0 0.6478365384615384 0.32211538461538464 0.03125 0.03365384615384615
0 0.6334134615384616 0.2620192307692308 0.040865384615384616 0.04326923076923077
0 0.609375 0.29927884615384615 0.019230769230769232 0.028846153846153848
0 0.5552884615384616 0.19471153846153846 0.04326923076923077 0.04326923076923077
0 0.6298076923076923 0.21995192307692307 0.028846153846153848 0.026442307692307692
0 0.6334134615384616 0.17668269230769232 0.03125 0.03125
0 0.5625 0.3485576923076923 0.04807692307692308 0.04807692307692308
0 0.5985576923076923 0.4567307692307692 0.04326923076923077 0.04326923076923077
0 0.5673076923076923 0.49399038461538464 0.03365384615384615 0.028846153846153848
0 0.5372596153846154 0.5204326923076923 0.036057692307692304 0.038461538461538464
0 0.5060096153846154 0.49759615384615385 0.026442307692307692 0.052884615384615384
0 0.46875 0.5144230769230769 0.04807692307692308 0.04807692307692308
0 0.43028846153846156 0.5252403846153846 0.028846153846153848 0.057692307692307696
0 0.5072115384615384 0.43990384615384615 0.03365384615384615 0.03365384615384615
0 0.5625 0.4483173076923077 0.038461538461538464 0.055288461538461536
0 0.5444711538461539 0.4050480769230769 0.026442307692307692 0.036057692307692304
0 0.5144230769230769 0.3786057692307692 0.04326923076923077 0.040865384615384616
0 0.47475961538461536 0.3870192307692308 0.03125 0.03365384615384615
0 0.46875 0.4362980769230769 0.014423076923076924 0.040865384615384616
0 0.4411057692307692 0.453125 0.03125 0.03125
0 0.38341346153846156 0.43509615384615385 0.040865384615384616 0.038461538461538464
0 0.41346153846153844 0.4074519230769231 0.04326923076923077 0.040865384615384616
0 0.43990384615384615 0.3701923076923077 0.028846153846153848 0.03365384615384615
0 0.4567307692307692 0.3389423076923077 0.038461538461538464 0.038461538461538464
0 0.48677884615384615 0.35697115384615385 0.026442307692307692 0.02403846153846154
0 0.5252403846153846 0.3233173076923077 0.019230769230769232 0.036057692307692304
0 0.4735576923076923 0.27884615384615385 0.014423076923076924 0.04807692307692308
0 0.5 0.2644230769230769 0.028846153846153848 0.028846153846153848
0 0.5 0.328125 0.028846153846153848 0.026442307692307692
0 0.5564903846153846 0.2800480769230769 0.04807692307692308 0.040865384615384616
0 0.5348557692307693 0.24759615384615385 0.036057692307692304 0.03365384615384615
0 0.40024038461538464 0.3473557692307692 0.036057692307692304 0.06490384615384616
0 0.36658653846153844 0.3713942307692308 0.03365384615384615 0.021634615384615384
0 0.3329326923076923 0.3894230769230769 0.04567307692307692 0.04326923076923077
0 0.3401442307692308 0.45552884615384615 0.036057692307692304 0.03365384615384615
0 0.3317307692307692 0.5348557692307693 0.019230769230769232 0.026442307692307692
0 0.328125 0.6141826923076923 0.016826923076923076 0.04567307692307692
0 0.34375 0.6790865384615384 0.02403846153846154 0.02403846153846154
0 0.3870192307692308 0.7151442307692307 0.028846153846153848 0.026442307692307692
0 0.35216346153846156 0.7620192307692307 0.026442307692307692 0.04807692307692308
0 0.3245192307692308 0.765625 0.014423076923076924 0.03125
0 0.31009615384615385 0.7956730769230769 0.028846153846153848 0.028846153846153848
0 0.28125 0.7740384615384616 0.019230769230769232 0.038461538461538464
0 0.2644230769230769 0.8076923076923077 0.02403846153846154 0.02403846153846154
0 0.24519230769230768 0.8100961538461539 0.028846153846153848 0.028846153846153848
0 0.22115384615384615 0.8377403846153846 0.019230769230769232 0.016826923076923076
0 0.18990384615384615 0.828125 0.02403846153846154 0.026442307692307692
0 0.17067307692307693 0.8293269230769231 0.014423076923076924 0.028846153846153848
0 0.16105769230769232 0.7764423076923077 0.02403846153846154 0.019230769230769232
0 0.15384615384615385 0.7980769230769231 0.019230769230769232 0.019230769230769232
0 0.17668269230769232 0.7704326923076923 0.021634615384615384 0.04567307692307692
0 0.19591346153846154 0.7740384615384616 0.016826923076923076 0.019230769230769232
0 0.19951923076923078 0.7271634615384616 0.02403846153846154 0.026442307692307692
0 0.22355769230769232 0.75 0.02403846153846154 0.02403846153846154
0 0.27283653846153844 0.7692307692307693 0.019230769230769232 0.019230769230769232
0 0.25 0.7548076923076923 0.02403846153846154 0.028846153846153848
0 0.26802884615384615 0.7151442307692307 0.03125 0.04567307692307692
0 0.3004807692307692 0.7367788461538461 0.014423076923076924 0.028846153846153848
0 0.15264423076923078 0.4579326923076923 0.016826923076923076 0.036057692307692304
0 0.15144230769230768 0.5204326923076923 0.019230769230769232 0.03125
0 0.17067307692307693 0.5060096153846154 0.028846153846153848 0.03125
0 0.1875 0.5576923076923077 0.014423076923076924 0.019230769230769232
0 0.21634615384615385 0.578125 0.02403846153846154 0.021634615384615384
0 0.21153846153846154 0.6334134615384616 0.014423076923076924 0.016826923076923076
0 0.21514423076923078 0.6911057692307693 0.021634615384615384 0.021634615384615384
0 0.24519230769230768 0.6814903846153846 0.009615384615384616 0.04567307692307692
0 0.25961538461538464 0.6706730769230769 0.019230769230769232 0.019230769230769232
0 0.28966346153846156 0.6514423076923077 0.016826923076923076 0.03365384615384615
0 0.30649038461538464 0.6802884615384616 0.021634615384615384 0.02403846153846154
0 0.3269230769230769 0.6935096153846154 0.014423076923076924 0.036057692307692304
0 0.3737980769230769 0.6730769230769231 0.021634615384615384 0.019230769230769232
0 0.39903846153846156 0.671875 0.028846153846153848 0.026442307692307692
0 0.421875 0.6646634615384616 0.02403846153846154 0.026442307692307692
0 0.38341346153846156 0.5973557692307693 0.04326923076923077 0.040865384615384616
0 0.34975961538461536 0.5372596153846154 0.026442307692307692 0.06009615384615385
0 0.38221153846153844 0.5204326923076923 0.03365384615384615 0.036057692307692304
0 0.4026442307692308 0.5024038461538461 0.026442307692307692 0.02403846153846154
0 0.19831730769230768 0.4579326923076923 0.028846153846153848 0.026442307692307692
0 0.12139423076923077 0.7271634615384616 0.016826923076923076 0.03365384615384615
0 0.11177884615384616 0.7596153846153846 0.016826923076923076 0.019230769230769232
0 0.10817307692307693 0.6935096153846154 0.014423076923076924 0.038461538461538464
0 0.13942307692307693 0.7055288461538461 0.02403846153846154 0.021634615384615384
0 0.15865384615384615 0.734375 0.019230769230769232 0.036057692307692304
0 0.17307692307692307 0.7163461538461539 0.02403846153846154 0.02403846153846154
0 0.1622596153846154 0.671875 0.016826923076923076 0.028846153846153848
0 0.13822115384615385 0.6538461538461539 0.019230769230769232 0.03365384615384615
0 0.140625 0.6153846153846154 0.01201923076923077 0.038461538461538464
0 0.11778846153846154 0.6033653846153846 0.02403846153846154 0.02403846153846154
0 0.11298076923076923 0.5841346153846154 0.019230769230769232 0.019230769230769232
0 0.13341346153846154 0.5733173076923077 0.01201923076923077 0.03125
0 0.14423076923076922 0.5528846153846154 0.019230769230769232 0.019230769230769232
0 0.14543269230769232 0.59375 0.016826923076923076 0.019230769230769232
0 0.16346153846153846 0.625 0.019230769230769232 0.019230769230769232
0 0.1814903846153846 0.6502403846153846 0.016826923076923076 0.026442307692307692
0 0.203125 0.6646634615384616 0.016826923076923076 0.038461538461538464
0 0.21875 0.6730769230769231 0.028846153846153848 0.028846153846153848
0 0.20072115384615385 0.7019230769230769 0.026442307692307692 0.028846153846153848
0 0.19471153846153846 0.6177884615384616 0.02403846153846154 0.02403846153846154
0 0.1814903846153846 0.5985576923076923 0.026442307692307692 0.02403846153846154
0 0.16947115384615385 0.5865384615384616 0.01201923076923077 0.028846153846153848
0 0.1971153846153846 0.5877403846153846 0.02403846153846154 0.026442307692307692
0 0.21754807692307693 0.6189903846153846 0.019230769230769232 0.019230769230769232
0 0.24519230769230768 0.5721153846153846 0.028846153846153848 0.04326923076923077
0 0.23197115384615385 0.5336538461538461 0.019230769230769232 0.038461538461538464
0 0.20793269230769232 0.4963942307692308 0.026442307692307692 0.036057692307692304
0 0.20432692307692307 0.5336538461538461 0.019230769230769232 0.019230769230769232
0 0.21153846153846154 0.5576923076923077 0.019230769230769232 0.019230769230769232
0 0.18269230769230768 0.5264423076923077 0.014423076923076924 0.014423076923076924
0 0.17307692307692307 0.41346153846153844 0.019230769230769232 0.04807692307692308
0 0.19591346153846154 0.4206730769230769 0.016826923076923076 0.028846153846153848
0 0.19230769230769232 0.359375 0.019230769230769232 0.040865384615384616
0 0.16466346153846154 0.35697115384615385 0.026442307692307692 0.02403846153846154
0 0.13942307692307693 0.36177884615384615 0.019230769230769232 0.016826923076923076
0 0.1466346153846154 0.40024038461538464 0.014423076923076924 0.021634615384615384
0 0.14302884615384615 0.42908653846153844 0.01201923076923077 0.021634615384615384
0 0.140625 0.4543269230769231 0.019230769230769232 0.019230769230769232
0 0.14182692307692307 0.4855769230769231 0.014423076923076924 0.019230769230769232
0 0.22956730769230768 0.4951923076923077 0.01201923076923077 0.009615384615384616
0 0.25 0.4963942307692308 0.019230769230769232 0.021634615384615384
0 0.23918269230769232 0.4639423076923077 0.01201923076923077 0.02403846153846154
0 0.25600961538461536 0.4495192307692308 0.016826923076923076 0.02403846153846154
0 0.23918269230769232 0.42427884615384615 0.021634615384615384 0.019230769230769232
0 0.25600961538461536 0.39663461538461536 0.016826923076923076 0.019230769230769232
0 0.22956730769230768 0.3870192307692308 0.026442307692307692 0.02403846153846154
0 0.23798076923076922 0.35096153846153844 0.019230769230769232 0.02403846153846154
0 0.21394230769230768 0.35216346153846156 0.019230769230769232 0.028846153846153848
0 0.25961538461538464 0.3605769230769231 0.014423076923076924 0.019230769230769232
0 0.27283653846153844 0.4110576923076923 0.016826923076923076 0.019230769230769232
0 0.27524038461538464 0.36177884615384615 0.007211538461538462 0.03125
0 0.27884615384615385 0.33774038461538464 0.014423076923076924 0.016826923076923076
0 0.2920673076923077 0.34375 0.009615384615384616 0.019230769230769232
0 0.29447115384615385 0.3798076923076923 0.016826923076923076 0.019230769230769232
0 0.3125 0.39663461538461536 0.014423076923076924 0.014423076923076924
0 0.32211538461538464 0.3233173076923077 0.019230769230769232 0.016826923076923076
0 0.30649038461538464 0.31490384615384615 0.01201923076923077 0.02403846153846154
0 0.2920673076923077 0.2920673076923077 0.01201923076923077 0.040865384615384616
0 0.27884615384615385 0.28725961538461536 0.019230769230769232 0.021634615384615384
0 0.2848557692307692 0.5576923076923077 0.01201923076923077 0.04326923076923077
0 0.2692307692307692 0.5817307692307693 0.019230769230769232 0.028846153846153848
0 0.2764423076923077 0.6382211538461539 0.028846153846153848 0.03125
0 0.3076923076923077 0.5985576923076923 0.019230769230769232 0.02403846153846154
0 0.3088942307692308 0.5528846153846154 0.026442307692307692 0.028846153846153848
0 0.3245192307692308 0.5637019230769231 0.004807692307692308 0.019230769230769232
0 0.3485576923076923 0.5805288461538461 0.009615384615384616 0.021634615384615384
0 0.3605769230769231 0.6322115384615384 0.028846153846153848 0.03365384615384615
0 0.12980769230769232 0.42788461538461536 0.019230769230769232 0.019230769230769232
0 0.9026442307692307 0.08413461538461539 0.021634615384615384 0.038461538461538464
0 0.8774038461538461 0.07451923076923077 0.02403846153846154 0.02403846153846154
0 0.5985576923076923 0.21514423076923078 0.02403846153846154 0.040865384615384616
0 0.6177884615384616 0.16706730769230768 0.014423076923076924 0.026442307692307692
0 0.6009615384615384 0.171875 0.02403846153846154 0.026442307692307692
0 0.44711538461538464 0.23557692307692307 0.03365384615384615 0.038461538461538464
0 0.44591346153846156 0.18629807692307693 0.021634615384615384 0.03125
0 0.40625 0.2127403846153846 0.028846153846153848 0.026442307692307692
0 0.4567307692307692 0.29086538461538464 0.014423076923076924 0.028846153846153848
0 0.4050480769230769 0.28966346153846156 0.03125 0.03125
0 0.3737980769230769 0.3112980769230769 0.021634615384615384 0.036057692307692304
0 0.33774038461538464 0.265625 0.01201923076923077 0.026442307692307692
0 0.34134615384615385 0.30528846153846156 0.02403846153846154 0.019230769230769232
0 0.3557692307692308 0.3545673076923077 0.028846153846153848 0.040865384615384616
0 0.27163461538461536 0.5012019230769231 0.028846153846153848 0.026442307692307692
0 0.2764423076923077 0.4639423076923077 0.028846153846153848 0.028846153846153848
0 0.06129807692307692 0.640625 0.021634615384615384 0.040865384615384616