0 0.1971153846153846 0.7043269230769231 0.028846153846153848 0.05048076923076923
0 0.026442307692307692 0.7536057692307693 0.026442307692307692 0.036057692307692304
0 0.10697115384615384 0.8930288461538461 0.03365384615384615 0.04807692307692308
0 0.16947115384615385 0.9146634615384616 0.036057692307692304 0.04807692307692308
0 0.2283653846153846 0.921875 0.028846153846153848 0.0673076923076923
0 0.40024038461538464 0.8257211538461539 0.026442307692307692 0.03365384615384615
0 0.5264423076923077 0.7944711538461539 0.03365384615384615 0.04567307692307692
0 0.5901442307692307 0.6995192307692307 0.028846153846153848 0.07451923076923077
0 0.25 0.6538461538461539 0.03365384615384615 0.057692307692307696
0 0.23677884615384615 0.7175480769230769 0.036057692307692304 0.05048076923076923
0 0.2091346153846154 0.7487980769230769 0.03125 0.04807692307692308
0 0.38341346153846156 0.546875 0.026442307692307692 0.04807692307692308
0 0.43509615384615385 0.59375 0.03125 0.04807692307692308
0 0.4639423076923077 0.5516826923076923 0.026442307692307692 0.05048076923076923
0 0.4951923076923077 0.5420673076923077 0.02403846153846154 0.040865384615384616
0 0.5288461538461539 0.5625 0.028846153846153848 0.055288461538461536
0 0.5649038461538461 0.5612980769230769 0.028846153846153848 0.04567307692307692
0 0.3954326923076923 0.6346153846153846 0.028846153846153848 0.04326923076923077
0 0.3269230769230769 0.6418269230769231 0.03365384615384615 0.038461538461538464
0 0.3581730769230769 0.6502403846153846 0.028846153846153848 0.04807692307692308
0 0.3173076923076923 0.7127403846153846 0.03365384615384615 0.04326923076923077
0 0.2932692307692308 0.7367788461538461 0.038461538461538464 0.038461538461538464
0 0.2776442307692308 0.7716346153846154 0.038461538461538464 0.036057692307692304
0 0.15985576923076922 0.8028846153846154 0.040865384615384616 0.038461538461538464
0 0.19831730769230768 0.8617788461538461 0.03365384615384615 0.04567307692307692
0 0.24879807692307693 0.8137019230769231 0.021634615384615384 0.038461538461538464
0 0.2956730769230769 0.8161057692307693 0.026442307692307692 0.04326923076923077
0 0.3485576923076923 0.7908653846153846 0.026442307692307692 0.038461538461538464
0 0.34375 0.7379807692307693 0.02403846153846154 0.040865384615384616
0 0.375 0.6959134615384616 0.026442307692307692 0.03365384615384615
0 0.3870192307692308 0.7800480769230769 0.028846153846153848 0.040865384615384616
0 0.4182692307692308 0.6622596153846154 0.028846153846153848 0.04807692307692308
0 0.4639423076923077 0.8605769230769231 0.03125 0.04326923076923077
0 0.4807692307692308 0.7776442307692307 0.028846153846153848 0.038461538461538464
0 0.46634615384615385 0.7163461538461539 0.028846153846153848 0.038461538461538464