0 0.41466346153846156 0.5552884615384616 0.07451923076923077 0.11057692307692307
0 0.08052884615384616 0.7572115384615384 0.08173076923076923 0.12259615384615384
0 0.640625 0.5240384615384616 0.057692307692307696 0.057692307692307696
0 0.018028846153846152 0.84375 0.03365384615384615 0.04567307692307692
0 0.021634615384615384 0.9747596153846154 0.038461538461538464 0.04807692307692308
0 0.07211538461538461 0.984375 0.055288461538461536 0.03125
0 0.15625 0.9783653846153846 0.04567307692307692 0.04326923076923077
0 0.1502403846153846 0.8810096153846154 0.038461538461538464 0.0673076923076923
0 0.19110576923076922 0.8377403846153846 0.057692307692307696 0.06009615384615385
0 0.23317307692307693 0.8834134615384616 0.05048076923076923 0.07451923076923077
0 0.2860576923076923 0.8004807692307693 0.057692307692307696 0.06009615384615385
0 0.3112980769230769 0.6983173076923077 0.07211538461538461 0.07451923076923077
0 0.28846153846153844 0.5576923076923077 0.052884615384615384 0.06490384615384616
0 0.21153846153846154 0.7211538461538461 0.04567307692307692 0.08173076923076923
0 0.32211538461538464 0.9795673076923077 0.04567307692307692 0.040865384615384616
0 0.43028846153846156 0.8185096153846154 0.055288461538461536 0.08653846153846154
0 0.5084134615384616 0.7728365384615384 0.06490384615384616 0.06009615384615385
0 0.4543269230769231 0.7127403846153846 0.052884615384615384 0.0673076923076923
0 0.5084134615384616 0.65625 0.0625 0.057692307692307696
0 0.5817307692307693 0.640625 0.055288461538461536 0.052884615384615384
0 0.578125 0.5733173076923077 0.06009615384615385 0.057692307692307696
0 0.5192307692307693 0.5733173076923077 0.04567307692307692 0.06971153846153846
0 0.7271634615384616 0.6610576923076923 0.0625 0.06490384615384616
0 0.6622596153846154 0.7043269230769231 0.04807692307692308 0.04807692307692308
0 0.5588942307692307 0.7235576923076923 0.06971153846153846 0.06971153846153846
0 0.013221153846153846 0.9242788461538461 0.02403846153846154 0.08653846153846154
0 0.6262019230769231 0.7740384615384616 0.04567307692307692 0.08653846153846154
0 0.3112980769230769 0.9314903846153846 0.057692307692307696 0.057692307692307696
0 0.24278846153846154 0.9639423076923077 0.055288461538461536 0.07211538461538461
0 0.5829326923076923 0.8149038461538461 0.052884615384615384 0.055288461538461536
0 0.6754807692307693 0.7860576923076923 0.05048076923076923 0.08173076923076923
0 0.7884615384615384 0.7572115384615384 0.052884615384615384 0.052884615384615384
0 0.7259615384615384 0.515625 0.038461538461538464 0.0625
0 0.4495192307692308 0.9206730769230769 0.04326923076923077 0.0673076923076923
0 0.5276442307692307 0.9423076923076923 0.0673076923076923 0.0673076923076923
0 0.5649038461538461 0.8918269230769231 0.04567307692307692 0.07692307692307693
0 0.6057692307692307 0.9771634615384616 0.04326923076923077 0.040865384615384616
0 0.7319711538461539 0.3786057692307692 0.04326923076923077 0.07692307692307693
0 0.6983173076923077 0.27524038461538464 0.055288461538461536 0.057692307692307696
0 0.7391826923076923 0.20793269230769232 0.057692307692307696 0.06009615384615385
0 0.8100961538461539 0.125 0.04326923076923077 0.040865384615384616
0 0.7800480769230769 0.1658653846153846 0.040865384615384616 0.04326923076923077
0 0.8401442307692307 0.09495192307692307 0.038461538461538464 0.038461538461538464
0 0.7704326923076923 0.265625 0.03125 0.06490384615384616
0 0.8173076923076923 0.24278846153846154 0.04567307692307692 0.04567307692307692
0 0.8545673076923077 0.1658653846153846 0.040865384615384616 0.055288461538461536
0 0.8930288461538461 0.1141826923076923 0.04326923076923077 0.04326923076923077
0 0.9326923076923077 0.057692307692307696 0.04326923076923077 0.04326923076923077
0 0.9867788461538461 0.3545673076923077 0.016826923076923076 0.052884615384615384
0 0.9170673076923077 0.20192307692307693 0.052884615384615384 0.052884615384615384
0 0.9699519230769231 0.15384615384615385 0.04567307692307692 0.04567307692307692
0 0.8052884615384616 0.3762019230769231 0.03365384615384615 0.05048076923076923
0 0.8653846153846154 0.3004807692307692 0.057692307692307696 0.055288461538461536
0 0.9110576923076923 0.5793269230769231 0.057692307692307696 0.057692307692307696
0 0.8954326923076923 0.4675480769230769 0.04567307692307692 0.04567307692307692
0 0.984375 0.4182692307692308 0.02403846153846154 0.055288461538461536
0 0.8725961538461539 0.8918269230769231 0.028846153846153848 0.04567307692307692
0 0.8197115384615384 0.8509615384615384 0.04326923076923077 0.07932692307692307
0 0.7199519230769231 0.7451923076923077 0.06490384615384616 0.06490384615384616
0 0.734375 0.8497596153846154 0.040865384615384616 0.08173076923076923