0 0.4579326923076923 0.4230769230769231 0.036057692307692304 0.0673076923076923
0 0.15384615384615385 0.4567307692307692 0.03365384615384615 0.052884615384615384
0 0.7283653846153846 0.28365384615384615 0.040865384615384616 0.052884615384615384
0 0.8257211538461539 0.11899038461538461 0.04807692307692308 0.06490384615384616
0 0.8918269230769231 0.09975961538461539 0.04326923076923077 0.07211538461538461
0 0.984375 0.17908653846153846 0.03125 0.055288461538461536
0 0.7247596153846154 0.10697115384615384 0.052884615384615384 0.055288461538461536
0 0.7800480769230769 0.051682692307692304 0.05048076923076923 0.05048076923076923
0 0.8581730769230769 0.020432692307692308 0.038461538461538464 0.036057692307692304
0 0.6370192307692307 0.30528846153846156 0.04567307692307692 0.04807692307692308
0 0.6478365384615384 0.22716346153846154 0.04326923076923077 0.0625
0 0.5649038461538461 0.3173076923076923 0.03365384615384615 0.057692307692307696
0 0.5252403846153846 0.3605769230769231 0.038461538461538464 0.057692307692307696
0 0.49158653846153844 0.4050480769230769 0.040865384615384616 0.040865384615384616
0 0.4170673076923077 0.40384615384615385 0.055288461538461536 0.052884615384615384
0 0.4254807692307692 0.3317307692307692 0.03365384615384615 0.04807692307692308
0 0.46634615384615385 0.3016826923076923 0.036057692307692304 0.05048076923076923
0 0.27524038461538464 0.3245192307692308 0.038461538461538464 0.052884615384615384
0 0.32091346153846156 0.30528846153846156 0.04807692307692308 0.04807692307692308
0 0.34375 0.25841346153846156 0.05048076923076923 0.05048076923076923
0 0.3737980769230769 0.21634615384615385 0.038461538461538464 0.04807692307692308
0 0.4387019230769231 0.21394230769230768 0.038461538461538464 0.04807692307692308
0 0.46634615384615385 0.15865384615384615 0.040865384615384616 0.04807692307692308
0 0.4795673076923077 0.06009615384615385 0.040865384615384616 0.04326923076923077
0 0.671875 0.11177884615384616 0.04807692307692308 0.04807692307692308
0 0.7367788461538461 0.2127403846153846 0.04326923076923077 0.057692307692307696
0 0.7848557692307693 0.234375 0.04807692307692308 0.04567307692307692
0 0.6225961538461539 0.19110576923076922 0.040865384615384616 0.040865384615384616
0 0.6153846153846154 0.13701923076923078 0.036057692307692304 0.04326923076923077
0 0.5709134615384616 0.15384615384615385 0.038461538461538464 0.057692307692307696
0 0.5432692307692307 0.19230769230769232 0.026442307692307692 0.0673076923076923
0 0.4807692307692308 0.23197115384615385 0.03125 0.04567307692307692
0 0.46153846153846156 0.30649038461538464 0.026442307692307692 0.06490384615384616
0 0.5769230769230769 0.41947115384615385 0.052884615384615384 0.05048076923076923
0 0.2764423076923077 0.42908653846153844 0.028846153846153848 0.05048076923076923
0 0.22716346153846154 0.25961538461538464 0.02403846153846154 0.04807692307692308
0 0.27524038461538464 0.2692307692307692 0.02403846153846154 0.04807692307692308
0 0.30649038461538464 0.24158653846153846 0.028846153846153848 0.04567307692307692
0 0.25 0.2247596153846154 0.026442307692307692 0.026442307692307692
0 0.2283653846153846 0.1622596153846154 0.036057692307692304 0.036057692307692304
0 0.17427884615384615 0.15865384615384615 0.02403846153846154 0.04807692307692308
0 0.20552884615384615 0.1935096153846154 0.028846153846153848 0.026442307692307692
0 0.07692307692307693 0.7367788461538461 0.03365384615384615 0.036057692307692304
0 0.21634615384615385 0.7055288461538461 0.026442307692307692 0.040865384615384616
0 0.265625 0.6346153846153846 0.02403846153846154 0.04326923076923077
0 0.2956730769230769 0.6033653846153846 0.036057692307692304 0.038461538461538464
0 0.2692307692307692 0.5264423076923077 0.036057692307692304 0.03365384615384615
0 0.21634615384615385 0.5276442307692307 0.021634615384615384 0.05048076923076923
0 0.18870192307692307 0.6081730769230769 0.04326923076923077 0.038461538461538464
0 0.140625 0.6418269230769231 0.03365384615384615 0.052884615384615384
0 0.10096153846153846 0.6646634615384616 0.026442307692307692 0.038461538461538464
0 0.03485576923076923 0.6334134615384616 0.03365384615384615 0.036057692307692304
0 0.038461538461538464 0.6850961538461539 0.036057692307692304 0.038461538461538464
0 0.015625 0.5901442307692307 0.02403846153846154 0.036057692307692304
0 0.08052884615384616 0.5336538461538461 0.04807692307692308 0.04807692307692308
0 0.0985576923076923 0.41947115384615385 0.019230769230769232 0.03125
0 0.09375 0.25841346153846156 0.016826923076923076 0.03125
0 0.15384615384615385 0.24158653846153846 0.026442307692307692 0.026442307692307692
0 0.17548076923076922 0.21634615384615385 0.019230769230769232 0.028846153846153848
0 0.13221153846153846 0.19951923076923078 0.019230769230769232 0.028846153846153848
0 0.1502403846153846 0.13942307692307693 0.02403846153846154 0.02403846153846154
0 0.06009615384615385 0.3233173076923077 0.019230769230769232 0.03125
0 0.057692307692307696 0.29086538461538464 0.021634615384615384 0.028846153846153848
0 0.027644230769230768 0.2608173076923077 0.019230769230769232 0.040865384615384616
0 0.027644230769230768 0.38341346153846156 0.03125 0.036057692307692304
0 0.06850961538461539 0.38822115384615385 0.016826923076923076 0.036057692307692304
0 0.07451923076923077 0.453125 0.028846153846153848 0.028846153846153848
0 0.10697115384615384 0.21754807692307693 0.038461538461538464 0.036057692307692304
0 0.5901442307692307 0.2536057692307692 0.04326923076923077 0.040865384615384616
0 0.6129807692307693 0.05889423076923077 0.03365384615384615 0.05048076923076923
0 0.6574519230769231 0.030048076923076924 0.040865384615384616 0.040865384615384616
0 0.7199519230769231 0.025240384615384616 0.04567307692307692 0.04567307692307692
0 0.7548076923076923 0.007211538461538462 0.038461538461538464 0.014423076923076924
0 0.5673076923076923 0.06850961538461539 0.04326923076923077 0.040865384615384616
0 0.41586538461538464 0.13701923076923078 0.04567307692307692 0.04807692307692308
0 0.3894230769230769 0.171875 0.026442307692307692 0.05048076923076923
0 0.35336538461538464 0.04567307692307692 0.02403846153846154 0.04326923076923077
0 0.046875 0.7668269230769231 0.036057692307692304 0.03365384615384615
0 0.1875 0.5180288461538461 0.036057692307692304 0.03125
0 0.1778846153846154 0.5745192307692307 0.02403846153846154 0.03365384615384615
0 0.007211538461538462 0.4495192307692308 0.009615384615384616 0.04807692307692308
0 0.12379807692307693 0.27524038461538464 0.019230769230769232 0.055288461538461536
0 0.14543269230769232 0.38461538461538464 0.038461538461538464 0.038461538461538464
0 0.09495192307692307 0.3317307692307692 0.036057692307692304 0.03365384615384615
0 0.16466346153846154 0.6971153846153846 0.014423076923076924 0.04807692307692308
0 0.19471153846153846 0.7235576923076923 0.028846153846153848 0.028846153846153848
0 0.14543269230769232 0.7319711538461539 0.03125 0.03125
0 0.10576923076923077 0.7415865384615384 0.019230769230769232 0.04567307692307692
0 0.12379807692307693 0.7391826923076923 0.021634615384615384 0.026442307692307692
0 0.24278846153846154 0.6009615384615384 0.036057692307692304 0.03365384615384615
0 0.04326923076923077 0.5576923076923077 0.016826923076923076 0.04807692307692308
0 0.020432692307692308 0.5384615384615384 0.014423076923076924 0.04807692307692308