0 0.009615384615384616 0.7752403846153846 0.019230769230769232 0.06490384615384616
0 0.008413461538461538 0.7055288461538461 0.016826923076923076 0.0673076923076923
0 0.008413461538461538 0.7728365384615384 0.016826923076923076 0.055288461538461536
0 0.013221153846153846 0.7247596153846154 0.026442307692307692 0.036057692307692304
0 0.018028846153846152 0.8004807692307693 0.03125 0.04326923076923077
0 0.0625 0.7692307692307693 0.038461538461538464 0.038461538461538464
0 0.007211538461538462 0.8689903846153846 0.014423076923076924 0.04807692307692308
0 0.009615384615384616 0.875 0.019230769230769232 0.028846153846153848
0 0.039663461538461536 0.8810096153846154 0.028846153846153848 0.06009615384615385
0 0.1201923076923077 0.7800480769230769 0.03365384615384615 0.0625
0 0.12139423076923077 0.859375 0.03365384615384615 0.03365384615384615
0 0.18389423076923078 0.8461538461538461 0.03365384615384615 0.05048076923076923
0 0.21394230769230768 0.9014423076923077 0.03365384615384615 0.05048076923076923
0 0.2403846153846154 0.8137019230769231 0.038461538461538464 0.0625
0 0.2824519230769231 0.8581730769230769 0.04567307692307692 0.04567307692307692
0 0.2764423076923077 0.7079326923076923 0.04807692307692308 0.04807692307692308
0 0.3329326923076923 0.6682692307692307 0.036057692307692304 0.0673076923076923
0 0.36778846153846156 0.7403846153846154 0.028846153846153848 0.052884615384615384
0 0.3245192307692308 0.8125 0.04326923076923077 0.04326923076923077
0 0.36658653846153844 0.8088942307692307 0.04567307692307692 0.04807692307692308
0 0.39302884615384615 0.7139423076923077 0.03125 0.052884615384615384
0 0.3954326923076923 0.640625 0.03125 0.06490384615384616
0 0.44591346153846156 0.5420673076923077 0.04567307692307692 0.04567307692307692
0 0.4567307692307692 0.625 0.038461538461538464 0.038461538461538464
0 0.4543269230769231 0.7560096153846154 0.038461538461538464 0.040865384615384616
0 0.5252403846153846 0.8209134615384616 0.040865384615384616 0.0625
0 0.41225961538461536 0.8557692307692307 0.036057692307692304 0.04326923076923077
0 0.49759615384615385 0.5793269230769231 0.04326923076923077 0.04326923076923077
0 0.5288461538461539 0.5432692307692307 0.03365384615384615 0.04326923076923077
0 0.5264423076923077 0.6899038461538461 0.04326923076923077 0.040865384615384616
0 0.578125 0.5336538461538461 0.036057692307692304 0.04807692307692308
0 0.5757211538461539 0.5961538461538461 0.036057692307692304 0.06490384615384616
0 0.5745192307692307 0.6610576923076923 0.028846153846153848 0.055288461538461536
0 0.6478365384615384 0.5072115384615384 0.036057692307692304 0.04326923076923077
0 0.6995192307692307 0.5084134615384616 0.04326923076923077 0.04326923076923077
0 0.6141826923076923 0.5408653846153846 0.036057692307692304 0.05048076923076923
0 0.6394230769230769 0.6526442307692307 0.03365384615384615 0.04326923076923077
0 0.5745192307692307 0.7608173076923077 0.02403846153846154 0.057692307692307696
0 0.6971153846153846 0.5829326923076923 0.038461538461538464 0.04326923076923077
0 0.7295673076923077 0.6394230769230769 0.03365384615384615 0.04326923076923077
0 0.6153846153846154 0.6862980769230769 0.038461538461538464 0.038461538461538464
0 0.6646634615384616 0.33774038461538464 0.04326923076923077 0.04326923076923077
0 0.6911057692307693 0.3004807692307692 0.03365384615384615 0.03365384615384615
0 0.7127403846153846 0.27524038461538464 0.03125 0.028846153846153848
0 0.734375 0.24639423076923078 0.021634615384615384 0.04567307692307692
0 0.7908653846153846 0.20673076923076922 0.014423076923076924 0.04807692307692308
0 0.7319711538461539 0.3954326923076923 0.026442307692307692 0.04567307692307692
0 0.6875 0.4014423076923077 0.03365384615384615 0.03125
0 0.7584134615384616 0.32572115384615385 0.03125 0.03125
0 0.7956730769230769 0.28725961538461536 0.038461538461538464 0.036057692307692304
0 0.8329326923076923 0.25600961538461536 0.021634615384615384 0.036057692307692304
0 0.8413461538461539 0.38100961538461536 0.028846153846153848 0.03125
0 0.8509615384615384 0.19831730769230768 0.03365384615384615 0.03125
0 0.9002403846153846 0.31850961538461536 0.03125 0.055288461538461536
0 0.6526442307692307 0.5564903846153846 0.03125 0.04807692307692308
0 0.7560096153846154 0.7091346153846154 0.021634615384615384 0.04807692307692308
0 0.8557692307692307 0.5564903846153846 0.028846153846153848 0.03125
0 0.7884615384615384 0.5108173076923077 0.028846153846153848 0.026442307692307692
0 0.828125 0.4807692307692308 0.026442307692307692 0.04807692307692308
0 0.8413461538461539 0.421875 0.019230769230769232 0.040865384615384616
0 0.8858173076923077 0.5072115384615384 0.021634615384615384 0.028846153846153848
0 0.9038461538461539 0.4423076923076923 0.028846153846153848 0.028846153846153848
0 0.9507211538461539 0.30408653846153844 0.016826923076923076 0.04807692307692308
0 0.9362980769230769 0.27403846153846156 0.019230769230769232 0.03125
0 0.8810096153846154 0.23677884615384615 0.016826923076923076 0.038461538461538464
0 0.9927884615384616 0.3545673076923077 0.014423076923076924 0.03365384615384615
0 0.96875 0.23317307692307693 0.014423076923076924 0.03125
0 0.9939903846153846 0.18509615384615385 0.01201923076923077 0.03365384615384615
0 0.9747596153846154 0.3233173076923077 0.021634615384615384 0.03365384615384615
0 0.8581730769230769 0.6418269230769231 0.028846153846153848 0.02403846153846154
0 0.8257211538461539 0.6189903846153846 0.02403846153846154 0.036057692307692304
0 0.8798076923076923 0.5877403846153846 0.019230769230769232 0.016826923076923076
0 0.8569711538461539 0.3485576923076923 0.021634615384615384 0.02403846153846154
0 0.9447115384615384 0.24278846153846154 0.014423076923076924 0.026442307692307692