0 0.1310096153846154 0.9831730769230769 0.04326923076923077 0.03365384615384615
0 0.16346153846153846 0.9663461538461539 0.07451923076923077 0.0673076923076923
0 0.02403846153846154 0.984375 0.04807692307692308 0.03125
0 0.04447115384615385 0.9050480769230769 0.0889423076923077 0.06490384615384616
0 0.3293269230769231 0.90625 0.0673076923076923 0.057692307692307696
0 0.39302884615384615 0.8185096153846154 0.09375 0.06009615384615385
0 0.29447115384615385 0.8377403846153846 0.07451923076923077 0.07451923076923077
0 0.22596153846153846 0.8317307692307693 0.0673076923076923 0.07692307692307693
0 0.11538461538461539 0.8185096153846154 0.0673076923076923 0.0673076923076923
0 0.24158653846153846 0.7379807692307693 0.06971153846153846 0.057692307692307696
0 0.39783653846153844 0.6658653846153846 0.10576923076923077 0.0625
0 0.2824519230769231 0.6850961538461539 0.07692307692307693 0.07692307692307693
0 0.21514423076923078 0.6346153846153846 0.08173076923076923 0.057692307692307696
0 0.12379807692307693 0.6334134615384616 0.0673076923076923 0.06971153846153846
0 0.0985576923076923 0.7271634615384616 0.09134615384615384 0.055288461538461536
0 0.03125 0.8461538461538461 0.0625 0.057692307692307696
0 0.3762019230769231 0.609375 0.07692307692307693 0.07451923076923077
0 0.5576923076923077 0.5540865384615384 0.10817307692307693 0.052884615384615384
0 0.40865384615384615 0.5444711538461539 0.08413461538461539 0.06009615384615385
0 0.14903846153846154 0.5649038461538461 0.06971153846153846 0.0673076923076923
0 0.33052884615384615 0.5048076923076923 0.09134615384615384 0.057692307692307696
0 0.19591346153846154 0.5084134615384616 0.06971153846153846 0.038461538461538464
0 0.02403846153846154 0.4362980769230769 0.04807692307692308 0.055288461538461536
0 0.06850961538461539 0.5456730769230769 0.057692307692307696 0.057692307692307696
0 0.2247596153846154 0.4206730769230769 0.09615384615384616 0.052884615384615384
0 0.46033653846153844 0.4675480769230769 0.07451923076923077 0.07451923076923077
0 0.5336538461538461 0.4110576923076923 0.07692307692307693 0.07692307692307693
0 0.27403846153846156 0.3269230769230769 0.08173076923076923 0.057692307692307696
0 0.3401442307692308 0.38221153846153844 0.0889423076923077 0.0625
0 0.38221153846153844 0.3125 0.07692307692307693 0.07692307692307693
0 0.44471153846153844 0.3894230769230769 0.10576923076923077 0.057692307692307696
0 0.5420673076923077 0.35216346153846156 0.08653846153846154 0.04326923076923077
0 0.4963942307692308 0.29086538461538464 0.07692307692307693 0.07692307692307693
0 0.484375 0.22956730769230768 0.08173076923076923 0.08413461538461539
0 0.3942307692307692 0.23317307692307693 0.08173076923076923 0.052884615384615384
0 0.30288461538461536 0.25721153846153844 0.07692307692307693 0.07692307692307693
0 0.06610576923076923 0.3173076923076923 0.09134615384615384 0.04807692307692308
0 0.21033653846153846 0.34615384615384615 0.09134615384615384 0.052884615384615384
0 0.021634615384615384 0.6334134615384616 0.04326923076923077 0.05048076923076923
0 0.18870192307692307 0.2403846153846154 0.10096153846153846 0.038461538461538464
0 0.1201923076923077 0.40024038461538464 0.0625 0.06009615384615385
0 0.515625 0.15384615384615385 0.0673076923076923 0.0673076923076923
0 0.4254807692307692 0.17067307692307693 0.06490384615384616 0.0673076923076923
0 0.22596153846153846 0.1875 0.08413461538461539 0.04326923076923077
0 0.33052884615384615 0.06610576923076923 0.10576923076923077 0.05048076923076923
0 0.49158653846153844 0.05048076923076923 0.07211538461538461 0.07211538461538461
0 0.29927884615384615 0.14302884615384615 0.057692307692307696 0.057692307692307696
0 0.23197115384615385 0.078125 0.055288461538461536 0.055288461538461536
0 0.01201923076923077 0.2283653846153846 0.02403846153846154 0.04326923076923077
0 0.10576923076923077 0.265625 0.06971153846153846 0.04567307692307692
0 0.20432692307692307 0.013221153846153846 0.08173076923076923 0.026442307692307692
0 0.4254807692307692 0.020432692307692308 0.0673076923076923 0.040865384615384616
0 0.7536057692307693 0.06370192307692307 0.057692307692307696 0.06009615384615385
0 0.8149038461538461 0.015625 0.07211538461538461 0.03125
0 0.6262019230769231 0.026442307692307692 0.07211538461538461 0.04326923076923077
0 0.7391826923076923 0.015625 0.07211538461538461 0.03125