0 0.765625 0.9639423076923077 0.2620192307692308 0.07211538461538461
0 0.7283653846153846 0.9146634615384616 0.21153846153846154 0.12259615384615384
0 0.5829326923076923 0.7992788461538461 0.20432692307692307 0.13942307692307693
0 0.9435096153846154 0.7355769230769231 0.11298076923076923 0.12980769230769232
0 0.7824519230769231 0.671875 0.14903846153846154 0.15144230769230768
0 0.6153846153846154 0.578125 0.13942307692307693 0.13701923076923078
0 0.7427884615384616 0.46634615384615385 0.15865384615384615 0.1201923076923077
0 0.5709134615384616 0.3798076923076923 0.15625 0.15865384615384615
0 0.5697115384615384 0.13581730769230768 0.15865384615384615 0.0889423076923077
0 0.9759615384615384 0.5889423076923077 0.04807692307692308 0.1201923076923077
0 0.9375 0.2644230769230769 0.11538461538461539 0.11538461538461539
0 0.6947115384615384 0.31850961538461536 0.1778846153846154 0.10576923076923077
0 0.7235576923076923 0.22355769230769232 0.12980769230769232 0.125
0 0.6706730769230769 0.0625 0.1971153846153846 0.10096153846153846
0 0.8137019230769231 0.08052884615384616 0.10817307692307693 0.10817307692307693
0 0.9375 0.1201923076923077 0.09615384615384616 0.08653846153846154
0 0.7151442307692307 0.02403846153846154 0.17307692307692307 0.04807692307692308