0 0.039663461538461536 0.5733173076923077 0.06009615384615385 0.10817307692307693
0 0.12139423076923077 0.5576923076923077 0.05048076923076923 0.08653846153846154
0 0.16826923076923078 0.49759615384615385 0.057692307692307696 0.08653846153846154
0 0.019230769230769232 0.6899038461538461 0.038461538461538464 0.09615384615384616
0 0.05889423076923077 0.7151442307692307 0.055288461538461536 0.0889423076923077
0 0.1201923076923077 0.7536057692307693 0.052884615384615384 0.06009615384615385
0 0.1622596153846154 0.7247596153846154 0.04567307692307692 0.08413461538461539
0 0.19471153846153846 0.6658653846153846 0.055288461538461536 0.08653846153846154
0 0.22115384615384615 0.5793269230769231 0.055288461538461536 0.06971153846153846
0 0.25961538461538464 0.5108173076923077 0.040865384615384616 0.07451923076923077
0 0.30528846153846156 0.5625 0.04807692307692308 0.06490384615384616
0 0.34134615384615385 0.49278846153846156 0.04567307692307692 0.08413461538461539
0 0.4423076923076923 0.49158653846153844 0.038461538461538464 0.06490384615384616
0 0.03485576923076923 0.8509615384615384 0.05048076923076923 0.07451923076923077
0 0.19471153846153846 0.8317307692307693 0.04807692307692308 0.06009615384615385
0 0.23918269230769232 0.7824519230769231 0.055288461538461536 0.07211538461538461
0 0.25600961538461536 0.6887019230769231 0.04807692307692308 0.07692307692307693
0 0.43149038461538464 0.7151442307692307 0.04326923076923077 0.06009615384615385
0 0.3894230769230769 0.6574519230769231 0.04326923076923077 0.07692307692307693
0 0.36658653846153844 0.5432692307692307 0.04326923076923077 0.07211538461538461
0 0.40625 0.5552884615384616 0.040865384615384616 0.06490384615384616
0 0.4723557692307692 0.5336538461538461 0.04326923076923077 0.08173076923076923
0 0.5649038461538461 0.4483173076923077 0.04807692307692308 0.07932692307692307
0 0.5564903846153846 0.6141826923076923 0.038461538461538464 0.0625
0 0.6490384615384616 0.421875 0.04807692307692308 0.07692307692307693
0 0.7079326923076923 0.28125 0.05048076923076923 0.09615384615384616
0 0.7920673076923077 0.3088942307692308 0.04807692307692308 0.07932692307692307
0 0.6105769230769231 0.7151442307692307 0.03365384615384615 0.055288461538461536
0 0.5745192307692307 0.6694711538461539 0.038461538461538464 0.06490384615384616
0 0.625 0.6538461538461539 0.036057692307692304 0.052884615384615384
0 0.6069711538461539 0.59375 0.036057692307692304 0.04326923076923077
0 0.5841346153846154 0.5372596153846154 0.036057692307692304 0.06009615384615385
0 0.6237980769230769 0.5084134615384616 0.03365384615384615 0.0673076923076923
0 0.6838942307692307 0.6021634615384616 0.03365384615384615 0.06490384615384616
0 0.6574519230769231 0.6370192307692307 0.03365384615384615 0.052884615384615384
0 0.6394230769230769 0.5889423076923077 0.03365384615384615 0.038461538461538464
0 0.7115384615384616 0.3954326923076923 0.04326923076923077 0.052884615384615384
0 0.7536057692307693 0.3713942307692308 0.038461538461538464 0.06490384615384616
0 0.7355769230769231 0.4891826923076923 0.038461538461538464 0.08653846153846154
0 0.7764423076923077 0.4651442307692308 0.036057692307692304 0.057692307692307696
0 0.8918269230769231 0.3233173076923077 0.038461538461538464 0.07932692307692307
0 0.8473557692307693 0.421875 0.038461538461538464 0.06490384615384616
0 0.8846153846153846 0.45072115384615385 0.03125 0.057692307692307696
0 0.9206730769230769 0.49278846153846156 0.03125 0.055288461538461536
0 0.9639423076923077 0.4963942307692308 0.03125 0.057692307692307696
0 0.96875 0.5649038461538461 0.03365384615384615 0.04326923076923077
0 0.9050480769230769 0.5528846153846154 0.03365384615384615 0.038461538461538464
0 0.9302884615384616 0.6430288461538461 0.03365384615384615 0.04567307692307692
0 0.8545673076923077 0.6165865384615384 0.03365384615384615 0.05048076923076923
0 0.8401442307692307 0.5877403846153846 0.028846153846153848 0.04807692307692308
0 0.8317307692307693 0.5360576923076923 0.03365384615384615 0.05048076923076923
0 0.8137019230769231 0.453125 0.03365384615384615 0.0673076923076923
0 0.8100961538461539 0.359375 0.038461538461538464 0.057692307692307696
0 0.7692307692307693 0.5492788461538461 0.03365384615384615 0.052884615384615384
0 0.7475961538461539 0.5925480769230769 0.036057692307692304 0.05048076923076923
0 0.7836538461538461 0.6466346153846154 0.036057692307692304 0.04567307692307692
0 0.6911057692307693 0.4963942307692308 0.038461538461538464 0.052884615384615384
0 0.6682692307692307 0.5480769230769231 0.03365384615384615 0.04807692307692308
0 0.4651442307692308 0.5925480769230769 0.038461538461538464 0.05048076923076923
0 0.515625 0.6310096153846154 0.038461538461538464 0.055288461538461536
0 0.4483173076923077 0.6430288461538461 0.036057692307692304 0.040865384615384616
0 0.37259615384615385 0.7115384615384616 0.03365384615384615 0.038461538461538464
0 0.5024038461538461 0.5528846153846154 0.04807692307692308 0.06971153846153846
0 0.8028846153846154 0.5420673076923077 0.03125 0.04567307692307692
0 0.8894230769230769 0.5240384615384616 0.03365384615384615 0.05048076923076923
0 0.7271634615384616 0.6646634615384616 0.036057692307692304 0.052884615384615384