0 0.019230769230769232 0.75 0.038461538461538464 0.06490384615384616
0 0.08653846153846154 0.8173076923076923 0.05048076923076923 0.07451923076923077
0 0.14783653846153846 0.7860576923076923 0.055288461538461536 0.09134615384615384
0 0.1814903846153846 0.6911057692307693 0.04807692307692308 0.07451923076923077
0 0.24158653846153846 0.640625 0.05048076923076923 0.08653846153846154
0 0.31850961538461536 0.6310096153846154 0.04807692307692308 0.0625
0 0.3737980769230769 0.53125 0.05048076923076923 0.08653846153846154
0 0.4266826923076923 0.5757211538461539 0.052884615384615384 0.07692307692307693
0 0.4651442307692308 0.5348557692307693 0.04807692307692308 0.09615384615384616
0 0.5240384615384616 0.5528846153846154 0.04326923076923077 0.07932692307692307
0 0.5949519230769231 0.515625 0.04807692307692308 0.09134615384615384
0 0.46274038461538464 0.8557692307692307 0.057692307692307696 0.07932692307692307
0 0.12980769230769232 0.8774038461538461 0.052884615384615384 0.08413461538461539
0 0.18990384615384615 0.8473557692307693 0.05048076923076923 0.11298076923076923
0 0.2848557692307692 0.7283653846153846 0.057692307692307696 0.07932692307692307
0 0.3137019230769231 0.6983173076923077 0.057692307692307696 0.07692307692307693
0 0.41586538461538464 0.65625 0.055288461538461536 0.06971153846153846
0 0.3713942307692308 0.6778846153846154 0.04567307692307692 0.07932692307692307
0 0.6526442307692307 0.5180288461538461 0.04807692307692308 0.06971153846153846
0 0.6466346153846154 0.3737980769230769 0.04567307692307692 0.07451923076923077
0 0.6658653846153846 0.32572115384615385 0.05048076923076923 0.06490384615384616
0 0.6887019230769231 0.3016826923076923 0.038461538461538464 0.0889423076923077
0 0.7115384615384616 0.2848557692307692 0.04326923076923077 0.06971153846153846
0 0.19831730769230768 0.7415865384615384 0.055288461538461536 0.07211538461538461
0 0.2439903846153846 0.8076923076923077 0.038461538461538464 0.0889423076923077
0 0.3389423076923077 0.7788461538461539 0.055288461538461536 0.0625
0 0.3449519230769231 0.7307692307692307 0.04567307692307692 0.06009615384615385
0 0.5961538461538461 0.5793269230769231 0.04326923076923077 0.06490384615384616
0 0.5168269230769231 0.6730769230769231 0.038461538461538464 0.057692307692307696
0 0.4807692307692308 0.6394230769230769 0.04567307692307692 0.0625
0 0.29086538461538464 0.8016826923076923 0.04807692307692308 0.0889423076923077
0 0.2824519230769231 0.8485576923076923 0.038461538461538464 0.0673076923076923
0 0.25 0.8858173076923077 0.04326923076923077 0.06490384615384616
0 0.21995192307692307 0.9170673076923077 0.036057692307692304 0.06009615384615385
0 0.2932692307692308 0.9423076923076923 0.036057692307692304 0.057692307692307696
0 0.3076923076923077 0.8786057692307693 0.04567307692307692 0.05048076923076923
0 0.3425480769230769 0.8569711538461539 0.04326923076923077 0.055288461538461536
0 0.36177884615384615 0.8125 0.05048076923076923 0.06009615384615385
0 0.41225961538461536 0.7379807692307693 0.04567307692307692 0.05048076923076923
0 0.38341346153846156 0.7668269230769231 0.05048076923076923 0.0625
0 0.46274038461538464 0.7043269230769231 0.040865384615384616 0.04807692307692308
0 0.4807692307692308 0.7716346153846154 0.03365384615384615 0.052884615384615384
0 0.5216346153846154 0.7836538461538461 0.03365384615384615 0.06490384615384616
0 0.5901442307692307 0.6826923076923077 0.040865384615384616 0.05048076923076923
0 0.578125 0.8173076923076923 0.028846153846153848 0.057692307692307696
0 0.6538461538461539 0.6129807692307693 0.04326923076923077 0.06009615384615385
0 0.6490384615384616 0.6658653846153846 0.03365384615384615 0.057692307692307696
0 0.6538461538461539 0.7019230769230769 0.03125 0.057692307692307696
0 0.6057692307692307 0.875 0.028846153846153848 0.04326923076923077
0 0.6971153846153846 0.6790865384615384 0.03125 0.04807692307692308
0 0.7091346153846154 0.7439903846153846 0.02403846153846154 0.04326923076923077
0 0.7764423076923077 0.2536057692307692 0.02403846153846154 0.04567307692307692
0 0.8377403846153846 0.2536057692307692 0.03125 0.04567307692307692
0 0.7980769230769231 0.25600961538461536 0.02403846153846154 0.04326923076923077
0 0.8100961538461539 0.2439903846153846 0.021634615384615384 0.04326923076923077
0 0.6911057692307693 0.3786057692307692 0.02403846153846154 0.038461538461538464
0 0.71875 0.36538461538461536 0.02403846153846154 0.05048076923076923
0 0.7403846153846154 0.375 0.021634615384615384 0.055288461538461536
0 0.7415865384615384 0.3137019230769231 0.028846153846153848 0.038461538461538464
0 0.78125 0.34134615384615385 0.026442307692307692 0.04567307692307692
0 0.6610576923076923 0.7439903846153846 0.028846153846153848 0.03365384615384615
0 0.7427884615384616 0.7716346153846154 0.021634615384615384 0.03365384615384615
0 0.7608173076923077 0.7932692307692307 0.026442307692307692 0.036057692307692304