1 0.9903846153846154 0.8954326923076923 0.019230769230769232 0.03125
1 0.9915865384615384 0.8209134615384616 0.016826923076923076 0.021634615384615384
1 0.9879807692307693 0.7644230769230769 0.02403846153846154 0.028846153846153848
1 0.9867788461538461 0.6862980769230769 0.026442307692307692 0.03125
1 0.9867788461538461 0.5060096153846154 0.026442307692307692 0.03365384615384615
1 0.9867788461538461 0.46875 0.026442307692307692 0.036057692307692304
1 0.9855769230769231 0.421875 0.026442307692307692 0.028846153846153848
1 0.921875 0.4891826923076923 0.055288461538461536 0.055288461538461536
1 0.8497596153846154 0.5456730769230769 0.04807692307692308 0.04567307692307692
1 0.9038461538461539 0.6045673076923077 0.052884615384615384 0.03125
1 0.984375 0.7043269230769231 0.03125 0.03365384615384615
1 0.8858173076923077 0.8245192307692307 0.0625 0.03365384615384615
1 0.9831730769230769 0.3641826923076923 0.028846153846153848 0.03365384615384615
1 0.9807692307692307 0.22596153846153846 0.028846153846153848 0.036057692307692304
1 0.9723557692307693 0.2932692307692308 0.04807692307692308 0.03125
1 0.8497596153846154 0.3641826923076923 0.06490384615384616 0.03365384615384615
1 0.7884615384615384 0.328125 0.0625 0.036057692307692304
1 0.9350961538461539 0.25600961538461536 0.06971153846153846 0.03365384615384615
1 0.7836538461538461 0.38221153846153844 0.04326923076923077 0.04326923076923077
1 0.6466346153846154 0.3088942307692308 0.052884615384615384 0.028846153846153848
1 0.5817307692307693 0.2668269230769231 0.05048076923076923 0.03125
1 0.7271634615384616 0.9675480769230769 0.052884615384615384 0.052884615384615384
1 0.9675480769230769 0.9783653846153846 0.038461538461538464 0.026442307692307692
1 0.8581730769230769 0.7295673076923077 0.04567307692307692 0.04807692307692308
1 0.9903846153846154 0.8269230769230769 0.019230769230769232 0.02403846153846154
1 0.7055288461538461 0.8725961538461539 0.038461538461538464 0.040865384615384616
1 0.6622596153846154 0.4230769230769231 0.057692307692307696 0.03365384615384615
1 0.22716346153846154 0.5949519230769231 0.028846153846153848 0.03125
1 0.2848557692307692 0.49038461538461536 0.038461538461538464 0.021634615384615384
1 0.36177884615384615 0.43149038461538464 0.038461538461538464 0.040865384615384616
1 0.25961538461538464 0.4050480769230769 0.04567307692307692 0.02403846153846154
1 0.515625 0.6875 0.03365384615384615 0.038461538461538464
1 0.609375 0.8329326923076923 0.052884615384615384 0.02403846153846154
1 0.7367788461538461 0.6574519230769231 0.05048076923076923 0.028846153846153848
1 0.671875 0.6153846153846154 0.03125 0.03365384615384615
1 0.5649038461538461 0.46875 0.04326923076923077 0.026442307692307692