1 0.8798076923076923 0.16346153846153846 0.08653846153846154 0.08653846153846154
1 0.06610576923076923 0.18269230769230768 0.06490384615384616 0.0673076923076923
1 0.07692307692307693 0.34134615384615385 0.04807692307692308 0.08653846153846154
1 0.24519230769230768 0.4170673076923077 0.04807692307692308 0.05048076923076923
1 0.30528846153846156 0.49399038461538464 0.057692307692307696 0.055288461538461536
1 0.010817307692307692 0.3233173076923077 0.021634615384615384 0.07451923076923077
1 0.008413461538461538 0.10817307692307693 0.016826923076923076 0.07211538461538461
1 0.11538461538461539 0.11538461538461539 0.0673076923076923 0.0673076923076923
1 0.14543269230769232 0.23197115384615385 0.05048076923076923 0.05048076923076923
1 0.2692307692307692 0.015625 0.04326923076923077 0.03125
1 0.2860576923076923 0.14783653846153846 0.052884615384615384 0.07932692307692307
1 0.20192307692307693 0.10576923076923077 0.07211538461538461 0.07211538461538461
1 0.17067307692307693 0.47596153846153844 0.07211538461538461 0.07211538461538461
1 0.3641826923076923 0.3317307692307692 0.036057692307692304 0.07692307692307693
1 0.27524038461538464 0.6454326923076923 0.06490384615384616 0.06490384615384616
1 0.20552884615384615 0.02403846153846154 0.04807692307692308 0.04807692307692308
1 0.14302884615384615 0.6983173076923077 0.055288461538461536 0.06009615384615385
1 0.11177884615384616 0.016826923076923076 0.03125 0.03365384615384615
1 0.35336538461538464 0.019230769230769232 0.03365384615384615 0.03365384615384615
1 0.4170673076923077 0.016826923076923076 0.036057692307692304 0.03365384615384615
1 0.03485576923076923 0.042067307692307696 0.038461538461538464 0.06971153846153846
1 0.019230769230769232 0.020432692307692308 0.038461538461538464 0.040865384615384616
1 0.013221153846153846 0.016826923076923076 0.026442307692307692 0.028846153846153848
1 0.008413461538461538 0.1045673076923077 0.016826923076923076 0.06009615384615385
1 0.014423076923076924 0.49399038461538464 0.028846153846153848 0.0625
1 0.3713942307692308 0.051682692307692304 0.05048076923076923 0.05048076923076923
1 0.5793269230769231 0.019230769230769232 0.03365384615384615 0.038461538461538464
1 0.5925480769230769 0.019230769230769232 0.040865384615384616 0.038461538461538464
1 0.5540865384615384 0.06490384615384616 0.06490384615384616 0.0673076923076923
1 0.4831730769230769 0.1045673076923077 0.038461538461538464 0.08413461538461539
1 0.6899038461538461 0.019230769230769232 0.04326923076923077 0.038461538461538464
1 0.5204326923076923 0.2776442307692308 0.036057692307692304 0.06490384615384616
1 0.5805288461538461 0.34375 0.06009615384615385 0.057692307692307696
1 0.4675480769230769 0.2932692307692308 0.055288461538461536 0.052884615384615384