0 0.16171000000000002 0.05024 0.32343 0.09968
0 0.52688 0.05244 0.36097 0.10488
0 0.8682000000000001 0.05084 0.2636 0.10168
0 0.73387 0.18006 0.36293000000000003 0.09931999999999999
0 0.3379 0.18925999999999998 0.371 0.09372
0 0.16050999999999999 0.31688 0.31623 0.10096
0 0.52508 0.30507999999999996 0.36137 0.10536
0 0.8642000000000001 0.30968 0.2716 0.08656
0 0.71147 0.43810000000000004 0.36613 0.1114
0 0.3227 0.4375 0.37260000000000004 0.0902
0 0.52488 0.56532 0.36497 0.09383
0 0.8682000000000001 0.55532 0.2636 0.09783
0 0.15852000000000002 0.56312 0.31703 0.08543
0 0.3383 0.6925399999999999 0.3638 0.10826999999999999
0 0.7314700000000001 0.6865399999999999 0.37413 0.10427
0 0.52488 0.81896 0.36497 0.10511
0 0.16431 0.81735 0.32783 0.10191
0 0.3373 0.9492 0.3658 0.1016
0 0.73187 0.94637 0.36693000000000003 0.09995
0 0.8672000000000001 0.8151499999999999 0.2656 0.0895
0 0.06493 0.18966 0.12986 0.10252
0 0.9662000000000001 0.18586000000000003 0.0676 0.10692
0 0.9612 0.4403 0.07759999999999999 0.1038
0 0.9672000000000001 0.6879400000000001 0.06559999999999999 0.11106999999999999
0 0.9642000000000001 0.9462 0.0716 0.1076
0 0.06273 0.7003400000000001 0.12465999999999999 0.11188
0 0.06993 0.4417 0.12306 0.11059999999999999
0 0.06813 0.9432 0.13626 0.11359999999999999