0 0.505732421875 0.0755609756097561 0.612255859375 0.14642926829268293
0 0.770703125 0.28573658536585367 0.45859375 0.15703414634146343
0 0.24267578125 0.2816390243902439 0.4853515625 0.16835121951219512
0 0.506904296875 0.5054731707317073 0.575537109375 0.1672487804878049
0 0.76875 0.7232682926829268 0.4625 0.16574634146341463
0 0.24267578125 0.7142926829268292 0.4853515625 0.17120975609756098
0 0.531708984375 0.9265365853658537 0.61341796875 0.14692682926829267
0 0.090947265625 0.0771219512195122 0.173291015625 0.1495512195121951
0 0.925 0.08453658536585366 0.15 0.16907317073170733
0 0.094267578125 0.5029365853658536 0.188525390625 0.1660780487804878
0 0.9318359375 0.5000097560975609 0.136328125 0.17193170731707316
0 0.9279296875 0.9238829268292683 0.144140625 0.14551219512195124
0 0.082548828125 0.9216585365853659 0.16509765625 0.1566829268292683