0 0.06528 0.07327678571428571 0.12989333333333333 0.14654464285714286
0 0.2815933333333333 0.06433928571428571 0.2625133333333333 0.12868749999999998
0 0.49174666666666667 0.06590178571428572 0.11949333333333334 0.10412500000000001
0 0.7105533333333333 0.05898214285714286 0.27377333333333337 0.11796428571428572
0 0.9376666666666666 0.0583125 0.12466666666666666 0.11573214285714287
0 0.85488 0.24830357142857146 0.1291 0.19660714285714284
0 0.9685 0.24406250000000002 0.063 0.20151785714285714
0 0.9235 0.47244642857142854 0.153 0.19845535714285714
0 0.8707133333333333 0.7124375 0.12409333333333332 0.20075892857142857
0 0.9751666666666666 0.7084196428571428 0.049666666666666665 0.20165178571428571
0 0.6502266666666667 0.7198035714285714 0.2797866666666667 0.19317857142857145
0 0.7003866666666666 0.47914285714285715 0.2701133333333333 0.18506250000000002
0 0.63356 0.24607142857142858 0.27312000000000003 0.20107142857142857
0 0.34575333333333336 0.258125 0.2675 0.19839285714285712
0 0.11877333333333333 0.2610267857142857 0.12688666666666668 0.19973214285714286
0 0.021786666666666666 0.26973214285714286 0.04357333333333333 0.20375892857142858
0 0.05178 0.5054821428571429 0.10356666666666667 0.21097321428571428
0 0.25442666666666663 0.5050357142857143 0.27152 0.2011517857142857
0 0.48424666666666666 0.4949910714285714 0.13449333333333333 0.203375
0 0.35692 0.7291785714285713 0.2798333333333333 0.203
0 0.13444 0.7336428571428572 0.13821333333333333 0.21192857142857144
0 0.028953333333333334 0.7349821428571428 0.05057333333333333 0.20567857142857143