0 0.1325 0.29485757121439277 0.07167 0.07496251874062969
0 0.0475 0.356071964017991 0.09167 0.08245877061469266
0 0.19416999999999998 0.3773163418290854 0.195 0.06496251874062968
0 0.305 0.3373313343328336 0.308333 0.4122938530734633 0.395 0.3623193403298351 0.395 0.3073463268365817
0 0.401667 0.30234932533733133 0.40333300000000005 0.3573208395802099 0.47166699999999995 0.334832083958021 0.475 0.27486206896551724
0 0.478333 0.27486206896551724 0.47666699999999995 0.32983508245877063 0.543333 0.3048470764617691 0.541667 0.25237331334332835
0 0.543333 0.25487256371814093 0.545 0.2973508245877061 0.575 0.29235382308845576 0.568333 0.24487706146926536
0 0.005 0.3923043478260869 0 0.4572713643178411 0.025 0.4597706146926536 0.023333 0.3923043478260869
0 0.03 0.39730134932533734 0.028332999999999997 0.4547721139430285 0.17166700000000001 0.4897556221889055 0.173333 0.4172908545727137
0 0.176667 0.4222893553223388 0.173333 0.4847571214392804 0.248333 0.5022488755622189 0.355 0.4447781109445277 0.353333 0.3923043478260869 0.246667 0.4272863568215892
0 0.358333 0.38980509745127434 0.36166699999999996 0.4472758620689656 0.44333300000000003 0.4047976011994003 0.44 0.3548230884557721
0 0.445 0.34982458770614694 0.446667 0.40229835082458776 0.515 0.3723133433283358 0.508333 0.32983508245877063 0.446667 0.34232833583208394
0 0.5133329999999999 0.32233883058470764 0.511667 0.36981559220389804 0.57 0.34732683658170915 0.566667 0.30234932533733133
0 0.001667 0.4622683658170915 0 0.5247376311844077 0.093333 0.5447271364317842 0.091667 0.47226386806596704
0 0.093333 0.47976011994003 0.093333 0.5497256371814092 0.251667 0.5772113943028486 0.293333 0.5422293853073463 0.29666699999999996 0.4847571214392804 0.245 0.5097451274362819
0 0.303333 0.487256371814093 0.305 0.5397301349325337 0.405 0.4972518740629685 0.396667 0.43228335832083964
0 0.40333300000000005 0.43228335832083964 0.406667 0.487256371814093 0.538333 0.4122938530734633 0.541667 0.36731634182908546
0 0.546667 0.3648170914542729 0.541667 0.4122938530734633 0.573333 0.39480209895052476 0.566667 0.3548230884557721
0 0.003333 0.5297346326836582 0 0.5972008995502249 0.028332999999999997 0.5997001499250375 0.023333 0.5397301349325337
0 0.026667000000000003 0.5347331334332833 0.03 0.6046971514242879 0.166667 0.6371814092953523 0.175 0.567215892053973
0 0.173333 0.5772113943028486 0.18 0.6321844077961019 0.253333 0.6471769115442279 0.35166699999999995 0.5797106446776611 0.35166699999999995 0.5322338830584707 0.253333 0.574712143928036
0 0.35166699999999995 0.5222383808095953 0.35666699999999996 0.5772113943028486 0.44 0.5272368815592203 0.435 0.4772608695652174
0 0.44 0.46976461769115446 0.44333300000000003 0.5222383808095953 0.506667 0.4947526236881559 0.506667 0.43478260869565216
0 0.51 0.4397796101949026 0.511667 0.48225937031484256 0.566667 0.4472758620689656 0.565 0.39980059970014986
0 0.005 0.5972008995502249 0 0.6646671664167917 0.098333 0.6846581709145427 0.103333 0.617191904047976
0 0.106667 0.6221889055472264 0.1 0.6846581709145427 0.253333 0.7146431784107946 0.30166699999999996 0.6846581709145427 0.295 0.624688155922039 0.246667 0.6521739130434783
0 0.30166699999999996 0.6321844077961019 0.31 0.6821589205397302 0.396667 0.6146926536731634 0.396667 0.5622188905547226
0 0.40333300000000005 0.5572218890554722 0.40333300000000005 0.6146926536731634 0.478333 0.5622188905547226 0.47666699999999995 0.5072458770614693
0 0.478333 0.5122443778110944 0.478333 0.55971964017991 0.543333 0.5197406296851573 0.538333 0.47226386806596704
0 0.541667 0.47226386806596704 0.565 0.4547721139430285 0.57 0.49974962518740634 0.545 0.5122443778110944
0 0.005 0.6621694152923537 0.03 0.6746626686656672 0.035 0.7296356821589205 0.005 0.7246371814092953
0 0.175 0.7621184407796102 0.038333 0.7346326836581709 0.036667 0.6646671664167917 0.176667 0.704647676161919
0 0.176667 0.719640179910045 0.178333 0.7746131934032984 0.248333 0.792103448275862 0.35 0.7146431784107946 0.345 0.6596701649175413 0.246667 0.7221394302848575
0 0.355 0.6621694152923537 0.35166699999999995 0.7146431784107946 0.43833300000000003 0.6421784107946027 0.43666699999999997 0.5947031484257871
0 0.44 0.5947031484257871 0.441667 0.6496746626686657 0.5 0.5972008995502249 0.49666699999999997 0.5522233883058472
0 0.005 0.7271364317841079 0.001667 0.7896056971514244 0.1 0.814592203898051 0.10166700000000001 0.7621184407796102
0 0.10166700000000001 0.7621184407796102 0.103333 0.8245877061469266 0.26 0.8620689655172413 0.305 0.8195907046476762 0.298333 0.7596206896551724 0.255 0.7946026986506747
0 0.305 0.7621184407796102 0.30666699999999997 0.8120944527736133 0.35 0.7821094452773614 0.348333 0.7221394302848575
0 0.353333 0.7271364317841079 0.35666699999999996 0.7671169415292354 0.401667 0.7371319340329835 0.395 0.6821589205397302
0 0.401667 0.6796596701649176 0.405 0.7271364317841079 0.441667 0.704647676161919 0.43666699999999997 0.6546731634182908
0 0.43666699999999997 0.6596701649175413 0.441667 0.697151424287856 0.505 0.6496746626686657 0.49666699999999997 0.6021994002998501
0 0.508333 0.6046971514242879 0.511667 0.6471769115442279 0.565 0.6021994002998501 0.565 0.55971964017991
0 0.02 0.25237331334332835 0.021667000000000002 0.31234332833583206 0 0.31234332833583206 0 0.24987556221889057 0.015 0.24987556221889057
0 0.023333 0.24987556221889057 0.093333 0.2573718140929535 0.093333 0.3248380809595202 0.021667000000000002 0.31234332833583206 0.021667000000000002 0.2598695652173913
0 0.243333 0.27486206896551724 0.29166699999999995 0.2648680659670165 0.216667 0.25237331334332835 0.17166700000000001 0.2698650674662669
0 0.103333 0.2573718140929535 0.16 0.27236431784107945 0.19 0.25237331334332835 0.14166700000000002 0.24487706146926536
0 0.238333 0.24987556221889057 0.308333 0.22238830584707647 0.38 0.23738080959520239 0.293333 0.2648680659670165
0 0.173333 0.28235832083958023 0.175 0.34232833583208394 0.255 0.34232833583208394 0.348333 0.30984557721139433 0.34666699999999995 0.25237331334332835 0.243333 0.28235832083958023
0 0.348333 0.24987556221889057 0.355 0.3148425787106447 0.391667 0.3048470764617691 0.396667 0.2423793103448276
0 0.166667 0.239880059970015 0.216667 0.25487256371814093 0.28666699999999995 0.22988455772113942 0.248333 0.2198905547226387
0 0.026667000000000003 0.24987556221889057 0.088333 0.23238380809595202 0.135 0.2423793103448276 0.096667 0.2598695652173913
0 0.098333 0.22988455772113942 0.145 0.2198905547226387 0.20333299999999999 0.22488755622188905 0.14166700000000002 0.24737631184407796
0 0.533333 0.1624182908545727 0.581667 0.15992053973013493 0.6216670000000001 0.15492203898050974 0.625 0.19490254872563717 0.581667 0.2098950524737631 0.568333 0.2098950524737631 0.568333 0.18240929535232384 0.538333 0.1899055472263868
0 0.571667 0.2148920539730135 0.571667 0.2573718140929535 0.595 0.24737631184407796 0.5966670000000001 0.20239880059970014
0 0.6333329999999999 0.15742128935532235 0.6283329999999999 0.19490254872563717 0.665 0.18490704647676162 0.67 0.15242428785607195
0 0.668333 0.15242428785607195 0.666667 0.17741079460269865 0.708333 0.16991454272863568 0.706667 0.13493253373313344
0 0.71 0.13243328335832083 0.71 0.17741079460269865 0.735 0.16491754122938532 0.738333 0.13243328335832083
0 0.605 0.20739580209895053 0.6066670000000001 0.24487706146926536 0.685 0.22238830584707647 0.685 0.18240929535232384
0 0.683333 0.17991004497751126 0.688333 0.22488755622188905 0.718333 0.2098950524737631 0.715 0.1724137931034483
0 0.718333 0.18490704647676162 0.715 0.20739580209895053 0.73 0.20739580209895053 0.7316670000000001 0.17741079460269865
0 0.576667 0.25487256371814093 0.58 0.2873568215892054 0.6233329999999999 0.2873568215892054 0.6283329999999999 0.24737631184407796
0 0.631667 0.24487706146926536 0.625 0.27986056971514245 0.666667 0.2698650674662669 0.665 0.23238380809595202
0 0.673333 0.23488305847076463 0.671667 0.2673658170914543 0.705 0.25487256371814093 0.7 0.22238830584707647
0 0.706667 0.2198905547226387 0.701667 0.24987556221889057 0.738333 0.2423793103448276 0.728333 0.2148920539730135
0 0.578333 0.30234932533733133 0.575 0.34732683658170915 0.6016670000000001 0.3373313343328336 0.603333 0.29985007496251875
0 0.605 0.2948530734632684 0.6016670000000001 0.3323343328335832 0.6433329999999999 0.31983958020989506 0.646667 0.2848575712143928
0 0.646667 0.27986056971514245 0.646667 0.31234332833583206 0.678333 0.29985007496251875 0.68 0.2648680659670165
0 0.683333 0.27486206896551724 0.68 0.2973508245877061 0.713333 0.28235832083958023 0.713333 0.25237331334332835
0 0.716667 0.24987556221889057 0.716667 0.27986056971514245 0.735 0.27236431784107945 0.735 0.24487706146926536
0 0.573333 0.3623193403298351 0.575 0.3923043478260869 0.6216670000000001 0.3723133433283358 0.6233329999999999 0.33983058470764615
0 0.6266670000000001 0.334832083958021 0.625 0.36981559220389804 0.66 0.34982458770614694 0.661667 0.30984557721139433
0 0.663333 0.31234332833583206 0.663333 0.34732683658170915 0.698333 0.3323343328335832 0.698333 0.2948530734632684
0 0.7 0.2973508245877061 0.698333 0.3323343328335832 0.728333 0.31734182908545727 0.7316670000000001 0.2848575712143928
0 0.5966670000000001 0.3873058470764618 0.598333 0.43228335832083964 0.573333 0.4397796101949026 0.573333 0.39730134932533734
0 0.603333 0.38980509745127434 0.598333 0.4197901049475262 0.64 0.40229835082458776 0.6383329999999999 0.3648170914542729
0 0.645 0.36731634182908546 0.64 0.39480209895052476 0.7266670000000001 0.3573208395802099 0.723333 0.327335832083958
0 0.595 0.43228335832083964 0.598333 0.47476311844077956 0.57 0.48225937031484256 0.568333 0.4472758620689656
0 0.6 0.42978560719640174 0.6 0.4622683658170915 0.62 0.4522743628185907 0.6166670000000001 0.4272863568215892
0 0.618333 0.4272863568215892 0.62 0.4572713643178411 0.665 0.42978560719640174 0.66 0.39730134932533734
0 0.663333 0.3923043478260869 0.663333 0.43228335832083964 0.696667 0.40229835082458776 0.696667 0.37731184407796103
0 0.7 0.3748125937031484 0.7 0.39980059970014986 0.725 0.3873058470764618 0.725 0.3573208395802099
0 0.695 0.4047976011994003 0.698333 0.44227886056971516 0.735 0.4222893553223388 0.7266670000000001 0.3873058470764618
0 0.661667 0.43728185907046474 0.663333 0.4672668665667166 0.698333 0.4472758620689656 0.693333 0.40729685157421286
0 0.6216670000000001 0.4597706146926536 0.6216670000000001 0.4897556221889055 0.655 0.46976461769115446 0.656667 0.44227886056971516
0 0.576667 0.487256371814093 0.578333 0.5222383808095953 0.6233329999999999 0.49974962518740634 0.6233329999999999 0.4622683658170915
0 0.39833300000000005 0.23738080959520239 0.401667 0.2948530734632684 0.43666699999999997 0.2773613193403298 0.44 0.22488755622188905
0 0.44333300000000003 0.22238830584707647 0.441667 0.2698650674662669 0.456667 0.27486206896551724 0.46 0.22988455772113942
0 0.466667 0.21739130434782608 0.466667 0.2648680659670165 0.5 0.25487256371814093 0.5 0.20489805097451275
0 0.506667 0.21239430284857572 0.506667 0.2598695652173913 0.535 0.24487706146926536 0.536667 0.20239880059970014
0 0.538333 0.19989955022488756 0.541667 0.24487706146926536 0.568333 0.239880059970015 0.57 0.18490704647676162
0 0.505 0.5547226386806596 0.506667 0.5872068965517241 0.561667 0.5422293853073463 0.565 0.5072458770614693
0 0.195 0.13743178410794604 0.23 0.13493253373313344 0.228333 0.1624182908545727
0 0.238333 0.12993553223388307 0.235 0.15742128935532235 0.281667 0.16491754122938532 0.276667 0.12993553223388307
0 0.281667 0.13743178410794604 0.285 0.16991454272863568 0.32833300000000004 0.16991454272863568 0.325 0.14492803598200898
0 0.33 0.14742578710644677 0.326667 0.1724137931034483 0.37166699999999997 0.17491304347826087 0.37166699999999997 0.14742578710644677
0 0.375 0.14992503748125938 0.375 0.16991454272863568 0.42166699999999996 0.17741079460269865 0.423333 0.14992503748125938
0 0.425 0.14992503748125938 0.418333 0.17991004497751126 0.473333 0.1899055472263868 0.475 0.15742128935532235
0 0.473333 0.15742128935532235 0.475 0.18240929535232384 0.526667 0.1899055472263868 0.525 0.14492803598200898