0 0.35784313725490197 0.44607843137254904 0.06535947712418301 0.1323529411764706
0 0.4665032679738562 0.2757352941176471 0.05718954248366013 0.09558823529411764
0 0.43137254901960786 0.4791666666666667 0.06209150326797386 0.11029411764705882
0 0.5024509803921569 0.5122549019607843 0.05392156862745098 0.1323529411764706
0 0.579248366013072 0.5514705882352942 0.05392156862745098 0.13725490196078433
0 0.7867647058823529 0.2928921568627451 0.06699346405228758 0.11029411764705882
0 0.8676470588235294 0.4166666666666667 0.07516339869281045 0.09803921568627451
0 0.8594771241830066 0.5220588235294118 0.06535947712418301 0.09803921568627451
0 0.8496732026143791 0.6139705882352942 0.06535947712418301 0.0857843137254902
0 0.761437908496732 0.7953431372549019 0.06862745098039216 0.1053921568627451
0 0.7491830065359477 0.8982843137254902 0.06045751633986928 0.1053921568627451
0 0.36764705882352944 0.5502450980392157 0.06535947712418301 0.08088235294117647
0 0.43218954248366015 0.5894607843137255 0.06045751633986928 0.09558823529411764
0 0.5016339869281046 0.6225490196078431 0.049019607843137254 0.08823529411764706
0 0.5849673202614379 0.6825980392156863 0.058823529411764705 0.11029411764705882
0 0.3741830065359477 0.633578431372549 0.06535947712418301 0.08088235294117647
0 0.3227124183006536 0.7598039215686274 0.03104575163398693 0.09313725490196079
0 0.37336601307189543 0.7377450980392157 0.05065359477124183 0.10784313725490197
0 0.43709150326797386 0.6678921568627451 0.05392156862745098 0.09068627450980392
0 0.5065359477124183 0.7169117647058824 0.0457516339869281 0.0857843137254902
0 0.5784313725490197 0.7806372549019608 0.05555555555555555 0.1053921568627451
0 0.5882352941176471 0.8872549019607843 0.06862745098039216 0.09313725490196079
0 0.5073529411764706 0.821078431372549 0.05065359477124183 0.09803921568627451
0 0.43709150326797386 0.7634803921568627 0.04738562091503268 0.0857843137254902
0 0.3897058823529412 0.8186274509803921 0.03758169934640523 0.06862745098039216
0 0.4387254901960784 0.8529411764705882 0.05065359477124183 0.09313725490196079
0 0.5098039215686274 0.9019607843137255 0.05228758169934641 0.08333333333333333
0 0.5866013071895425 0.9571078431372549 0.05555555555555555 0.0857843137254902
0 0.45588235294117646 0.2181372549019608 0.49836601307189543 0.24019607843137256 0.5898692810457516 0.17892156862745098 0.5408496732026143 0.15441176470588236 0.44281045751633985 0.21323529411764705
0 0.5065359477124183 0.25 0.49836601307189543 0.3137254901960784 0.5915032679738562 0.27941176470588236 0.5980392156862745 0.19117647058823528 0.5081699346405228 0.23284313725490197
0 0.6078431372549019 0.1715686274509804 0.6045751633986928 0.25245098039215685 0.6911764705882353 0.2034313725490196 0.6895424836601307 0.11764705882352941
0 0.5588235294117647 0.14460784313725492 0.5996732026143791 0.17401960784313725 0.6715686274509803 0.12254901960784313 0.619281045751634 0.11519607843137254 0.5588235294117647 0.1568627450980392
0 0.8186274509803921 0.17401960784313725 0.761437908496732 0.23284313725490197 0.8218954248366013 0.24754901960784315 0.8839869281045751 0.19117647058823528
0 0.8235294117647058 0.24754901960784315 0.8300653594771242 0.3382352941176471 0.8856209150326797 0.28431372549019607 0.8888888888888888 0.20588235294117646
0 0.8398692810457516 0.3602941176470588 0.9019607843137255 0.38235294117647056 0.9689542483660131 0.3161764705882353 0.9101307189542484 0.2965686274509804
0 0.9019607843137255 0.37254901960784315 0.9068627450980392 0.4803921568627451 0.9722222222222222 0.4215686274509804 0.9738562091503268 0.32598039215686275 0.9068627450980392 0.37745098039215685
0 0.8970588235294118 0.49019607843137253 0.8937908496732027 0.5808823529411765 0.9624183006535948 0.5073529411764706 0.9640522875816994 0.42892156862745096
0 0.8872549019607843 0.5808823529411765 0.8888888888888888 0.6740196078431373 0.946078431372549 0.5931372549019608 0.946078431372549 0.5220588235294118
0 0.7467320261437909 0.7377450980392157 0.8088235294117647 0.7745098039215687 0.8725490196078431 0.6887254901960784 0.7990196078431373 0.6323529411764706 0.7418300653594772 0.7377450980392157
0 0.8104575163398693 0.7892156862745098 0.803921568627451 0.8602941176470589 0.8725490196078431 0.7696078431372549 0.8774509803921569 0.6887254901960784 0.8120915032679739 0.7720588235294118
0 0.8872549019607843 0.6862745098039216 0.8888888888888888 0.7450980392156863 0.9411764705882353 0.678921568627451 0.9444444444444444 0.6004901960784313
0 0.8022875816993464 0.8725490196078431 0.7924836601307189 0.9558823529411765 0.8660130718954249 0.8578431372549019 0.8676470588235294 0.7794117647058824
0 0.8741830065359477 0.7549019607843137 0.8758169934640523 0.8357843137254902 0.9297385620915033 0.7450980392156863 0.9313725490196079 0.6887254901960784
0 0.6225490196078431 0.5343137254901961 0.6290849673202614 0.6274509803921569 0.7254901960784313 0.5514705882352942 0.7287581699346405 0.4411764705882353
0 0.6241830065359477 0.6348039215686274 0.6274509803921569 0.7205882352941176 0.7156862745098039 0.6495098039215687 0.7156862745098039 0.5686274509803921
0 0.6258169934640523 0.7279411764705882 0.630718954248366 0.8308823529411765 0.7107843137254902 0.7524509803921569 0.7058823529411765 0.6593137254901961
0 0.6323529411764706 0.8357843137254902 0.6323529411764706 0.9044117647058824 0.7222222222222222 0.821078431372549 0.7091503267973857 0.75
0 0.6274509803921569 0.9264705882352942 0.6290849673202614 0.9975490196078431 0.7107843137254902 0.9264705882352942 0.7124183006535948 0.8357843137254902
0 0.7222222222222222 0.4534313725490196 0.7238562091503268 0.5318627450980392 0.8104575163398693 0.46078431372549017 0.8104575163398693 0.35294117647058826
0 0.7205882352941176 0.5416666666666666 0.7222222222222222 0.6323529411764706 0.8169934640522876 0.5490196078431373 0.815359477124183 0.46078431372549017
0 0.7107843137254902 0.6544117647058824 0.7222222222222222 0.7303921568627451 0.8071895424836601 0.6421568627450981 0.8022875816993464 0.5490196078431373 0.7091503267973857 0.6372549019607843
0 0.5604575163398693 0.4803921568627451 0.6225490196078431 0.5245098039215687 0.7173202614379085 0.44362745098039214 0.6584967320261438 0.40931372549019607
0 0.6650326797385621 0.4019607843137255 0.7222222222222222 0.4411764705882353 0.8120915032679739 0.35049019607843135 0.7565359477124183 0.33088235294117646 0.6519607843137255 0.4019607843137255
0 0.48366013071895425 0.4411764705882353 0.5441176470588235 0.4877450980392157 0.6470588235294118 0.3946078431372549 0.5751633986928104 0.3700980392156863
0 0.4068627450980392 0.40441176470588236 0.4803921568627451 0.4411764705882353 0.5669934640522876 0.38235294117647056 0.5147058823529411 0.3382352941176471 0.4150326797385621 0.39950980392156865
0 0.34967320261437906 0.37254901960784315 0.39705882352941174 0.3897058823529412 0.4950980392156863 0.34068627450980393 0.44607843137254904 0.3088235294117647 0.3627450980392157 0.3700980392156863
0 0.5130718954248366 0.33578431372549017 0.5702614379084967 0.36764705882352944 0.6650326797385621 0.30392156862745096 0.6013071895424836 0.27450980392156865
0 0.5898692810457516 0.3627450980392157 0.6568627450980392 0.39215686274509803 0.7369281045751634 0.3284313725490196 0.6830065359477124 0.2965686274509804
0 0.6258169934640523 0.2696078431372549 0.6666666666666666 0.3014705882352941 0.7483660130718954 0.23774509803921567 0.6748366013071896 0.2107843137254902