0 0.14869281045751634 0.27450980392156865 0.1503267973856209 0.37254901960784315 0.2777777777777778 0.46568627450980393 0.3741830065359477 0.4387254901960784 0.369281045751634 0.33578431372549017 0.22549019607843138 0.22058823529411764
0 0.25 0.22303921568627452 0.3758169934640523 0.3284313725490196 0.3888888888888889 0.4068627450980392 0.39052287581699346 0.4215686274509804 0.46405228758169936 0.375 0.45751633986928103 0.2916666666666667 0.3055555555555556 0.1715686274509804
0 0.4934640522875817 0.38235294117647056 0.6356209150326797 0.4803921568627451 0.6503267973856209 0.5735294117647058 0.704248366013072 0.5269607843137255 0.7009803921568627 0.41911764705882354 0.5196078431372549 0.32598039215686275 0.4803921568627451 0.37745098039215685
0 0.4738562091503268 0.3431372549019608 0.5179738562091504 0.3088235294117647 0.4084967320261438 0.22058823529411764
0 0.4264705882352941 0.22794117647058823 0.5571895424836601 0.29901960784313725 0.5669934640522876 0.34558823529411764 0.6062091503267973 0.36764705882352944 0.619281045751634 0.34068627450980393 0.6143790849673203 0.25245098039215685 0.4591503267973856 0.17892156862745098
0 0.6209150326797386 0.3014705882352941 0.630718954248366 0.35784313725490197 0.6666666666666666 0.37254901960784315 0.6748366013071896 0.32107843137254904 0.6552287581699346 0.2769607843137255 0.6176470588235294 0.2696078431372549 0.6241830065359477 0.31862745098039214
0 0.6748366013071896 0.31862745098039214 0.6748366013071896 0.37254901960784315 0.7026143790849673 0.38235294117647056 0.7303921568627451 0.38480392156862747 0.7222222222222222 0.32598039215686275
0 0.7124183006535948 0.4534313725490196 0.7189542483660131 0.5465686274509803 0.7352941176470589 0.5857843137254902 0.7712418300653595 0.5588235294117647 0.8071895424836601 0.5098039215686274 0.7826797385620915 0.41911764705882354 0.6568627450980392 0.37254901960784315
0 0.7173202614379085 0.6593137254901961 0.7418300653594772 0.6715686274509803 0.7908496732026143 0.6274509803921569 0.7777777777777778 0.5416666666666666 0.738562091503268 0.5833333333333334
0 0.6454248366013072 0.571078431372549 0.6633986928104575 0.6666666666666666 0.7173202614379085 0.6053921568627451 0.7058823529411765 0.5098039215686274
0 0.6535947712418301 0.6813725490196079 0.6486928104575164 0.7671568627450981 0.7091503267973857 0.7009803921568627 0.7058823529411765 0.6078431372549019
0 0.41830065359477125 0.5490196078431373 0.41013071895424835 0.6568627450980392 0.49836601307189543 0.7009803921568627 0.6519607843137255 0.6004901960784313 0.6437908496732027 0.4950980392156863 0.5555555555555556 0.4485294117647059
0 0.32679738562091504 0.48284313725490197 0.32189542483660133 0.5931372549019608 0.38562091503267976 0.6470588235294118 0.3954248366013072 0.5465686274509803 0.5555555555555556 0.4534313725490196 0.4624183006535948 0.38235294117647056 0.3431372549019608 0.4852941176470588
0 0.16993464052287582 0.3946078431372549 0.16830065359477125 0.47794117647058826 0.3022875816993464 0.5833333333333334 0.32189542483660133 0.49264705882352944 0.1830065359477124 0.40931372549019607
0 0.18137254901960784 0.5318627450980392 0.1781045751633987 0.6029411764705882 0.32679738562091504 0.678921568627451 0.3202614379084967 0.5980392156862745 0.19607843137254902 0.5245098039215687
0 0.3480392156862745 0.6372549019607843 0.34477124183006536 0.7156862745098039 0.5032679738562091 0.8112745098039216 0.5735294117647058 0.7720588235294118 0.5833333333333334 0.6936274509803921 0.5 0.7181372549019608
0 0.5718954248366013 0.6519607843137255 0.5947712418300654 0.7279411764705882 0.6601307189542484 0.6838235294117647 0.6470588235294118 0.6004901960784313
0 0.5915032679738562 0.7524509803921569 0.5947712418300654 0.8333333333333334 0.6437908496732027 0.7696078431372549 0.6437908496732027 0.7156862745098039
0 0.35784313725490197 0.7401960784313726 0.3545751633986928 0.8112745098039216 0.5049019607843137 0.928921568627451 0.5833333333333334 0.8480392156862745 0.5751633986928104 0.7745098039215687 0.5065359477124183 0.821078431372549
0 0.3366013071895425 0.7009803921568627 0.3464052287581699 0.8063725490196079 0.1895424836601307 0.6936274509803921 0.17483660130718953 0.6102941176470589