0 0.8206699346405228 0.5112391304347825 0.04269607843137255 0.013217391304347827
0 0.8201633986928104 0.5343695652173913 0.0357516339869281 0.019826086956521737
0 0.819673202614379 0.5594565217391305 0.04070261437908497 0.014521739130434782
0 0.8206699346405228 0.5825869565217392 0.04070261437908497 0.01584782608695652
0 0.819673202614379 0.6043695652173913 0.04070261437908497 0.01717391304347826
0 0.8082516339869281 0.6275 0.019852941176470587 0.01584782608695652
0 0.8052777777777778 0.6539130434782608 0.021846405228758168 0.010565217391304348
0 0.8067647058823529 0.6790217391304348 0.024820261437908497 0.0185
0 0.5937745098039215 0.39367391304347826 0.13106209150326797 0.09247826086956522
0 0.6761928104575163 0.4835 0.12709150326797386 0.0792608695652174
0 0.7625816993464052 0.4729347826086957 0.023823529411764705 0.08454347826086957
0 0.731797385620915 0.5779565217391305 0.13106209150326797 0.0885
0 0.7586111111111111 0.6611739130434783 0.027810457516339867 0.07265217391304349
0 0.6627941176470589 0.6644782608695653 0.1419934640522876 0.08191304347826087
0 0.5903104575163398 0.5799347826086956 0.13802287581699346 0.08454347826086957
0 0.5361928104575163 0.48482608695652174 0.1429901960784314 0.08982608695652174
0 0.44284313725490193 0.3883913043478261 0.15290849673202614 0.10039130434782609
0 0.2929248366013072 0.3910217391304348 0.15490196078431373 0.10304347826086956
0 0.390718954248366 0.4901086956521739 0.1459640522875817 0.09510869565217392
0 0.29093137254901963 0.5898478260869565 0.15093137254901962 0.10171739130434783
0 0.44781045751633985 0.5858913043478261 0.13106209150326797 0.08586956521739131
0 0.5237745098039216 0.6697608695652173 0.13008169934640523 0.08191304347826087
0 0.3812908496732026 0.6803260869565217 0.13901960784313724 0.08191304347826087
0 0.23235294117647057 0.6809999999999999 0.03972222222222222 0.08321739130434783
0 0.2839869281045752 0.6796739130434782 0.04169934640522876 0.08058695652173913
0 0.2919281045751634 0.7701739130434782 0.14893790849673202 0.09247826086956522
0 0.4388725490196078 0.7688478260869566 0.1429901960784314 0.08191304347826087
0 0.5843464052287581 0.7563043478260869 0.12611111111111112 0.08321739130434783
0 0.7119444444444444 0.7457173913043478 0.11915032679738563 0.07265217391304349
0 0.23929738562091502 0.4861521739130435 0.05163398692810458 0.10039130434782609
0 0.28844771241830064 0.4953913043478261 0.04468954248366013 0.09510869565217392
0 0.9259150326797385 0.4735869565217391 0.09233660130718954 0.03830434782608696
0 0.9249183006535947 0.5039782608695652 0.090359477124183 0.035673913043478264
0 0.8971241830065358 0.5343695652173913 0.04666666666666666 0.03039130434782609
0 0.8921568627450981 0.5647391304347825 0.04070261437908497 0.03039130434782609
0 0.8956372549019608 0.5951304347826086 0.03972222222222222 0.03302173913043478
0 0.8926470588235293 0.6261739130434784 0.03972222222222222 0.0396304347826087
0 0.8926470588235293 0.6565652173913044 0.03772875816993464 0.02378260869565217
0 0.8876960784313725 0.6889130434782608 0.043692810457516336 0.02773913043478261
0 0.888186274509804 0.7160000000000001 0.04269607843137255 0.03434782608695652
0 0.8896732026143791 0.7563043478260869 0.03772875816993464 0.02773913043478261
0 0.9622058823529411 0.5601304347826087 0.0755718954248366 0.04756521739130434
0 0.9622058823529411 0.5997608695652173 0.0755718954248366 0.03169565217391304
0 0.9587418300653595 0.6314565217391305 0.08251633986928104 0.0396304347826087
0 0.9602287581699346 0.6704347826086956 0.07954248366013073 0.025108695652173916
0 0.9601797385620915 0.7041086956521739 0.07745098039215687 0.037
0 0.9606699346405227 0.737804347826087 0.07844771241830065 0.03830434782608696
0 0.962156862745098 0.7668695652173912 0.07545751633986927 0.03302173913043478
0 0.9611601307189542 0.8018695652173914 0.07745098039215687 0.0396304347826087
0 0.9567483660130719 0.8368695652173913 0.0865032679738562 0.03830434782608696
0 0.9527777777777778 0.8679347826086956 0.09444444444444444 0.03434782608695652
0 0.9532843137254902 0.8996304347826086 0.09344771241830065 0.042282608695652174
0 0.9512908496732027 0.9339782608695653 0.09741830065359476 0.04491304347826087