0 0.10027450980392157 0.36001225490196076 0.10374346405228758 0.46470833333333333 0.16462091503267975 0.5029264705882353 0.16708986928104574 0.4067622549019608 0.3513709150326797 0.34264950980392156 0.2937826797385621 0.31922549019607843
0 0.2212254901960784 0.43029656862745097 0.22467810457516338 0.5510098039215686 0.16791176470588234 0.49799509803921566 0.16626633986928105 0.4005955882352941 0.3637107843137255 0.3389509803921569 0.3982630718954248 0.3599117647058823
0 0.11661928104575163 0.47606127450980396 0.12595588235294117 0.574436274509804 0.16873529411764707 0.5904632352941176 0.16955718954248367 0.4967622549019608
0 0.12751470588235295 0.5806691176470589 0.1300686274509804 0.6533406862745098 0.18272058823529413 0.6866299019607842 0.1769624183006536 0.6015588235294118 0.1300686274509804 0.5670392156862745
0 0.1373218954248366 0.6656617647058823 0.14158660130718953 0.7445759803921568 0.18930228758169934 0.7864950980392157 0.1835441176470588 0.6940269607843138
0 0.14059150326797387 0.7571911764705883 0.13911928104575164 0.8382769607843137 0.19259313725490196 0.8875931372549019 0.19094771241830066 0.7938921568627452
0 0.06474509803921569 0.7357941176470588 0.0665343137254902 0.8145686274509804 0.10281862745098039 0.8589583333333333 0.10022712418300653 0.7785024509803922 0.14095424836601306 0.7557524509803921 0.14169607843137255 0.7030392156862745
0 0.10054411764705883 0.7762524509803922 0.10318954248366013 0.862843137254902 0.14354738562091504 0.9161102941176471 0.1431764705882353 0.837875 0.1413251633986928 0.7546421568627452
0 0.14566013071895426 0.8461348039215687 0.14687908496732027 0.9194411764705882 0.1957516339869281 0.978811274509804 0.19316013071895424 0.890031862745098
0 0.19126797385620914 0.7961151960784314 0.1939003267973856 0.8961348039215686 0.2483267973856209 0.9527328431372548 0.2453660130718954 0.8545196078431373
0 0.19372058823529412 0.8939485294117647 0.1976029411764706 0.9843602941176471 0.24943790849673203 0.9975490196078431 0.25054901960784315 0.9532867647058823
0 0.1848937908496732 0.6923946078431373 0.24314379084967322 0.7574166666666667 0.24240359477124182 0.8500808823529412 0.1876062091503268 0.7907107843137255
0 0.24374183006535946 0.7571274509803922 0.30756699346405225 0.8201176470588235 0.30571568627450985 0.913892156862745 0.24351470588235294 0.8495269607843138
0 0.24374183006535946 0.8512843137254902 0.24610620915032677 0.9505122549019609 0.30127287581699347 0.9975490196078431 0.3046045751633987 0.9150024509803922 0.24351470588235294 0.8456421568627451
0 0.24815522875816995 0.9557401960784314 0.2479575163398693 0.997122549019608 0.30978921568627454 0.9975490196078431
0 0.17802777777777778 0.6026519607843137 0.23240686274509806 0.6548676470588235 0.23758986928104575 0.747531862745098 0.1827924836601307 0.6931544117647059 0.17723856209150327 0.5966053921568627
0 0.23197222222222225 0.6556151960784313 0.23647875816993463 0.743093137254902 0.24425490196078434 0.7652867647058824 0.307937908496732 0.8180000000000001 0.29645915032679737 0.7014779411764706
0 0.22118300653594772 0.5460098039215686 0.22981535947712417 0.6482083333333333 0.17390686274509803 0.5938308823529411 0.1665016339869281 0.4989485294117647
0 0.29180065359477125 0.5827892156862745 0.29534967320261435 0.6992573529411765 0.23055555555555554 0.6498725490196079 0.22759313725490196 0.5388995098039215
0 0.3648709150326797 0.6372254901960784 0.36532679738562096 0.7580735294117646 0.29275816993464054 0.700921568627451 0.2916470588235294 0.581625
0 0.3074934640522876 0.9174877450980392 0.3771748366013072 0.9872426470588236 0.3771748366013072 0.9975490196078431 0.30756699346405225 0.9975490196078431
0 0.3745833333333333 0.8784877450980392 0.3786552287581699 0.9933455882352942 0.30645588235294113 0.9139999999999999 0.30645588235294113 0.8213357843137256
0 0.3663415032679738 0.7512426470588235 0.3745833333333333 0.8751593137254902 0.3023839869281046 0.8207818627450981 0.29497875816993463 0.7003725490196079
0 0.22020261437908498 0.4305196078431372 0.22648202614379084 0.5366862745098039 0.2894248366013072 0.5860686274509804 0.28831372549019607 0.4712107843137255 0.47121732026143787 0.3870637254901961 0.3997598039215686 0.356546568627451
0 0.3648709150326797 0.5070220588235295 0.36532679738562096 0.639531862745098 0.29127614379084965 0.5851544117647058 0.28683333333333333 0.4719583333333333 0.4697369281045751 0.385953431372549 0.5408251633986928 0.4192475490196078
0 0.44578594771241836 0.6946004901960784 0.3635424836601307 0.6390367647058823 0.3653937908496732 0.506421568627451 0.5716225490196079 0.43262254901960784 0.6671470588235294 0.4714656862745098 0.6656993464052288 0.5929828431372549
0 0.36732189542483656 0.7534485294117647 0.4535457516339869 0.8284950980392157 0.669031045751634 0.7153014705882353 0.6686617647058823 0.5987769607843137 0.45169444444444445 0.6947696078431372 0.365797385620915 0.6437230392156863
0 0.37615032679738564 0.8762941176470589 0.4513235294117647 0.9426176470588236 0.6675506535947713 0.8260955882352942 0.6679199346405229 0.7123455882352941 0.44725163398692813 0.8244313725490195 0.3683888888888889 0.7650588235294118
0 0.3771307189542484 0.8814436274509805 0.3809771241830065 0.9931102941176471 0.4598398692810458 0.9975490196078431 0.5649918300653595 0.9975490196078431 0.6705130718954249 0.9337401960784314 0.672733660130719 0.8260955882352942 0.4576192810457516 0.9498308823529412
0 0.5713300653594772 0.9961985294117648 0.6718937908496733 0.9407303921568627 0.6744852941176471 0.9975490196078431
0 0.22367810457516338 0.2783529411764706 0.2247140522875817 0.33604901960784317 0.27054084967320263 0.3241029411764706 0.26805065359477126 0.29499019607843135 0.4154934640522876 0.2696102941176471 0.38510784313725493 0.2479607843137255
0 0.4156699346405229 0.27043382352941175 0.38859477124183006 0.24870588235294117 0.5200996732026144 0.23526960784313725 0.5619411764705883 0.24721323529411765
0 0.4143513071895425 0.2664754901960784 0.45086111111111116 0.28006127450980395 0.31736437908496734 0.31439950980392156 0.3188578431372549 0.3270906862745098 0.2974395424836601 0.3158921568627451 0.26655555555555555 0.3203725490196078 0.26705392156862745 0.2942426470588235
0 0.4532777777777778 0.2773627450980392 0.41698856209150326 0.26662254901960786 0.5624395424836601 0.24273529411764705 0.5868480392156863 0.2539313725490196
0 0.3675065359477124 0.3367426470588235 0.3153709150326797 0.3218651960784314 0.45484640522875813 0.28155392156862746 0.5141225490196077 0.31141421568627453
0 0.5166160130718954 0.312 0.4528529411764706 0.28379166666666666 0.6057761437908497 0.259156862745098 0.662562091503268 0.2845392156862745
0 0.5225539215686275 0.23282843137254902 0.6321764705882353 0.2106348039215686 0.6650522875816993 0.22183333333333333 0.5694133986928105 0.24646813725490196
0 0.667702614379085 0.22095098039215685 0.7153627450980392 0.22780392156862747 0.629187908496732 0.2703553921568628 0.5694133986928105 0.2442279411764706
0 0.8000441176470589 0.24646813725490196 0.6570833333333334 0.2845392156862745 0.6306830065359478 0.2688627450980392 0.720843137254902 0.22332598039215687
0 0.39391666666666664 0.3562573529411765 0.5287287581699346 0.3310441176470588 0.5137352941176471 0.3035808823529412 0.3712908496732026 0.341031862745098
0 0.4722532679738562 0.3777745098039216 0.4004460784313726 0.3597573529411765 0.5453888888888889 0.3123186274509804 0.5995343137254903 0.33978186274509803
0 0.5285228758169935 0.41087254901960785 0.4745833333333333 0.38597303921568626 0.6186944444444444 0.3260514705882353 0.6645098039215687 0.3610049019607843
0 0.5969297385620915 0.44231862745098044 0.537892156862745 0.4109411764705882 0.6836683006535947 0.33978186274509803 0.7369820261437908 0.3834754901960784
0 0.6730588235294117 0.47541911764705885 0.6070326797385621 0.44214950980392154 0.8052875816993464 0.3610049019607843 0.8660980392156863 0.41967892156862746 0.8602663398692809 0.5245441176470589 0.6820032679738562 0.5807205882352942
0 0.8021503267973856 0.24371813725490196 0.87359477124183 0.2648799019607843 0.7061601307189542 0.341031862745098 0.6545130718954248 0.2861029411764706
0 0.956062091503268 0.28735049019607845 0.8211160130718954 0.3697450980392157 0.7336486928104575 0.3272990196078432 0.897751633986928 0.25114705882352945
0 0.9588235294117646 0.2933676470588235 0.9983660130718954 0.3820857843137255 0.9963186274509803 0.47821078431372555 0.8605392156862745 0.5268970588235294 0.8622042483660131 0.4220343137254902 0.8238856209150327 0.3708504901960784
0 0.8253202614379085 0.2404093137254902 0.9188496732026143 0.20980882352941177 0.9854901960784314 0.2247892156862745 0.9155179738562091 0.2609926470588235
0 0.9599264705882353 0.2718529411764706 0.9230147058823529 0.26224019607843135 0.9854901960784314 0.22104411764705884 0.9983660130718954 0.22728676470588235 0.9983660130718954 0.2684828431372549 0.9605 0.2984436274509804
0 0.9930261437908496 0.3562573529411765 0.9983660130718954 0.33589460784313724 0.9983660130718954 0.25849509803921566 0.9704950980392156 0.2809656862745098 0.9863235294117647 0.3671053921568627
0 0.6781029411764706 0.5878039215686275 0.6780081699346405 0.7091176470588235 0.8545424836601307 0.6391960784313725 0.8570637254901962 0.527703431372549
0 0.6755980392156863 0.7118137254901962 0.680531045751634 0.8272230392156863 0.8501290849673202 0.7440759803921569 0.855173202614379 0.6382524509803921
0 0.6781029411764706 0.8333186274509805 0.6780081699346405 0.9377720588235294 0.8564330065359477 0.8442328431372549 0.8564330065359477 0.7440759803921569
0 0.678937908496732 0.9397892156862746 0.6811601307189542 0.9963553921568626 0.754295751633987 0.9975490196078431 0.8539117647058825 0.9349387254901961 0.8558039215686274 0.8442328431372549
0 0.8584787581699347 0.5276789215686275 0.8613823529411766 0.6372916666666666 0.9983660130718954 0.572095588235294 0.9963055555555556 0.4709950980392157
0 0.8576437908496732 0.6379093137254902 0.8544477124183006 0.7421715686274509 0.9975653594771242 0.6675269607843137 0.9983660130718954 0.5654803921568627
0 0.8551388888888889 0.7418774509803922 0.8601225490196078 0.8423259803921568 0.9983660130718954 0.7639019607843138 0.9983660130718954 0.6675269607843137
0 0.8559738562091503 0.8345710784313726 0.8613823529411766 0.9434264705882353 0.9983660130718954 0.8574436274509804 0.9963055555555556 0.7601225490196079
0 0.7525261437908497 0.9975490196078431 0.9185261437908497 0.9084436274509804 0.9852238562091503 0.9959044117647059 0.9459199346405229 0.9975490196078431
0 0.9229003267973858 0.8998210784313726 0.9983660130718954 0.853110294117647 0.9983660130718954 0.9975490196078431