0 0.0009084967320261439 0.23027246376811594 0.016339869281045753 0.2536231884057971 0.044480392156862746 0.24154492753623188 0.005900326797385621 0.21336521739130437
0 0.0009084967320261439 0.20933913043478258 0.04720424836601307 0.2383246376811594 0.08442320261437909 0.22302608695652174 0.014978758169934641 0.18115942028985507 0 0.1851855072463768
0 0.027233660130718956 0.17713333333333334 0.05355882352941176 0.1682782608695652 0.1261797385620915 0.2069246376811594 0.08669281045751634 0.22061159420289855 0.017248366013071895 0.1851855072463768
0 0.05991339869281046 0.16264057971014492 0.09713071895424837 0.15136811594202898 0.1652140522875817 0.19404057971014493 0.1320800653594771 0.20370434782608698
0 0.11710294117647059 0.15297971014492753 0.15522875816993464 0.14251304347826088 0.20697222222222222 0.17793913043478263 0.17066013071895425 0.18840579710144928
0 0.20787908496732024 0.1932376811594203 0.242828431372549 0.1859913043478261 0.16929901960784313 0.13768115942028986 0.14841993464052286 0.1392927536231884
0 0.18155392156862746 0.1368753623188406 0.2101486928104575 0.12962898550724639 0.2759624183006536 0.1682782608695652 0.23874346405228755 0.1787449275362319
0 0.21604901960784315 0.12560289855072462 0.28095424836601307 0.16747246376811595 0.31408823529411767 0.16022608695652174 0.23919771241830068 0.11272173913043479 0.21695751633986926 0.12238260869565218
0 0.25417647058823534 0.11111014492753622 0.31408823529411767 0.15700579710144927 0.34858333333333336 0.14492753623188406 0.29547875816993463 0.10386376811594203
0 0.3068267973856209 0.0998376811594203 0.34994607843137254 0.1433159420289855 0.3839869281045752 0.1392927536231884 0.3358758169934641 0.09178840579710146
0 0.3858022875816993 0.13365507246376812 0.42211274509803925 0.13365507246376812 0.3681013071895425 0.08937101449275361 0.3408676470588235 0.09339710144927536
0 0.4166666666666667 0.13043478260869565 0.4493464052287582 0.1288231884057971 0.39715032679738566 0.10306086956521739
0 0 0.18357391304347825 0.017248366013071895 0.1851855072463768 0.00045424836601307193 0.1658608695652174
0 0.013616013071895425 0.1787449275362319 0.0499281045751634 0.16666666666666666 0.0009084967320261439 0.1392927536231884 0 0.16505507246376813
0 0.05174346405228759 0.161031884057971 0.08669281045751634 0.1537855072463768 0.02768627450980392 0.119968115942029 0.0009084967320261439 0.13365507246376812
0 0.044480392156862746 0.12399420289855072 0.09395424836601307 0.1537855072463768 0.12209477124183006 0.14492753623188406 0.06899019607843138 0.10869565217391304
0 0.07716013071895425 0.10466956521739129 0.12118790849673203 0.1433159420289855 0.1561372549019608 0.13768115942028986 0.11029411764705882 0.0974231884057971
0 0.11891830065359478 0.09661739130434782 0.1638529411764706 0.13365507246376812 0.19970915032679737 0.12318840579710146 0.15477450980392157 0.08695652173913043
0 0.15976797385620917 0.08212463768115942 0.20651797385620915 0.1264086956521739 0.2382892156862745 0.11433043478260871 0.18926960784313726 0.0684376811594203
0 0.19516993464052287 0.067631884057971 0.24055882352941177 0.11835652173913043 0.270062091503268 0.1070840579710145 0.22784967320261437 0.057165217391304354
0 0.233297385620915 0.05475072463768116 0.2682467320261438 0.10386376811594203 0.30546405228758167 0.09903478260869565 0.2641617647058824 0.049113043478260864
0 0.3031960784313726 0.09178840579710146 0.34222875816993464 0.08937101449275361 0.2791388888888889 0.05475072463768116
0 0.002723856209150327 0.12560289855072462 0.023601307189542484 0.1215768115942029 0.00045424836601307193 0.09822898550724639 0.0013611111111111111 0.12077391304347826
0 0.0009084967320261439 0.0950086956521739 0.029955882352941172 0.1264086956521739 0.06581372549019608 0.1119159420289855 0.009531045751633988 0.067631884057971 0.0013611111111111111 0.08373623188405797
0 0.014524509803921568 0.067631884057971 0.07716013071895425 0.11352753623188407 0.1152875816993464 0.10386376811594203 0.06762908496732027 0.0684376811594203
0 0.07352941176470588 0.0660231884057971 0.11937254901960784 0.10386376811594203 0.15477450980392157 0.08856811594202899 0.09123039215686274 0.04106376811594203
0 0 0.04669855072463768 0 0.07729565217391304 0.024509803921568627 0.07085217391304348
0 0.007261437908496732 0.027373913043478262 0.06717483660130719 0.05394492753623189 0.06717483660130719 0.067631884057971 0.05219607843137255 0.07487826086956521 0.003630718954248366 0.057165217391304354
0 0.012709150326797385 0.024153623188405797 0.049019607843137254 0.012078260869565217 0.10076307189542484 0.04025797101449275 0.06490522875816994 0.05233623188405798
0 0.09985457516339868 0.04186666666666667 0.12890359477124183 0.03301159420289855 0.18609313725490195 0.057971014492753624 0.14115849673202613 0.07487826086956521
0 0.061274509803921566 0.01127246376811594 0.09849346405228758 0.005634782608695652 0.1325343137254902 0.024153623188405797 0.0966781045751634 0.04106376811594203
0 0.14070424836601308 0.032205797101449274 0.187 0.06360579710144927 0.21604901960784315 0.05635942028985507 0.16430718954248366 0.016907246376811593
0 0.11165522875816994 0.006440579710144927 0.14024999999999999 0.03301159420289855 0.17429248366013073 0.016907246376811593
0 0.17429248366013073 0.02254492753623188 0.2178643790849673 0.057165217391304354 0.252359477124183 0.049113043478260864 0.20651797385620915 0.013686956521739131
0 0.003630718954248366 0.2544289855072464 0.04765849673202615 0.2391304347826087 0.05128921568627451 0.3566840579710145 0.007715686274509805 0.3679536231884058
0 0.04811111111111111 0.24476521739130436 0.08941503267973856 0.22624927536231884 0.09395424836601307 0.33816521739130434 0.05219607843137255 0.3582927536231884
0 0.09168464052287581 0.223831884057971 0.1293578431372549 0.20853333333333335 0.13344281045751635 0.3204521739130435 0.09622385620915033 0.3365536231884058
0 0.13434967320261437 0.2077304347826087 0.16657516339869283 0.19887246376811596 0.16929901960784313 0.30595942028985507 0.13752777777777778 0.31964637681159425
0 0.16884477124183006 0.19645797101449278 0.20697222222222222 0.1851855072463768 0.2101486928104575 0.30434782608695654 0.17066013071895425 0.31320579710144925
0 0.20787908496732024 0.1948463768115942 0.24237418300653593 0.18277101449275363 0.24691339869281045 0.2987130434782609 0.20924183006535949 0.30515362318840583
0 0.24509803921568626 0.1851855072463768 0.2795931372549019 0.17471884057971013 0.28231699346405226 0.28099710144927537 0.24918300653594772 0.29307536231884057
0 0.2832238562091503 0.17069275362318842 0.316812091503268 0.15942028985507245 0.31908169934640523 0.2729478260869565 0.2818627450980392 0.28422028985507247
0 0.31862745098039214 0.1562 0.34858333333333336 0.1465391304347826 0.3503986928104575 0.25925797101449277 0.3159035947712418 0.26731014492753624 0.3159035947712418 0.14573333333333333
0 0.3503986928104575 0.1465391304347826 0.3853480392156863 0.1409014492753623 0.3853480392156863 0.24557101449275362 0.3508529411764706 0.2528173913043478
0 0.3867107843137255 0.1368753623188406 0.41757516339869283 0.13526666666666667 0.4189362745098039 0.2294695652173913 0.38444117647058823 0.23751884057971015 0.3839869281045752 0.1360695652173913
0 0.420297385620915 0.13526666666666667 0.45207026143790846 0.12962898550724639 0.45207026143790846 0.22866376811594202 0.4216601307189542 0.23268985507246379 0.4212058823529412 0.14251304347826088
0 0.007261437908496732 0.37681159420289856 0.044480392156862746 0.36393043478260867 0.05174346405228759 0.4782608695652174 0.013616013071895425 0.4959739130434782
0 0.049019607843137254 0.36553913043478264 0.08986928104575163 0.35104637681159423 0.0935 0.4621565217391304 0.05083496732026144 0.479872463768116
0 0.09168464052287581 0.34943768115942025 0.12890359477124183 0.3349449275362319 0.13344281045751635 0.4500811594202898 0.09713071895424837 0.4621565217391304
0 0.12981045751633988 0.3365536231884058 0.16929901960784313 0.32608695652173914 0.17111437908496732 0.4380028985507246 0.13162745098039216 0.44605507246376813
0 0.17066013071895425 0.3236724637681159 0.20787908496732024 0.30595942028985507 0.2115098039215686 0.42190144927536233 0.17066013071895425 0.432368115942029
0 0.20969444444444443 0.30434782608695654 0.24464379084967322 0.2995159420289855 0.24872875816993464 0.4049913043478261 0.2115098039215686 0.4235101449275362
0 0.24691339869281045 0.2979072463768116 0.2841323529411765 0.2874405797101449 0.2836781045751634 0.3977449275362319 0.24555228758169934 0.411431884057971
0 0.28685620915032684 0.2850231884057971 0.3181732026143791 0.2777768115942029 0.3199885620915033 0.3872782608695652 0.2836781045751634 0.396136231884058
0 0.3204428104575163 0.2737507246376812 0.35766176470588235 0.2624811594202898 0.35766176470588235 0.3760057971014493 0.317718954248366 0.38647246376811595
0 0.35947712418300654 0.24959710144927538 0.3894330065359477 0.24557101449275362 0.3903415032679739 0.35909855072463764 0.3567532679738562 0.36715072463768117
0 0.3894330065359477 0.2544289855072464 0.42211274509803925 0.24154492753623188 0.42438235294117643 0.35104637681159423 0.3903415032679739 0.36231884057971014
0 0.42392810457516344 0.23510434782608697 0.45025490196078427 0.22866376811594202 0.4511617647058823 0.3285014492753623 0.4257450980392157 0.34138550724637684
0 0.01543137254901961 0.5008057971014492 0.05355882352941176 0.48872753623188403 0.05900490196078431 0.6103072463768117 0.015885620915032678 0.6264086956521738
0 0.05355882352941176 0.479872463768116 0.09713071895424837 0.4686 0.10393954248366012 0.5909826086956522 0.05809803921568627 0.5990347826086957
0 0.09985457516339868 0.4621565217391304 0.13480392156862744 0.4516898550724638 0.1384346405228758 0.5708521739130434 0.10620915032679738 0.5813217391304348
0 0.1370735294117647 0.44605507246376813 0.1697532679738562 0.4339768115942029 0.17338398692810458 0.5458927536231885 0.14297385620915032 0.5636057971014492
0 0.17338398692810458 0.43478260869565216 0.21241830065359477 0.42028985507246375 0.21423366013071893 0.5346202898550725 0.17383823529411763 0.547504347826087
0 0.21423366013071893 0.42190144927536233 0.25417647058823534 0.411431884057971 0.2564444444444444 0.5217391304347826 0.2178643790849673 0.5314
0 0.25599183006535947 0.41062898550724636 0.2891241830065359 0.4017710144927536 0.2900326797385621 0.5088579710144928 0.26098366013071894 0.5225449275362318
0 0.29230228758169935 0.40096521739130436 0.32316666666666666 0.3904985507246377 0.3240735294117647 0.49919420289855077 0.2900326797385621 0.5104666666666666
0 0.32498202614379085 0.38486376811594203 0.3599313725490196 0.3735913043478261 0.3603856209150327 0.479872463768116 0.32679738562091504 0.49355942028985506
0 0.35947712418300654 0.37681159420289856 0.3944264705882353 0.3663449275362319 0.39488071895424837 0.46618260869565215 0.35630065359477125 0.4766492753623188
0 0.39488071895424837 0.36715072463768117 0.4266519607843137 0.3582927536231884 0.4275604575163398 0.4412231884057971 0.3939722222222222 0.4516898550724638
0 0.4230212418300654 0.34943768115942025 0.4593316993464052 0.33735942028985505 0.4602401960784313 0.44605507246376813 0.4216601307189542 0.4541072463768116
0 0.02087908496732026 0.6264086956521738 0.05809803921568627 0.6127217391304348 0.06308986928104575 0.7214173913043479 0.021333333333333333 0.7375188405797101
0 0.05900490196078431 0.6054753623188406 0.10166993464052287 0.5885681159420291 0.10711764705882353 0.697263768115942 0.06535947712418301 0.7125594202898551
0 0.10439379084967321 0.5861507246376811 0.14206535947712418 0.572463768115942 0.14342810457516342 0.6747188405797101 0.10348529411764705 0.6924318840579711
0 0.14070424836601308 0.5668289855072464 0.17429248366013073 0.5515304347826087 0.17792320261437908 0.6642521739130435 0.14206535947712418 0.6714985507246377
0 0.1715686274509804 0.5491130434782608 0.21423366013071893 0.5394521739130435 0.21741176470588236 0.6553942028985507 0.17656209150326796 0.6682782608695652
0 0.21877287581699348 0.5330115942028986 0.25326797385620914 0.5249594202898551 0.25962254901960785 0.6312405797101449 0.21604901960784315 0.6473420289855072
0 0.2587140522875817 0.5314 0.28867156862745097 0.5161043478260869 0.29048692810457516 0.6191623188405797 0.2600767973856209 0.6320463768115943
0 0.2877630718954248 0.5152985507246377 0.326343137254902 0.5016115942028986 0.3290669934640523 0.5966173913043478 0.29275653594771245 0.6143304347826086
0 0.3277058823529412 0.5008057971014492 0.35766176470588235 0.48067536231884056 0.3617467320261438 0.5958144927536232 0.3277058823529412 0.6014492753623188
0 0.3585686274509804 0.48148115942028985 0.3894330065359477 0.47101449275362317 0.3935179738562091 0.5692434782608696 0.36537745098039215 0.5797101449275363
0 0.3939722222222222 0.46537971014492757 0.4234754901960784 0.45732753623188405 0.4271062091503268 0.5603855072463768 0.38988725490196074 0.5700492753623189
0 0.4230212418300654 0.4557159420289855 0.46069281045751637 0.4420289855072464 0.4593316993464052 0.5442840579710144 0.42846732026143786 0.5539449275362318
0 0.01997058823529412 0.7310782608695653 0.06535947712418301 0.7157797101449275 0.07080555555555555 0.832527536231884 0.029049019607843136 0.8518521739130435
0 0.06354411764705883 0.7181971014492753 0.10439379084967321 0.7061188405797101 0.10802450980392157 0.8260869565217391 0.06762908496732027 0.8373594202898551
0 0.187 0.6811594202898551 0.187 0.7898550724637681 0.22603431372549018 0.7705304347826087 0.22285784313725493 0.6578086956521739 0.18609313725490195 0.6682782608695652
0 0.2224035947712418 0.6505623188405797 0.26052941176470584 0.6425130434782609 0.2641617647058824 0.7495971014492754 0.22603431372549018 0.7640898550724637
0 0.2641617647058824 0.6360695652173912 0.3009264705882353 0.6256028985507246 0.3041029411764706 0.7318840579710145 0.26279901960784313 0.7447652173913044
0 0.3022875816993464 0.6215768115942029 0.3367826797385621 0.6159420289855072 0.3395065359477124 0.7165855072463768 0.30364869281045753 0.7310782608695653
0 0.39215686274509803 0.5684376811594203 0.4230212418300654 0.5595826086956522 0.43709150326797386 0.5740753623188406 0.4084967320261438 0.5861507246376811
0 0.4039575163398693 0.5829304347826086 0.40032679738562094 0.6932376811594203 0.43709150326797386 0.6755246376811594 0.43709150326797386 0.5772956521739131
0 0.43754575163398696 0.5603855072463768 0.4593316993464052 0.5571652173913044 0.46296241830065366 0.6489536231884059 0.43663725490196076 0.6610318840579711 0.4357303921568627 0.5595826086956522
0 0.06535947712418301 0.8454115942028985 0.02677941176470588 0.8582927536231884 0.02950326797385621 0.9694028985507247 0.07352941176470588 0.9557159420289855
0 0.06808333333333333 0.8357478260869566 0.1107483660130719 0.8220608695652174 0.11437908496732026 0.932368115942029 0.07125980392156862 0.9492753623188406
0 0.11437908496732026 0.8196463768115942 0.1511437908496732 0.8099826086956522 0.15477450980392157 0.9235101449275362 0.10938562091503268 0.9404173913043479 0.10847875816993463 0.8148144927536232
0 0.1525049019607843 0.8067623188405798 0.15205228758169934 0.9130434782608695 0.19063235294117648 0.9041855072463768 0.1883627450980392 0.7890492753623188
0 0.1915392156862745 0.7906608695652174 0.22694281045751635 0.7705304347826087 0.2292124183006536 0.8752000000000001 0.1929019607843137 0.8961362318840579
0 0.22966666666666669 0.766504347826087 0.26052941176470584 0.7528173913043478 0.2650686274509804 0.8631246376811594 0.22830392156862747 0.8679536231884059
0 0.25962254901960785 0.7536231884057971 0.30047222222222225 0.739936231884058 0.3009264705882353 0.8510463768115941 0.2618921568627451 0.8607072463768116
0 0.3031960784313726 0.7342985507246377 0.3031960784313726 0.8462144927536233 0.33859803921568626 0.8285014492753624 0.3376911764705882 0.7190028985507246 0.3031960784313726 0.728663768115942
0 0.3398153594771242 0.7149768115942029 0.36523202614379086 0.6996782608695652 0.3684101307189543 0.805959420289855 0.3393611111111111 0.8244753623188407
0 0.36704738562091505 0.7004840579710145 0.4001813725490196 0.6900173913043478 0.4001813725490196 0.7882434782608696 0.36704738562091505 0.8075681159420289
0 0.4010898692810458 0.6908202898550725 0.43331535947712424 0.6827710144927537 0.43286111111111114 0.777776811594203 0.3988202614379085 0.7882434782608696
0 0.4360392156862745 0.6698869565217391 0.46145588235294116 0.6537855072463769 0.46145588235294116 0.7504028985507246 0.43376960784313723 0.7673101449275361
0 0.0293578431372549 0.9661826086956522 0.02844934640522876 0.9971014492753624 0.07338398692810458 0.9971014492753624 0.07383823529411765 0.952495652173913
0 0.07656209150326798 0.9484695652173912 0.07656209150326798 0.9895333333333334 0.11831862745098039 0.9959739130434783 0.11786437908496732 0.9355884057971015
0 0.1165032679738562 0.9404173913043479 0.15372222222222223 0.9267304347826086 0.15599183006535947 0.9971014492753624 0.11559477124183007 0.9971014492753624 0.11287254901960785 0.9396144927536231
0 0.1555375816993464 0.9146550724637681 0.1913937908496732 0.8993565217391305 0.19366339869281046 0.9943652173913043 0.15599183006535947 0.9971014492753624
0 0.19275653594771242 0.9017710144927535 0.22679738562091506 0.8808376811594203 0.22997385620915034 0.9726260869565216 0.19820261437908496 0.9919478260869564
0 0.23269771241830065 0.8663449275362319 0.2662859477124183 0.8518521739130435 0.2662859477124183 0.9613536231884057 0.2322434640522876 0.9694028985507247
0 0.2681013071895425 0.8582927536231884 0.2976029411764706 0.8470202898550724 0.2989656862745098 0.9460550724637682 0.2649232026143791 0.9557159420289855
0 0.2989656862745098 0.855072463768116 0.3366372549019608 0.8317217391304348 0.3334607843137255 0.9355884057971015 0.30032679738562096 0.9452492753623188
0 0.33209803921568626 0.8285014492753624 0.366140522875817 0.8091797101449275 0.3679558823529412 0.9074086956521739 0.3357303921568628 0.9235101449275362
0 0.3679558823529412 0.8099826086956522 0.3956421568627451 0.7930753623188406 0.39927450980392154 0.8872782608695652 0.3706797385620915 0.904991304347826
0 0.3951895424836601 0.7906608695652174 0.42877614379084966 0.7737507246376812 0.432406862745098 0.8711768115942029 0.4029052287581699 0.8921101449275363
0 0.432406862745098 0.7761681159420291 0.4623643790849673 0.7512086956521739 0.4623643790849673 0.8454115942028985 0.43195424836601304 0.8639304347826087