0 0.38126307189542485 0.3251642156862745 0.3156323529411765 0.36568872549019604 0.3145424836601307 0.44733823529411765 0.4910130718954248 0.5028578431372549 0.48665522875816997 0.42121078431372555 0.547658496732026 0.38691666666666663
0 0.5650866013071896 0.3983480392156863 0.49863888888888885 0.429375 0.4953709150326797 0.5208210784313726 0.6958055555555556 0.586139705882353 0.6936274509803921 0.4848946078431372 0.7502728758169934 0.43917156862745094
0 0.7121454248366014 0.4885612745098039 0.8592042483660131 0.38691666666666663 0.9626911764705883 0.42284313725490197 0.9681372549019608 0.5142892156862745 0.813452614379085 0.6122671568627451 0.7110571895424836 0.5812401960784314
0 0.6489656862745098 0.349360294117647 0.5846944444444445 0.38691666666666663 0.7709689542483661 0.43917156862745094 0.8472222222222222 0.3918161764705882
0 0.5770702614379084 0.5567450980392157 0.6838235294117647 0.5812401960784314 0.682733660130719 0.6759509803921568 0.5879624183006537 0.6498235294117647
0 0.49836601307189543 0.5253259803921568 0.579248366013072 0.5665441176470588 0.5727124183006536 0.6498235294117647 0.4877450980392157 0.6122671568627451
0 0.401687908496732 0.4865294117647059 0.4910130718954248 0.5175539215686275 0.4801192810457517 0.6138995098039216 0.3831699346405229 0.5796078431372549
0 0.3145424836601307 0.46200980392156865 0.3984199346405229 0.4914264705882353 0.3842598039215686 0.5812401960784314 0.31236437908496734 0.5518455882352941
0 0.6917205882352941 0.5886446078431372 0.8080065359477124 0.6171642156862746 0.7949346405228758 0.7086102941176471 0.690359477124183 0.6792181372549019
0 0.8060996732026144 0.6866838235294117 0.9507075163398693 0.5453137254901961 0.9983660130718954 0.5649093137254902 0.9953709150326798 0.6236960784313725 0.9114918300653594 0.7004460784313725 0.9060457516339869 0.8033235294117647 0.7916666666666666 0.7706642156862745
0 0.9163937908496732 0.7152769607843138 0.9983660130718954 0.6416593137254902 0.9983660130718954 0.7984240196078431 0.9528872549019608 0.7771960784313725 0.9507075163398693 0.8310833333333333 0.9354575163398693 0.8278161764705882
0 0.7911225490196078 0.7908504901960783 0.9169395424836602 0.8033235294117647 0.9158496732026143 0.888235294117647 0.8711879084967321 0.8670073529411764 0.8722761437908496 0.9094656862745099 0.7949346405228758 0.8947671568627451 0.7916666666666666 0.7967916666666667
0 0.8156323529411764 0.9031862745098039 0.8145424836601307 0.9975490196078431 0.8548480392156863 0.9878480392156862 0.863562091503268 0.9094656862745099
0 0.48665522875816997 0.6204313725490196 0.4877450980392157 0.7200416666666666 0.5803382352941177 0.7461691176470588 0.5825163398692811 0.6383946078431372 0.4899232026143791 0.6204313725490196
0 0.5882352941176471 0.6601299019607844 0.5846944444444445 0.7412696078431372 0.7927565359477123 0.8180196078431373 0.7905767973856209 0.695546568627451
0 0.6004901960784313 0.7561274509803921 0.5944983660130719 0.8278161764705882 0.813452614379085 0.9225294117647058 0.7927565359477123 0.8114877450980392
0 0.6004901960784313 0.8316985294117648 0.5955882352941176 0.9208946078431373 0.7851307189542484 0.9975490196078431 0.8069166666666667 0.9306936274509804
0 0.4929199346405228 0.7295759803921568 0.4910130718954248 0.8082205882352942 0.5814264705882354 0.8441470588235294 0.5879624183006537 0.7461691176470588
0 0.48747222222222225 0.8214877450980391 0.4812091503267974 0.8964019607843138 0.5683545751633987 0.9437573529411765 0.5770702614379084 0.8392475490196079
0 0.494281045751634 0.9133995098039215 0.48338725490196083 0.9975490196078431 0.5716225490196079 0.9975490196078431 0.5705343137254901 0.9339583333333333 0.494281045751634 0.9290612745098039
0 0.3159035947712418 0.5600490196078431 0.48556699346405224 0.6204313725490196 0.48447712418300654 0.6808504901960784 0.3243464052287582 0.6253308823529412
0 0.3232565359477124 0.6318627450980392 0.48338725490196083 0.6792181372549019 0.47903104575163397 0.7771960784313725 0.31236437908496734 0.695546568627451
0 0.3145424836601307 0.7234485294117646 0.48556699346405224 0.788625 0.4703153594771242 0.8768063725490197 0.305828431372549 0.7967916666666667
0 0.30691666666666667 0.8212843137254902 0.4822990196078431 0.8866029411764705 0.47685130718954255 0.9617205882352942 0.30256045751633986 0.8915024509803922
0 0.30691666666666667 0.8996666666666667 0.47685130718954255 0.9666176470588235 0.47685130718954255 0.9894803921568628 0.3090964052287582 0.9649852941176471 0.3090964052287582 0.9012990196078432
0 0.16884477124183006 0.1638063725490196 0.28513071895424835 0.2040269607843137 0.2905767973856209 0.28567401960784317 0.1663937908496732 0.24321813725490196
0 0.13071895424836602 0.25980392156862747 0.2873088235294118 0.28894117647058826 0.2960245098039216 0.352625 0.12608986928104576 0.32813235294117643
0 0.2042483660130719 0.36601225490196077 0.27532679738562094 0.36242401960784315 0.27641666666666664 0.4587671568627451 0.1925375816993464 0.43753921568627446
0 0.12173202614379085 0.349360294117647 0.18926960784313726 0.35099264705882355 0.1860016339869281 0.42774264705882353 0.12173202614379085 0.3983480392156863 0.13044607843137254 0.34119607843137256
0 0.12391013071895425 0.42728676470588234 0.190359477124183 0.42774264705882353 0.20452124183006537 0.5093897058823529 0.1358937908496732 0.49306127450980397
0 0.1424297385620915 0.515921568627451 0.20452124183006537 0.5224534313725491 0.20016339869281047 0.592671568627451 0.1380718954248366 0.5779730392156862 0.14024999999999999 0.5110220588235295
0 0.21432516339869281 0.4669338235294117 0.28948856209150325 0.4718308823529412 0.2873088235294118 0.5469485294117648 0.21323529411764705 0.5322524509803921
0 0.21432516339869281 0.5355171568627451 0.29275653594771245 0.5485808823529412 0.2862205882352941 0.6236960784313725 0.20452124183006537 0.6008357843137254
0 0.13071895424836602 0.5886446078431372 0.1968954248366013 0.5912941176470587 0.20016339869281047 0.6762083333333333 0.11737418300653595 0.6615122549019608 0.12282189542483661 0.5880294117647059
0 0.21105718954248368 0.6213235294117647 0.2785947712418301 0.6321176470588236 0.28077287581699345 0.7056004901960784 0.21105718954248368 0.687639705882353
0 0.21650326797385622 0.6928112745098038 0.28948856209150325 0.7121323529411765 0.29384477124183006 0.7872499999999999 0.22194934640522876 0.7627549019607843
0 0.240468954248366 0.7823504901960785 0.29820261437908496 0.8068455882352941 0.2971127450980392 0.8754289215686275 0.23502124183006537 0.8509362745098039
0 0.2317532679738562 0.8607328431372548 0.305828431372549 0.8835931372549019 0.29384477124183006 0.9374828431372549 0.22086111111111112 0.9080882352941176
0 0.2426470588235294 0.9227843137254902 0.2361111111111111 0.9848382352941177 0.2971127450980392 0.9975490196078431 0.29820261437908496 0.9407475490196078
0 0.1533218954248366 0.9717745098039215 0.1511437908496732 0.9975490196078431 0.2317532679738562 0.9930024509803921 0.22739705882352942 0.960343137254902
0 0.14133986928104575 0.8982916666666666 0.22739705882352942 0.8982916666666666 0.23502124183006537 0.960343137254902 0.1467859477124183 0.960343137254902 0.14896568627450982 0.8950245098039216
0 0.11982516339869281 0.684639705882353 0.2034313725490196 0.6794754901960784 0.2077892156862745 0.7529583333333333 0.11955392156862746 0.7464264705882352
0 0.1279950980392157 0.7520416666666667 0.21541339869281045 0.7611225490196079 0.21977124183006536 0.8313406862745099 0.13044607843137254 0.8231740196078432
0 0.13616503267973856 0.8316985294117648 0.22739705882352942 0.8280735294117647 0.22086111111111112 0.8933921568627451 0.15223366013071896 0.8835931372549019 0.13916176470588235 0.8199093137254903
0 0.2873088235294118 0.2107843137254902 0.3613839869281046 0.1791470588235294 0.37227614379084967 0.24773039215686274 0.2949346405228758 0.2787573529411765
0 0.29956372549019605 0.28431372549019607 0.34395424836601307 0.26895833333333335 0.35375816993464054 0.32121323529411766 0.29820261437908496 0.36530392156862745
0 0.7244003267973856 0.2802279411764706 0.924563725490196 0.3375441176470588 0.8657401960784313 0.3897990196078432 0.6653055555555555 0.32448039215686275
0 0.6004901960784313 0.22099754901960786 0.7785947712418301 0.24119852941176473 0.7241290849673202 0.277125 0.5607303921568627 0.2542622549019608
0 0.5296846405228758 0.2577622549019608 0.7154133986928105 0.28202205882352943 0.6424297385620915 0.32448039215686275 0.47249509803921563 0.28692156862745094
0 0.4684101307189542 0.29044117647058826 0.6402500000000001 0.3375441176470588 0.5650866013071896 0.3848995098039215 0.39624183006535946 0.3179485294117647 0.4583333333333333 0.28855392156862747
0 0.7843137254901961 0.2516348039215686 0.979031045751634 0.3114166666666667 0.9212957516339869 0.33917647058823525 0.7361111111111112 0.28202205882352943
0 0.8837140522875816 0.38235294117647056 0.9983660130718954 0.3097843137254902 0.9964591503267973 0.3848995098039215 0.9692271241830066 0.4110269607843138 0.8929738562091504 0.38653186274509804
0 0.1729297385620915 0.1556372549019608 0.24809313725490195 0.13531372549019607 0.36356209150326796 0.1712377450980392 0.282952614379085 0.20879656862745097