0 0.042483660130718956 0.16461916461916462 0.032679738562091505 0.044226044226044224
0 0.07516339869281045 0.16339066339066338 0.0392156862745098 0.036855036855036855
0 0.11274509803921569 0.16461916461916462 0.032679738562091505 0.03931203931203931
0 0.14869281045751634 0.1597051597051597 0.032679738562091505 0.0343980343980344
0 0.18627450980392157 0.16584766584766586 0.042483660130718956 0.036855036855036855
0 0.2246732026143791 0.16216216216216217 0.027777777777777776 0.03931203931203931
0 0.06045751633986928 0.21253071253071254 0.06209150326797386 0.04668304668304668
0 0.12826797385620914 0.21253071253071254 0.06699346405228758 0.036855036855036855
0 0.2034313725490196 0.21007371007371006 0.07352941176470588 0.04176904176904177
0 0.03758169934640523 0.2616707616707617 0.032679738562091505 0.03194103194103194
0 0.0727124183006536 0.2592137592137592 0.03431372549019608 0.04668304668304668
0 0.10866013071895425 0.2592137592137592 0.03104575163398693 0.04668304668304668
0 0.14297385620915032 0.2628992628992629 0.03758169934640523 0.044226044226044224
0 0.17892156862745098 0.26044226044226043 0.03758169934640523 0.04914004914004914
0 0.22794117647058823 0.2628992628992629 0.05392156862745098 0.03931203931203931
0 0.21160130718954248 0.3095823095823096 0.08006535947712418 0.044226044226044224
0 0.12990196078431374 0.3095823095823096 0.07026143790849673 0.0343980343980344
0 0.058823529411764705 0.3034398034398034 0.05555555555555555 0.03194103194103194
0 0.032679738562091505 0.3538083538083538 0.029411764705882353 0.03931203931203931
0 0.06454248366013073 0.35503685503685506 0.03431372549019608 0.04668304668304668
0 0.10049019607843138 0.3476658476658477 0.03431372549019608 0.04176904176904177
0 0.13725490196078433 0.3501228501228501 0.032679738562091505 0.04176904176904177
0 0.17973856209150327 0.35503685503685506 0.03594771241830065 0.051597051597051594
0 0.22630718954248366 0.3574938574938575 0.05392156862745098 0.036855036855036855
0 0.26062091503267976 0.15724815724815724 0.03431372549019608 0.0343980343980344
0 0.06045751633986928 0.12162162162162163 0.0718954248366013 0.04668304668304668
0 0.12990196078431374 0.1167076167076167 0.07352941176470588 0.04668304668304668
0 0.22058823529411764 0.11056511056511056 0.10784313725490197 0.03931203931203931
0 0.2622549019607843 0.214987714987715 0.03104575163398693 0.04176904176904177
0 0.30310457516339867 0.20638820638820637 0.04084967320261438 0.029484029484029485
0 0.3022875816993464 0.24447174447174447 0.0457516339869281 0.04176904176904177
0 0.2696078431372549 0.300982800982801 0.016339869281045753 0.02702702702702703
0 0.3014705882352941 0.29484029484029484 0.03758169934640523 0.0343980343980344
0 0.3014705882352941 0.3415233415233415 0.03758169934640523 0.0343980343980344
0 0.2704248366013072 0.3501228501228501 0.027777777777777776 0.04176904176904177
0 0.01715686274509804 0.5282555282555282 0.027777777777777776 0.0343980343980344
0 0.049019607843137254 0.5331695331695332 0.029411764705882353 0.044226044226044224
0 0.08496732026143791 0.5356265356265356 0.03594771241830065 0.04914004914004914
0 0.11683006535947713 0.5343980343980343 0.03104575163398693 0.04668304668304668
0 0.15196078431372548 0.5368550368550369 0.0392156862745098 0.036855036855036855
0 0.22058823529411764 0.5356265356265356 0.08823529411764706 0.05405405405405406
0 0.01715686274509804 0.5700245700245701 0.03104575163398693 0.044226044226044224
0 0.06699346405228758 0.5749385749385749 0.058823529411764705 0.03931203931203931
0 0.136437908496732 0.5872235872235873 0.07352941176470588 0.044226044226044224
0 0.2181372549019608 0.585995085995086 0.08986928104575163 0.036855036855036855
0 0.018790849673202614 0.6154791154791155 0.027777777777777776 0.036855036855036855
0 0.04820261437908497 0.6228501228501229 0.027777777777777776 0.036855036855036855
0 0.08088235294117647 0.6228501228501229 0.03104575163398693 0.04176904176904177
0 0.11601307189542484 0.6277641277641277 0.029411764705882353 0.036855036855036855
0 0.14869281045751634 0.6314496314496314 0.0392156862745098 0.03931203931203931
0 0.2173202614379085 0.6351351351351351 0.08823529411764706 0.04176904176904177
0 0.21568627450980393 0.6805896805896806 0.0915032679738562 0.03931203931203931
0 0.1323529411764706 0.6695331695331695 0.06535947712418301 0.036855036855036855
0 0.06781045751633986 0.6683046683046683 0.06699346405228758 0.044226044226044224
0 0.015522875816993464 0.6597051597051597 0.03104575163398693 0.03194103194103194
0 0.01715686274509804 0.7063882063882064 0.03104575163398693 0.036855036855036855
0 0.051470588235294115 0.7063882063882064 0.03431372549019608 0.04668304668304668
0 0.08415032679738563 0.7125307125307125 0.027777777777777776 0.044226044226044224
0 0.1111111111111111 0.7186732186732187 0.032679738562091505 0.036855036855036855
0 0.14950980392156862 0.726044226044226 0.03758169934640523 0.04176904176904177
0 0.21650326797385622 0.7272727272727273 0.08006535947712418 0.044226044226044224
0 0.2777777777777778 0.5307125307125307 0.0196078431372549 0.0343980343980344
0 0.27369281045751637 0.5761670761670762 0.021241830065359478 0.04176904176904177
0 0.2761437908496732 0.6240786240786241 0.0196078431372549 0.029484029484029485
0 0.27369281045751637 0.6670761670761671 0.024509803921568627 0.02702702702702703
0 0.2769607843137255 0.7113022113022113 0.017973856209150325 0.04668304668304668
0 0.3088235294117647 0.5196560196560197 0.0392156862745098 0.036855036855036855
0 0.3022875816993464 0.5700245700245701 0.0196078431372549 0.02457002457002457
0 0.3112745098039216 0.6154791154791155 0.04084967320261438 0.036855036855036855
0 0.3137254901960784 0.6523341523341524 0.0392156862745098 0.03194103194103194
0 0.3055555555555556 0.6891891891891891 0.03594771241830065 0.04176904176904177
0 0.37826797385620914 0.11916461916461916 0.06699346405228758 0.04176904176904177
0 0.45669934640522875 0.12285012285012285 0.07026143790849673 0.03931203931203931
0 0.5302287581699346 0.11547911547911548 0.07352941176470588 0.04914004914004914
0 0.6078431372549019 0.12162162162162163 0.0718954248366013 0.051597051597051594
0 0.6977124183006536 0.1167076167076167 0.10130718954248366 0.051597051597051594
0 0.375 0.17076167076167076 0.07679738562091504 0.03194103194103194
0 0.43790849673202614 0.17076167076167076 0.032679738562091505 0.04176904176904177
0 0.477124183006536 0.1683046683046683 0.029411764705882353 0.04176904176904177
0 0.5302287581699346 0.16707616707616707 0.08006535947712418 0.044226044226044224
0 0.5931372549019608 0.1683046683046683 0.0392156862745098 0.04176904176904177
0 0.6372549019607843 0.171990171990172 0.0392156862745098 0.05405405405405406
0 0.6748366013071896 0.16953316953316952 0.0457516339869281 0.044226044226044224
0 0.7344771241830066 0.171990171990172 0.07026143790849673 0.0343980343980344
0 0.7075163398692811 0.22358722358722358 0.08823529411764706 0.03931203931203931
0 0.6176470588235294 0.22113022113022113 0.0784313725490196 0.03931203931203931
0 0.5375816993464052 0.21375921375921375 0.08169934640522876 0.03931203931203931
0 0.45669934640522875 0.22113022113022113 0.07026143790849673 0.03931203931203931
0 0.3839869281045752 0.22235872235872237 0.0718954248366013 0.036855036855036855
0 0.3799019607843137 0.2702702702702703 0.07026143790849673 0.029484029484029485
0 0.43709150326797386 0.273955773955774 0.03104575163398693 0.04668304668304668
0 0.4738562091503268 0.269041769041769 0.029411764705882353 0.036855036855036855
0 0.5138888888888888 0.269041769041769 0.03758169934640523 0.04176904176904177
0 0.5514705882352942 0.2714987714987715 0.03431372549019608 0.04176904176904177
0 0.5923202614379085 0.2678132678132678 0.03758169934640523 0.03931203931203931
0 0.6331699346405228 0.2751842751842752 0.03431372549019608 0.04914004914004914
0 0.6748366013071896 0.2764127764127764 0.0392156862745098 0.04668304668304668
0 0.7312091503267973 0.2702702702702703 0.06045751633986928 0.04914004914004914
0 0.7099673202614379 0.32186732186732187 0.09313725490196079 0.03931203931203931
0 0.6168300653594772 0.31695331695331697 0.07352941176470588 0.044226044226044224
0 0.5383986928104575 0.32063882063882065 0.08006535947712418 0.04668304668304668
0 0.46078431372549017 0.3194103194103194 0.06535947712418301 0.0343980343980344
0 0.3831699346405229 0.3181818181818182 0.07026143790849673 0.04176904176904177
0 0.3831699346405229 0.35995085995085996 0.07352941176470588 0.04668304668304668
0 0.4387254901960784 0.36609336609336607 0.024509803921568627 0.044226044226044224
0 0.47794117647058826 0.36609336609336607 0.04084967320261438 0.044226044226044224
0 0.5163398692810458 0.36732186732186733 0.03594771241830065 0.04176904176904177
0 0.5571895424836601 0.3759213759213759 0.032679738562091505 0.03931203931203931
0 0.5955882352941176 0.37346437346437344 0.03104575163398693 0.03931203931203931
0 0.636437908496732 0.371007371007371 0.03104575163398693 0.044226044226044224
0 0.6805555555555556 0.36732186732186733 0.03758169934640523 0.051597051597051594
0 0.7328431372549019 0.3783783783783784 0.04738562091503268 0.03931203931203931
0 0.3464052287581699 0.5442260442260443 0.03594771241830065 0.03194103194103194
0 0.3831699346405229 0.5405405405405406 0.03431372549019608 0.044226044226044224
0 0.42401960784313725 0.5491400491400491 0.03431372549019608 0.04668304668304668
0 0.4599673202614379 0.5503685503685504 0.021241830065359478 0.044226044226044224
0 0.4959150326797386 0.5528255528255528 0.03758169934640523 0.044226044226044224
0 0.5383986928104575 0.5552825552825553 0.03758169934640523 0.03931203931203931
0 0.5906862745098039 0.5601965601965602 0.03758169934640523 0.04914004914004914
0 0.6299019607843137 0.5552825552825553 0.03431372549019608 0.05405405405405406
0 0.7083333333333334 0.5528255528255528 0.09640522875816994 0.04914004914004914
0 0.3700980392156863 0.5933660933660934 0.06699346405228758 0.04176904176904177
0 0.4411764705882353 0.5982800982800983 0.06862745098039216 0.036855036855036855
0 0.5228758169934641 0.5995085995085995 0.08169934640522876 0.04914004914004914
0 0.6119281045751634 0.5995085995085995 0.08006535947712418 0.03931203931203931
0 0.7001633986928104 0.6068796068796068 0.09640522875816994 0.044226044226044224
0 0.6985294117647058 0.6560196560196561 0.08660130718954248 0.03931203931203931
0 0.6331699346405228 0.6560196560196561 0.03104575163398693 0.03931203931203931
0 0.5906862745098039 0.6486486486486487 0.04411764705882353 0.04914004914004914
0 0.5424836601307189 0.6547911547911548 0.042483660130718956 0.04176904176904177
0 0.5024509803921569 0.6498771498771498 0.03758169934640523 0.036855036855036855
0 0.4616013071895425 0.644963144963145 0.027777777777777776 0.036855036855036855
0 0.42483660130718953 0.6437346437346437 0.032679738562091505 0.044226044226044224
0 0.3897058823529412 0.64004914004914 0.04411764705882353 0.04176904176904177
0 0.352124183006536 0.6388206388206388 0.027777777777777776 0.0343980343980344
0 0.3741830065359477 0.687960687960688 0.0718954248366013 0.029484029484029485
0 0.4477124183006536 0.6867321867321867 0.06535947712418301 0.051597051597051594
0 0.5228758169934641 0.7039312039312039 0.07516339869281045 0.051597051597051594
0 0.6070261437908496 0.7100737100737101 0.07352941176470588 0.04914004914004914
0 0.7116013071895425 0.7088452088452089 0.10947712418300654 0.04668304668304668
0 0.7058823529411765 0.7616707616707616 0.10457516339869281 0.04914004914004914
0 0.6290849673202614 0.7592137592137592 0.03594771241830065 0.0343980343980344
0 0.5882352941176471 0.7530712530712531 0.03594771241830065 0.036855036855036855
0 0.5408496732026143 0.7518427518427518 0.042483660130718956 0.044226044226044224
0 0.5008169934640523 0.7592137592137592 0.03104575163398693 0.044226044226044224
0 0.4730392156862745 0.7530712530712531 0.04084967320261438 0.051597051597051594
0 0.3545751633986928 0.7395577395577395 0.03594771241830065 0.044226044226044224
0 0.39215686274509803 0.7407862407862408 0.0457516339869281 0.051597051597051594
0 0.42810457516339867 0.7371007371007371 0.032679738562091505 0.044226044226044224
0 0.7892156862745098 0.15847665847665848 0.03594771241830065 0.036855036855036855
0 0.8537581699346405 0.1511056511056511 0.03104575163398693 0.036855036855036855
0 0.8823529411764706 0.13022113022113022 0.029411764705882353 0.0343980343980344
0 0.8856209150326797 0.22727272727272727 0.026143790849673203 0.036855036855036855
0 0.7712418300653595 0.6265356265356266 0.7696078431372549 0.6633906633906634 0.795751633986928 0.6560196560196561 0.7973856209150327 0.6068796068796068
0 0.7671568627450981 0.5491400491400491 0.008169934640522876 0.051597051597051594
0 0.7875816993464052 0.5393120393120393 0.029411764705882353 0.04668304668304668
0 0.8333333333333334 0.5098280098280098 0.05228758169934641 0.04176904176904177
0 0.7638888888888888 0.2641277641277641 0.011437908496732025 0.056511056511056514
0 0.8627450980392157 0.47665847665847666 0.8627450980392157 0.5257985257985258 0.8888888888888888 0.5036855036855037 0.8921568627450981 0.4668304668304668
0 0.7516339869281046 0.6339066339066339 0.7450980392156863 0.6707616707616708 0.7712418300653595 0.6609336609336609 0.7679738562091504 0.6167076167076168
0 0.7973856209150327 0.6093366093366094 0.8006535947712419 0.6535626535626535 0.8333333333333334 0.6265356265356266 0.8316993464052288 0.5872235872235873
0 0.8284313725490197 0.5872235872235873 0.8316993464052288 0.6314496314496314 0.8643790849673203 0.6240786240786241 0.8627450980392157 0.5749385749385749
0 0.7581699346405228 0.7272727272727273 0.7598039215686274 0.7764127764127764 0.7941176470588235 0.7542997542997543 0.7941176470588235 0.7027027027027027 0.7696078431372549 0.7223587223587223
0 0.7973856209150327 0.7051597051597052 0.7973856209150327 0.7542997542997543 0.8251633986928104 0.7248157248157249 0.8218954248366013 0.6756756756756757
0 0.8235294117647058 0.683046683046683 0.8251633986928104 0.7321867321867321 0.8529411764705882 0.7100737100737101 0.8545751633986928 0.6633906633906634
0 0.8823529411764706 0.6486486486486487 0.8529411764705882 0.6609336609336609 0.8594771241830066 0.714987714987715 0.8872549019607843 0.6977886977886978
0 0.8856209150326797 0.5552825552825553 0.8594771241830066 0.5749385749385749 0.8627450980392157 0.628992628992629 0.8888888888888888 0.6142506142506142
0 0.7549019607843137 0.3464373464373464 0.7549019607843137 0.3857493857493858 0.7712418300653595 0.3832923832923833 0.7728758169934641 0.3366093366093366
0 0.7761437908496732 0.33906633906633904 0.7728758169934641 0.3857493857493858 0.7859477124183006 0.3759213759213759 0.7908496732026143 0.32923832923832924
0 0.803921568627451 0.3316953316953317 0.7924836601307189 0.33415233415233414 0.7908496732026143 0.3906633906633907 0.8022875816993464 0.36363636363636365
0 0.8169934640522876 0.31695331695331697 0.7990196078431373 0.32923832923832924 0.8006535947712419 0.371007371007371 0.8202614379084967 0.36117936117936117
0 0.8333333333333334 0.32678132678132676 0.8186274509803921 0.32678132678132676 0.8202614379084967 0.36363636363636365 0.8431372549019608 0.36609336609336607
0 0.8578431372549019 0.31695331695331697 0.8398692810457516 0.31695331695331697 0.8382352941176471 0.35626535626535627 0.8627450980392157 0.3488943488943489
0 0.9003267973856209 0.28992628992628994 0.8660130718954249 0.3046683046683047 0.8660130718954249 0.36363636363636365 0.8921568627450981 0.3464373464373464 0.8937908496732027 0.3071253071253071
0 0.7761437908496732 0.24324324324324326 0.7777777777777778 0.28255528255528256 0.8022875816993464 0.2751842751842752 0.803921568627451 0.23095823095823095
0 0.8071895424836601 0.2285012285012285 0.8055555555555556 0.257985257985258 0.8349673202614379 0.26044226044226043 0.8316993464052288 0.22358722358722358
0 0.8366013071895425 0.22604422604422605 0.8382352941176471 0.2678132678132678 0.8725490196078431 0.25307125307125306 0.8627450980392157 0.2113022113022113
0 0.7549019607843137 0.3022113022113022 0.7549019607843137 0.3415233415233415 0.7777777777777778 0.33415233415233414 0.7761437908496732 0.28255528255528256
0 0.7794117647058824 0.2972972972972973 0.7794117647058824 0.32923832923832924 0.8055555555555556 0.32432432432432434 0.8055555555555556 0.27764127764127766
0 0.8055555555555556 0.28746928746928746 0.8071895424836601 0.31695331695331697 0.8382352941176471 0.3046683046683047 0.8349673202614379 0.2727272727272727
0 0.8611111111111112 0.26535626535626533 0.8366013071895425 0.2727272727272727 0.8349673202614379 0.3095823095823096 0.869281045751634 0.3022113022113022
0 0.8071895424836601 0.13022113022113022 0.8169934640522876 0.1769041769041769 0.8398692810457516 0.16707616707616707 0.8398692810457516 0.11547911547911548
0 0.7581699346405228 0.20147420147420148 0.7483660130718954 0.24815724815724816 0.7745098039215687 0.23832923832923833 0.7728758169934641 0.18673218673218672
0 0.7777777777777778 0.19901719901719903 0.7777777777777778 0.2285012285012285 0.8104575163398693 0.21867321867321868 0.8055555555555556 0.18673218673218672
0 0.8088235294117647 0.1891891891891892 0.8088235294117647 0.2113022113022113 0.8366013071895425 0.2113022113022113 0.8366013071895425 0.1891891891891892
0 0.8366013071895425 0.17444717444717445 0.8415032679738562 0.22113022113022113 0.8758169934640523 0.20393120393120392 0.8676470588235294 0.1769041769041769
0 0.9035947712418301 0.07371007371007371 0.9068627450980392 0.12530712530712532 0.9395424836601307 0.11793611793611794 0.9395424836601307 0.07371007371007371
0 0.946078431372549 0.07616707616707617 0.9411764705882353 0.11793611793611794 0.9803921568627451 0.11793611793611794 0.9771241830065359 0.07616707616707617
0 0.9101307189542484 0.12039312039312039 0.9101307189542484 0.171990171990172 0.9803921568627451 0.16461916461916462 0.9722222222222222 0.11547911547911548
0 0.9019607843137255 0.16953316953316952 0.9052287581699346 0.21867321867321868 0.9771241830065359 0.21621621621621623 0.9771241830065359 0.1597051597051597
0 0.9101307189542484 0.21867321867321868 0.9052287581699346 0.2678132678132678 0.9722222222222222 0.26044226044226043 0.9787581699346405 0.21375921375921375
0 0.9754901960784313 0.2678132678132678 0.9803921568627451 0.3095823095823096 0.9052287581699346 0.29975429975429974 0.9019607843137255 0.2628992628992629
0 0.9689542483660131 0.43734643734643736 0.9003267973856209 0.4226044226044226 0.8970588235294118 0.371007371007371 0.954248366013072 0.3783783783783784
0 0.9003267973856209 0.43734643734643736 0.9035947712418301 0.47665847665847666 0.9705882352941176 0.47174447174447176 0.9656862745098039 0.4348894348894349
0 0.9019607843137255 0.48402948402948404 0.8986928104575164 0.5257985257985258 0.9624183006535948 0.5331695331695332 0.9656862745098039 0.47911547911547914
0 0.8970588235294118 0.5331695331695332 0.8986928104575164 0.5651105651105651 0.9624183006535948 0.5798525798525799 0.9624183006535948 0.5405405405405406
0 0.9019607843137255 0.5700245700245701 0.8954248366013072 0.6314496314496314 0.9640522875816994 0.6142506142506142 0.9640522875816994 0.5798525798525799 0.9133986928104575 0.5675675675675675
0 0.9003267973856209 0.6265356265356266 0.9019607843137255 0.6658476658476659 0.9705882352941176 0.6683046683046683 0.9656862745098039 0.6265356265356266
0 0.869281045751634 0.2628992628992629 0.8676470588235294 0.29484029484029484 0.9003267973856209 0.29484029484029484 0.8970588235294118 0.25307125307125306
0 0.9983660130718954 0.3857493857493858 0.9656862745098039 0.3931203931203931 0.9558823529411765 0.43243243243243246 0.9983660130718954 0.44471744471744473
0 0.9950980392156863 0.44226044226044225 0.9689542483660131 0.43243243243243246 0.9738562091503268 0.47911547911547914 0.9918300653594772 0.4963144963144963
0 0.9967320261437909 0.4987714987714988 0.9689542483660131 0.48894348894348894 0.9673202614379085 0.5184275184275184 0.9983660130718954 0.5405405405405406
0 0.9967320261437909 0.5454545454545454 0.9656862745098039 0.5331695331695332 0.9689542483660131 0.5896805896805897 0.9983660130718954 0.5847665847665847
0 0.9950980392156863 0.5847665847665847 0.9689542483660131 0.5847665847665847 0.9689542483660131 0.6265356265356266 0.9983660130718954 0.6363636363636364
0 0.9983660130718954 0.6412776412776413 0.9722222222222222 0.6240786240786241 0.9705882352941176 0.6609336609336609 0.9967320261437909 0.6805896805896806
0 0.7728758169934641 0.6867321867321867 0.013071895424836602 0.02702702702702703
0 0.7900326797385621 0.6842751842751843 0.011437908496732025 0.03194103194103194
0 0.8112745098039216 0.6769041769041769 0.021241830065359478 0.02702702702702703
0 0.7826797385620915 0.5896805896805897 0.02287581699346405 0.02457002457002457
0 0.8055555555555556 0.5798525798525799 0.016339869281045753 0.0343980343980344
0 0.826797385620915 0.5737100737100738 0.013071895424836602 0.03194103194103194
0 0.755718954248366 0.597051597051597 0.017973856209150325 0.044226044226044224
0 0.8790849673202614 0.5393120393120393 0.0196078431372549 0.03194103194103194
0 0.8758169934640523 0.6388206388206388 0.016339869281045753 0.019656019656019656
0 0.9918300653594772 0.0945945945945946 0.016339869281045753 0.03194103194103194
0 0.9901960784313726 0.14373464373464373 0.0196078431372549 0.04176904176904177
0 0.9910130718954249 0.18304668304668303 0.017973856209150325 0.036855036855036855
0 0.988562091503268 0.2334152334152334 0.02287581699346405 0.029484029484029485
0 0.9926470588235294 0.28378378378378377 0.014705882352941176 0.051597051597051594
0 0.012254901960784314 0.16584766584766586 0.021241830065359478 0.051597051597051594
0 0.011437908496732025 0.20884520884520885 0.02287581699346405 0.03931203931203931
0 0.008169934640522876 0.25184275184275184 0.016339869281045753 0.051597051597051594
0 0.01715686274509804 0.3046683046683047 0.021241830065359478 0.044226044226044224
0 0.007352941176470588 0.35135135135135137 0.014705882352941176 0.0343980343980344
0 0.3022875816993464 0.1547911547911548 0.03594771241830065 0.0343980343980344
0 0.9444444444444444 0.04914004914004914 0.06862745098039216 0.044226044226044224