0 0.15013071895424837 0.8971568627450981 0.09813725490196079 0.05975490196078431
0 0.2123202614379085 0.8949509803921568 0.016519607843137253 0.05830882352941176
0 0.23369281045751636 0.8942401960784314 0.012630718954248367 0.05392156862745098
0 0.2560457516339869 0.8949509803921568 0.01457516339869281 0.05247549019607843
0 0.2759640522875817 0.8927696078431373 0.015555555555555555 0.06267156862745098
0 0.2958986928104575 0.8978676470588235 0.020408496732026143 0.0553921568627451
0 0.31776143790849676 0.8942401960784314 0.017483660130718955 0.06267156862745098
0 0.34058823529411764 0.8956862745098039 0.016519607843137253 0.0685049019607843
0 0.35856209150326795 0.9007843137254902 0.017483660130718955 0.0553921568627451
0 0.3794607843137255 0.9022549019607843 0.0184640522875817 0.06705882352941177
0 0.3974346405228758 0.9029656862745099 0.013611111111111112 0.06267156862745098
0 0.4212418300653595 0.9000735294117648 0.020408496732026143 0.0685049019607843
0 0.43776143790849675 0.8898529411764706 0.016519607843137253 0.05975490196078431
0 0.46107843137254906 0.8927696078431373 0.016519607843137253 0.07433823529411765
0 0.4790686274509804 0.8913235294117647 0.0194281045751634 0.0685049019607843
0 0.49849673202614375 0.8898529411764706 0.0194281045751634 0.0685049019607843
0 0.5208496732026143 0.8862254901960784 0.017483660130718955 0.06997549019607843
0 0.543202614379085 0.886936274509804 0.021372549019607844 0.07433823529411765
0 0.5601960784313725 0.879656862745098 0.01457516339869281 0.05683823529411765
0 0.5820588235294119 0.8811029411764706 0.017483660130718955 0.05683823529411765
0 0.6024673202614379 0.8833088235294118 0.017483660130718955 0.06122549019607843
0 0.6277287581699347 0.8789215686274511 0.033039215686274506 0.06122549019607843
0 0.65640522875817 0.8774754901960784 0.016519607843137253 0.05247549019607843
0 0.6748692810457516 0.8818382352941176 0.016519607843137253 0.0641421568627451
0 0.6933333333333334 0.8738235294117647 0.02235294117647059 0.05975490196078431
0 0.7127614379084967 0.870906862745098 0.012630718954248367 0.04808823529411765
0 0.7331699346405228 0.8694607843137255 0.016519607843137253 0.042279411764705885
0 0.7516339869281046 0.870906862745098 0.01457516339869281 0.04808823529411765
0 0.7681535947712419 0.8701715686274509 0.016519607843137253 0.05247549019607843
0 0.7870915032679738 0.8738235294117647 0.009722222222222222 0.05392156862745098
0 0.8050816993464052 0.8665441176470589 0.01457516339869281 0.05392156862745098
0 0.825 0.8694607843137255 0.015555555555555555 0.05392156862745098
0 0.8444281045751634 0.8628921568627451 0.015555555555555555 0.05247549019607843
0 0.8599836601307189 0.8636274509803922 0.013611111111111112 0.06267156862745098
0 0.8769771241830066 0.8621568627450981 0.0184640522875817 0.0685049019607843
0 0.8944771241830065 0.8607107843137255 0.01457516339869281 0.06267156862745098
0 0.910016339869281 0.8563235294117647 0.016519607843137253 0.06267156862745098
0 0.9284803921568627 0.8563235294117647 0.012630718954248367 0.05975490196078431
0 0.9479248366013072 0.8628921568627451 0.01457516339869281 0.05247549019607843
0 0.9688071895424836 0.8577941176470588 0.0194281045751634 0.05392156862745098
0 0.9892647058823528 0.8526960784313725 0.02147058823529412 0.06705882352941177
0 0.9007843137254902 0.8002205882352942 0.011666666666666665 0.0641421568627451
0 0.8842647058823528 0.7980392156862746 0.023316993464052287 0.04808823529411765
0 0.8599836601307189 0.8031372549019608 0.013611111111111112 0.05247549019607843
0 0.843937908496732 0.8031372549019608 0.012630718954248367 0.06122549019607843
0 0.8264542483660131 0.8016666666666666 0.016519607843137253 0.0553921568627451
0 0.8075 0.8089705882352941 0.013611111111111112 0.05830882352941176
0 0.7880718954248366 0.8060539215686274 0.013611111111111112 0.05830882352941176
0 0.7720424836601307 0.8140686274509804 0.01457516339869281 0.06267156862745098
0 0.7540522875816994 0.815514705882353 0.015555555555555555 0.05392156862745098
0 0.7312254901960784 0.8176960784313726 0.012630718954248367 0.0641421568627451
0 0.7127614379084967 0.816985294117647 0.016519607843137253 0.06558823529411766
0 0.6938071895424837 0.8125980392156863 0.015555555555555555 0.05392156862745098
0 0.6743790849673204 0.8162499999999999 0.013611111111111112 0.06122549019607843
0 0.65640522875817 0.8148039215686275 0.02235294117647059 0.0553921568627451
0 0.6355065359477124 0.8191666666666667 0.021372549019607844 0.05830882352941176
0 0.6165686274509804 0.8148039215686275 0.016519607843137253 0.06122549019607843
0 0.5966339869281045 0.8140686274509804 0.0194281045751634 0.05392156862745098
0 0.5718627450980392 0.8228186274509803 0.016519607843137253 0.05975490196078431
0 0.5529084967320261 0.8176960784313726 0.017483660130718955 0.05830882352941176
0 0.5305555555555556 0.8184313725490197 0.015555555555555555 0.06558823529411766
0 0.5077287581699347 0.8235294117647058 0.024297385620915032 0.05830882352941176
0 0.48926470588235293 0.8235294117647058 0.0184640522875817 0.06122549019607843
0 0.4703104575163398 0.8279166666666667 0.013611111111111112 0.05247549019607843
0 0.4523366013071895 0.8264460784313725 0.016519607843137253 0.0466421568627451
0 0.42803921568627445 0.825735294117647 0.0184640522875817 0.05392156862745098
0 0.4091013071895425 0.8271813725490196 0.017483660130718955 0.05392156862745098
0 0.38918300653594773 0.8271813725490196 0.016519607843137253 0.06267156862745098
0 0.3677941176470588 0.8213480392156863 0.0184640522875817 0.05683823529411765
0 0.10931372549019609 0.8264460784313725 0.01457516339869281 0.0641421568627451
0 0.13070261437908495 0.8220833333333334 0.0184640522875817 0.06705882352941177
0 0.15303921568627452 0.8279166666666667 0.024297385620915032 0.06122549019607843
0 0.1753921568627451 0.8279166666666667 0.024297385620915032 0.06122549019607843
0 0.19823529411764704 0.8308333333333334 0.023316993464052287 0.06705882352941177
0 0.21911764705882353 0.83375 0.020408496732026143 0.07286764705882354
0 0.2395261437908497 0.8293627450980392 0.02235294117647059 0.06122549019607843
0 0.2633333333333333 0.8279166666666667 0.021372549019607844 0.0641421568627451
0 0.2847222222222222 0.8279166666666667 0.017483660130718955 0.06705882352941177
0 0.3056045751633987 0.8271813725490196 0.016519607843137253 0.06558823529411766
0 0.3240686274509804 0.8308333333333334 0.02235294117647059 0.06705882352941177
0 0.34738562091503267 0.8300980392156863 0.0184640522875817 0.0685049019607843
0 0.14722222222222223 0.7142156862745097 0.09619281045751633 0.04955882352941176
0 0.14624183006535948 0.5764705882352941 0.10397058823529412 0.06558823529411766
0 0.11029411764705882 0.5087009803921569 0.012630718954248367 0.0553921568627451
0 0.13117647058823528 0.5072303921568627 0.015555555555555555 0.0641421568627451
0 0.1511111111111111 0.5036029411764705 0.012630718954248367 0.06558823529411766
0 0.1719934640522876 0.49995098039215685 0.015555555555555555 0.0553921568627451
0 0.19191176470588237 0.500686274509804 0.016519607843137253 0.05975490196078431
0 0.2118300653594771 0.4977696078431373 0.015555555555555555 0.05683823529411765
0 0.2341830065359477 0.500686274509804 0.013611111111111112 0.0685049019607843
0 0.2594444444444444 0.4992156862745098 0.015555555555555555 0.05683823529411765
0 0.2808333333333333 0.501421568627451 0.015555555555555555 0.06122549019607843
0 0.3017156862745098 0.5065196078431372 0.01457516339869281 0.06558823529411766
0 0.32212418300653595 0.501421568627451 0.01457516339869281 0.05247549019607843
0 0.3488562091503268 0.5043382352941177 0.017483660130718955 0.0641421568627451
0 0.3677941176470588 0.500686274509804 0.020408496732026143 0.0685049019607843
0 0.38723856209150326 0.500686274509804 0.0184640522875817 0.06558823529411766
0 0.40326797385620916 0.5021323529411765 0.017483660130718955 0.06558823529411766
0 0.42609477124183004 0.5065196078431372 0.016519607843137253 0.05975490196078431
0 0.44699346405228757 0.5043382352941177 0.017483660130718955 0.0641421568627451
0 0.4659477124183007 0.5057843137254903 0.012630718954248367 0.06122549019607843
0 0.4883006535947712 0.5036029411764705 0.0184640522875817 0.05683823529411765
0 0.5072385620915033 0.5101470588235294 0.017483660130718955 0.06705882352941177
0 0.5242483660130719 0.5116176470588235 0.0184640522875817 0.06122549019607843
0 0.5461111111111111 0.5079656862745098 0.0194281045751634 0.06558823529411766
0 0.5635947712418301 0.5050490196078431 0.013611111111111112 0.05392156862745098
0 0.5854575163398693 0.4970343137254902 0.02235294117647059 0.05247549019607843
0 0.22058823529411764 0.5713725490196079 0.0194281045751634 0.0553921568627451
0 0.2380718954248366 0.5691911764705883 0.017483660130718955 0.05683823529411765
0 0.2575 0.5706372549019608 0.009722222222222222 0.0685049019607843
0 0.2808333333333333 0.5684558823529412 0.013611111111111112 0.06122549019607843
0 0.2958986928104575 0.5750245098039216 0.016519607843137253 0.06558823529411766
0 0.3192156862745098 0.5793872549019607 0.016519607843137253 0.07142156862745098
0 0.3439869281045752 0.5750245098039216 0.015555555555555555 0.05975490196078431
0 0.36390522875816994 0.5721078431372548 0.010686274509803922 0.05975490196078431
0 0.3818954248366013 0.5735539215686274 0.015555555555555555 0.05975490196078431
0 0.400359477124183 0.572843137254902 0.023316993464052287 0.06122549019607843
0 0.4226960784313725 0.5699264705882353 0.0194281045751634 0.06122549019607843
0 0.4431045751633987 0.5742892156862746 0.0194281045751634 0.06705882352941177
0 0.4591339869281046 0.5742892156862746 0.016519607843137253 0.0641421568627451
0 0.4819771241830066 0.5735539215686274 0.0194281045751634 0.06267156862745098
0 0.4989869281045752 0.5742892156862746 0.02235294117647059 0.06122549019607843
0 0.5218137254901961 0.5713725490196079 0.021372549019607844 0.04955882352941176
0 0.5402777777777777 0.5699264705882353 0.015555555555555555 0.0553921568627451
0 0.5601960784313725 0.5706372549019608 0.016519607843137253 0.05100490196078431
0 0.5806045751633987 0.5757598039215687 0.012630718954248367 0.05830882352941176
0 0.10542483660130718 0.6464460784313726 0.020408496732026143 0.06267156862745098
0 0.12681372549019607 0.644264705882353 0.01457516339869281 0.06997549019607843
0 0.14575163398692811 0.6457107843137254 0.0194281045751634 0.05830882352941176
0 0.1642156862745098 0.6413480392156863 0.0194281045751634 0.0757843137254902
0 0.18900326797385622 0.6398774509803922 0.020408496732026143 0.0553921568627451
0 0.2074673202614379 0.6325980392156864 0.020408496732026143 0.0757843137254902
0 0.22834967320261437 0.6369607843137255 0.021372549019607844 0.06997549019607843
0 0.2502124183006536 0.6369607843137255 0.0184640522875817 0.07286764705882354
0 0.26820261437908494 0.635514705882353 0.023316993464052287 0.07286764705882354
0 0.29151960784313724 0.6449754901960784 0.023316993464052287 0.07142156862745098
0 0.31483660130718955 0.644264705882353 0.017483660130718955 0.06122549019607843
0 0.3303921568627451 0.6413480392156863 0.015555555555555555 0.05830882352941176
0 0.34933006535947714 0.63625 0.02235294117647059 0.06267156862745098
0 0.37119281045751634 0.6406127450980392 0.021372549019607844 0.06558823529411766
0 0.3920915032679739 0.6420588235294117 0.0184640522875817 0.06267156862745098
0 0.41299019607843135 0.6398774509803922 0.017483660130718955 0.05247549019607843
0 0.4314542483660131 0.6406127450980392 0.017483660130718955 0.05100490196078431
0 0.44602941176470595 0.6304166666666666 0.017483660130718955 0.05100490196078431
0 0.4741993464052287 0.6398774509803922 0.013611111111111112 0.0641421568627451
0 0.4912091503267974 0.6384313725490196 0.016519607843137253 0.06122549019607843
0 0.5077287581699347 0.63625 0.0184640522875817 0.06558823529411766
0 0.5291013071895425 0.6406127450980392 0.012630718954248367 0.07433823529411765
0 0.5475653594771243 0.6325980392156864 0.020408496732026143 0.05830882352941176
0 0.5660294117647059 0.63625 0.0184640522875817 0.07142156862745098
0 0.5844934640522875 0.63625 0.0184640522875817 0.05975490196078431
0 0.6019771241830065 0.6369607843137255 0.016519607843137253 0.05830882352941176
0 0.20601307189542484 0.7076715686274511 0.013611111111111112 0.05683823529411765
0 0.22398692810457518 0.7069362745098039 0.016519607843137253 0.0553921568627451
0 0.245359477124183 0.7069362745098039 0.0184640522875817 0.05830882352941176
0 0.2672222222222222 0.7091176470588235 0.013611111111111112 0.06558823529411766
0 0.2900653594771242 0.7069362745098039 0.020408496732026143 0.06705882352941177
0 0.309983660130719 0.7134803921568628 0.011666666666666665 0.05683823529411765
0 0.32455882352941173 0.7098529411764706 0.017483660130718955 0.0641421568627451
0 0.3459313725490196 0.7083823529411765 0.017483660130718955 0.05830882352941176
0 0.3682843137254902 0.7112990196078431 0.0194281045751634 0.06705882352941177
0 0.38723856209150326 0.7083823529411765 0.016519607843137253 0.05247549019607843
0 0.4076470588235294 0.7076715686274511 0.0184640522875817 0.06267156862745098
0 0.4265849673202614 0.698921568627451 0.015555555555555555 0.06267156862745098
0 0.44602941176470595 0.7083823529411765 0.013611111111111112 0.0641421568627451
0 0.46691176470588236 0.7054656862745098 0.02235294117647059 0.06122549019607843
0 0.4844117647058823 0.7062009803921568 0.024297385620915032 0.05392156862745098
0 0.5038398692810457 0.6996323529411764 0.020408496732026143 0.05247549019607843
0 0.5242483660130719 0.7018382352941177 0.020408496732026143 0.042279411764705885
0 0.5466013071895425 0.7105637254901961 0.016519607843137253 0.06558823529411766
0 0.5684640522875817 0.7112990196078431 0.017483660130718955 0.0641421568627451
0 0.5859477124183007 0.7047549019607844 0.013611111111111112 0.05975490196078431
0 0.6068464052287581 0.6996323529411764 0.020408496732026143 0.05247549019607843
0 0.34544117647058825 0.4321813725490196 0.0184640522875817 0.05975490196078431
0 0.36973856209150324 0.4336274509803921 0.016519607843137253 0.0685049019607843
0 0.38723856209150326 0.43580882352941175 0.016519607843137253 0.06122549019607843
0 0.4081209150326798 0.4350980392156863 0.015555555555555555 0.05683823529411765
0 0.42707516339869284 0.4328921568627451 0.008741830065359477 0.05830882352941176
0 0.44214052287581695 0.43071078431372545 0.013611111111111112 0.05975490196078431
0 0.4659477124183007 0.4350980392156863 0.0184640522875817 0.07433823529411765
0 0.48537581699346405 0.4321813725490196 0.020408496732026143 0.0685049019607843
0 0.5091830065359477 0.43727941176470586 0.021372549019607844 0.06997549019607843
0 0.5261928104575163 0.43580882352941175 0.016519607843137253 0.06705882352941177
0 0.5456209150326797 0.4350980392156863 0.01457516339869281 0.07142156862745098
0 0.5660294117647059 0.43436274509803924 0.01457516339869281 0.07286764705882354
0 0.5820588235294119 0.43071078431372545 0.015555555555555555 0.07142156862745098
0 0.603921568627451 0.4350980392156863 0.012630718954248367 0.06558823529411766
0 0.6228758169934641 0.4285294117647059 0.0194281045751634 0.06122549019607843
0 0.6432843137254902 0.43654411764705886 0.013611111111111112 0.06267156862745098
0 0.6583496732026144 0.43946078431372554 0.01457516339869281 0.06558823529411766
0 0.6748692810457516 0.438014705882353 0.016519607843137253 0.05683823529411765
0 0.6957516339869281 0.43071078431372545 0.0194281045751634 0.05100490196078431
0 0.7137254901960784 0.43946078431372554 0.016519607843137253 0.06267156862745098
0 0.7297712418300654 0.4350980392156863 0.0194281045751634 0.05975490196078431
0 0.7511437908496732 0.4292647058823529 0.0194281045751634 0.06558823529411766
0 0.7696078431372549 0.43580882352941175 0.013611111111111112 0.05830882352941176
0 0.7890359477124183 0.4431127450980392 0.017483660130718955 0.0553921568627451
0 0.8075 0.43654411764705886 0.021372549019607844 0.05975490196078431
0 0.8220751633986928 0.43 0.011666666666666665 0.05247549019607843
0 0.8366503267973856 0.4328921568627451 0.011666666666666665 0.0466421568627451
0 0.8599836601307189 0.438014705882353 0.013611111111111112 0.06267156862745098
0 0.8774673202614379 0.43 0.009722222222222222 0.0553921568627451
0 0.8954411764705882 0.43436274509803924 0.01457516339869281 0.05247549019607843
0 0.9134313725490196 0.4285294117647059 0.015555555555555555 0.05830882352941176
0 0.934313725490196 0.43436274509803924 0.01457516339869281 0.05247549019607843
0 0.9522875816993464 0.43436274509803924 0.011666666666666665 0.0553921568627451
0 0.9824183006535948 0.43071078431372545 0.02915032679738562 0.05100490196078431
0 0.6053921568627451 0.5057843137254903 0.009722222222222222 0.0641421568627451
0 0.6228758169934641 0.500686274509804 0.015555555555555555 0.06558823529411766
0 0.6413398692810458 0.5094362745098039 0.011666666666666665 0.05683823529411765
0 0.5961601307189542 0.5735539215686274 0.016519607843137253 0.06267156862745098
0 0.6155882352941177 0.5713725490196079 0.008741830065359477 0.06997549019607843
0 0.6355065359477124 0.572843137254902 0.009722222222222222 0.0641421568627451
0 0.6520261437908497 0.5079656862745098 0.009722222222222222 0.0685049019607843
0 0.6704901960784313 0.5079656862745098 0.017483660130718955 0.07142156862745098
0 0.6904084967320261 0.4992156862745098 0.010686274509803922 0.0685049019607843
0 0.7049836601307189 0.5021323529411765 0.01457516339869281 0.05975490196078431
0 0.7263725490196079 0.5057843137254903 0.016519607843137253 0.0641421568627451
0 0.7487091503267973 0.5021323529411765 0.016519607843137253 0.05683823529411765
0 0.765718954248366 0.4962990196078432 0.011666666666666665 0.05975490196078431
0 0.7856372549019608 0.4985049019607843 0.010686274509803922 0.0641421568627451
0 0.7977941176470589 0.4955882352941176 0.015555555555555555 0.06122549019607843
0 0.8162581699346405 0.4933823529411765 0.015555555555555555 0.06267156862745098
0 0.8327777777777778 0.49193627450980393 0.015555555555555555 0.05392156862745098
0 0.8458823529411764 0.4890196078431373 0.010686274509803922 0.07433823529411765
0 0.8633823529411765 0.4977696078431373 0.024297385620915032 0.06558823529411766
0 0.8837908496732026 0.4948529411764706 0.012630718954248367 0.06267156862745098
0 0.9027287581699347 0.4970343137254902 0.0194281045751634 0.05830882352941176
0 0.9182843137254902 0.4955882352941176 0.017483660130718955 0.0641421568627451
0 0.9352941176470588 0.49193627450980393 0.010686274509803922 0.05392156862745098
0 0.9532679738562091 0.4962990196078432 0.015555555555555555 0.06267156862745098
0 0.9726960784313725 0.492671568627451 0.013611111111111112 0.04955882352941176
0 0.9921732026143791 0.4941176470588235 0.015637254901960784 0.05830882352941176
0 0.6544607843137255 0.5764705882352941 0.008741830065359477 0.05683823529411765
0 0.6753431372549019 0.5757598039215687 0.021372549019607844 0.04955882352941176
0 0.692843137254902 0.5655392156862745 0.0077777777777777776 0.06705882352941177
0 0.7020751633986928 0.5684558823529412 0.012630718954248367 0.06705882352941177
0 0.7205392156862745 0.5713725490196079 0.01457516339869281 0.06122549019607843
0 0.7390032679738562 0.5670098039215686 0.0184640522875817 0.06705882352941177
0 0.7603758169934641 0.5706372549019608 0.01457516339869281 0.07142156862745098
0 0.7773856209150327 0.5662745098039216 0.011666666666666665 0.06558823529411766
0 0.7943790849673203 0.5655392156862745 0.01457516339869281 0.06122549019607843
0 0.8138235294117647 0.5655392156862745 0.0184640522875817 0.06997549019607843
0 0.8313071895424836 0.5611764705882353 0.012630718954248367 0.06997549019607843
0 0.8473529411764706 0.5575245098039215 0.013611111111111112 0.06267156862745098
0 0.8648366013071895 0.5684558823529412 0.013611111111111112 0.06997549019607843
0 0.8823202614379085 0.5633578431372549 0.023316993464052287 0.05683823529411765
0 0.9027287581699347 0.5575245098039215 0.011666666666666665 0.06558823529411766
0 0.9182843137254902 0.555343137254902 0.015555555555555555 0.0757843137254902
0 0.9372385620915034 0.5611764705882353 0.01457516339869281 0.0553921568627451
0 0.9532679738562091 0.5575245098039215 0.013611111111111112 0.05975490196078431
0 0.9697875816993464 0.555343137254902 0.015555555555555555 0.0641421568627451
0 0.9916993464052287 0.5509803921568628 0.01661764705882353 0.05830882352941176
0 0.6287091503267973 0.6398774509803922 0.017483660130718955 0.05830882352941176
0 0.647173202614379 0.6406127450980392 0.017483660130718955 0.07725490196078431
0 0.6670915032679738 0.639142156862745 0.0184640522875817 0.07433823529411765
0 0.6811764705882353 0.6347794117647059 0.0194281045751634 0.07142156862745098
0 0.7006209150326796 0.6325980392156864 0.017483660130718955 0.06705882352941177
0 0.717140522875817 0.6347794117647059 0.011666666666666665 0.07142156862745098
0 0.736078431372549 0.6406127450980392 0.020408496732026143 0.06558823529411766
0 0.7584313725490196 0.6333333333333333 0.012630718954248367 0.07433823529411765
0 0.7730065359477124 0.6333333333333333 0.010686274509803922 0.06267156862745098
0 0.7895261437908496 0.6333333333333333 0.020408496732026143 0.06558823529411766
0 0.8070261437908496 0.6318627450980392 0.012630718954248367 0.05683823529411765
0 0.8259640522875817 0.6275 0.0194281045751634 0.06267156862745098
0 0.843937908496732 0.6245833333333334 0.016519607843137253 0.06267156862745098
0 0.8599836601307189 0.6260294117647058 0.0194281045751634 0.0685049019607843
0 0.8779575163398692 0.6296813725490197 0.0184640522875817 0.0553921568627451
0 0.8973856209150327 0.6296813725490197 0.012630718954248367 0.06705882352941177
0 0.9134313725490196 0.6282107843137255 0.0194281045751634 0.0553921568627451
0 0.9289705882352941 0.6224019607843138 0.023316993464052287 0.05830882352941176
0 0.9503431372549019 0.6158333333333333 0.013611111111111112 0.05100490196078431
0 0.9683333333333334 0.6231127450980392 0.024297385620915032 0.06558823529411766
0 0.9892647058823528 0.6158333333333333 0.02147058823529412 0.05392156862745098
0 0.6267647058823529 0.7025490196078431 0.013611111111111112 0.0641421568627451
0 0.6437745098039216 0.7047549019607844 0.012630718954248367 0.05975490196078431
0 0.6598039215686274 0.7083823529411765 0.009722222222222222 0.06122549019607843
0 0.6797222222222222 0.7120343137254902 0.0184640522875817 0.05683823529411765
0 0.6952777777777778 0.7040196078431373 0.010686274509803922 0.05830882352941176
0 0.7137254901960784 0.7018382352941177 0.012630718954248367 0.05392156862745098
0 0.736078431372549 0.7032843137254902 0.0184640522875817 0.05683823529411765
0 0.7506535947712418 0.7011029411764707 0.010686274509803922 0.05247549019607843
0 0.7730065359477124 0.6916176470588236 0.01457516339869281 0.05975490196078431
0 0.7939052287581699 0.6952696078431373 0.011666666666666665 0.05830882352941176
0 0.8055555555555556 0.690906862745098 0.0194281045751634 0.0553921568627451
0 0.8216013071895425 0.6960049019607844 0.012630718954248367 0.06267156862745098
0 0.8405392156862744 0.6879901960784314 0.015555555555555555 0.0466421568627451
0 0.8609477124183006 0.6916176470588236 0.011666666666666665 0.05683823529411765
0 0.875032679738562 0.6901715686274509 0.012630718954248367 0.06267156862745098
0 0.8915522875816994 0.6828921568627451 0.010686274509803922 0.05100490196078431
0 0.9085620915032679 0.6894362745098039 0.009722222222222222 0.05247549019607843
0 0.9270261437908497 0.690906862745098 0.0077777777777777776 0.0553921568627451
0 0.9382026143790849 0.682156862745098 0.012630718954248367 0.05830882352941176
0 0.9556862745098039 0.682156862745098 0.01457516339869281 0.04955882352941176
0 0.9775653594771242 0.681421568627451 0.0194281045751634 0.05100490196078431
0 0.8915522875816994 0.7331617647058823 0.01457516339869281 0.02333333333333333
0 0.9085620915032679 0.7462745098039216 0.017483660130718955 0.04955882352941176
0 0.926062091503268 0.7484803921568627 0.013611111111111112 0.05683823529411765
0 0.9445261437908496 0.7455637254901961 0.009722222222222222 0.04519607843137255
0 0.957156862745098 0.7389950980392157 0.009722222222222222 0.05830882352941176
0 0.974640522875817 0.7382598039215685 0.017483660130718955 0.05683823529411765
0 0.9912091503267974 0.7375490196078431 0.01758169934640523 0.05830882352941176
0 0.1447875816993464 0.40230392156862743 0.10106209150326798 0.05830882352941176
0 0.20454248366013073 0.4081372549019608 0.016519607843137253 0.06705882352941177
0 0.22738562091503267 0.4015686274509804 0.011666666666666665 0.06558823529411766
0 0.24779411764705883 0.39791666666666664 0.017483660130718955 0.06122549019607843
0 0.2672222222222222 0.40448529411764705 0.0194281045751634 0.06558823529411766
0 0.2885947712418301 0.40301470588235294 0.015555555555555555 0.07433823529411765
0 0.3080392156862745 0.4000980392156863 0.0194281045751634 0.0685049019607843
0 0.11125816993464052 0.33598039215686276 0.02235294117647059 0.05392156862745098
0 0.13312091503267973 0.3396078431372549 0.015555555555555555 0.05247549019607843
0 0.1520751633986928 0.33816176470588233 0.0184640522875817 0.06122549019607843
0 0.17248366013071895 0.33379901960784314 0.01457516339869281 0.06705882352941177
0 0.18900326797385622 0.33742647058823527 0.010686274509803922 0.06558823529411766
0 0.21571895424836604 0.3425245098039216 0.017483660130718955 0.06705882352941177
0 0.233218954248366 0.33889705882352944 0.011666666666666665 0.05683823529411765
0 0.2555718954248366 0.332328431372549 0.017483660130718955 0.05247549019607843
0 0.27450980392156865 0.332328431372549 0.0184640522875817 0.06122549019607843
0 0.2968627450980392 0.333063725490196 0.020408496732026143 0.06267156862745098
0 0.31872549019607843 0.32941176470588235 0.015555555555555555 0.0466421568627451
0 0.33962418300653596 0.3286764705882353 0.01457516339869281 0.0685049019607843
0 0.3571078431372549 0.332328431372549 0.01457516339869281 0.06122549019607843
0 0.3770261437908497 0.33088235294117646 0.017483660130718955 0.0641421568627451
0 0.40132352941176475 0.33598039215686276 0.023316993464052287 0.0685049019607843
0 0.4207516339869281 0.3315931372549019 0.015555555555555555 0.06558823529411766
0 0.43290849673202614 0.3279656862745098 0.016519607843137253 0.0757843137254902
0 0.4528267973856209 0.32357843137254905 0.017483660130718955 0.07286764705882354
0 0.47370915032679745 0.32357843137254905 0.026241830065359475 0.06705882352941177
0 0.49751633986928107 0.3301470588235294 0.021372549019607844 0.06267156862745098
0 0.5116176470588235 0.3272303921568627 0.016519607843137253 0.07433823529411765
0 0.5334803921568627 0.3286764705882353 0.017483660130718955 0.06558823529411766
0 0.5509640522875817 0.3279656862745098 0.017483660130718955 0.06122549019607843
0 0.5684640522875817 0.332328431372549 0.0194281045751634 0.06705882352941177
0 0.5908169934640523 0.3315931372549019 0.021372549019607844 0.05975490196078431
0 0.6116993464052288 0.3352450980392157 0.01457516339869281 0.06705882352941177
0 0.628218954248366 0.3352450980392157 0.01457516339869281 0.0553921568627451
0 0.6481372549019608 0.33669117647058827 0.0194281045751634 0.06997549019607843
0 0.6651470588235294 0.3345098039215686 0.012630718954248367 0.07142156862745098
0 0.6792320261437909 0.3315931372549019 0.013611111111111112 0.06267156862745098
0 0.6986764705882352 0.32941176470588235 0.021372549019607844 0.05830882352941176
0 0.7166503267973856 0.3221323529411765 0.0184640522875817 0.05830882352941176
0 0.7346241830065359 0.31848039215686275 0.009722222222222222 0.06558823529411766
0 0.7491993464052288 0.3279656862745098 0.011666666666666665 0.05830882352941176
0 0.767173202614379 0.3286764705882353 0.01457516339869281 0.05392156862745098
0 0.7846732026143791 0.3257598039215686 0.012630718954248367 0.05392156862745098
0 0.8021568627450981 0.33379901960784314 0.008741830065359477 0.04955882352941176
0 0.8186764705882352 0.33379901960784314 0.010686274509803922 0.04955882352941176
0 0.833251633986928 0.33379901960784314 0.008741830065359477 0.05247549019607843
0 0.8488071895424837 0.340343137254902 0.010686274509803922 0.04808823529411765
0 0.8687254901960784 0.33088235294117646 0.017483660130718955 0.05830882352941176
0 0.8862091503267974 0.340343137254902 0.013611111111111112 0.05683823529411765
0 0.9066176470588235 0.33669117647058827 0.015555555555555555 0.04955882352941176
0 0.9216830065359478 0.332328431372549 0.01457516339869281 0.06122549019607843
0 0.9386928104575164 0.340343137254902 0.017483660130718955 0.05683823529411765
0 0.951813725490196 0.33379901960784314 0.01457516339869281 0.05247549019607843
0 0.9688071895424836 0.3315931372549019 0.015555555555555555 0.05975490196078431
0 0.9902287581699346 0.332328431372549 0.019526143790849673 0.0553921568627451
0 0.7433660130718954 0.2630882352941177 0.011666666666666665 0.06267156862745098
0 0.7594117647058823 0.26090686274509806 0.01457516339869281 0.0553921568627451
0 0.7793300653594771 0.260171568627451 0.013611111111111112 0.04519607843137255
0 0.800702614379085 0.2660049019607843 0.015555555555555555 0.05683823529411765
0 0.8162581699346405 0.2703921568627451 0.011666666666666665 0.05975490196078431
0 0.8298529411764706 0.27183823529411766 0.013611111111111112 0.05975490196078431
0 0.8502614379084967 0.27622549019607845 0.017483660130718955 0.05683823529411765
0 0.8658006535947712 0.2754901960784314 0.011666666666666665 0.05830882352941176
0 0.8857352941176472 0.2747549019607843 0.012630718954248367 0.05100490196078431
0 0.9012745098039217 0.268921568627451 0.020408496732026143 0.05392156862745098
0 0.9211928104575163 0.27330882352941177 0.011666666666666665 0.05683823529411765
0 0.9377124183006535 0.2740196078431372 0.015555555555555555 0.0641421568627451
0 0.9537581699346406 0.2769362745098039 0.01457516339869281 0.0553921568627451
0 0.9697875816993464 0.26674019607843136 0.0194281045751634 0.05830882352941176
0 0.9902287581699346 0.26674019607843136 0.019526143790849673 0.05830882352941176
0 0.35467320261437907 0.24632352941176472 0.02915032679738562 0.0641421568627451
0 0.38480392156862747 0.26237745098039217 0.0194281045751634 0.0641421568627451
0 0.4076470588235294 0.2616421568627451 0.0184640522875817 0.06267156862745098
0 0.4295098039215686 0.25872549019607843 0.017483660130718955 0.05975490196078431
0 0.4484477124183006 0.26382352941176473 0.016519607843137253 0.0641421568627451
0 0.46449346405228753 0.2594607843137255 0.013611111111111112 0.0641421568627451
0 0.4824673202614379 0.2594607843137255 0.01457516339869281 0.05830882352941176
0 0.5004411764705882 0.25580882352941176 0.013611111111111112 0.05975490196078431
0 0.5237581699346405 0.25872549019607843 0.021372549019607844 0.05683823529411765
0 0.5397875816993465 0.2630882352941177 0.010686274509803922 0.05975490196078431
0 0.5582516339869281 0.26090686274509806 0.0184640522875817 0.0553921568627451
0 0.5781699346405228 0.2594607843137255 0.013611111111111112 0.06122549019607843
0 0.5956699346405229 0.26674019607843136 0.0194281045751634 0.06122549019607843
0 0.6136437908496732 0.2660049019607843 0.02235294117647059 0.06267156862745098
0 0.633562091503268 0.260171568627451 0.023316993464052287 0.0685049019607843
0 0.6554248366013072 0.26455882352941174 0.016519607843137253 0.06267156862745098
0 0.6772875816993464 0.2630882352941177 0.025261437908496734 0.05683823529411765
0 0.7035294117647058 0.26090686274509806 0.027205882352941173 0.05830882352941176
0 0.727826797385621 0.2579901960784314 0.017483660130718955 0.0466421568627451
0 0.2040686274509804 0.22955882352941176 0.02915032679738562 0.07142156862745098
0 0.2298202614379085 0.2281127450980392 0.01457516339869281 0.08017156862745098
0 0.24486928104575165 0.24705882352941175 0.013611111111111112 0.05975490196078431
0 0.2725653594771242 0.24487745098039215 0.010686274509803922 0.05830882352941176
0 0.28617647058823525 0.2404901960784314 0.020408496732026143 0.05830882352941176
0 0.30754901960784314 0.24269607843137253 0.016519607843137253 0.06267156862745098
0 0.32455882352941173 0.23394607843137255 0.0194281045751634 0.05975490196078431
0 0.2443954248366013 0.1661764705882353 0.026241830065359475 0.08161764705882352
0 0.2711111111111111 0.16762254901960785 0.017483660130718955 0.0757843137254902
0 0.2881209150326798 0.1559558823529412 0.02235294117647059 0.07870098039215687
0 0.3070588235294117 0.16470588235294117 0.0194281045751634 0.08161764705882352
0 0.3323366013071895 0.1705392156862745 0.011666666666666665 0.0553921568627451
0 0.35080065359477125 0.17855392156862743 0.015555555555555555 0.05975490196078431
0 0.370718954248366 0.17637254901960783 0.010686274509803922 0.06122549019607843
0 0.38576797385620915 0.1778186274509804 0.015555555555555555 0.06122549019607843
0 0.40326797385620916 0.17710784313725492 0.015555555555555555 0.05683823529411765
0 0.4226960784313725 0.17345588235294115 0.025261437908496734 0.0641421568627451
0 0.447483660130719 0.17855392156862743 0.0184640522875817 0.05392156862745098
0 0.46351307189542484 0.18073529411764705 0.0194281045751634 0.0641421568627451
0 0.4824673202614379 0.1778186274509804 0.016519607843137253 0.06122549019607843
0 0.4970424836601307 0.17637254901960783 0.020408496732026143 0.0641421568627451
0 0.5150163398692811 0.17127450980392156 0.017483660130718955 0.06558823529411766
0 0.5334803921568627 0.17490196078431372 0.025261437908496734 0.06997549019607843
0 0.5548529411764705 0.17563725490196078 0.013611111111111112 0.05975490196078431
0 0.5708823529411765 0.17855392156862743 0.0184640522875817 0.05683823529411765
0 0.5888725490196078 0.17272058823529413 0.021372549019607844 0.05100490196078431
0 0.6097549019607843 0.1865686274509804 0.0184640522875817 0.0553921568627451
0 0.628218954248366 0.1822058823529412 0.01457516339869281 0.0553921568627451
0 0.647173202614379 0.18512254901960784 0.027205882352941173 0.0553921568627451
0 0.6758333333333334 0.18291666666666664 0.02235294117647059 0.06558823529411766
0 0.698186274509804 0.18147058823529413 0.0184640522875817 0.05975490196078431
0 0.717140522875817 0.17563725490196078 0.013611111111111112 0.05975490196078431
0 0.7438562091503268 0.18365196078431376 0.03594771241830065 0.0553921568627451
0 0.7846732026143791 0.1865686274509804 0.0378921568627451 0.05247549019607843
0 0.8099346405228758 0.18583333333333332 0.01457516339869281 0.05392156862745098
0 0.8264542483660131 0.18583333333333332 0.020408496732026143 0.06267156862745098
0 0.843937908496732 0.1865686274509804 0.0184640522875817 0.06705882352941177
0 0.8556045751633987 0.1792892156862745 0.016519607843137253 0.06122549019607843
0 0.8706699346405229 0.17637254901960783 0.0194281045751634 0.0553921568627451
0 0.10591830065359478 0.3075514705882353 0.09911601307189542 0.27548529411764705 0.11757843137254902 0.26674019607843136 0.12243790849673203 0.30609313725490195
0 0.12146568627450981 0.30609313725490195 0.12243790849673203 0.26819607843137255 0.13895751633986927 0.2988063725490196 0.14090032679738562 0.31338235294117645
0 0.14381535947712418 0.3104656862745098 0.13895751633986927 0.27111274509803923 0.1535326797385621 0.2740269607843137 0.15936274509803922 0.3046372549019608
0 0.16616503267973856 0.30026470588235293 0.16227777777777777 0.27256862745098037 0.1778267973856209 0.27256862745098037 0.1768545751633987 0.2958897058823529
0 0.18948692810457515 0.30172058823529413 0.1807418300653595 0.2740269607843137 0.19628921568627453 0.27111274509803923 0.20697712418300654 0.30172058823529413
0 0.20892156862745098 0.30172058823529413 0.20309150326797387 0.27256862745098037 0.21572385620915033 0.27256862745098037 0.22544117647058823 0.30172058823529413
0 0.23127124183006537 0.30317892156862747 0.22641176470588234 0.2696544117647059 0.24390359477124185 0.26674019607843136 0.24584640522875817 0.2944338235294118 0.23029901960784316 0.30317892156862747
0 0.25362091503267975 0.2944338235294118 0.24876143790849672 0.2783995098039216 0.25750816993464054 0.27694117647058825 0.26528104575163397 0.30026470588235293 0.25945098039215686 0.30172058823529413
0 0.27014052287581697 0.2958897058823529 0.26139379084967324 0.27694117647058825 0.2720833333333333 0.27111274509803923 0.28277287581699345 0.3075514705882353
0 0.28666013071895424 0.30172058823529413 0.27985784313725487 0.27694117647058825 0.2934607843137255 0.27694117647058825 0.3070653594771242 0.30172058823529413
0 0.3070653594771242 0.2944338235294118 0.2992924836601307 0.27256862745098037 0.3177549019607843 0.27111274509803923 0.3294150326797386 0.2944338235294118 0.3158104575163399 0.29734803921568626
0 0.3789738562091503 0.22884068627450982 0.36051143790849677 0.2098921568627451 0.38480392156862747 0.20406372549019608 0.3993790849673202 0.23467156862745098
0 0.3984084967320261 0.22884068627450982 0.3809166666666667 0.20551960784313728 0.4061813725490196 0.20260539215686274 0.41298366013071897 0.23029901960784316
0 0.4227009803921568 0.22884068627450982 0.4071535947712418 0.2098921568627451 0.42853104575163403 0.20843627450980393 0.4499101307189543 0.22446813725490194 0.43241830065359477 0.2332156862745098
0 0.4576830065359477 0.22592647058823528 0.43241830065359477 0.2069779411764706 0.4674003267973856 0.20406372549019608 0.4926650326797386 0.22884068627450982 0.4654575163398693 0.23029901960784316
0 0.494609477124183 0.22738480392156862 0.4722598039215687 0.20843627450980393 0.4916944444444444 0.20551960784313728 0.5091846405228758 0.22446813725490194
0 0.5140441176470588 0.23029901960784316 0.48974999999999996 0.2113504901960784 0.515014705882353 0.20843627450980393 0.5276470588235295 0.22592647058823528
0 0.5383366013071895 0.2361299019607843 0.5169591503267974 0.20843627450980393 0.5451388888888888 0.2098921568627451 0.5616584967320262 0.22738480392156862
0 0.5694313725490197 0.22884068627450982 0.5422238562091504 0.2098921568627451 0.5684607843137255 0.21280882352941174 0.5840081699346406 0.22884068627450982
0 0.5878954248366013 0.23758823529411766 0.5733186274509804 0.22155392156862747 0.5888660130718955 0.21280882352941174 0.591781045751634 0.2332156862745098
0 0.6005277777777778 0.23175735294117647 0.5859509803921569 0.21280882352941174 0.6063578431372549 0.2098921568627451 0.6219052287581699 0.22446813725490194 0.6073300653594771 0.23467156862745098
0 0.6491143790849673 0.23029901960784316 0.6238480392156863 0.21718137254901962 0.6510571895424837 0.21280882352941174 0.6714640522875817 0.2332156862745098
0 0.8560915032679739 0.24196078431372547 0.8395718954248366 0.21718137254901962 0.8638660130718955 0.22738480392156862 0.8784411764705883 0.24924754901960783
0 0.8862156862745099 0.24196078431372547 0.861921568627451 0.21863970588235293 0.8910735294117647 0.23175735294117647 0.8978758169934641 0.24196078431372547
0 0.913423202614379 0.23904411764705882 0.8813562091503268 0.21863970588235293 0.8969035947712418 0.22009558823529413 0.9211977124183007 0.24196078431372547
0 0.9620098039215687 0.24050245098039216 0.9309150326797386 0.22446813725490194 0.9445179738562091 0.21863970588235293 0.9717271241830066 0.2361299019607843
0 0.48974999999999996 0.14575980392156862 0.4703153594771242 0.12681127450980392 0.4916944444444444 0.12243872549019608 0.5091846405228758 0.14430147058823528
0 0.3818888888888889 0.14138725490196077 0.3634264705882353 0.12681127450980392 0.3867467320261438 0.1166078431372549 0.39257843137254905 0.14575980392156862
0 0.4110408496732026 0.14284313725490197 0.3984084967320261 0.12389460784313726 0.4197859477124183 0.11952205882352941 0.43047549019607845 0.14138725490196077
0 0.6228774509803922 0.1545049019607843 0.5888660130718955 0.13118382352941177 0.6238480392156863 0.12535294117647058 0.6461977124183007 0.15887745098039216
0 0.10397549019607844 0.46788725490196076 0.09717320261437909 0.44019117647058825 0.12341013071895425 0.4416495098039216 0.12535294117647058 0.46788725490196076
0 0.12924019607843137 0.4664289215686274 0.12049346405228759 0.44310784313725493 0.13895751633986927 0.4562254901960784 0.13895751633986927 0.4722598039215686
0 0.14187254901960783 0.46351470588235294 0.1399281045751634 0.44019117647058825 0.16033496732026145 0.44019117647058825 0.15936274509803922 0.46934313725490195
0 0.16713725490196077 0.46934313725490195 0.16130718954248366 0.4416495098039216 0.1778267973856209 0.43144607843137256 0.1768545751633987 0.4576838235294118
0 0.18462745098039215 0.46351470588235294 0.1817124183006536 0.44019117647058825 0.19823202614379085 0.44310784313725493 0.20406209150326796 0.46788725490196076
0 0.20989379084967322 0.46788725490196076 0.2001764705882353 0.4460220588235294 0.2147516339869281 0.4460220588235294 0.2196111111111111 0.4576838235294118
0 0.22641176470588234 0.4605980392156863 0.2196111111111111 0.4416495098039216 0.23612908496732024 0.4416495098039216 0.24293137254901961 0.4605980392156863
0 0.2477908496732026 0.46351470588235294 0.24584640522875817 0.44748039215686275 0.25264869281045754 0.4416495098039216 0.26139379084967324 0.46497058823529414
0 0.26819607843137255 0.4664289215686274 0.26139379084967324 0.4460220588235294 0.27014052287581697 0.43436274509803924 0.28180065359477124 0.4416495098039216 0.29151797385620914 0.47809068627450985 0.27694281045751634 0.4766323529411765
0 0.2983202614379085 0.47371568627450983 0.2847156862745098 0.45039460784313723 0.2963774509803922 0.4416495098039216 0.31095261437908495 0.4620563725490196
0 0.3362173202614379 0.4022941176470588 0.3216421568627451 0.37022794117647057 0.342047385620915 0.36294117647058827 0.3537091503267974 0.40083823529411766
0 0.3585669934640523 0.40083823529411766 0.3459346405228758 0.3687696078431372 0.3595392156862745 0.36148284313725493 0.3741143790849673 0.39354901960784316 0.3653692810457516 0.39646568627450984
0 0.3818888888888889 0.4022941176470588 0.3595392156862745 0.37022794117647057 0.3799444444444445 0.3673137254901961 0.39354901960784316 0.4022941176470588
0 0.4003513071895425 0.4052107843137255 0.3809166666666667 0.36148284313725493 0.3993790849673202 0.3643970588235294 0.41298366013071897 0.3920906862745098
0 0.4197859477124183 0.397921568627451 0.40229575163398695 0.37022794117647057 0.41784313725490196 0.3716862745098039 0.43339052287581703 0.40375245098039214 0.42658823529411766 0.40375245098039214
0 0.4353333333333333 0.397921568627451 0.4158986928104575 0.37022794117647057 0.43144607843137256 0.3687696078431372 0.44602287581699346 0.39646568627450984
0 0.46351307189542484 0.397921568627451 0.43630555555555556 0.37022794117647057 0.45379575163398694 0.36585539215686275 0.4732303921568628 0.397921568627451
0 0.48003267973856206 0.39646568627450984 0.44893790849673204 0.36148284313725493 0.46934477124183005 0.36148284313725493 0.4916944444444444 0.3950073529411765
0 0.49849673202614375 0.39646568627450984 0.4732303921568628 0.36585539215686275 0.5023823529411765 0.36002450980392153 0.5334787581699346 0.3950073529411765
0 0.5383366013071895 0.397921568627451 0.5179297385620916 0.3716862745098039 0.5373643790849674 0.36585539215686275 0.5529133986928104 0.397921568627451 0.5286192810457516 0.3993799019607843
0 0.5548562091503269 0.40375245098039214 0.5344493464052288 0.3716862745098039 0.555828431372549 0.36294117647058827 0.5713758169934641 0.40375245098039214
0 0.5742908496732027 0.39646568627450984 0.5636013071895425 0.3687696078431372 0.5956683006535948 0.3716862745098039 0.6073300653594771 0.40083823529411766
0 0.6151029411764706 0.3950073529411765 0.5927532679738562 0.37022794117647057 0.6316225490196078 0.3673137254901961 0.6471699346405229 0.4066666666666666
0 0.6510571895424837 0.40375245098039214 0.6355098039215686 0.37022794117647057 0.6432826797385621 0.37022794117647057 0.6646617647058823 0.4052107843137255
0 0.6656323529411765 0.4066666666666666 0.6471699346405229 0.3731421568627451 0.6685473856209151 0.3687696078431372 0.6860392156862745 0.40958333333333335
0 0.7307385620915032 0.40083823529411766 0.7093611111111111 0.36294117647058827 0.7385130718954249 0.37022794117647057 0.7530882352941176 0.39646568627450984 0.7375408496732027 0.397921568627451
0 0.7569754901960785 0.3950073529411765 0.7385130718954249 0.3643970588235294 0.7618333333333334 0.37022794117647057 0.7764101307189543 0.4139558823529412 0.7608627450980393 0.4139558823529412
0 0.7890424836601307 0.4066666666666666 0.7705800653594772 0.3716862745098039 0.7870996732026143 0.3643970588235294 0.8045898692810457 0.40375245098039214
0 0.8249967320261439 0.40375245098039214 0.8045898692810457 0.3731421568627451 0.8220816993464052 0.3716862745098039 0.8424869281045752 0.40083823529411766
0 0.8706666666666666 0.397921568627451 0.8473464052287583 0.3760588235294117 0.867751633986928 0.3673137254901961 0.8939885620915032 0.39646568627450984
0 0.9192532679738562 0.3950073529411765 0.8939885620915032 0.3687696078431372 0.9046781045751634 0.3687696078431372 0.9270277777777778 0.39063480392156863 0.9114803921568628 0.3993799019607843
0 0.9668676470588234 0.39646568627450984 0.9348006535947712 0.3746004901960784 0.9620098039215687 0.3673137254901961 0.9863022875816992 0.3993799019607843
0 0.10494607843137256 0.790014705882353 0.0981437908496732 0.7506593137254902 0.11369281045751634 0.7462867647058824 0.12341013071895425 0.795845588235294 0.09620098039215687 0.7885563725490196
0 0.12438071895424836 0.7929289215686274 0.11757843137254902 0.7564901960784315 0.13701307189542483 0.7506593137254902 0.13798529411764707 0.7783529411764706 0.13215522875816993 0.790014705882353
0 0.1399281045751634 0.7929289215686274 0.13895751633986927 0.7506593137254902 0.1545049019607843 0.7492009803921568 0.1583921568627451 0.7914705882352941
0 0.16616503267973856 0.7914705882352941 0.15547712418300655 0.744828431372549 0.1729673202614379 0.7462867647058824 0.1817124183006536 0.7929289215686274 0.17393954248366011 0.7929289215686274
0 0.18851470588235295 0.7885563725490196 0.17491013071895425 0.7477450980392156 0.19725980392156864 0.7477450980392156 0.2060065359477124 0.7943872549019608
0 0.20892156862745098 0.7943872549019608 0.19920424836601305 0.7521176470588234 0.22058169934640526 0.7477450980392156 0.23029901960784316 0.7929289215686274
0 0.22932679738562092 0.7929289215686274 0.22252614379084967 0.744828431372549 0.23710130718954248 0.7433700980392157 0.24876143790849672 0.7973014705882352 0.24001633986928103 0.7987598039215686
0 0.25459313725490196 0.795845588235294 0.24390359477124185 0.7506593137254902 0.25362091503267975 0.7433700980392157 0.26819607843137255 0.7929289215686274
0 0.27694281045751634 0.7929289215686274 0.25750816993464054 0.744828431372549 0.27791339869281045 0.7419142156862746 0.29249019607843135 0.7914705882352941
0 0.2934607843137255 0.795845588235294 0.28277287581699345 0.7477450980392156 0.29734803921568626 0.7433700980392157 0.31386764705882353 0.7929289215686274 0.30026307189542484 0.7987598039215686
0 0.3158104575163399 0.7914705882352941 0.30026307189542484 0.7477450980392156 0.30998039215686274 0.7477450980392156 0.3323300653594771 0.7885563725490196
0 0.3371895424836602 0.7914705882352941 0.3187271241830065 0.7492009803921568 0.331359477124183 0.7404558823529411 0.3537091503267974 0.795845588235294
0 0.3585669934640523 0.7885563725490196 0.3401045751633987 0.7404558823529411 0.3517647058823529 0.734625 0.3731437908496732 0.7827254901960784
0 0.3809166666666667 0.795845588235294 0.3614820261437909 0.7492009803921568 0.3789738562091503 0.744828431372549 0.3984084967320261 0.8031323529411765
0 0.3964640522875817 0.7929289215686274 0.3799444444444445 0.7462867647058824 0.40229575163398695 0.7389975490196079 0.42172875816993466 0.7973014705882352
0 0.4227009803921568 0.7987598039215686 0.40132352941176475 0.7375416666666667 0.4197859477124183 0.7375416666666667 0.43630555555555556 0.7929289215686274
0 0.43824836601307193 0.7929289215686274 0.42075816993464055 0.7389975490196079 0.4479656862745098 0.7389975490196079 0.45865522875816994 0.7885563725490196
0 0.46642973856209147 0.7929289215686274 0.44699509803921567 0.7433700980392157 0.45865522875816994 0.7389975490196079 0.48003267973856206 0.7943872549019608
0 0.47808986928104574 0.7914705882352941 0.4576830065359477 0.7360833333333333 0.4732303921568628 0.7317107843137255 0.4975245098039216 0.7914705882352941
0 0.5023823529411765 0.7885563725490196 0.48003267973856206 0.7389975490196079 0.49946732026143786 0.7375416666666667 0.5218169934640522 0.7885563725490196 0.5111290849673202 0.795845588235294
0 0.5247320261437909 0.7812696078431373 0.5033545751633987 0.7375416666666667 0.5159869281045751 0.7273382352941177 0.5383366013071895 0.7856421568627451
0 0.5441666666666666 0.7856421568627451 0.5247320261437909 0.7404558823529411 0.5354215686274509 0.7331691176470588 0.5606862745098039 0.7870980392156863
0 0.5577712418300653 0.7885563725490196 0.540279411764706 0.7462867647058824 0.5597140522875818 0.7419142156862746 0.581093137254902 0.7827254901960784
0 0.5801209150326797 0.7856421568627451 0.5616584967320262 0.7477450980392156 0.581093137254902 0.7419142156862746 0.6131601307189543 0.7783529411764706
0 0.6102450980392158 0.7812696078431373 0.5878954248366013 0.7331691176470588 0.6112156862745098 0.7258799019607843 0.637452614379085 0.7856421568627451
0 0.6413398692810458 0.7841838235294117 0.6151029411764706 0.7331691176470588 0.6364803921568628 0.7389975490196079 0.653 0.7856421568627451
0 0.6549444444444444 0.7885563725490196 0.6345375816993464 0.744828431372549 0.6588316993464052 0.7389975490196079 0.6724346405228758 0.7885563725490196
0 0.678264705882353 0.7739803921568628 0.6568872549019608 0.7433700980392157 0.6860392156862745 0.7302524509803922 0.6996437908496732 0.7827254901960784 0.6714640522875817 0.7827254901960784 0.6714640522875817 0.7725220588235294
0 0.7074166666666667 0.7768946078431372 0.6957565359477124 0.7419142156862746 0.7083888888888888 0.7389975490196079 0.7239362745098039 0.7798112745098039
0 0.7278235294117646 0.7798112745098039 0.7093611111111111 0.7389975490196079 0.7268513071895425 0.7317107843137255 0.7637777777777778 0.7870980392156863
0 0.7608627450980393 0.7812696078431373 0.7297663398692811 0.7360833333333333 0.7511454248366013 0.734625 0.775437908496732 0.7812696078431373
0 0.7764101307189543 0.7812696078431373 0.7492009803921569 0.7375416666666667 0.764748366013072 0.7302524509803922 0.7948725490196078 0.7710661764705883
0 0.7997320261437908 0.7768946078431372 0.7657205882352941 0.7360833333333333 0.7812679738562092 0.7273382352941177 0.81625 0.7725220588235294
0 0.8191650326797386 0.7710661764705883 0.7851552287581699 0.7287941176470588 0.8026470588235295 0.724421568627451 0.8308267973856209 0.7666936274509804
0 0.8376290849673202 0.7710661764705883 0.8094493464052287 0.734625 0.81625 0.7258799019607843 0.8483169934640522 0.7710661764705883
0 0.8580343137254901 0.7725220588235294 0.8220816993464052 0.7302524509803922 0.8570637254901962 0.7258799019607843 0.8871862745098039 0.7696078431372549
0 0.8891307189542484 0.7725220588235294 0.8570637254901962 0.7287941176470588 0.8706666666666666 0.7273382352941177 0.9017630718954248 0.7637769607843137
0 0.907593137254902 0.7856421568627451 0.9348006535947712 0.826453431372549 0.954235294117647 0.8279117647058823 0.9163382352941176 0.7798112745098039
0 0.9221683006535947 0.7783529411764706 0.9571503267973855 0.8322843137254902 0.9717271241830066 0.8235392156862745 0.9357728758169934 0.7768946078431372
0 0.9445179738562091 0.7783529411764706 0.9717271241830066 0.8177083333333334 0.984359477124183 0.8104191176470589 0.9552075163398692 0.7754387254901961
0 0.9610375816993464 0.7812696078431373 0.9882467320261438 0.8206225490196078 0.9979640522875818 0.8191666666666667 0.9717271241830066 0.7710661764705883
0 0.9765849673202613 0.7754387254901961 0.9960196078431371 0.8016740196078432 0.9983660130718954 0.7885563725490196 0.9921339869281046 0.7710661764705883