0 0.2107843137254902 0.312807881773399 0.10784313725490197 0.07881773399014778
0 0.31290849673202614 0.28448275862068967 0.07679738562091504 0.0812807881773399
0 0.40522875816993464 0.2733990147783251 0.0784313725490196 0.06403940886699508
0 0.4812091503267974 0.24507389162561577 0.06372549019607843 0.07142857142857142
0 0.5065359477124183 0.16379310344827586 0.0915032679738562 0.07142857142857142
0 0.5473856209150327 0.23522167487684728 0.058823529411764705 0.05665024630541872
0 0.6062091503267973 0.15517241379310345 0.06862745098039216 0.06896551724137931
0 0.6143790849673203 0.22413793103448276 0.05555555555555555 0.059113300492610835
0 0.6674836601307189 0.20689655172413793 0.04084967320261438 0.054187192118226604
0 0.7238562091503268 0.2019704433497537 0.049019607843137254 0.059113300492610835
0 0.18137254901960784 0.4827586206896552 0.17973856209150327 0.5714285714285714 0.3300653594771242 0.6403940886699507 0.43790849673202614 0.5960591133004927 0.4395424836601307 0.4975369458128079 0.2696078431372549 0.43103448275862066
0 0.29248366013071897 0.43596059113300495 0.42483660130718953 0.5 0.4477124183006536 0.5960591133004927 0.5359477124183006 0.5443349753694581 0.5277777777777778 0.46798029556650245 0.3611111111111111 0.4039408866995074
0 0.39052287581699346 0.3916256157635468 0.5294117647058824 0.45566502463054187 0.5490196078431373 0.5369458128078818 0.619281045751634 0.5049261083743842 0.619281045751634 0.4433497536945813 0.4624183006535948 0.3669950738916256
0 0.4852941176470588 0.37192118226600984 0.6127450980392157 0.42857142857142855 0.619281045751634 0.5024630541871922 0.684640522875817 0.47044334975369456 0.6813725490196079 0.39408866995073893 0.5261437908496732 0.3497536945812808
0 0.553921568627451 0.3522167487684729 0.6911764705882353 0.4014778325123153 0.6879084967320261 0.458128078817734 0.6928104575163399 0.4852216748768473 0.7565359477124183 0.45566502463054187 0.7238562091503268 0.3645320197044335 0.5882352941176471 0.33497536945812806
0 0.7565359477124183 0.3817733990147783 0.7565359477124183 0.43103448275862066 0.8022875816993464 0.42610837438423643 0.8006535947712419 0.35467980295566504
0 0.8088235294117647 0.3374384236453202 0.8137254901960784 0.42610837438423643 0.8578431372549019 0.39408866995073893 0.8578431372549019 0.3472906403940887
0 0.7973856209150327 0.15517241379310345 0.7794117647058824 0.21921182266009853 0.9411764705882353 0.24876847290640394 0.9934640522875817 0.22413793103448276 0.988562091503268 0.16502463054187191 0.9428104575163399 0.18719211822660098
0 0.7892156862745098 0.22660098522167488 0.7973856209150327 0.25862068965517243 0.9379084967320261 0.3078817733990148 0.9836601307189542 0.29064039408866993 0.9754901960784313 0.23645320197044334 0.923202614379085 0.2438423645320197
0 0.8627450980392157 0.39655172413793105 0.9133986928104575 0.3793103448275862 0.8986928104575164 0.3275862068965517 0.8349673202614379 0.3054187192118227 0.8284313725490197 0.312807881773399
0 0.9084967320261438 0.3226600985221675 0.9150326797385621 0.3694581280788177 0.9477124183006536 0.35714285714285715 0.9297385620915033 0.3054187192118227
0 0.9411764705882353 0.3054187192118227 0.9493464052287581 0.35714285714285715 0.9836601307189542 0.3374384236453202 0.9787581699346405 0.2955665024630542
0 0.18627450980392157 0.5911330049261084 0.19117647058823528 0.6551724137931034 0.24673202614379086 0.6945812807881774 0.2581699346405229 0.625615763546798
0 0.26633986928104575 0.625615763546798 0.27450980392156865 0.7118226600985221 0.3545751633986928 0.7389162561576355 0.5375816993464052 0.6428571428571429 0.5310457516339869 0.5640394088669951 0.3382352941176471 0.6379310344827587
0 0.5326797385620915 0.5443349753694581 0.5326797385620915 0.625615763546798 0.6862745098039216 0.5492610837438424 0.6862745098039216 0.4876847290640394 0.545751633986928 0.5467980295566502
0 0.6944444444444444 0.4827586206896552 0.6895424836601307 0.5541871921182266 0.8022875816993464 0.5024630541871922 0.8022875816993464 0.43596059113300495
0 0.8022875816993464 0.43349753694581283 0.815359477124183 0.5049261083743842 0.9166666666666666 0.4482758620689655 0.8937908496732027 0.3891625615763547
0 0.9052287581699346 0.3817733990147783 0.9003267973856209 0.4482758620689655 0.9836601307189542 0.3891625615763547 0.9771241830065359 0.33004926108374383
0 0.18627450980392157 0.6650246305418719 0.18790849673202614 0.7438423645320197 0.3464052287581699 0.8374384236453202 0.45098039215686275 0.8004926108374384 0.44607843137254904 0.7068965517241379 0.34477124183006536 0.7463054187192119
0 0.4526143790849673 0.7019704433497537 0.45588235294117646 0.7758620689655172 0.545751633986928 0.729064039408867 0.5424836601307189 0.6354679802955665 0.4493464052287582 0.6798029556650246
0 0.553921568627451 0.6280788177339901 0.5473856209150327 0.729064039408867 0.619281045751634 0.6847290640394089 0.6127450980392157 0.5935960591133005
0 0.6176470588235294 0.5985221674876847 0.6160130718954249 0.6748768472906403 0.673202614379085 0.6305418719211823 0.6633986928104575 0.5665024630541872 0.5931372549019608 0.603448275862069
0 0.5343137254901961 0.729064039408867 0.5490196078431373 0.8201970443349754 0.6797385620915033 0.7216748768472906 0.6764705882352942 0.6477832512315271
0 0.26633986928104575 0.7931034482758621 0.26633986928104575 0.8694581280788177 0.35130718954248363 0.9532019704433498 0.5359477124183006 0.8275862068965517 0.5392156862745098 0.7487684729064039 0.33169934640522875 0.8374384236453202
0 0.19281045751633988 0.7783251231527094 0.19444444444444445 0.7536945812807881 0.19607843137254902 0.8300492610837439 0.2679738562091503 0.8891625615763546 0.2647058823529412 0.7906403940886699 0.1895424836601307 0.7512315270935961
0 0.6911764705882353 0.5640394088669951 0.6813725490196079 0.625615763546798 0.8823529411764706 0.7142857142857143 0.9428104575163399 0.6699507389162561 0.9493464052287581 0.5935960591133005 0.75 0.5394088669950738
0 0.7026143790849673 0.6576354679802956 0.7107843137254902 0.729064039408867 0.7826797385620915 0.7463054187192119 0.7892156862745098 0.6798029556650246
0 0.7941176470588235 0.6896551724137931 0.7875816993464052 0.7586206896551724 0.9003267973856209 0.7906403940886699 0.9983660130718954 0.7093596059113301 0.988562091503268 0.6403940886699507 0.8970588235294118 0.7068965517241379
0 0.7908496732026143 0.5221674876847291 0.9493464052287581 0.6009852216748769 0.9640522875816994 0.6600985221674877 0.9983660130718954 0.6133004926108374 0.9983660130718954 0.5591133004926109 0.8251633986928104 0.5 0.7794117647058824 0.5221674876847291
0 0.20261437908496732 0.8522167487684729 0.20261437908496732 0.9137931034482759 0.33169934640522875 0.9975369458128078 0.35784313725490197 0.9334975369458128
0 0.36437908496732024 0.9482758620689655 0.4297385620915033 0.9975369458128078 0.6781045751633987 0.9975369458128078 0.4673202614379085 0.8694581280788177
0 0.4803921568627451 0.8645320197044335 0.684640522875817 0.9975369458128078 0.7418300653594772 0.9975369458128078 0.7434640522875817 0.9310344827586207 0.5359477124183006 0.8103448275862069
0 0.5637254901960784 0.812807881773399 0.7581699346405228 0.9359605911330049 0.7532679738562091 0.9975369458128078 0.8316993464052288 0.9334975369458128 0.815359477124183 0.8694581280788177 0.5800653594771242 0.7783251231527094 0.5506535947712419 0.8275862068965517
0 0.6372549019607843 0.7660098522167488 0.8104575163398693 0.854679802955665 0.8251633986928104 0.9384236453201971 0.8921568627450981 0.8842364532019704 0.8888888888888888 0.8078817733990148 0.6650326797385621 0.7118226600985221
0 0.8823529411764706 0.7807881773399015 0.8954248366013072 0.8891625615763546 0.9428104575163399 0.8349753694581281 0.9428104575163399 0.7635467980295566
0 0.9411764705882353 0.7586206896551724 0.9395424836601307 0.8325123152709359 0.9934640522875817 0.7881773399014779 0.9852941176470589 0.7118226600985221
0 0.0016339869281045752 0.1477832512315271 0 0.22413793103448276 0.0392156862745098 0.23645320197044334 0.22058823529411764 0.19950738916256158 0.20751633986928106 0.14039408866995073 0.03594771241830065 0.14532019704433496
0 0.027777777777777776 0.24876847290640394 0.026143790849673203 0.3226600985221675 0.13725490196078433 0.37192118226600984 0.16339869281045752 0.3694581280788177 0.15196078431372548 0.27586206896551724 0.24509803921568626 0.2512315270935961 0.10294117647058823 0.21182266009852216
0 0.0392156862745098 0.3497536945812808 0.049019607843137254 0.4211822660098522 0.10457516339869281 0.43842364532019706 0.10294117647058823 0.3645320197044335
0 0.10947712418300654 0.3866995073891626 0.11437908496732026 0.43842364532019706 0.17483660130718953 0.45566502463054187 0.3790849673202614 0.4088669950738916 0.3562091503267974 0.31527093596059114 0.1781045751633987 0.3768472906403941 0.10130718954248366 0.3694581280788177
0 0.37254901960784315 0.33004926108374383 0.380718954248366 0.39655172413793105 0.5228758169934641 0.34236453201970446 0.5065359477124183 0.2733990147783251
0 0.11764705882352941 0.054187192118226604 0.12745098039215685 0.12315270935960591 0.22549019607843138 0.14039408866995073 0.3055555555555556 0.11330049261083744 0.2973856209150327 0.046798029556650245
0 0.2238562091503268 0.14285714285714285 0.22712418300653595 0.19458128078817735 0.37745098039215685 0.17733990147783252 0.35947712418300654 0.11822660098522167
0 0.04411764705882353 0.4236453201970443 0.0457516339869281 0.49507389162561577 0.184640522875817 0.5591133004926109 0.18137254901960784 0.4729064039408867 0.058823529411764705 0.43103448275862066
0 0.05228758169934641 0.5123152709359606 0.05065359477124183 0.5788177339901478 0.11601307189542484 0.6133004926108374 0.11764705882352941 0.5394088669950738 0.05718954248366013 0.5098522167487685
0 0.119281045751634 0.541871921182266 0.12091503267973856 0.625615763546798 0.17973856209150327 0.6502463054187192 0.1715686274509804 0.5689655172413793
0 0.049019607843137254 0.5935960591133005 0.06045751633986928 0.6625615763546798 0.184640522875817 0.7315270935960592 0.18137254901960784 0.6527093596059114
0 0.06372549019607843 0.6798029556650246 0.05718954248366013 0.770935960591133 0.12418300653594772 0.7857142857142857 0.119281045751634 0.7118226600985221
0 0.1323529411764706 0.7241379310344828 0.13725490196078433 0.8029556650246306 0.18137254901960784 0.8177339901477833 0.184640522875817 0.7364532019704434
0 0.06862745098039216 0.7586206896551724 0.07679738562091504 0.8152709359605911 0.18627450980392157 0.9137931034482759 0.1715686274509804 0.8251231527093597
0 0 0.21921182266009853 0.032679738562091505 0.2512315270935961 0.02287581699346405 0.312807881773399 0.0016339869281045752 0.3251231527093596
0 0 0.33004926108374383 0.03431372549019608 0.3448275862068966 0.04084967320261438 0.4088669950738916 0 0.3916256157635468
0 0.004901960784313725 0.39408866995073893 0.032679738562091505 0.4187192118226601 0.04738562091503268 0.4876847290640394 0 0.46551724137931033
0 0 0.4802955665024631 0.03594771241830065 0.5049261083743842 0.03758169934640523 0.5615763546798029 0 0.5517241379310345
0 0.0016339869281045752 0.5566502463054187 0.05065359477124183 0.5862068965517241 0.049019607843137254 0.6551724137931034 0 0.6330049261083743
0 0.004901960784313725 0.6354679802955665 0.05555555555555555 0.6699507389162561 0.05392156862745098 0.7241379310344828 0 0.7068965517241379
0 0.004901960784313725 0.054187192118226604 0.004901960784313725 0.10591133004926108 0.09803921568627451 0.11822660098522167 0.10947712418300654 0.04187192118226601
0 0.32679738562091504 0.03694581280788178 0.3382352941176471 0.0812807881773399 0.3872549019607843 0.09113300492610837 0.3872549019607843 0.027093596059113302 0.33986928104575165 0.027093596059113302
0 0.3888888888888889 0.027093596059113302 0.3954248366013072 0.08866995073891626 0.4411764705882353 0.08374384236453201 0.43790849673202614 0.022167487684729065
0 0.4444444444444444 0.03201970443349754 0.4411764705882353 0.08620689655172414 0.4950980392156863 0.09113300492610837 0.4950980392156863 0.03201970443349754
0 0.4950980392156863 0.012315270935960592 0.5098039215686274 0.07881773399014778 0.5408496732026143 0.06157635467980296 0.5392156862745098 0.019704433497536946
0 0.5408496732026143 0.017241379310344827 0.5408496732026143 0.0665024630541872 0.5816993464052288 0.06157635467980296 0.5849673202614379 0.009852216748768473
0 0.6323529411764706 0.27586206896551724 0.6339869281045751 0.34236453201970446 0.7009803921568627 0.3620689655172414 0.8169934640522876 0.33251231527093594 0.8235294117647058 0.270935960591133 0.7434640522875817 0.2438423645320197