0 0.08805555555555555 0.05568627450980392 0.06354575163398693 0.10651416122004358
0 0.15341503267973855 0.06535947712418301 0.049019607843137254 0.11618736383442266
0 0.2042483660130719 0.06172113289760348 0.049019607843137254 0.10893246187363835
0 0.24782679738562088 0.06052287581699347 0.05264705882352941 0.12104575163398694
0 0.43300653594771243 0.07019607843137254 0.32135620915032675 0.12104575163398694
0 0.6426960784313726 0.06172113289760348 0.10893790849673203 0.1234640522875817
0 0.7352941176470589 0.058104575163398696 0.07625816993464053 0.11618736383442266
0 0.8197222222222222 0.0520479302832244 0.08169934640522876 0.1040958605664488
0 0.8923366013071896 0.058104575163398696 0.07080065359477124 0.11618736383442266
0 0.9638725490196078 0.0520479302832244 0.07225490196078431 0.1040958605664488
0 0.9765849673202613 0.19485838779956427 0.04684640522875817 0.15250544662309368
0 0.9086764705882353 0.20697167755991286 0.06717320261437909 0.17671023965141613
0 0.8315196078431373 0.21061002178649238 0.07625816993464053 0.159760348583878
0 0.7598039215686274 0.223921568627451 0.05627450980392156 0.17671023965141613
0 0.6708496732026143 0.225119825708061 0.08895424836601307 0.18882352941176472
0 0.5483006535947712 0.2348148148148148 0.1525 0.18396514161220043
0 0.3385947712418301 0.24690631808278868 0.24509803921568626 0.1984967320261438
0 0.1325326797385621 0.2057516339869281 0.1198202614379085 0.1500871459694989
0 0.06535947712418301 0.3025904139433551 0.0780686274509804 0.46719825708060997 0.18155392156862746 0.5083507625272331 0.17429248366013073 0.336479302832244
0 0.21514705882352939 0.4175816993464052 0.04176470588235294 0.18640522875816995
0 0.2677941176470588 0.4320915032679739 0.049019607843137254 0.19607843137254902
0 0.45388888888888884 0.4502614379084967 0.305016339869281 0.17429193899782136
0 0.6626797385620915 0.42725490196078436 0.07988562091503268 0.18640522875816995
0 0.7425490196078431 0.40305010893246185 0.050833333333333335 0.1718736383442266
0 0.8233496732026143 0.40183006535947713 0.0780718954248366 0.17912854030501088
0 0.8896078431372549 0.40183006535947713 0.04357843137254902 0.15492374727668845
0 0.9666013071895424 0.37642701525054467 0.06681372549019608 0.16217864923747277
0 0.9649673202614378 0.5616122004357298 0.059918300653594776 0.15492374727668845
0 0.8996078431372548 0.5628104575163398 0.06717320261437909 0.16703703703703704
0 0.8188071895424837 0.579760348583878 0.06898692810457516 0.15250544662309368
0 0.7452777777777778 0.6027668845315904 0.08532679738562092 0.17429193899782136
0 0.6708496732026143 0.6184967320261437 0.08532679738562092 0.18154684095860565
0 0.5846078431372549 0.6390631808278867 0.08714052287581699 0.17912854030501088
0 0.49836601307189543 0.6487581699346404 0.08169934640522876 0.18882352941176472
0 0.6690196078431373 0.803681917211329 0.06354575163398693 0.159760348583878
0 0.7470915032679739 0.7903703703703703 0.0780718954248366 0.1718736383442266
0 0.8242483660130719 0.767363834422658 0.06173202614379085 0.17912854030501088
0 0.8896078431372549 0.7564705882352942 0.06898692810457516 0.17671023965141613
0 0.9602450980392156 0.7334858387799564 0.07952614379084967 0.16461873638344227
0 0.6653921568627451 0.949041394335512 0.0780718954248366 0.10191721132897603
0 0.7525490196078432 0.949041394335512 0.08532679738562092 0.10191721132897603
0 0.834248366013072 0.9150326797385621 0.059918300653594776 0.12588235294117647
0 0.8923366013071896 0.905359477124183 0.06717320261437909 0.12588235294117647
0 0.956797385620915 0.8799346405228757 0.050833333333333335 0.10893246187363835
0 0.2196797385620915 0.5277167755991286 0.22331209150326797 0.6850631808278868 0.36673856209150324 0.7770522875816993 0.4557009803921569 0.7358997821350763 0.4448071895424836 0.5543442265795206 0.3612924836601307 0.5688692810457516 0.20697222222222222 0.5156143790849673
0 0.3031960784313726 0.7794727668845316 0.3050114379084967 0.9295577342047929 0.35766176470588235 0.9610261437908496 0.6100212418300655 0.9101917211328977 0.6100212418300655 0.7141132897603486 0.3358758169934641 0.7939956427015251
0 0.08896078431372549 0.4793028322440087 0.10166993464052287 0.626967320261438 0.21241830065359477 0.6850631808278868 0.2178643790849673 0.5131938997821351
0 0.11437908496732026 0.6318082788671024 0.12345751633986927 0.7722091503267974 0.14887418300653596 0.8061002178649237 0.13616503267973856 0.6366492374727668 0.09622385620915033 0.6318082788671024
0 0.13798039215686275 0.6463333333333333 0.14524346405228758 0.8182047930283224 0.16702941176470587 0.8254662309368191 0.16702941176470587 0.6608562091503268
0 0.16702941176470587 0.692326797385621 0.17973856209150327 0.8424117647058823 0.2106029411764706 0.8593551198257081 0.20333986928104575 0.692326797385621
0 0.20515686274509803 0.7141132897603486 0.2178643790849673 0.8787211328976036 0.2505441176470588 0.8932461873638344 0.2505441176470588 0.7189542483660131 0.20515686274509803 0.6947472766884532
0 0.252359477124183 0.7383202614379085 0.26143790849673204 0.9174531590413944 0.31408823529411767 0.9343986928104575 0.3159035947712418 0.7528453159041394
0 0.5482941176470588 0.939239651416122 0.5428464052287582 0.9978213507625272 0.6190996732026144 0.9978213507625272 0.6118366013071895 0.9368191721132898
0 0.12345751633986927 0.8206252723311547 0.12890359477124183 0.953764705882353 0.22694281045751635 0.9978213507625272 0.22875816993464052 0.88840522875817 0.13979738562091504 0.8133616557734206
0 0.47022549019607845 0.9973376906318083 0.46114705882352935 0.9610261437908496 0.5537401960784314 0.9561851851851852 0.5519248366013072 0.9978213507625272
0 0.44299183006535947 0.9900740740740741 0.44299183006535947 0.9707102396514161 0.37944771241830066 0.9803921568627451 0.23965196078431372 0.9053507625272331 0.23057352941176468 0.9978213507625272 0.4411764705882353 0.9978213507625272