0 0.5882352941176471 0.35294117647058826 0.6977124183006536 0.3088235294117647 0.9362745098039216 0.4950980392156863 0.8104575163398693 0.5906862745098039
0 0.5882352941176471 0.3627450980392157 0.5735294117647058 0.4803921568627451 0.7745098039215687 0.7475490196078431 0.7875816993464052 0.5735294117647058
0 0.7990196078431373 0.5784313725490197 0.7761437908496732 0.7426470588235294 0.9297385620915033 0.6838235294117647 0.9411764705882353 0.5171568627450981 0.7990196078431373 0.5955882352941176
0 0.7107843137254902 0.3088235294117647 0.9624183006535948 0.5073529411764706 0.9983660130718954 0.44607843137254904 0.7973856209150327 0.2818627450980392
0 0.8300653594771242 0.28431372549019607 0.9983660130718954 0.40441176470588236 0.9983660130718954 0.3161764705882353 0.8954248366013072 0.24754901960784315
0 0.4624183006535948 0.22794117647058823 0.565359477124183 0.35049019607843135 0.6781045751633987 0.29901960784313725 0.5441176470588235 0.18137254901960784
0 0.565359477124183 0.19362745098039216 0.684640522875817 0.2867647058823529 0.7875816993464052 0.2622549019607843 0.6290849673202614 0.1642156862745098
0 0.6797385620915033 0.18382352941176472 0.8137254901960784 0.27205882352941174 0.8839869281045751 0.24509803921568626 0.7075163398692811 0.15441176470588236
0 0.7467320261437909 0.1642156862745098 0.9035947712418301 0.24019607843137256 0.9738562091503268 0.2181372549019608 0.8006535947712419 0.15196078431372548
0 0.8349673202614379 0.15441176470588236 0.9852941176470589 0.23284313725490197 0.9983660130718954 0.20098039215686275 0.8725490196078431 0.13480392156862744
0 0.3741830065359477 0.15441176470588236 0.43300653594771243 0.21568627450980393 0.5196078431372549 0.18627450980392157 0.43300653594771243 0.1323529411764706
0 0.4722222222222222 0.13725490196078433 0.5326797385620915 0.18382352941176472 0.6143790849673203 0.18137254901960784 0.5212418300653595 0.11029411764705882
0 0.565359477124183 0.12990196078431374 0.6241830065359477 0.17401960784313725 0.696078431372549 0.1642156862745098 0.5947712418300654 0.1053921568627451
0 0.6160130718954249 0.10784313725490197 0.7075163398692811 0.1642156862745098 0.7565359477124183 0.14950980392156862 0.6535947712418301 0.09558823529411764
0 0.7124183006535948 0.10294117647058823 0.7777777777777778 0.13725490196078433 0.8937908496732027 0.125 0.7728758169934641 0.0784313725490196
0 0.815359477124183 0.07352941176470588 0.9215686274509803 0.1323529411764706 0.9820261437908496 0.10784313725490197 0.8366013071895425 0.06372549019607843
0 0.8872549019607843 0.13725490196078433 0.9983660130718954 0.2034313725490196 0.9918300653594772 0.13480392156862744 0.9444444444444444 0.12009803921568628
0 0.31862745098039214 0.11519607843137254 0.35294117647058826 0.14460784313725492 0.4215686274509804 0.12254901960784313 0.37254901960784315 0.09558823529411764
0 0.4019607843137255 0.09313725490196079 0.4444444444444444 0.1323529411764706 0.4950980392156863 0.11764705882352941 0.4264705882352941 0.0784313725490196
0 0.4722222222222222 0.09068627450980392 0.5081699346405228 0.12254901960784313 0.5735294117647058 0.11029411764705882 0.5212418300653595 0.07352941176470588
0 0.5408496732026143 0.07598039215686274 0.5882352941176471 0.11029411764705882 0.6503267973856209 0.09313725490196079 0.5784313725490197 0.06372549019607843
0 0.6160130718954249 0.06862745098039216 0.6699346405228758 0.09803921568627451 0.7107843137254902 0.09313725490196079 0.6339869281045751 0.05392156862745098
0 0.6781045751633987 0.058823529411764705 0.7189542483660131 0.09068627450980392 0.8169934640522876 0.07107843137254902 0.7271241830065359 0.0392156862745098
0 0.4493464052287582 0.23774509803921567 0.44281045751633985 0.3431372549019608 0.5686274509803921 0.47549019607843135 0.5686274509803921 0.3333333333333333
0 0.3627450980392157 0.16911764705882354 0.3660130718954248 0.2549019607843137 0.434640522875817 0.3284313725490196 0.4264705882352941 0.22303921568627452
0 0.3382352941176471 0.22549019607843138 0.3333333333333333 0.30637254901960786 0.40032679738562094 0.38480392156862747 0.40522875816993464 0.3112745098039216
0 0.40522875816993464 0.3137254901960784 0.41013071895424835 0.4117647058823529 0.5065359477124183 0.5245098039215687 0.5196078431372549 0.4264705882352941
0 0.5261437908496732 0.45098039215686275 0.5081699346405228 0.5612745098039216 0.6552287581699346 0.7205882352941176 0.6650326797385621 0.6421568627450981 0.5163398692810458 0.4632352941176471
0 0.6633986928104575 0.696078431372549 0.6470588235294118 0.7916666666666666 0.7516339869281046 0.9583333333333334 0.7679738562091504 0.8480392156862745 0.6748366013071896 0.7009803921568627
0 0.5473856209150327 0.7058823529411765 0.5506535947712419 0.7696078431372549 0.6797385620915033 0.9975490196078431 0.7336601307189542 0.9975490196078431 0.7418300653594772 0.9779411764705882
0 0.46405228758169936 0.47794117647058826 0.4673202614379085 0.5955882352941176 0.5555555555555556 0.7279411764705882 0.576797385620915 0.6397058823529411
0 0.40522875816993464 0.4117647058823529 0.4019607843137255 0.4852941176470588 0.4411764705882353 0.5416666666666666 0.4411764705882353 0.46078431372549017
0 0.3709150326797386 0.35784313725490197 0.3660130718954248 0.42892156862745096 0.39869281045751637 0.46568627450980393 0.39215686274509803 0.38480392156862747
0 0.31862745098039214 0.30392156862745096 0.3300653594771242 0.36519607843137253 0.3709150326797386 0.4117647058823529 0.35947712418300654 0.34558823529411764
0 0.25980392156862747 0.09558823529411764 0.27450980392156865 0.1715686274509804 0.3006535947712418 0.19362745098039216 0.28594771241830064 0.10784313725490197
0 0.3104575163398693 0.12254901960784313 0.30718954248366015 0.18627450980392157 0.35130718954248363 0.22794117647058823 0.34477124183006536 0.14705882352941177
0 0.28921568627450983 0.19607843137254902 0.29411764705882354 0.2549019607843137 0.3349673202614379 0.3014705882352941 0.3415032679738562 0.23774509803921567
0 0.31699346405228757 0.37254901960784315 0.31862745098039214 0.4362745098039216 0.3382352941176471 0.46078431372549017 0.33986928104575165 0.39950980392156865
0 0.35294117647058826 0.43137254901960786 0.35294117647058826 0.47794117647058826 0.4035947712418301 0.553921568627451 0.4035947712418301 0.4730392156862745
0 0.42483660130718953 0.5343137254901961 0.4215686274509804 0.5833333333333334 0.5081699346405228 0.7475490196078431 0.5065359477124183 0.6740196078431373
0 0.5179738562091504 0.7107843137254902 0.5098039215686274 0.7573529411764706 0.6225490196078431 0.9779411764705882 0.6339869281045751 0.946078431372549 0.5408496732026143 0.7573529411764706 0.5196078431372549 0.6887254901960784
0 0.47549019607843135 0.6911764705882353 0.4526143790849673 0.7426470588235294 0.5588235294117647 0.9142156862745098 0.5751633986928104 0.8823529411764706
0 0.4019607843137255 0.5588235294117647 0.39705882352941174 0.5906862745098039 0.4526143790849673 0.7254901960784313 0.4591503267973856 0.6642156862745098
0 0.3366013071895425 0.47794117647058826 0.3366013071895425 0.5024509803921569 0.38235294117647056 0.5686274509803921 0.39052287581699346 0.5318627450980392 0.3382352941176471 0.4950980392156863
0 0.43137254901960786 0.6936274509803921 0.42810457516339867 0.7671568627450981 0.49836601307189543 0.8946078431372549 0.5049019607843137 0.8357843137254902
0 0.5098039215686274 0.8848039215686274 0.5016339869281046 0.9607843137254902 0.5343137254901961 0.9975490196078431 0.5441176470588235 0.9681372549019608
0 0.5588235294117647 0.9215686274509803 0.5637254901960784 0.9901960784313726 0.6062091503267973 0.9975490196078431
0 0.4738562091503268 0.875 0.46895424836601307 0.9436274509803921 0.5245098039215687 0.9975490196078431 0.5228758169934641 0.9779411764705882 0.4950980392156863 0.9117647058823529 0.48366013071895425 0.8823529411764706
0 0.39052287581699346 0.7083333333333334 0.39215686274509803 0.7622549019607843 0.4477124183006536 0.8799019607843137 0.4477124183006536 0.8357843137254902
0 0.3741830065359477 0.5735294117647058 0.3660130718954248 0.6348039215686274 0.4199346405228758 0.7254901960784313 0.41013071895424835 0.6593137254901961
0 0.7810457516339869 0.821078431372549 0.7794117647058824 0.946078431372549 0.9983660130718954 0.8186274509803921 0.9983660130718954 0.6838235294117647