0 0.22549019607843138 0.5759803921568627 0.22875816993464052 0.6299019607843137 0.3300653594771242 0.6740196078431373 0.3300653594771242 0.6200980392156863
0 0.22712418300653595 0.5637254901960784 0.25326797385620914 0.5147058823529411 0.35130718954248363 0.5563725490196079 0.3235294117647059 0.6078431372549019
0 0.3611111111111111 0.5735294117647058 0.3333333333333333 0.6200980392156863 0.3300653594771242 0.6813725490196079 0.45751633986928103 0.7303921568627451 0.45588235294117646 0.6617647058823529 0.477124183006536 0.6053921568627451
0 0.47549019607843135 0.6029411764705882 0.45588235294117646 0.6740196078431373 0.46078431372549017 0.7303921568627451 0.5866013071895425 0.7818627450980392 0.5947712418300654 0.7230392156862745 0.6078431372549019 0.6568627450980392
0 0.6127450980392157 0.6519607843137255 0.5931372549019608 0.7254901960784313 0.5931372549019608 0.7818627450980392 0.7303921568627451 0.8431372549019608 0.738562091503268 0.7843137254901961 0.7516339869281046 0.7181372549019608
0 0.28921568627450983 0.4632352941176471 0.2549019607843137 0.5196078431372549 0.34967320261437906 0.5588235294117647 0.3790849673202614 0.5147058823529411
0 0.3839869281045752 0.5147058823529411 0.3562091503267974 0.5612745098039216 0.46895424836601307 0.6053921568627451 0.4934640522875817 0.5441176470588235 0.3954248366013072 0.5073529411764706
0 0.4950980392156863 0.5441176470588235 0.47549019607843135 0.6127450980392157 0.6029411764705882 0.6568627450980392 0.6176470588235294 0.5955882352941176
0 0.6274509803921569 0.5882352941176471 0.6127450980392157 0.6495098039215687 0.738562091503268 0.7107843137254902 0.7450980392156863 0.6176470588235294
0 0.31699346405228757 0.41911764705882354 0.29248366013071897 0.4534313725490196 0.3790849673202614 0.5049019607843137 0.40522875816993464 0.4632352941176471
0 0.4084967320261438 0.46078431372549017 0.38235294117647056 0.5024509803921569 0.49019607843137253 0.5514705882352942 0.5081699346405228 0.49754901960784315
0 0.5163398692810458 0.5049019607843137 0.5016339869281046 0.5441176470588235 0.6160130718954249 0.5833333333333334 0.6290849673202614 0.5318627450980392 0.5261437908496732 0.4950980392156863
0 0.6274509803921569 0.5269607843137255 0.619281045751634 0.5833333333333334 0.75 0.6348039215686274 0.7516339869281046 0.5686274509803921
0 0.42320261437908496 0.41421568627450983 0.40522875816993464 0.4534313725490196 0.315359477124183 0.41421568627450983 0.3300653594771242 0.37254901960784315
0 0.4297385620915033 0.4264705882352941 0.4150326797385621 0.45098039215686275 0.5179738562091504 0.4950980392156863 0.5245098039215687 0.4534313725490196 0.4264705882352941 0.40931372549019607
0 0.5310457516339869 0.4583333333333333 0.5212418300653595 0.4877450980392157 0.6258169934640523 0.5294117647058824 0.6405228758169934 0.47549019607843135
0 0.6454248366013072 0.47794117647058826 0.6339869281045751 0.5220588235294118 0.7450980392156863 0.5612745098039216 0.7516339869281046 0.5171568627450981
0 0.7532679738562091 0.4730392156862745 0.7532679738562091 0.5122549019607843 0.6437908496732027 0.47794117647058826 0.6519607843137255 0.42892156862745096
0 0.6503267973856209 0.42401960784313725 0.6405228758169934 0.47794117647058826 0.5392156862745098 0.4411764705882353 0.553921568627451 0.4019607843137255
0 0.5424836601307189 0.39950980392156865 0.5261437908496732 0.44607843137254904 0.43137254901960786 0.41911764705882354 0.4477124183006536 0.37745098039215685
0 0.44281045751633985 0.375 0.43137254901960786 0.4117647058823529 0.3284313725490196 0.375 0.35947712418300654 0.34558823529411764
0 0.4624183006535948 0.34068627450980393 0.4395424836601307 0.36764705882352944 0.3709150326797386 0.3431372549019608 0.3872549019607843 0.30637254901960786
0 0.47058823529411764 0.34558823529411764 0.45098039215686275 0.37745098039215685 0.5473856209150327 0.4068627450980392 0.553921568627451 0.375
0 0.5637254901960784 0.3627450980392157 0.553921568627451 0.4019607843137255 0.6470588235294118 0.42892156862745096 0.6568627450980392 0.4068627450980392
0 0.6617647058823529 0.39950980392156865 0.6535947712418301 0.42401960784313725 0.7532679738562091 0.4632352941176471 0.7581699346405228 0.4338235294117647
0 0.673202614379085 0.36519607843137253 0.6633986928104575 0.3872549019607843 0.7532679738562091 0.41911764705882354 0.7581699346405228 0.3872549019607843
0 0.684640522875817 0.3161764705882353 0.6715686274509803 0.3480392156862745 0.7598039215686274 0.3897058823529412 0.7696078431372549 0.3553921568627451
0 0.6601307189542484 0.35784313725490197 0.6568627450980392 0.3946078431372549 0.5669934640522876 0.3700980392156863 0.5669934640522876 0.33088235294117646
0 0.5637254901960784 0.3333333333333333 0.5620915032679739 0.36764705882352944 0.47058823529411764 0.3333333333333333 0.48856209150326796 0.30392156862745096
0 0.5784313725490197 0.29901960784313725 0.5686274509803921 0.32598039215686275 0.49019607843137253 0.30392156862745096 0.5016339869281046 0.27450980392156865
0 0.48366013071895425 0.30392156862745096 0.4673202614379085 0.34068627450980393 0.38235294117647056 0.30392156862745096 0.4133986928104575 0.2769607843137255
0 0.4950980392156863 0.2818627450980392 0.4852941176470588 0.29901960784313725 0.4035947712418301 0.2769607843137255 0.4264705882352941 0.2426470588235294
0 0.11488725490196079 0.6318774509803922 0.17233006535947712 0.5520955882352941 0.12765196078431373 0.5361372549019607 0.0744640522875817 0.6238995098039215 0.08829248366013072 0.6685784313725489 0.12020588235294118 0.6765563725490197
0 0.11914215686274511 0.6398553921568627 0.12233333333333332 0.6829387254901961 0.1531830065359477 0.6988946078431373 0.15956535947712416 0.6526200980392157 0.21700816993464053 0.5776249999999999 0.18190359477124182 0.5505 0.11914215686274511 0.6334730392156862
0 0.21488071895424837 0.5792205882352941 0.15531045751633987 0.6653848039215685 0.16169281045751635 0.7180416666666667 0.20424346405228758 0.7276151960784314 0.19679738562091503 0.6845343137254902 0.23509313725490197 0.6318774509803922
0 0.23509313725490197 0.4755049019607843 0.18190359477124182 0.5345416666666667 0.14467156862745098 0.5297549019607842 0.20211601307189542 0.46114215686274507
0 0.26594117647058824 0.4946519607843138 0.21488071895424837 0.5712426470588235 0.17764869281045753 0.5520955882352941 0.2425392156862745 0.4771004901960785
0 0.3095555555555556 0.42284803921568626 0.26806862745098037 0.485078431372549 0.23934803921568626 0.4723112745098039 0.2829624183006536 0.4068897058823529
0 0.3404052287581699 0.3558308823529412 0.3116830065359477 0.4164656862745098 0.28721732026143787 0.41487009803921565 0.3223218954248366 0.35263970588235294
0 0.31593790849673203 0.35104411764705884 0.28615359477124186 0.4036985294117647 0.26806862745098037 0.4356127450980392 0.25636764705882353 0.4276348039215686 0.25424019607843135 0.40210294117647055 0.29466339869281044 0.33668137254901964
0 0.23190032679738562 0.6350686274509804 0.1978611111111111 0.6972990196078431 0.20530718954248364 0.7403823529411765 0.24679411764705883 0.7595294117647058 0.2425392156862745 0.7164460784313725
0 0.09680228758169936 0.6733651960784314 0.10637745098039214 0.7132549019607842 0.1691388888888889 0.7499558823529412 0.15956535947712416 0.7052769607843137
0 0.17233006535947712 0.7244240196078431 0.1872222222222222 0.7675073529411764 0.25530392156862747 0.8026127450980393 0.24466666666666664 0.7627205882352941
0 0.2521127450980392 0.7691029411764706 0.25955882352941173 0.8058039215686273 0.3510424836601307 0.853671568627451 0.3499787581699347 0.8185686274509804
0 0.3510424836601307 0.8233553921568627 0.3531699346405229 0.8600563725490197 0.44997385620915037 0.9015416666666667 0.44997385620915037 0.8680343137254902
0 0.459547385620915 0.8712254901960784 0.459547385620915 0.9111151960784314 0.5627320261437908 0.9589852941176471 0.5627320261437908 0.9206911764705882
0 0.5669869281045752 0.9286691176470588 0.5606045751633987 0.9621764705882353 0.6744281045751634 0.9975490196078431 0.6850653594771242 0.9765367647058824
0 0.24679411764705883 0.7260196078431372 0.24679411764705883 0.7627205882352941 0.2935996732026144 0.7802720588235295 0.2904084967320261 0.7419779411764705
0 0.29891830065359476 0.7515514705882352 0.29891830065359476 0.799421568627451 0.3425326797385621 0.812186274509804 0.34146895424836604 0.7802720588235295 0.30636437908496733 0.7483602941176472
0 0.3510424836601307 0.7818676470588235 0.3457238562091503 0.815377450980392 0.3999754901960784 0.839311274509804 0.39572058823529416 0.7946348039215687
0 0.40316830065359477 0.8105906862745098 0.4052957516339869 0.8456936274509804 0.45103758169934643 0.8632475490196078 0.45316503267973857 0.8345245098039216
0 0.46061111111111114 0.8345245098039216 0.4563562091503268 0.8696299019607844 0.5052892156862745 0.8855857843137255 0.5052892156862745 0.8584607843137255 0.46061111111111114 0.8233553921568627
0 0.5106078431372549 0.8552671568627451 0.5106078431372549 0.8776078431372549 0.5627320261437908 0.9159019607843137 0.5680506535947712 0.8807990196078431
0 0.5808169934640522 0.8807990196078431 0.5733709150326798 0.9159019607843137 0.6297499999999999 0.9430294117647058 0.6350686274509804 0.9031372549019608
0 0.6403872549019607 0.9159019607843137 0.6318774509803922 0.9462205882352941 0.6808104575163398 0.9637720588235293 0.696766339869281 0.9446249999999999
0 0.5903905228758171 0.8361200980392157 0.5818807189542483 0.8728210784313726 0.7052777777777778 0.931860294117647 0.7042140522875817 0.8967549019607842
0 0.4627385620915033 0.773889705882353 0.459547385620915 0.8217598039215687 0.5754983660130719 0.8776078431372549 0.5797532679738563 0.8361200980392157
0 0.3457238562091503 0.7244240196078431 0.3435964052287582 0.7691029411764706 0.44891013071895425 0.8185686274509804 0.44997385620915037 0.7786764705882353
0 0.28402614379084967 0.6988946078431373 0.288281045751634 0.7435735294117647 0.3425326797385621 0.7627205882352941 0.3425326797385621 0.7276151960784314
0 0.24466666666666664 0.6829387254901961 0.24998529411764708 0.7196372549019608 0.28508986928104574 0.7403823529411765 0.2808349673202615 0.695703431372549
0 0.23615686274509803 0.6382598039215687 0.24041176470588235 0.6765563725490197 0.28721732026143787 0.6893210784313726 0.28721732026143787 0.655811274509804
0 0.29147222222222224 0.6605980392156863 0.29147222222222224 0.6925122549019608 0.3425326797385621 0.7244240196078431 0.34146895424836604 0.6797475490196078 0.29891830065359476 0.6590024509803921
0 0.34146895424836604 0.6861299019607843 0.3467875816993464 0.7308088235294118 0.39891176470588235 0.7483602941176472 0.3882745098039216 0.7004901960784314
0 0.39891176470588235 0.7244240196078431 0.3978480392156863 0.7483602941176472 0.45210130718954245 0.7786764705882353 0.4563562091503268 0.7308088235294118 0.3999754901960784 0.7132549019607842
0 0.4627385620915033 0.7419779411764705 0.46061111111111114 0.7754852941176471 0.5148627450980392 0.7978259803921568 0.5191176470588235 0.7643161764705882
0 0.5286928104575164 0.7627205882352941 0.5255 0.8058039215686273 0.5840081699346406 0.8361200980392157 0.5871993464052288 0.7866544117647059
0 0.5946454248366013 0.7898455882352942 0.5914542483660131 0.8281421568627451 0.6499607843137255 0.8600563725490197 0.6563447712418301 0.8201642156862745 0.5861356209150327 0.7866544117647059
0 0.6627271241830065 0.8201642156862745 0.6574084967320262 0.8600563725490197 0.7212336601307189 0.891968137254902 0.7297434640522876 0.8472892156862746
0 0.1095686274509804 0.7148504901960784 0.11807843137254902 0.7499558823529412 0.14786274509803923 0.7595294117647058 0.14360784313725491 0.7324044117647059
0 0.14679901960784314 0.7387867647058823 0.14679901960784314 0.773889705882353 0.17977614379084966 0.78825 0.17233006535947712 0.7499558823529412
0 0.18403104575163398 0.7706985294117646 0.18615849673202614 0.8058039215686273 0.223390522875817 0.8185686274509804 0.21700816993464053 0.7818676470588235
0 0.22232679738562092 0.7850588235294117 0.22658169934640524 0.8217598039215687 0.26062254901960785 0.8425024509803921 0.25955882352941173 0.8105906862745098
0 0.26594117647058824 0.8105906862745098 0.26594117647058824 0.8425024509803921 0.30849183006535946 0.8616519607843136 0.3053006535947712 0.8361200980392157
0 0.30849183006535946 0.8361200980392157 0.3074281045751634 0.8680343137254902 0.3510424836601307 0.8951593137254903 0.3499787581699347 0.8664387254901961
0 0.35423366013071894 0.8648431372549019 0.35529738562091506 0.891968137254902 0.39572058823529416 0.9111151960784314 0.3925294117647059 0.8887769607843137
0 0.406359477124183 0.8887769607843137 0.406359477124183 0.9143063725490196 0.44891013071895425 0.931860294117647 0.44997385620915037 0.8999460784313725
0 0.46061111111111114 0.9127107843137255 0.459547385620915 0.9446249999999999 0.49997058823529417 0.9621764705882353 0.49997058823529417 0.9510073529411766 0.5020980392156863 0.9286691176470588
0 0.5063529411764706 0.9334558823529412 0.5031617647058824 0.9653676470588235 0.551031045751634 0.9940906862745098 0.5563496732026144 0.9589852941176471
0 0.1244607843137255 0.7595294117647058 0.1287156862745098 0.7898455882352942 0.18615849673202614 0.8201642156862745 0.18403104575163398 0.78825
0 0.1893496732026144 0.8089950980392157 0.1893496732026144 0.8281421568627451 0.2616862745098039 0.8664387254901961 0.26275 0.8488848039215687
0 0.26700490196078436 0.8440980392156863 0.26594117647058824 0.8728210784313726 0.2978545751633987 0.891968137254902 0.2978545751633987 0.8648431372549019
0 0.30104575163398695 0.8632475490196078 0.302109477124183 0.8983504901960784 0.3531699346405229 0.9127107843137255 0.34891503267973856 0.8871813725490196
0 0.3627450980392157 0.891968137254902 0.36061764705882354 0.9270735294117647 0.44997385620915037 0.9765367647058824 0.45210130718954245 0.9430294117647058
0 0.4563562091503268 0.9478161764705882 0.45529248366013075 0.9765367647058824 0.5095441176470589 0.9975490196078431 0.5446486928104575 0.9975490196078431 0.45741993464052283 0.9494117647058824
0 0.16275653594771242 0.815377450980392 0.16169281045751635 0.8377156862745099 0.19573366013071897 0.853671568627451 0.19041503267973858 0.826546568627451
0 0.19679738562091503 0.839311274509804 0.19998856209150326 0.8632475490196078 0.23934803921568626 0.8807990196078431 0.2297728758169935 0.8456936274509804
0 0.23509313725490197 0.8584607843137255 0.2425392156862745 0.8999460784313725 0.2755163398692811 0.9079240196078431 0.27019607843137255 0.8728210784313726
0 0.2776437908496732 0.8807990196078431 0.28508986928104574 0.9095196078431372 0.31487418300653597 0.9238823529411765 0.3106192810457516 0.9015416666666667
0 0.31381045751633985 0.9095196078431372 0.3233856209150327 0.9350514705882352 0.3531699346405229 0.957389705882353 0.3478513071895425 0.9254779411764706
0 0.3531699346405229 0.9286691176470588 0.3595539215686274 0.9605808823529411 0.406359477124183 0.9781323529411764 0.4021045751633987 0.9510073529411766
0 0.4074232026143791 0.957389705882353 0.4095506535947713 0.9749411764705883 0.43933496732026145 0.9972818627450981 0.43827124183006533 0.9765367647058824