0 0.04411764705882353 0.4950980392156863 0.042483660130718956 0.5490196078431373 0.16830065359477125 0.5392156862745098 0.16993464052287582 0.4950980392156863
0 0 0.4950980392156863 0 0.5392156862745098 0.03594771241830065 0.5392156862745098 0.04411764705882353 0.4852941176470588
0 0 0.5465686274509803 0 0.5882352941176471 0.11437908496732026 0.5857843137254902 0.1111111111111111 0.5343137254901961
0 0.11764705882352941 0.5392156862745098 0.12254901960784313 0.5784313725490197 0.184640522875817 0.5808823529411765 0.1830065359477124 0.5367647058823529
0 0 0.5931372549019608 0 0.6397058823529411 0.05555555555555555 0.6323529411764706 0.05718954248366013 0.5833333333333334
0 0.05718954248366013 0.5882352941176471 0.05555555555555555 0.6323529411764706 0.17647058823529413 0.6323529411764706 0.17973856209150327 0.5857843137254902
0 0.0032679738562091504 0.6421568627450981 0.00980392156862745 0.6887254901960784 0.12091503267973856 0.678921568627451 0.11601307189542484 0.6446078431372549
0 0.12091503267973856 0.6372549019607843 0.12581699346405228 0.6715686274509803 0.19281045751633988 0.6691176470588235 0.18627450980392157 0.6323529411764706
0 0.0016339869281045752 0.6936274509803921 0.004901960784313725 0.7426470588235294 0.049019607843137254 0.7352941176470589 0.049019607843137254 0.6887254901960784
0 0.05392156862745098 0.6887254901960784 0.05718954248366013 0.7279411764705882 0.17973856209150327 0.7303921568627451 0.1781045751633987 0.678921568627451
0 0.0032679738562091504 0.7401960784313726 0.0016339869281045752 0.7745098039215687 0.10294117647058823 0.7794117647058824 0.10947712418300654 0.7254901960784313
0 0.11274509803921569 0.7352941176470589 0.1111111111111111 0.7598039215686274 0.16993464052287582 0.7794117647058824 0.17320261437908496 0.7254901960784313
0 0.04411764705882353 0.7818627450980392 0.049019607843137254 0.8235294117647058 0.00980392156862745 0.8284313725490197 0 0.8235294117647058 0 0.7745098039215687
0 0.0457516339869281 0.7867647058823529 0.05555555555555555 0.8333333333333334 0.16830065359477125 0.8137254901960784 0.17320261437908496 0.7818627450980392 0.04411764705882353 0.7818627450980392
0 0 0.8308823529411765 0 0.8848039215686274 0.11274509803921569 0.8651960784313726 0.10947712418300654 0.8235294117647058
0 0.12581699346405228 0.8357843137254902 0.12581699346405228 0.8651960784313726 0.18627450980392157 0.8651960784313726 0.17647058823529413 0.8186274509803921
0 0 0.8872549019607843 0.0016339869281045752 0.928921568627451 0.05392156862745098 0.9362745098039216 0.04738562091503268 0.8774509803921569
0 0.049019607843137254 0.8799019607843137 0.05392156862745098 0.9338235294117647 0.17320261437908496 0.9093137254901961 0.17320261437908496 0.8725490196078431
0 0.12418300653594772 0.9166666666666666 0.12254901960784313 0.9632352941176471 0.0016339869281045752 0.9730392156862745 0 0.9166666666666666 0.11601307189542484 0.9264705882352942
0 0.12581699346405228 0.9313725490196079 0.13398692810457516 0.9754901960784313 0.20588235294117646 0.9534313725490197 0.19607843137254902 0.9191176470588235
0 0.5163398692810458 0.5049019607843137 0.511437908496732 0.5318627450980392 0.6258169934640523 0.5147058823529411 0.6372549019607843 0.4877450980392157
0 0.5408496732026143 0.5490196078431373 0.5326797385620915 0.5857843137254902 0.5784313725490197 0.5808823529411765 0.5915032679738562 0.5833333333333334 0.5931372549019608 0.5490196078431373
0 0.6045751633986928 0.5808823529411765 0.7189542483660131 0.5759803921568627 0.7156862745098039 0.5318627450980392 0.6143790849673203 0.5416666666666666
0 0.6650326797385621 0.4950980392156863 0.6683006535947712 0.5269607843137255 0.7140522875816994 0.5269607843137255 0.7189542483660131 0.49264705882352944
0 0.7336601307189542 0.4852941176470588 0.7320261437908496 0.5245098039215687 0.7826797385620915 0.5171568627450981 0.7810457516339869 0.48284313725490197
0 0.7924836601307189 0.4852941176470588 0.7859477124183006 0.5196078431372549 0.9019607843137255 0.5196078431372549 0.9003267973856209 0.4877450980392157
0 0.9084967320261438 0.48284313725490197 0.9068627450980392 0.5196078431372549 0.9607843137254902 0.5171568627450981 0.9558823529411765 0.4852941176470588
0 0.9983660130718954 0.4803921568627451 0.9624183006535948 0.4852941176470588 0.9624183006535948 0.5318627450980392 0.9983660130718954 0.5196078431372549
0 0.8366013071895425 0.5343137254901961 0.7140522875816994 0.5416666666666666 0.7254901960784313 0.5784313725490197 0.8300653594771242 0.5735294117647058
0 0.9395424836601307 0.5343137254901961 0.8300653594771242 0.5318627450980392 0.8349673202614379 0.5637254901960784 0.9395424836601307 0.5661764705882353
0 0.9983660130718954 0.5294117647058824 0.9477124183006536 0.5343137254901961 0.9444444444444444 0.5686274509803921 0.9967320261437909 0.5612745098039216
0 0.6552287581699346 0.5882352941176471 0.5359477124183006 0.5931372549019608 0.5375816993464052 0.6225490196078431 0.6437908496732027 0.6299019607843137
0 0.7794117647058824 0.6004901960784313 0.6535947712418301 0.5955882352941176 0.6650326797385621 0.6495098039215687 0.7679738562091504 0.6274509803921569
0 0.8823529411764706 0.5833333333333334 0.7826797385620915 0.5833333333333334 0.7761437908496732 0.6299019607843137 0.880718954248366 0.6102941176470589
0 0.9983660130718954 0.5759803921568627 0.8937908496732027 0.5784313725490197 0.9003267973856209 0.6151960784313726 0.9983660130718954 0.6078431372549019
0 0.9950980392156863 0.6053921568627451 0.9362745098039216 0.6176470588235294 0.954248366013072 0.6446078431372549 0.9983660130718954 0.6446078431372549 0.9983660130718954 0.6225490196078431
0 0.9411764705882353 0.6176470588235294 0.8366013071895425 0.6323529411764706 0.8398692810457516 0.6666666666666666 0.9379084967320261 0.6568627450980392
0 0.8300653594771242 0.6274509803921569 0.7124183006535948 0.6372549019607843 0.7189542483660131 0.6715686274509803 0.8316993464052288 0.6666666666666666
0 0.7173202614379085 0.6372549019607843 0.5931372549019608 0.6348039215686274 0.5915032679738562 0.6740196078431373 0.7156862745098039 0.6813725490196079 0.7058823529411765 0.6495098039215687
0 0.5898692810457516 0.6421568627450981 0.5326797385620915 0.6372549019607843 0.5359477124183006 0.6715686274509803 0.5833333333333334 0.6764705882352942
0 0.6454248366013072 0.6862745098039216 0.5424836601307189 0.6887254901960784 0.5310457516339869 0.7303921568627451 0.6552287581699346 0.7230392156862745
0 0.7091503267973857 0.6887254901960784 0.6437908496732027 0.6862745098039216 0.6519607843137255 0.7279411764705882 0.7026143790849673 0.7328431372549019 0.7107843137254902 0.6985294117647058
0 0.6895424836601307 0.7352941176470589 0.5849673202614379 0.7328431372549019 0.5866013071895425 0.7843137254901961 0.6830065359477124 0.7696078431372549
0 0.5784313725490197 0.7328431372549019 0.5245098039215687 0.7352941176470589 0.5245098039215687 0.7794117647058824 0.5866013071895425 0.7769607843137255
0 0.6339869281045751 0.7843137254901961 0.5326797385620915 0.7794117647058824 0.5261437908496732 0.8284313725490197 0.6372549019607843 0.821078431372549
0 0.6862745098039216 0.7843137254901961 0.6437908496732027 0.7794117647058824 0.6388888888888888 0.821078431372549 0.6781045751633987 0.821078431372549
0 0.6356209150326797 0.8284313725490197 0.5784313725490197 0.8284313725490197 0.5849673202614379 0.8725490196078431 0.6405228758169934 0.8725490196078431
0 0.5751633986928104 0.8308823529411765 0.5196078431372549 0.8308823529411765 0.5212418300653595 0.8848039215686274 0.5751633986928104 0.875
0 0.6813725490196079 0.8235294117647058 0.6405228758169934 0.8284313725490197 0.6421568627450981 0.8651960784313726 0.6683006535947712 0.8651960784313726 0.6715686274509803 0.8259803921568627
0 0.6274509803921569 0.8651960784313726 0.5081699346405228 0.8774509803921569 0.5130718954248366 0.9044117647058824 0.6290849673202614 0.9117647058823529
0 0.6617647058823529 0.875 0.6323529411764706 0.8651960784313726 0.6405228758169934 0.9142156862745098 0.6683006535947712 0.9117647058823529
0 0.6683006535947712 0.928921568627451 0.6356209150326797 0.9191176470588235 0.6454248366013072 0.9485294117647058 0.6781045751633987 0.9509803921568627
0 0.6274509803921569 0.9191176470588235 0.576797385620915 0.9166666666666666 0.5866013071895425 0.9656862745098039 0.630718954248366 0.9607843137254902 0.630718954248366 0.9093137254901961
0 0.5718954248366013 0.9166666666666666 0.5147058823529411 0.9191176470588235 0.5228758169934641 0.9779411764705882 0.5784313725490197 0.9632352941176471
0 0.4852941176470588 0.5563725490196079 0.4869281045751634 0.5980392156862745 0.5212418300653595 0.6225490196078431 0.5212418300653595 0.5686274509803921 0.4869281045751634 0.553921568627451
0 0.5 0.6176470588235294 0.5 0.6617647058823529 0.5277777777777778 0.678921568627451 0.5294117647058824 0.6299019607843137
0 0.4934640522875817 0.6985294117647058 0.4934640522875817 0.7377450980392157 0.5228758169934641 0.7647058823529411 0.5277777777777778 0.7377450980392157
0 0.4738562091503268 0.5049019607843137 0.46895424836601307 0.5367647058823529 0.4950980392156863 0.5637254901960784 0.5032679738562091 0.5245098039215687
0 0.5016339869281046 0.5294117647058824 0.49673202614379086 0.5588235294117647 0.5310457516339869 0.5808823529411765 0.5343137254901961 0.5514705882352942
0 0.48366013071895425 0.6421568627450981 0.477124183006536 0.6740196078431373 0.5163398692810458 0.7132352941176471 0.5179738562091504 0.6764705882352942
0 0.4722222222222222 0.5833333333333334 0.4624183006535948 0.6176470588235294 0.4950980392156863 0.6470588235294118 0.4950980392156863 0.6102941176470589
0 0.477124183006536 0.7328431372549019 0.4722222222222222 0.7696078431372549 0.5212418300653595 0.8235294117647058 0.5212418300653595 0.7769607843137255
0 0.48366013071895425 0.7892156862745098 0.477124183006536 0.8259803921568627 0.5179738562091504 0.8700980392156863 0.5179738562091504 0.8259803921568627
0 0.48366013071895425 0.8382352941176471 0.477124183006536 0.8725490196078431 0.511437908496732 0.9044117647058824 0.5147058823529411 0.875
0 0.4673202614379085 0.6617647058823529 0.4624183006535948 0.6985294117647058 0.48856209150326796 0.7303921568627451 0.4934640522875817 0.6911764705882353
0 0.46405228758169936 0.7549019607843137 0.4493464052287582 0.7941176470588235 0.47875816993464054 0.8088235294117647 0.4820261437908497 0.7794117647058824 0.477124183006536 0.7549019607843137