0 0.4526143790849673 0.6446078431372549 0.4542483660130719 0.6862745098039216 0.5408496732026143 0.7058823529411765 0.6323529411764706 0.6862745098039216 0.6339869281045751 0.6323529411764706 0.5490196078431373 0.6617647058823529
0 0.7892156862745098 0.3088235294117647 0.7826797385620915 0.36764705882352944 0.826797385620915 0.3799019607843137 0.826797385620915 0.32107843137254904
0 0.7810457516339869 0.38480392156862747 0.7810457516339869 0.46078431372549017 0.8218954248366013 0.46078431372549017 0.8235294117647058 0.39215686274509803
0 0.46405228758169936 0.6372549019607843 0.5424836601307189 0.5980392156862745 0.6160130718954249 0.625 0.5490196078431373 0.6544117647058824
0 0.4591503267973856 0.6911764705882353 0.4591503267973856 0.7352941176470589 0.553921568627451 0.7720588235294118 0.6486928104575164 0.7181372549019608 0.6503267973856209 0.6568627450980392 0.545751633986928 0.7132352941176471 0.47058823529411764 0.6813725490196079
0 0.2549019607843137 0.5980392156862745 0.25326797385620914 0.6421568627450981 0.3366013071895425 0.6666666666666666 0.3382352941176471 0.6274509803921569
0 0.35784313725490197 0.6151960784313726 0.3545751633986928 0.6691176470588235 0.45098039215686275 0.6911764705882353 0.4477124183006536 0.6397058823529411
0 0.35130718954248363 0.6715686274509803 0.35130718954248363 0.696078431372549 0.4411764705882353 0.7352941176470589 0.44281045751633985 0.6887254901960784
0 0.17647058823529413 0.6397058823529411 0.1830065359477124 0.678921568627451 0.2565359477124183 0.678921568627451 0.2565359477124183 0.6519607843137255
0 0.26143790849673204 0.6593137254901961 0.26143790849673204 0.6813725490196079 0.3464052287581699 0.7058823529411765 0.3480392156862745 0.6691176470588235 0.26633986928104575 0.6421568627450981
0 0.37254901960784315 0.6029411764705882 0.4411764705882353 0.5759803921568627 0.5081699346405228 0.6102941176470589 0.44607843137254904 0.6372549019607843
0 0.2647058823529412 0.5931372549019608 0.3366013071895425 0.571078431372549 0.39705882352941174 0.5833333333333334 0.3431372549019608 0.6372549019607843
0 0.5571895424836601 0.48284313725490197 0.553921568627451 0.5171568627450981 0.6535947712418301 0.5343137254901961 0.7401960784313726 0.49264705882352944 0.7336601307189542 0.46078431372549017 0.6486928104575164 0.49754901960784315
0 0.44607843137254904 0.41421568627450983 0.44607843137254904 0.44607843137254904 0.5424836601307189 0.46078431372549017 0.6176470588235294 0.4387254901960784 0.6209150326797386 0.4117647058823529 0.5359477124183006 0.43137254901960786 0.46405228758169936 0.4117647058823529
0 0.45588235294117646 0.3627450980392157 0.44607843137254904 0.4019607843137255 0.5392156862745098 0.4166666666666667 0.6143790849673203 0.39215686274509803 0.6209150326797386 0.35294117647058826 0.5408496732026143 0.3872549019607843
0 0.34477124183006536 0.39950980392156865 0.33986928104575165 0.4264705882352941 0.43300653594771243 0.4534313725490196 0.4362745098039216 0.4215686274509804
0 0.4411764705882353 0.45588235294117646 0.44281045751633985 0.49264705882352944 0.5261437908496732 0.5049019607843137 0.5310457516339869 0.48284313725490197
0 0.5408496732026143 0.5171568627450981 0.5408496732026143 0.5490196078431373 0.6486928104575164 0.5857843137254902 0.8169934640522876 0.5392156862745098 0.8088235294117647 0.5024509803921569 0.6454248366013072 0.5367647058823529
0 0.5506535947712419 0.553921568627451 0.5473856209150327 0.5980392156862745 0.6568627450980392 0.625 0.8137254901960784 0.571078431372549 0.803921568627451 0.5343137254901961 0.6339869281045751 0.5808823529411765
0 0.6470588235294118 0.6225490196078431 0.6470588235294118 0.6544117647058824 0.803921568627451 0.6274509803921569 0.8055555555555556 0.6004901960784313
0 0.6503267973856209 0.6691176470588235 0.6552287581699346 0.7181372549019608 0.8088235294117647 0.6715686274509803 0.803921568627451 0.6397058823529411
0 0.2581699346405229 0.23529411764705882 0.25163398692810457 0.27941176470588236 0.35947712418300654 0.2867647058823529 0.43300653594771243 0.27205882352941174 0.434640522875817 0.23039215686274508 0.34477124183006536 0.24509803921568626
0 0.2581699346405229 0.2867647058823529 0.2565359477124183 0.3112745098039216 0.35130718954248363 0.3235294117647059 0.434640522875817 0.3137254901960784 0.4362745098039216 0.27205882352941174 0.33169934640522875 0.2867647058823529 0.2581699346405229 0.2622549019607843
0 0.26143790849673204 0.3137254901960784 0.24673202614379086 0.34558823529411764 0.31209150326797386 0.37254901960784315 0.4199346405228758 0.3627450980392157 0.41830065359477125 0.31862745098039214 0.3104575163398693 0.34068627450980393
0 0.3480392156862745 0.44362745098039214 0.3464052287581699 0.47794117647058826 0.434640522875817 0.49264705882352944 0.4362745098039216 0.45588235294117646
0 0.43790849673202614 0.5122549019607843 0.4395424836601307 0.5441176470588235 0.5310457516339869 0.5686274509803921 0.5359477124183006 0.5245098039215687
0 0.4477124183006536 0.5514705882352942 0.4477124183006536 0.5833333333333334 0.5261437908496732 0.6102941176470589 0.5228758169934641 0.5588235294117647
0 0.3464052287581699 0.49264705882352944 0.3480392156862745 0.5367647058823529 0.4411764705882353 0.5465686274509803 0.4395424836601307 0.5098039215686274 0.35784313725490197 0.49264705882352944
0 0.2581699346405229 0.3602941176470588 0.25326797385620914 0.4068627450980392 0.3349673202614379 0.42892156862745096 0.3366013071895425 0.3872549019607843
0 0.24673202614379086 0.41421568627450983 0.25 0.4583333333333333 0.33169934640522875 0.47058823529411764 0.3366013071895425 0.44607843137254904 0.2581699346405229 0.4117647058823529
0 0.2565359477124183 0.4681372549019608 0.2549019607843137 0.4950980392156863 0.3284313725490196 0.5269607843137255 0.3300653594771242 0.4852941176470588
0 0.2565359477124183 0.5024509803921569 0.2549019607843137 0.5318627450980392 0.3349673202614379 0.5637254901960784 0.3284313725490196 0.5269607843137255
0 0.6176470588235294 0.39215686274509803 0.6241830065359477 0.4387254901960784 0.704248366013072 0.42401960784313725 0.696078431372549 0.37254901960784315
0 0.5637254901960784 0.47549019607843135 0.6503267973856209 0.4362745098039216 0.7320261437908496 0.4583333333333333 0.6568627450980392 0.49264705882352944
0 0.45751633986928103 0.35784313725490197 0.5375816993464052 0.3431372549019608 0.619281045751634 0.3553921568627451 0.5473856209150327 0.37745098039215685
0 0.0032679738562091504 0.5024509803921569 0.004901960784313725 0.5612745098039216 0.12418300653594772 0.553921568627451 0.12908496732026145 0.47794117647058826
0 0.12581699346405228 0.4803921568627451 0.12581699346405228 0.5343137254901961 0.24019607843137256 0.5343137254901961 0.24183006535947713 0.46078431372549017
0 0.8349673202614379 0.4215686274509804 0.8431372549019608 0.5122549019607843 0.9575163398692811 0.49754901960784315 0.9379084967320261 0.4215686274509804
0 0.9526143790849673 0.4264705882352941 0.9754901960784313 0.5049019607843137 0.9983660130718954 0.4877450980392157 0.988562091503268 0.41911764705882354
0 0.05392156862745098 0.4730392156862745 0.10457516339869281 0.024509803921568627
0 0.16911764705882354 0.4534313725490196 0.10294117647058823 0.0196078431372549
0 0.875 0.40931372549019607 0.08333333333333333 0.029411764705882353
0 0.049019607843137254 0.43995098039215685 0.09803921568627451 0.01715686274509804
0 0.16584967320261437 0.4264705882352941 0.10294117647058823 0.024509803921568627
0 0.04493464052287582 0.41421568627450983 0.08660130718954248 0.014705882352941176
0 0.1568627450980392 0.40441176470588236 0.0915032679738562 0.014705882352941176
0 0.04656862745098039 0.39338235294117646 0.08660130718954248 0.01715686274509804
0 0.14950980392156862 0.38357843137254904 0.08006535947712418 0.02696078431372549
0 0.14215686274509803 0.3602941176470588 0.08169934640522876 0.0196078431372549
0 0.14052287581699346 0.3382352941176471 0.09477124183006536 0.024509803921568627
0 0.12663398692810457 0.32230392156862747 0.09640522875816994 0.01715686274509804
0 0.12336601307189543 0.3002450980392157 0.08333333333333333 0.022058823529411766
0 0.05228758169934641 0.375 0.08496732026143791 0.029411764705882353
0 0.041666666666666664 0.3602941176470588 0.08006535947712418 0.0196078431372549
0 0.04656862745098039 0.3394607843137255 0.07352941176470588 0.022058823529411766
0 0.03758169934640523 0.31862745098039214 0.07516339869281045 0.0196078431372549
0 0.03758169934640523 0.29411764705882354 0.06535947712418301 0.024509803921568627
0 0.9174836601307189 0.3872549019607843 0.07352941176470588 0.049019607843137254
0 0.863562091503268 0.3321078431372549 0.04738562091503268 0.051470588235294115