0 0.43790849673202614 0.44362745098039214 0.13725490196078433 0.08823529411764706
0 0.5718954248366013 0.4375 0.13725490196078433 0.08088235294117647
0 0.7148692810457516 0.43014705882352944 0.14215686274509803 0.0857843137254902
0 0.3022875816993464 0.4338235294117647 0.12418300653594772 0.09803921568627451
0 0.29411764705882354 0.5257352941176471 0.12745098039215685 0.07107843137254902
0 0.4297385620915033 0.5220588235294118 0.13071895424836602 0.06862745098039216
0 0.5669934640522876 0.5208333333333334 0.13398692810457516 0.07107843137254902
0 0.7058823529411765 0.508578431372549 0.13398692810457516 0.07107843137254902
0 0.7107843137254902 0.5992647058823529 0.11764705882352941 0.0661764705882353
0 0.5882352941176471 0.5992647058823529 0.12418300653594772 0.07598039215686274
0 0.4485294117647059 0.6102941176470589 0.1323529411764706 0.08823529411764706
0 0.3235294117647059 0.6029411764705882 0.12091503267973856 0.07352941176470588
0 0.3006535947712418 0.6924019607843137 0.12418300653594772 0.051470588235294115
0 0.440359477124183 0.6764705882352942 0.12908496732026145 0.058823529411764705
0 0.571078431372549 0.678921568627451 0.1323529411764706 0.06862745098039216
0 0.7075163398692811 0.6727941176470589 0.12091503267973856 0.056372549019607844
0 0.3227124183006536 0.7598039215686274 0.12254901960784313 0.058823529411764705
0 0.4452614379084967 0.7536764705882353 0.1388888888888889 0.07598039215686274
0 0.5833333333333334 0.7561274509803921 0.12745098039215685 0.0661764705882353
0 0.7148692810457516 0.7389705882352942 0.11601307189542484 0.061274509803921566
0 0.2965686274509804 0.3321078431372549 0.119281045751634 0.08088235294117647
0 0.42810457516339867 0.3382352941176471 0.12091503267973856 0.06372549019607843
0 0.5588235294117647 0.3394607843137255 0.13071895424836602 0.08088235294117647
0 0.6936274509803921 0.3321078431372549 0.12581699346405228 0.061274509803921566
0 0.31862745098039214 0.8247549019607843 0.13071895424836602 0.056372549019607844
0 0.4477124183006536 0.8247549019607843 0.12418300653594772 0.056372549019607844
0 0.576797385620915 0.8223039215686274 0.12745098039215685 0.061274509803921566
0 0.7083333333333334 0.8125 0.12254901960784313 0.051470588235294115
0 0.315359477124183 0.8884803921568627 0.12418300653594772 0.061274509803921566
0 0.4452614379084967 0.8933823529411765 0.12254901960784313 0.04656862745098039
0 0.5800653594771242 0.8921568627450981 0.1111111111111111 0.06862745098039216
0 0.701797385620915 0.8774509803921569 0.12581699346405228 0.05392156862745098
0 0.010194444444444443 0.27526470588235297 0 0.29247058823529415 0 0.35841911764705886 0.06053267973856209 0.36033088235294114 0.07837418300653595 0.3393039215686275 0.07455065359477124 0.2838676470588235 0.014655228758169934 0.2714436274509804
0 0.042053921568627445 0.24945833333333334 0.017841503267973857 0.26762009803921566 0.07901143790849673 0.28195588235294117 0.08602124183006536 0.32209803921568625 0.10067647058823528 0.3106299019607843 0.09685294117647059 0.263796568627451
0 0.10513562091503269 0.2542377450980392 0.1121454248366013 0.298203431372549 0.09812745098039216 0.30967401960784313 0.09494117647058824 0.2647524509803922 0.07136437908496732 0.25806127450980393 0.10067647058823528 0.2542377450980392
0 0.0006372549019607843 0.370843137254902 0.0025490196078431374 0.45877696078431374 0.04332843137254902 0.482671568627451 0.07391339869281045 0.45495343137254907 0.07327614379084967 0.3784901960784314
0 0.11533169934640522 0.2561495098039216 0.1166062091503268 0.298203431372549 0.13635784313725488 0.28291176470588236 0.13317320261437907 0.24659313725490195 0.06244444444444445 0.23990196078431372 0.05161274509803922 0.25328186274509806
0 0.07727941176470589 0.2381470588235294 0.13668627450980392 0.24287990196078432 0.13931372549019608 0.27836519607843135 0.15666339869281046 0.27048039215686276 0.15350816993464053 0.2278970588235294 0.08411437908496733 0.22553186274509804 0.07570261437908496 0.23420588235294118
0 0.07938235294117647 0.3493357843137255 0.08148529411764706 0.4234632352941176 0.10672058823529412 0.4234632352941176 0.11565686274509804 0.40532598039215684 0.11040032679738562 0.3343529411764706 0.07990849673202614 0.3438161764705882
0 0.11092483660130718 0.32489215686274514 0.11881045751633987 0.4084803921568627 0.13405718954248366 0.39034313725490194 0.1277483660130719 0.3170049019607843
0 0.13037745098039216 0.3122745098039216 0.1372107843137255 0.3871887254901961 0.1540343137254902 0.37536029411764704 0.14562254901960783 0.30044607843137255
0 0.14562254901960783 0.2933480392156863 0.15508496732026145 0.3682622549019608 0.1634967320261438 0.3532794117647059 0.15666339869281046 0.28151960784313723
0 0.17138235294117646 0.22001225490196077 0.10724509803921568 0.21764460784313727 0.09935947712418301 0.2231642156862745 0.15350816993464053 0.22868627450980392 0.15929084967320262 0.27915441176470585 0.17506209150326799 0.2689019607843137
0 0.1803202614379085 0.27363480392156864 0.17926797385620916 0.3532794117647059 0.16559967320261437 0.3469705882352941 0.16034313725490196 0.2838848039215686
0 0.18662908496732025 0.27048039215686276 0.17401143790849674 0.2767892156862745 0.18084477124183007 0.3493357843137255 0.19819444444444445 0.3311985294117647 0.19609150326797384 0.26338235294117646
0 0.10777124183006537 0.4163651960784314 0.08937091503267974 0.43292401960784316 0.09462908496732025 0.488125 0.11513071895424835 0.4621029411764706
0 0.13563398692810458 0.3974387254901961 0.11302777777777778 0.412421568627451 0.11881045751633987 0.45342892156862746 0.14036601307189542 0.43450245098039214
0 0.1692794117647059 0.3595882352941176 0.1450964052287582 0.3824558823529412 0.1445718954248366 0.4281936274509804 0.1598169934640523 0.43055882352941177 0.17190849673202613 0.402171568627451
0 0.18137091503267974 0.350125 0.1692794117647059 0.3587990196078431 0.17611437908496733 0.40532598039215684 0.191359477124183 0.3919191176470588 0.18242320261437908 0.3556446078431373
0 0.20870751633986928 0.3280441176470589 0.191359477124183 0.3422401960784313 0.19714215686274508 0.38876470588235296 0.2102859477124183 0.3824558823529412
0 0.08779411764705881 0.4471200980392157 0.05572549019607843 0.4770857843137255 0.001050653594771242 0.46841176470588236 0 0.5141470588235294 0.06045751633986928 0.5322843137254902 0.09305065359477124 0.5038970588235294
0 0.09830882352941177 0.49837745098039216 0.07254901960784313 0.525188725490196 0 0.5173014705882353 0.0005261437908496733 0.5914289215686275 0.08937091503267974 0.5930049019607843 0.10514215686274508 0.574078431372549
0 0.11249999999999999 0.5184803921568627 0.02102941176470588 0.0670343137254902
0 0.11723856209150327 0.5819607843137254 0.02207516339869281 0.04730392156862745
0 0 0.6545122549019607 0.0751764705882353 0.6584558823529412 0.0977826797385621 0.6229705882352942 0.09620588235294118 0.5827524509803922 0.06886928104575164 0.5985245098039216 0 0.5961593137254902
0 0.12091339869281045 0.4699877450980392 0.12879901960784315 0.5393823529411765 0.15456045751633987 0.513360294117647 0.14877614379084966 0.437656862745098
0 0.13248039215686275 0.538593137254902 0.13458333333333333 0.587485294117647 0.15508496732026145 0.5654044117647059 0.1524575163398693 0.5196666666666667
0 0.17295915032679737 0.4944338235294118 0.15193137254901962 0.5157254901960784 0.15824019607843137 0.5654044117647059 0.17874183006535949 0.540171568627451
0 0.10303921568627451 0.6308553921568628 0.08569117647058823 0.6537254901960785 0.0005261437908496733 0.6553014705882353 0.0005261437908496733 0.716811274509804 0.09357679738562091 0.728639705882353 0.11302777777777778 0.7026151960784313
0 0.12985130718954246 0.612718137254902 0.10724509803921568 0.6316446078431373 0.11618300653594771 0.6970955882352942 0.13405718954248366 0.6718627450980392
0 0.1992450980392157 0.46841176470588236 0.17348529411764707 0.4889142156862745 0.18084477124183007 0.5393823529411765 0.2008218954248366 0.514936274509804
0 0.11618300653594771 0.7081372549019608 0.09094771241830064 0.732580882352941 0 0.723906862745098 0.0005261437908496733 0.7775294117647059 0.09147385620915033 0.7893578431372549 0.11775980392156864 0.7601813725490196
0 0.1351078431372549 0.6789583333333333 0.11408006535947711 0.7010392156862745 0.11933660130718955 0.7586053921568628 0.14141666666666666 0.723906862745098 0.13773692810457516 0.6836911764705883
0 0.133531045751634 0.7483529411764706 0.09094771241830064 0.7925122549019609 0.003679738562091503 0.7830514705882353 0.0005261437908496733 0.8382499999999999 0.09830882352941177 0.8461348039215687 0.14141666666666666 0.7846274509803921
0 0.08674346405228758 0.8587524509803921 0.06676633986928104 0.8910833333333333 0.0751764705882353 0.9352450980392156 0.10934803921568628 0.9423406862745098 0.15876470588235295 0.866639705882353 0.15140522875816992 0.8319411764705883 0.11986274509803921 0.8335196078431373
0 0.035490196078431374 0.1786029411764706 0.0709640522875817 0.054411764705882354
0 0.12065359477124184 0.18254901960784314 0.08359477124183005 0.048112745098039214
0 0.2181699346405229 0.18649509803921568 0.10093137254901961 0.04651960784313726
0 0.22526143790849676 0.24762254901960784 0.06465686274509803 0.06308823529411764
0 0.544640522875817 0.07875 0.08584967320261437 0.045
0 0.5425490196078432 0.12752450980392158 0.07833333333333332 0.052500000000000005
0 0.7179901960784314 0.13627450980392158 0.07916666666666668 0.045
0 0.7233986928104575 0.19252450980392155 0.07333333333333333 0.045
0 0.6642320261437908 0.19252450980392155 0.03833333333333334 0.049999999999999996
0 0.6625653594771242 0.13502450980392158 0.035 0.0425
0 0.4692156862745098 0.19938725490196077 0.09501633986928104 0.043750000000000004
0 0.3712908496732026 0.19938725490196077 0.08918300653594771 0.043750000000000004
0 0.3733692810457516 0.2775269607843137 0.3683692810457517 0.29252941176470587 0.49004738562091504 0.3062794117647059 0.49588071895424835 0.2775269607843137
0 0.4992156862745098 0.2800269607843137 0.49504738562091505 0.3025294117647059 0.6200604575163399 0.2987794117647059 0.6225604575163399 0.2800269607843137
0 0.635062091503268 0.27877696078431374 0.6258937908496732 0.30127941176470585 0.7625735294117647 0.29377941176470584 0.7559068627450981 0.2800269607843137
0 0.25919117647058826 0.2775269607843137 0.24669117647058822 0.2850269607843137 0.3683692810457517 0.2875269607843137 0.3733692810457516 0.2725269607843137
0 0.265859477124183 0.2537745098039216 0.2583578431372549 0.27627696078431374 0.379202614379085 0.27127696078431374 0.3808709150326797 0.25502450980392155
0 0.2833611111111111 0.24002205882352942 0.27002614379084966 0.24877450980392157 0.3892042483660131 0.2537745098039216 0.39337091503267974 0.2387720588235294
0 0.38837091503267973 0.25252450980392155 0.376702614379085 0.26877696078431373 0.49838235294117644 0.2675269607843137 0.5042156862745097 0.24752450980392154
0 0.5033823529411765 0.24752450980392154 0.49754738562091505 0.27002696078431376 0.6192271241830065 0.26502450980392156 0.6183937908496732 0.24627450980392157
0 0.6317271241830066 0.2500245098039216 0.6358954248366013 0.26252450980392156 0.7575735294117647 0.2562745098039216 0.7500718954248365 0.24002205882352942
0 0.635062091503268 0.26627696078431373 0.6367287581699347 0.27627696078431374 0.7609068627450981 0.27627696078431374 0.7509068627450981 0.2562745098039216