0 0.4373316993464052 0.024509803921568627 0.4786617647058823 0.052625 0.4786617647058823 0.08938970588235293 0.4320457516339869 0.061274509803921566
0 0.4421372549019608 0.020183823529411764 0.4801045751633987 0.022348039215686274 0.5219150326797385 0.04974019607843137 0.48394771241830065 0.05334558823529412
0 0.49019607843137253 0.023068627450980393 0.524797385620915 0.023068627450980393 0.5622843137254901 0.048299019607843136 0.5214346405228758 0.05046078431372549
0 0.5401764705882354 0.02595098039215686 0.5690114379084967 0.02378921568627451 0.5988088235294118 0.043252450980392154 0.5646862745098039 0.048299019607843136
0 0.4805849673202614 0.054786764705882354 0.5180702614379086 0.052625 0.5675702614379086 0.08434313725490196 0.5252794117647059 0.09299264705882354 0.48106535947712414 0.05766911764705882
0 0.524797385620915 0.05190196078431372 0.5642058823529411 0.049019607843137254 0.6141862745098039 0.07713480392156863 0.5752598039215687 0.08506372549019608
0 0.5699738562091503 0.05046078431372549 0.6007303921568627 0.0468578431372549 0.6507107843137255 0.07352941176470588 0.6151486928104575 0.07713480392156863
0 0.5334493464052288 0.09371323529411764 0.5738169934640522 0.08650490196078431 0.6247598039215686 0.11822303921568628 0.5872745098039215 0.126875
0 0.5853513071895425 0.08794607843137255 0.6189934640522876 0.07929656862745098 0.6708954248366014 0.11389950980392156 0.6271633986928105 0.12182843137254902 0.5858316993464052 0.09083088235294116
0 0.6276437908496731 0.07929656862745098 0.6622450980392156 0.07497058823529412 0.7155898692810457 0.11173529411764706 0.6737794117647059 0.11462009803921569
0 0.5968856209150326 0.12543137254901962 0.6362941176470588 0.12326960784313724 0.6843529411764706 0.15787254901960787 0.6348513071895425 0.16291911764705883
0 0.6430212418300654 0.12399019607843137 0.6785849673202614 0.11966666666666666 0.7319297385620914 0.15210539215686275 0.6843529411764706 0.15570833333333334
0 0.6824297385620914 0.11678186274509804 0.7218382352941176 0.11389950980392156 0.7785473856209151 0.1485 0.7386584967320262 0.15282598039215686
0 0.3960016339869281 0.06055392156862745 0.4349281045751634 0.061274509803921566 0.4748169934640523 0.08794607843137255 0.42964215686274504 0.09011029411764707
0 0.4440604575163398 0.08938970588235293 0.4748169934640523 0.08650490196078431 0.5017303921568628 0.10741176470588235 0.4647254901960784 0.11101470588235293
0 0.4748169934640523 0.11389950980392156 0.5031715686274509 0.10885294117647058 0.529124183006536 0.1297573529411765 0.4969248366013072 0.1369656862745098
0 0.5007696078431373 0.1369656862745098 0.5300849673202614 0.13408333333333333 0.5661290849673203 0.15570833333333334 0.5262401960784314 0.16147549019607843
0 0.5305653594771242 0.1658014705882353 0.5704542483660131 0.15787254901960787 0.6064967320261437 0.18814950980392156 0.5694918300653594 0.1953578431372549
0 0.5767009803921568 0.19751960784313724 0.6103415032679739 0.1946372549019608 0.6425408496732027 0.22275 0.606016339869281 0.23284313725490197
0 0.4805849673202614 0.05766911764705882 0.5257598039215686 0.09443382352941178 0.5243169934640523 0.1297573529411765 0.47529738562091506 0.08866666666666667
0 0.5276813725490196 0.09371323529411764 0.5795849673202614 0.12399019607843137 0.5781437908496733 0.15931372549019607 0.5228758169934641 0.12543137254901962
0 0.5815065359477124 0.12543137254901962 0.6324493464052288 0.16363970588235294 0.6314885620915033 0.201125 0.578624183006536 0.16219607843137254
0 0.6348513071895425 0.1658014705882353 0.683390522875817 0.1607549019607843 0.6838709150326797 0.19968382352941177 0.6348513071895425 0.20472794117647058
0 0.6862745098039216 0.16147549019607843 0.7343333333333333 0.16003431372549018 0.7324101307189542 0.19824019607843138 0.6824297385620914 0.19968382352941177
0 0.7352941176470589 0.15859313725490196 0.7790277777777778 0.15354656862745097 0.7795081699346406 0.18959068627450978 0.7352941176470589 0.19679901960784313
0 0.3066127450980392 0.06055392156862745 0.39119607843137255 0.06271568627450981 0.4267581699346405 0.09083088235294116 0.33640849673202616 0.0922720588235294
0 0.3392924836601307 0.09515686274509803 0.4334869281045751 0.08938970588235293 0.45799673202614377 0.11462009803921569 0.3714918300653595 0.12254901960784313
0 0.3825457516339869 0.1326421568627451 0.46424509803921565 0.12254901960784313 0.5007696078431373 0.14994117647058824 0.4147450980392157 0.16147549019607843
0 0.4190702614379085 0.17012745098039217 0.5079771241830066 0.1564313725490196 0.5392156862745098 0.17517401960784315 0.4474248366013072 0.19247303921568626
0 0.45367156862745095 0.19319607843137254 0.5430604575163399 0.17805637254901963 0.5776617647058824 0.2133799019607843 0.47097222222222224 0.22779656862745098
0 0.48154575163398694 0.2292377450980392 0.582468954248366 0.21554166666666666 0.6204346405228759 0.2465392156862745 0.5214346405228758 0.259514705882353
0 0.6362941176470588 0.2292377450980392 0.7131879084967321 0.22563480392156862 0.6848333333333333 0.20256617647058825 0.6233186274509804 0.2018455882352941
0 0.7131879084967321 0.22275 0.8169934640522876 0.22275 0.7819101307189542 0.1953578431372549 0.6905996732026144 0.1989607843137255
0 0.7189542483660131 0.22347058823529412 0.7574003267973857 0.2580735294117647 0.8583235294117647 0.2544705882352941 0.8145898692810457 0.22058823529411764
0 0.6257205882352941 0.23212254901960785 0.7064591503267974 0.22707598039215687 0.7468284313725491 0.25302696078431375 0.6550359477124184 0.265281862745098
0 0.5411372549019607 0.265281862745098 0.647828431372549 0.26095833333333335 0.687235294117647 0.29123529411764704 0.5848709150326797 0.3027671568627451
0 0.6699346405228758 0.265281862745098 0.7554787581699347 0.25302696078431375 0.7948872549019608 0.27753676470588234 0.7098235294117646 0.2933970588235294
0 0.7833529411764706 0.259514705882353 0.8588039215686274 0.24942401960784313 0.8919640522875816 0.2674460784313725 0.8155522875816993 0.2782573529411765
0 0.8237222222222222 0.27970098039215685 0.8977320261437909 0.2674460784313725 0.9381013071895425 0.29123529411764704 0.8366977124183006 0.3056519607843137
0 0.7179934640522876 0.2926764705882353 0.7987320261437909 0.280421568627451 0.8314117647058824 0.3042107843137255 0.725202614379085 0.3121397058823529
0 0.5920800653594771 0.3056519607843137 0.6901192810457516 0.29123529411764704 0.7300081699346405 0.3243946078431373 0.6079395424836602 0.3366495098039216
0 0.20184477124183006 0.061995098039215685 0.30084640522875816 0.058392156862745105 0.3253562091503268 0.08650490196078431 0.22923856209150328 0.0973186274509804
0 0.23452450980392156 0.09948039215686275 0.32583660130718956 0.0915514705882353 0.354671568627451 0.11678186274509804 0.255671568627451 0.12543137254901962
0 0.2585539215686275 0.12254901960784313 0.3498660130718954 0.11389950980392156 0.376297385620915 0.13480392156862744 0.27345261437908497 0.1448970588235294
0 0.28162254901960787 0.14561764705882352 0.3758169934640523 0.1362450980392157 0.4152254901960784 0.1715686274509804 0.3104575163398693 0.1867058823529412
0 0.31622385620915033 0.18887009803921567 0.4190702614379085 0.17300980392156862 0.4469428104575163 0.20472794117647058 0.3484232026143791 0.21914705882352942
0 0.35755555555555557 0.22058823529411764 0.4459820261437908 0.20977450980392157 0.4728954248366013 0.23356372549019608 0.37822058823529414 0.24942401960784313
0 0.3892728758169935 0.2523063725490196 0.47914215686274514 0.23284313725490197 0.5243169934640523 0.2674460784313725 0.4157058823529412 0.280421568627451
0 0.4152254901960784 0.2840245098039216 0.5257598039215686 0.270328431372549 0.5603611111111111 0.297 0.44646241830065364 0.3171862745098039
0 0.45175 0.32006862745098036 0.566609477124183 0.30060539215686277 0.6016911764705882 0.3243946078431373 0.47625980392156864 0.3474632352941176
0 0.1989624183006536 0.06343627450980392 0.2181846405228758 0.08938970588235293 0.2181846405228758 0.12326960784313724 0.19655882352941176 0.10452696078431373
0 0.2220294117647059 0.09515686274509803 0.23452450980392156 0.10885294117647058 0.23500653594771242 0.13840931372549017 0.2177042483660131 0.1211078431372549
0 0.23548692810457517 0.11245588235294117 0.25326797385620914 0.1297573529411765 0.24990359477124183 0.15859313725490196 0.23212254901960783 0.14345343137254904
0 0.2547091503267974 0.12831617647058824 0.27201143790849674 0.1441764705882353 0.27056862745098037 0.1773357843137255 0.24942320261437906 0.16219607843137254
0 0.2729722222222222 0.14705882352941177 0.29267647058823526 0.17084803921568628 0.29411764705882354 0.20689215686274512 0.2700882352941177 0.17877696078431374
0 0.2921960784313726 0.1715686274509804 0.31141830065359477 0.18814950980392156 0.3085359477124183 0.2249142156862745 0.291233660130719 0.20833333333333334
0 0.31334150326797383 0.19175245098039215 0.3340065359477124 0.2133799019607843 0.3325637254901961 0.2559117647058824 0.31093790849673203 0.2292377450980392
0 0.3354477124183007 0.2119387254901961 0.3561127450980392 0.23572549019607844 0.3532287581699346 0.29051225490196075 0.3306421568627451 0.26600245098039216
0 0.356593137254902 0.23356372549019608 0.38062254901960785 0.26023529411764706 0.3791813725490196 0.30132598039215686 0.3537107843137255 0.2876299019607843
0 0.38158333333333333 0.2566323529411765 0.4084967320261438 0.28114215686274513 0.4065751633986928 0.32944117647058824 0.37773856209150325 0.30132598039215686
0 0.4084967320261438 0.28114215686274513 0.4373316993464052 0.3128602941176471 0.4373316993464052 0.36260049019607843 0.406093137254902 0.3258357843137255
0 0.44021568627450974 0.31862745098039214 0.46712745098039216 0.34169607843137256 0.4676078431372549 0.40008578431372555 0.43541013071895424 0.3662058823529412
0 0.469531045751634 0.3503455882352941 0.6026535947712418 0.328 0.602171568627451 0.37918137254901957 0.46905065359477127 0.4015294117647059
0 0.6026535947712418 0.3330441176470588 0.7266437908496732 0.317906862745098 0.7223186274509804 0.364764705882353 0.6012107843137254 0.38134313725490193
0 0.7285653594771242 0.31574509803921574 0.838138888888889 0.302046568627451 0.8371781045751633 0.35611274509803925 0.730968954248366 0.3662058823529412
0 0.8419836601307189 0.3042107843137255 0.9356977124183007 0.29411764705882354 0.9347369281045751 0.3438578431372549 0.8333333333333334 0.354671568627451
0 0.19607843137254902 0.10668872549019609 0.22491339869281043 0.13192156862745097 0.22299183006535947 0.17084803921568628 0.19463725490196077 0.14345343137254904
0 0.22779738562091503 0.13408333333333333 0.2729722222222222 0.18887009803921567 0.27056862745098037 0.22779656862745098 0.22875816993464052 0.17949754901960785
0 0.27489379084967325 0.18742892156862745 0.295078431372549 0.21121568627450982 0.2945980392156863 0.2508651960784314 0.2696078431372549 0.2306813725490196
0 0.2979624183006536 0.21626225490196077 0.3195882352941176 0.24725980392156863 0.3195882352941176 0.2847450980392157 0.2984428104575163 0.2551911764705882
0 0.3200686274509804 0.2465392156862745 0.3561127450980392 0.29051225490196075 0.35419117647058823 0.33737009803921564 0.3171862745098039 0.29051225490196075
0 0.35755555555555557 0.28979166666666667 0.38735130718954247 0.3121397058823529 0.3859084967320261 0.3575539215686275 0.3580359477124183 0.33953186274509806
0 0.38831209150326795 0.3114191176470588 0.40801633986928104 0.3323235294117647 0.40705555555555556 0.38206372549019607 0.3839869281045752 0.354671568627451
0 0.4113807189542483 0.33448774509803925 0.4522303921568627 0.3842279411764706 0.4507875816993464 0.4332475490196078 0.406093137254902 0.3878308823529412
0 0.4527107843137255 0.3892745098039216 0.4728954248366013 0.4015294117647059 0.4743366013071895 0.45126960784313724 0.44646241830065364 0.4318039215686274
0 0.4748169934640523 0.40225 0.5382549019607843 0.3957622549019608 0.5382549019607843 0.4491053921568628 0.47049183006535944 0.45631372549019605
0 0.5401764705882354 0.39215686274509803 0.6079395424836602 0.3842279411764706 0.6074591503267973 0.4346887254901961 0.5435408496732026 0.44405882352941173
0 0.6084199346405229 0.3849485294117647 0.6636862745098039 0.3741348039215686 0.6660898692810457 0.4209926470588235 0.6093807189542483 0.43396813725490196
0 0.6651290849673203 0.37918137254901957 0.7213578431372549 0.37052941176470583 0.7179934640522876 0.4116200980392157 0.6684934640522876 0.4209926470588235
0 0.7247205882352941 0.364764705882353 0.7766241830065359 0.35611274509803925 0.7785473856209151 0.3979240196078432 0.7203954248366014 0.41378431372549024
0 0.780468954248366 0.35899754901960784 0.8304493464052288 0.35683333333333334 0.8294885620915032 0.39359803921568626 0.7737401960784314 0.397203431372549
0 0.8304493464052288 0.35611274509803925 0.8823529411764706 0.34818382352941174 0.8828333333333334 0.39215686274509803 0.8266045751633987 0.40008578431372555
0 0.8890816993464054 0.3503455882352941 0.9361781045751635 0.3438578431372549 0.9347369281045751 0.38062254901960785 0.8847565359477124 0.38999509803921567
0 0.20088398692810458 0.16003431372549018 0.2210686274509804 0.1715686274509804 0.2210686274509804 0.2104950980392157 0.2042483660130719 0.19391666666666665
0 0.22395261437908495 0.17589460784313726 0.24894281045751634 0.20328676470588236 0.24990359477124183 0.2400514705882353 0.22443300653594772 0.21554166666666666
0 0.2518267973856209 0.20617156862745098 0.27152941176470585 0.2342843137254902 0.27201143790849674 0.2688872549019608 0.24942320261437906 0.2422156862745098
0 0.27489379084967325 0.2422156862745098 0.30613235294117647 0.2724901960784314 0.305171568627451 0.3143014705882353 0.27152941176470585 0.27898039215686277
0 0.31141830065359477 0.2782573529411765 0.32823856209150326 0.30637254901960786 0.32583660130718956 0.3489044117647059 0.30324836601307187 0.3222328431372549
0 0.3316029411764706 0.3128602941176471 0.3570735294117647 0.344578431372549 0.3537107843137255 0.3842279411764706 0.32679738562091504 0.35683333333333334
0 0.35563235294117646 0.3474632352941176 0.3854281045751634 0.36764705882352944 0.3830261437908497 0.4116200980392157 0.3527483660130719 0.38638970588235294
0 0.3854281045751634 0.364764705882353 0.40945751633986927 0.3892745098039216 0.4089771241830066 0.4303627450980392 0.3825457516339869 0.4072941176470588
0 0.41041830065359475 0.3950392156862745 0.4459820261437908 0.4361299019607843 0.44358006535947714 0.4757794117647059 0.40561274509803924 0.43973529411764706
0 0.4469428104575163 0.43757107843137255 0.47097222222222224 0.4577573529411764 0.4700114379084967 0.5002892156862745 0.44646241830065364 0.47794117647058826
0 0.19415686274509802 0.19031127450980392 0.21914705882352942 0.2119387254901961 0.21722385620915033 0.23644852941176472 0.19848202614379085 0.22635539215686273
0 0.21914705882352942 0.21626225490196077 0.23740849673202616 0.23716911764705884 0.23644771241830065 0.2566323529411765 0.2225098039215686 0.24870343137254902
0 0.23836928104575164 0.23500490196078433 0.2729722222222222 0.26816666666666666 0.27056862745098037 0.29411764705882354 0.23404411764705885 0.26456127450980393
0 0.20376797385620915 0.2292377450980392 0.2220294117647059 0.24149264705882353 0.22154901960784312 0.27681617647058826 0.2042483660130719 0.26167892156862743
0 0.22491339869281043 0.2465392156862745 0.24605882352941175 0.2724901960784314 0.24413725490196078 0.30709313725490195 0.21866666666666668 0.2760955882352941
0 0.24894281045751634 0.27970098039215685 0.27056862745098037 0.2948382352941176 0.26816666666666666 0.3330441176470588 0.24557843137254903 0.3128602941176471
0 0.26816666666666666 0.28690931372549017 0.30805392156862743 0.3193480392156863 0.30372875816993467 0.3316029411764706 0.30709313725490195 0.35899754901960784 0.26816666666666666 0.32944117647058824
0 0.3066127450980392 0.3330441176470588 0.32679738562091504 0.3575539215686275 0.3263169934640523 0.3950392156862745 0.30757352941176475 0.3755759803921569
0 0.3316029411764706 0.36332107843137257 0.3522679738562091 0.38134313725490193 0.34890359477124183 0.42315441176470586 0.3292009803921569 0.3993651960784314
0 0.35178758169934643 0.39215686274509803 0.38446732026143793 0.4173872549019608 0.38062254901960785 0.4606397058823529 0.35130718954248363 0.42964215686274515
0 0.38831209150326795 0.41954901960784313 0.4065751633986928 0.43252696078431374 0.40801633986928104 0.48803431372549017 0.3801421568627451 0.46352450980392157 0.3854281045751634 0.4267598039215686
0 0.4075359477124183 0.44694362745098043 0.44838562091503265 0.4829877450980392 0.4459820261437908 0.5262401960784313 0.4075359477124183 0.4851495098039216
0 0.4469428104575163 0.4887549019607843 0.4738562091503268 0.508938725490196 0.4728954248366013 0.5543529411764706 0.4493464052287582 0.5305661764705882
0 0.4767401960784314 0.5161470588235294 0.534890522875817 0.5038921568627451 0.5358513071895424 0.5493088235294118 0.4743366013071895 0.5572377450980392
0 0.5401764705882354 0.5046127450980392 0.5997696078431373 0.49524264705882354 0.5997696078431373 0.5334485294117647 0.5368120915032679 0.5449828431372549
0 0.6012107843137254 0.4938014705882353 0.6593611111111111 0.48442892156862744 0.6612843137254902 0.5247990196078431 0.6036143790849673 0.535610294117647
0 0.6651290849673203 0.4858700980392157 0.7170326797385621 0.4750588235294118 0.7175130718954248 0.5168676470588235 0.6632058823529412 0.5276813725490196
0 0.7218382352941176 0.471453431372549 0.7771045751633987 0.4519901960784314 0.7761437908496732 0.4988455882352941 0.7227990196078431 0.513264705882353
0 0.7814297385620915 0.4498259803921569 0.8275669934640523 0.44333823529411764 0.8290081699346405 0.4938014705882353 0.7727794117647059 0.5060563725490196 0.7795081699346406 0.4476642156862745
0 0.8294885620915032 0.45126960784313724 0.8857173202614379 0.43829411764705883 0.8828333333333334 0.4851495098039216 0.8270849673202614 0.5002892156862745
0 0.8871584967320262 0.43829411764705883 0.9323333333333332 0.4332475490196078 0.9280081699346405 0.48082352941176465 0.8881192810457517 0.48442892156862744
0 0.20376797385620915 0.26816666666666666 0.229718954248366 0.29123529411764704 0.22683660130718955 0.32727696078431373 0.20376797385620915 0.30709313725490195
0 0.23067973856209148 0.29555882352941176 0.26287908496732026 0.3431372549019608 0.2619183006535948 0.38062254901960785 0.22827777777777775 0.34241666666666665
0 0.263359477124183 0.3316029411764706 0.2921960784313726 0.344578431372549 0.2897924836601307 0.37918137254901957 0.2657630718954248 0.3683676470588236
0 0.29411764705882354 0.3503455882352941 0.3094967320261438 0.35827450980392156 0.3118986928104575 0.3950392156862745 0.2917140522875817 0.38566911764705886
0 0.2623986928104575 0.36332107843137257 0.31334150326797383 0.4008063725490196 0.31382189542483657 0.4418970588235294 0.27345261437908497 0.4058529411764706
0 0.31334150326797383 0.3950392156862745 0.34794281045751635 0.42315441176470586 0.34698202614379087 0.47289460784313725 0.30901633986928106 0.4354093137254902
0 0.3508267973856209 0.42964215686274515 0.37822058823529414 0.46208088235294115 0.37822058823529414 0.5060563725490196 0.34602124183006533 0.4736151960784314
0 0.3787009803921568 0.4642450980392157 0.41041830065359475 0.49668382352941176 0.41041830065359475 0.540656862745098 0.3772581699346405 0.5053333333333333
0 0.41041830065359475 0.493078431372549 0.4421372549019608 0.5247990196078431 0.43973529411764706 0.5730980392156863 0.4089771241830066 0.5413774509803921
0 0.44309803921568625 0.5291225490196079 0.4728954248366013 0.5579583333333333 0.4700114379084967 0.6091397058823529 0.4387728758169935 0.577421568627451
0 0.20568954248366014 0.3143014705882353 0.22875816993464052 0.3352083333333333 0.2234722222222222 0.3618799019607843 0.20809313725490194 0.3438578431372549
0 0.22875816993464052 0.34601960784313723 0.25759313725490196 0.38134313725490193 0.25759313725490196 0.4166666666666667 0.23116176470588237 0.38566911764705886
0 0.21241830065359477 0.354671568627451 0.24653921568627452 0.3892745098039216 0.2402924836601307 0.4209926470588235 0.21289869281045753 0.38566911764705886
0 0.26047712418300656 0.3835073529411765 0.2979624183006536 0.42964215686274515 0.29555882352941176 0.47001225490196075 0.25326797385620914 0.41954901960784313
0 0.24413725490196078 0.4051323529411765 0.27969934640522875 0.44550245098039215 0.279218954248366 0.4743357843137255 0.23836928104575164 0.43252696078431374 0.23884967320261435 0.397203431372549
0 0.21145751633986928 0.3892745098039216 0.22587418300653597 0.4036911764705882 0.22587418300653597 0.4361299019607843 0.20472875816993463 0.4116200980392157
0 0.229718954248366 0.41089950980392154 0.24317647058823533 0.42315441176470586 0.24413725490196078 0.46712745098039216 0.22635457516339869 0.43973529411764706
0 0.24509803921568626 0.44694362745098043 0.2768169934640523 0.47289460784313725 0.2777777777777778 0.5096593137254902 0.24653921568627452 0.4801029411764706
0 0.2076127450980392 0.423875 0.23981209150326796 0.4628039215686275 0.24125326797385618 0.5060563725490196 0.211937908496732 0.4642450980392157
0 0.2998839869281046 0.43685049019607847 0.32151143790849673 0.45054901960784316 0.3171862745098039 0.4923578431372549 0.2945980392156863 0.4707328431372549
0 0.321031045751634 0.45415196078431375 0.3527483660130719 0.4786617647058824 0.3498660130718954 0.5175882352941176 0.31141830065359477 0.48803431372549017
0 0.35178758169934643 0.4873137254901961 0.4084967320261438 0.5384950980392157 0.4084967320261438 0.5781421568627451 0.35419117647058823 0.535610294117647
0 0.28162254901960787 0.45847794117647056 0.31670588235294117 0.4988455882352941 0.3171862745098039 0.5420980392156862 0.27345261437908497 0.49091666666666667
0 0.31910784313725493 0.5017303921568628 0.3537107843137255 0.5226348039215687 0.35178758169934643 0.5622843137254903 0.3195882352941176 0.5392156862745098
0 0.3537107843137255 0.5377745098039216 0.3907156862745098 0.5680514705882352 0.38831209150326795 0.6012107843137255 0.35130718954248363 0.5673308823529412
0 0.41041830065359475 0.5464240196078431 0.4700114379084967 0.6127450980392157 0.4685702614379085 0.662485294117647 0.4128218954248366 0.5990490196078432
0 0.27201143790849674 0.4945220588235294 0.24125326797385618 0.46568627450980393 0.24269444444444443 0.5074975490196079 0.2758562091503268 0.5471446078431373
0 0.2768169934640523 0.508938725490196 0.3022875816993464 0.5262401960784313 0.3013267973856209 0.5644460784313726 0.2758562091503268 0.5435416666666666
0 0.30469117647058824 0.5276813725490196 0.3219918300653595 0.5420980392156862 0.3200686274509804 0.5839093137254903 0.3022875816993464 0.5615637254901961
0 0.3239133986928105 0.5435416666666666 0.34602124183006533 0.5658872549019608 0.3436176470588235 0.6134656862745098 0.31382189542483657 0.5839093137254903
0 0.34794281045751635 0.5637254901960784 0.3897532679738562 0.6019313725490196 0.41426307189542483 0.6307671568627451 0.4161862745098039 0.5903970588235294 0.3926372549019608 0.5673308823529412 0.3916764705882353 0.6019313725490196 0.39215686274509803 0.5630049019607842 0.354671568627451 0.5312867647058823
0 0.34794281045751635 0.5680514705882352 0.3811029411764706 0.5976078431372549 0.3801421568627451 0.6401372549019607 0.34505882352941175 0.6105833333333334
0 0.3825457516339869 0.598328431372549 0.4157058823529412 0.6336495098039215 0.4147450980392157 0.6805073529411765 0.3820653594771242 0.6437426470588236
0 0.4171470588235294 0.6069779411764705 0.47770098039215686 0.667531862745098 0.4772205882352942 0.7115049019607843 0.4459820261437908 0.6812279411764706 0.4469428104575163 0.6386960784313725 0.4459820261437908 0.6797867647058824 0.4161862745098039 0.6473480392156863
0 0.4719346405228758 0.6069779411764705 0.5358513071895424 0.6012107843137255 0.5353709150326798 0.651671568627451 0.47049183006535944 0.6559975490196078
0 0.21337908496732025 0.4757794117647059 0.24221405228758172 0.508218137254902 0.24221405228758172 0.5392156862745098 0.21578267973856208 0.5118235294117648
0 0.24317647058823533 0.508938725490196 0.2662434640522876 0.5334485294117647 0.2672042483660131 0.5658872549019608 0.24125326797385618 0.5420980392156862
0 0.2672042483660131 0.5449828431372549 0.2854673202614379 0.5680514705882352 0.28354411764705884 0.5954436274509805 0.26672385620915035 0.5745392156862745
0 0.2873888888888889 0.5593995098039216 0.3128611111111111 0.577421568627451 0.31093790849673203 0.5968848039215686 0.28594771241830064 0.5817475490196079
0 0.2854673202614379 0.582468137254902 0.305171568627451 0.598328431372549 0.3027679738562092 0.6257205882352942 0.2811421568627451 0.6084191176470588
0 0.31622385620915033 0.5867941176470588 0.360437908496732 0.6257205882352942 0.36091830065359476 0.6581593137254902 0.31237908496732025 0.6213946078431373
0 0.3056519607843137 0.6156274509803922 0.3248758169934641 0.6350931372549019 0.3224722222222222 0.6632058823529412 0.3013267973856209 0.6350931372549019
0 0.32583660130718956 0.6386960784313725 0.3652434640522876 0.6819485294117648 0.36476307189542484 0.7179926470588235 0.3243937908496732 0.6704142156862745
0 0.360437908496732 0.651671568627451 0.35947712418300654 0.6732990196078432 0.3243937908496732 0.6408602941176471
0 0.3613986928104575 0.6588823529411765 0.3955212418300654 0.694203431372549 0.3969624183006536 0.6559975490196078 0.36860784313725486 0.6293259803921568
0 0.3979232026143791 0.6660906862745097 0.4233954248366013 0.6862745098039216 0.420031045751634 0.7252009803921569 0.3960016339869281 0.6985294117647058
0 0.41426307189542483 0.6487892156862746 0.47577777777777774 0.709343137254902 0.4738562091503268 0.7612450980392157 0.4147450980392157 0.7014117647058823
0 0.360437908496732 0.6660906862745097 0.3950408496732026 0.6992499999999999 0.39215686274509803 0.7374558823529412 0.3628415032679739 0.7057377450980391
0 0.3652434640522876 0.7107843137254902 0.3950408496732026 0.741781862745098 0.39119607843137255 0.7763848039215686 0.36091830065359476 0.7388995098039216
0 0.3979232026143791 0.7079019607843138 0.4267581699346405 0.731688725490196 0.423875816993464 0.7720588235294118 0.3945604575163399 0.7475490196078431
0 0.42483660130718953 0.715110294117647 0.4527107843137255 0.7388995098039216 0.45319117647058826 0.7648504901960785 0.4253169934640523 0.7432230392156863
0 0.4507875816993464 0.741061274509804 0.487312091503268 0.7634093137254903 0.48587091503267976 0.8203578431372549 0.45175 0.7857549019607843
0 0.42579738562091507 0.7482696078431372 0.4541519607843137 0.767732843137255 0.4546323529411765 0.7893602941176471 0.49019607843137253 0.8181960784313725 0.485390522875817 0.8405416666666666 0.45319117647058826 0.8196372549019607 0.4262777777777778 0.7792671568627451
0 0.4507875816993464 0.7843137254901961 0.4479052287581699 0.8066617647058824 0.4233954248366013 0.7799877450980393 0.4233954248366013 0.7439436274509804 0.45367156862745095 0.7598039215686274
0 0.3950408496732026 0.7497107843137255 0.42291503267973857 0.7763848039215686 0.4214722222222222 0.8059411764705883 0.4008071895424837 0.7850343137254902
0 0.421952614379085 0.7799877450980393 0.4565555555555555 0.8203578431372549 0.45319117647058826 0.858563725490196 0.4171470588235294 0.8138700980392157
0 0.45847712418300657 0.8246838235294117 0.4921176470588235 0.8614485294117648 0.4887549019607843 0.899654411764706 0.45751633986928103 0.8664926470588236
0 0.5372941176470588 0.5954436274509805 0.5997696078431373 0.5846299019607843 0.5997696078431373 0.6343725490196078 0.5392156862745098 0.6487892156862746
0 0.6680130718954248 0.5853529411764706 0.7199150326797386 0.5730980392156863 0.7203954248366014 0.6185122549019608 0.6684934640522876 0.6264411764705882
0 0.7199150326797386 0.5579583333333333 0.7737401960784314 0.55075 0.7737401960784314 0.5976078431372549 0.7223186274509804 0.6076985294117647 0.7213578431372549 0.5601200980392157
0 0.7756633986928105 0.5521911764705882 0.8294885620915032 0.5449828431372549 0.826124183006536 0.5889558823529412 0.7761437908496732 0.5976078431372549
0 0.8304493464052288 0.534889705882353 0.8775473856209149 0.5305661764705882 0.8765866013071896 0.5795857843137255 0.8290081699346405 0.5860735294117647
0 0.8765866013071896 0.5363333333333333 0.925124183006536 0.5255196078431372 0.9256062091503268 0.5709338235294118 0.8765866013071896 0.5803063725490196
0 0.4805849673202614 0.7237598039215686 0.5353709150326798 0.7107843137254902 0.5368120915032679 0.7446666666666667 0.4748169934640523 0.7648504901960785
0 0.5411372549019607 0.7079019607843138 0.6064967320261437 0.6877156862745099 0.602171568627451 0.7273651960784313 0.540656862745098 0.7453872549019608
0 0.6064967320261437 0.6906004901960784 0.6670506535947712 0.6740196078431373 0.6632058823529412 0.7165514705882353 0.6069787581699346 0.7295269607843137
0 0.6670506535947712 0.6790661764705883 0.7165506535947712 0.662485294117647 0.7141486928104576 0.7050171568627451 0.6608039215686274 0.7208774509803921
0 0.7189542483660131 0.6617647058823529 0.7694150326797385 0.6437426470588236 0.7698954248366013 0.6898799019607843 0.7155898692810457 0.7028553921568627
0 0.7747026143790849 0.6487892156862746 0.8237222222222222 0.6365343137254902 0.8256437908496732 0.6725784313725489 0.7722990196078431 0.6898799019607843
0 0.8256437908496732 0.6430220588235295 0.8717794117647059 0.6293259803921568 0.8727418300653595 0.6740196078431373 0.8275669934640523 0.6833921568627451
0 0.8717794117647059 0.630046568627451 0.9241633986928104 0.6120245098039215 0.9241633986928104 0.6552769607843137 0.8770669934640523 0.6682524509803921
0 0.4738562091503268 0.4498259803921569 0.5983267973856209 0.4346887254901961 0.6012107843137254 0.4858700980392157 0.469531045751634 0.508938725490196
0 0.6026535947712418 0.4354093137254902 0.7160702614379085 0.41522549019607846 0.7170326797385621 0.4736151960784314 0.6079395424836602 0.4894754901960784
0 0.7170326797385621 0.41378431372549024 0.8237222222222222 0.3979240196078432 0.826124183006536 0.44550245098039215 0.7242401960784314 0.46712745098039216
0 0.8275669934640523 0.3979240196078432 0.9275277777777778 0.3885514705882353 0.9260866013071896 0.43973529411764706 0.8304493464052288 0.44405882352941173
0 0.4748169934640523 0.5579583333333333 0.5983267973856209 0.5327279411764706 0.5973660130718954 0.5875147058823529 0.47625980392156864 0.6127450980392157
0 0.6007303921568627 0.534889705882353 0.7199150326797386 0.519031862745098 0.7213578431372549 0.5730980392156863 0.6050555555555556 0.5918406862745098
0 0.7199150326797386 0.519031862745098 0.828047385620915 0.49668382352941176 0.8285277777777779 0.540656862745098 0.7213578431372549 0.560843137254902
0 0.8266045751633987 0.4974044117647059 0.9275277777777778 0.48226715686274507 0.9236830065359477 0.5327279411764706 0.8314117647058824 0.5428210784313725
0 0.6055359477124184 0.5940024509803922 0.6680130718954248 0.5867941176470588 0.6684934640522876 0.6329289215686275 0.5997696078431373 0.6394166666666666
0 0.4796225490196078 0.651671568627451 0.5968856209150326 0.6336495098039215 0.602171568627451 0.6855539215686275 0.4820261437908497 0.7165514705882353
0 0.6007303921568627 0.6372549019607843 0.7179934640522876 0.6127450980392157 0.7175130718954248 0.6603235294117646 0.6026535947712418 0.6898799019607843
0 0.7170326797385621 0.6084191176470588 0.8222794117647059 0.5860735294117647 0.8227598039215687 0.6372549019607843 0.7160702614379085 0.6567181372549019
0 0.8266045751633987 0.5889558823529412 0.9275277777777778 0.5759803921568627 0.9265669934640522 0.6192328431372549 0.8285277777777779 0.6322083333333333
0 0.48587091503267976 0.7583627450980391 0.6045751633986928 0.7360147058823528 0.602171568627451 0.7857549019607843 0.4887549019607843 0.8073823529411764
0 0.6093807189542483 0.7280857843137255 0.720875816993464 0.703575980392157 0.7232794117647059 0.7547573529411764 0.6132254901960784 0.7756642156862745
0 0.7170326797385621 0.703575980392157 0.8256437908496732 0.6797867647058824 0.828047385620915 0.7259215686274509 0.7261633986928104 0.7482696078431372 0.7223186274509804 0.6956470588235294 0.720875816993464 0.7014117647058823
0 0.8275669934640523 0.6841127450980392 0.9241633986928104 0.6538357843137255 0.9246437908496731 0.6934828431372548 0.8227598039215687 0.7179926470588235
0 0.49115686274509807 0.8044975490196079 0.552671568627451 0.7980098039215687 0.5531519607843137 0.8362156862745098 0.4930800653594771 0.8513553921568627
0 0.5555555555555556 0.8001740196078432 0.6122647058823529 0.7828725490196078 0.6132254901960784 0.8254044117647058 0.5541143790849673 0.8376593137254902
0 0.6113039215686275 0.7871960784313725 0.6723382352941176 0.7691764705882354 0.6737794117647059 0.8145906862745098 0.6098611111111112 0.8318921568627451 0.6093807189542483 0.8016151960784315
0 0.6718562091503267 0.7598039215686274 0.7237598039215686 0.7475490196078431 0.7232794117647059 0.7900808823529412 0.6708954248366014 0.8095441176470588
0 0.7276045751633987 0.7425024509803921 0.7785473856209151 0.7360147058823528 0.7775849673202615 0.7814313725490196 0.7256830065359477 0.7951274509803921
0 0.7795081699346406 0.7381764705882352 0.8251633986928104 0.7179926470588235 0.8290081699346405 0.7634093137254903 0.7775849673202615 0.7799877450980393
0 0.8314117647058824 0.7208774509803921 0.8756241830065359 0.7057377450980391 0.8708186274509805 0.7547573529411764 0.8299689542483659 0.7706176470588235
0 0.8775473856209149 0.7079019607843138 0.925124183006536 0.6913210784313726 0.9275277777777778 0.7280857843137255 0.8717794117647059 0.7554779411764706
0 0.4988464052287581 0.8520759803921568 0.6074591503267973 0.8268455882352942 0.6055359477124184 0.8816323529411765 0.4988464052287581 0.9047009803921569 0.5002875816993464 0.8520759803921568
0 0.6103415032679739 0.8333333333333334 0.6084199346405229 0.8751446078431373 0.7266437908496732 0.8463088235294117 0.7266437908496732 0.7965686274509803
0 0.7314493464052287 0.7900808823529412 0.8390996732026144 0.7655710784313726 0.8395816993464051 0.8117058823529412 0.7324101307189542 0.8412622549019608
0 0.840062091503268 0.7727794117647059 0.9207990196078432 0.7388995098039216 0.9241633986928104 0.7850343137254902 0.840062091503268 0.810264705882353