0 0.27952825552825555 0.33952777777777776 0.3811744471744472 0.3994460784313726 0.4943734643734644 0.3671830065359477 0.3719361179361179 0.30419281045751634
0 0.27952825552825555 0.3502826797385621 0.2725970515970516 0.4086633986928105 0.41120638820638816 0.4608986928104575 0.5013046683046684 0.430171568627451 0.4966830466830467 0.37486437908496734 0.40427764127764126 0.3948366013071895 0.2772186732186732 0.33952777777777776
0 0.48744226044226047 0.44553594771241833 0.4828230958230958 0.491625816993464 0.5590565110565111 0.5331062091503268 0.736938574938575 0.487016339869281 0.7646609336609336 0.48240686274509803 0.760041769041769 0.43324509803921574 0.5590565110565111 0.477797385620915
0 0.5059238329238329 0.44399836601307185 0.5405773955773956 0.47318954248366013 0.7461793611793611 0.42863562091503266 0.699977886977887 0.3856176470588235
0 0.7715921375921376 0.4209542483660131 0.7808329238329238 0.477797385620915 0.870928746928747 0.4501437908496732 0.8639975429975429 0.3917630718954248
0 0.5082334152334153 0.5208153594771241 0.4920638820638821 0.557687908496732 0.5682972972972973 0.5868774509803921 0.7715921375921376 0.5269607843137255 0.7646609336609336 0.48240686274509803 0.5682972972972973 0.5407875816993464
0 0.7692825552825553 0.48394281045751636 0.7692825552825553 0.5100604575163399 0.8663071253071253 0.4993071895424837 0.8593783783783784 0.45321732026143796 0.7854520884520884 0.47933496732026143
0 0.5036142506142506 0.571514705882353 0.5059238329238329 0.6176045751633987 0.5405773955773956 0.628357843137255 0.7669705159705159 0.5807320261437908 0.7623513513513513 0.5346421568627452 0.5544373464373464 0.5868774509803921
0 0.7715921375921376 0.5284967320261438 0.7762113022113022 0.5730506535947713 0.8686191646191647 0.5423235294117646 0.8616879606879607 0.49776960784313723
0 0.49899262899262903 0.614531045751634 0.49899262899262903 0.6514035947712418 0.5636781326781327 0.6882745098039216 0.7692825552825553 0.6298954248366013 0.760041769041769 0.5822679738562092 0.5659877149877149 0.6345032679738561
0 0.7646609336609336 0.5807320261437908 0.7669705159705159 0.6160669934640524 0.8593783783783784 0.5914869281045751 0.8478280098280098 0.5500049019607843
0 0.298009828009828 0.41173529411764703 0.298009828009828 0.4501437908496732 0.42506879606879605 0.5085245098039215 0.4227592137592137 0.45628921568627456
0 0.29570024570024567 0.4593627450980392 0.30494103194103195 0.49469771241830063 0.4088968058968059 0.5484689542483661 0.4158280098280098 0.5115980392156863
0 0.3141818181818182 0.5115980392156863 0.3141818181818182 0.5361781045751635 0.4366191646191646 0.5991683006535947 0.43200000000000005 0.5684411764705882
0 0.22408599508599508 0.3180196078431372 0.2263955773955774 0.3610375816993464 0.2725970515970516 0.38408169934640524 0.27490909090909094 0.3472107843137255
0 0.2448771498771499 0.373328431372549 0.23794594594594592 0.4086633986928105 0.28645945945945944 0.430171568627451 0.28645945945945944 0.39022712418300654
0 0.25642751842751843 0.4194183006535948 0.2587371007371007 0.45628921568627456 0.30031941031941034 0.487016339869281 0.30494103194103195 0.44399836601307185
0 0.2587371007371007 0.4716535947712418 0.26104668304668305 0.5023790849673203 0.30263144963144967 0.5238872549019609 0.30263144963144967 0.48240686274509803
0 0.07854545454545454 0.23966666666666664 0.09009582309582309 0.27961111111111114 0.15478132678132678 0.3226290849673203 0.15478132678132678 0.2780751633986928
0 0.11550859950859951 0.33952777777777776 0.11550859950859951 0.364109477124183 0.19405405405405407 0.4224901960784314 0.18943243243243243 0.38715522875816993
0 0.12243734643734644 0.37793627450980394 0.12474938574938575 0.41019934640522876 0.2079140049140049 0.46550816993464056 0.2079140049140049 0.439390522875817
0 0.09471744471744471 0.23659477124183007 0.1570909090909091 0.21508660130718957 0.24025552825552826 0.2627124183006536 0.16633169533169534 0.28883006535947714
0 0.23332678132678134 0.23352124183006534 0.30031941031941034 0.29190196078431374 0.3857960687960688 0.2611764705882353 0.29107862407862406 0.21508660130718957
0 0.17557248157248156 0.21354901960784314 0.21715479115479117 0.21969444444444444 0.23332678132678134 0.22583986928104574 0.36731449631449636 0.20279575163398694 0.33035135135135135 0.1812859477124183
0 0.3326633906633907 0.22276797385620917 0.35807371007371 0.24274019607843136 0.49899262899262903 0.20433169934640524 0.4527911547911548 0.1751421568627451
0 0.37424570024570025 0.24274019607843136 0.39965601965601966 0.2611764705882353 0.46896068796068796 0.23966666666666664 0.43430958230958233 0.21662254901960787
0 0.4227592137592137 0.2581029411764706 0.46896068796068796 0.28729411764705887 0.5359557739557739 0.2673218954248366 0.47358230958230957 0.23813071895424834
0 0.23794594594594592 0.31033823529411764 0.2587371007371007 0.33338398692810456 0.4551007371007371 0.2903660130718954 0.3973464373464373 0.2642483660130719
0 0.4458599508599509 0.3349199346405229 0.6237420147420147 0.29497549019607844 0.5613685503685504 0.2673218954248366 0.3857960687960688 0.30880228758169936
0 0.4527911547911548 0.3379918300653595 0.5890884520884521 0.41173529411764703 0.6653243243243243 0.38715522875816993 0.5267149877149877 0.31648366013071894
0 0.6306732186732187 0.34874673202614376 0.7646609336609336 0.4194183006535948 0.8686191646191647 0.38715522875816993 0.6976658476658476 0.33031045751633986
0 0.8778599508599508 0.3379918300653595 0.8686191646191647 0.38715522875816993 0.9356117936117936 0.41634477124183006 0.937923832923833 0.36257352941176474
0 0.9975429975429976 0.28883006535947714 0.8663071253071253 0.3318464052287582 0.9333022113022112 0.3764003267973856 0.9933660933660934 0.34260130718954246
0 0.9887469287469288 0.3533562091503268 0.9356117936117936 0.37486437908496734 0.9333022113022112 0.4025179738562092 0.9975429975429976 0.3963725490196079
0 0.7392506142506142 0.3226290849673203 0.803933660933661 0.34567320261437906 0.9494742014742015 0.3057287581699346 0.870928746928747 0.2750032679738562
0 0.5521277641277641 0.31341176470588233 0.6121916461916462 0.3441372549019608 0.7923832923832924 0.2995833333333333 0.7184570024570024 0.2703937908496732
0 0.52902457002457 0.24734967320261436 0.6260515970515971 0.2903660130718954 0.7138378378378378 0.2657843137254902 0.5890884520884521 0.21969444444444444
0 0.4597199017199017 0.22123202614379087 0.5082334152334153 0.24120424836601306 0.6514643734643735 0.21047712418300654 0.6006412776412777 0.18435947712418302
0 0.43430958230958233 0.1613137254901961 0.5036142506142506 0.20433169934640524 0.5937100737100737 0.1782140522875817 0.5013046683046684 0.15056045751633987
0 0.5151646191646192 0.14595098039215687 0.5521277641277641 0.1689967320261438 0.6838058968058969 0.13366013071895425 0.6352923832923834 0.11983333333333332
0 0.71614742014742 0.10293464052287582 0.8108648648648649 0.13058823529411764 0.870928746928747 0.11522385620915032 0.7577297297297297 0.0844983660130719
0 0.7923832923832924 0.0844983660130719 0.8293464373464373 0.09986111111111111 0.9309926289926289 0.07374346405228759 0.8870982800982801 0.056844771241830065
0 0.9194422604422605 0.0891078431372549 0.9494742014742015 0.09986111111111111 0.9975429975429976 0.0875702614379085 0.9975429975429976 0.05991666666666666
0 0.8455159705159705 0.09678921568627451 0.9517837837837837 0.13519771241830064 0.9975429975429976 0.12290686274509803 0.8847886977886977 0.0860343137254902
0 0.9055798525798526 0.14748692810457517 0.9564029484029484 0.1659232026143791 0.9975429975429976 0.14748692810457517 0.9975429975429976 0.12290686274509803
0 0.77390171990172 0.14748692810457517 0.827034398034398 0.1643872549019608 0.9333022113022112 0.13673366013071894 0.8778599508599508 0.11522385620915032
0 0.6399140049140049 0.14902450980392157 0.693046683046683 0.1613137254901961 0.8177936117936118 0.13366013071895425 0.7577297297297297 0.11215196078431372
0 0.5706093366093367 0.1674591503267974 0.6560835380835381 0.20279575163398694 0.7438697788697789 0.18282352941176472 0.6260515970515971 0.14748692810457517
0 0.7069066339066339 0.1659232026143791 0.797002457002457 0.20279575163398694 0.8686191646191647 0.18435947712418302 0.7484889434889435 0.14595098039215687
0 0.6121916461916462 0.22430392156862744 0.6653243243243243 0.245812091503268 0.8062432432432433 0.20740359477124182 0.7276977886977887 0.1736045751633987
0 0.6861154791154792 0.24120424836601306 0.7900737100737101 0.30265686274509807 0.8593783783783784 0.2765392156862745 0.736938574938575 0.21815849673202614
0 0.760041769041769 0.22276797385620917 0.8224152334152335 0.2442761437908497 0.9471646191646191 0.21047712418300654 0.8686191646191647 0.19204084967320262
0 0.8362751842751842 0.250421568627451 0.9633341523341523 0.30265686274509807 0.9975429975429976 0.2780751633986928 0.870928746928747 0.22583986928104574
0 0.9956756756756757 0.20125980392156864 0.8917199017199018 0.22737581699346404 0.967955773955774 0.255031045751634 0.9975429975429976 0.23659477124183007
0 0.9009606879606878 0.46858006535947716 0.9125110565110565 0.5023790849673203 0.9125110565110565 0.5162058823529412 0.9975429975429976 0.49776960784313723 0.9975429975429976 0.4424624183006536
0 0.9125110565110565 0.5254248366013072 0.9217518427518429 0.5561503267973856 0.9975429975429976 0.543859477124183 0.991056511056511 0.5039150326797386