0 0.24276307189542484 0.40515653775322286 0.07236274509803922 0.4077882136279926 0.06769444444444445 0.3578011049723757 0.2591029411764706 0.3578011049723757
0 0.35831699346405227 0.38804788213627994 0.18441176470588236 0.06051565377532228
0 0.5707352941176471 0.39858195211786374 0.19374183006535947 0.06051565377532228
0 0.41900326797385623 0.1289134438305709 0.17506535947712418 0.052615101289134436
0 0.5858986928104575 0.1341804788213628 0.1540686274509804 0.04209944751381215
0 0.7563071895424837 0.1341804788213628 0.17272875816993463 0.047348066298342546
0 0.37232026143790853 0.1788950276243094 0.06769607843137254 0.04209944751381215
0 0.4493464052287582 0.18152854511970531 0.07702614379084967 0.04209944751381215
0 0.5240359477124182 0.1841620626151013 0.06769607843137254 0.052615101289134436
0 0.6139052287581699 0.18679558011049724 0.07003267973856209 0.052615101289134436
0 0.6897712418300653 0.1894290976058932 0.05834967320261438 0.052615101289134436
0 0.7714705882352941 0.1894290976058932 0.07702614379084967 0.047348066298342546
0 0.3956535947712418 0.2354696132596685 0.14705882352941177 0.0447329650092081
0 0.566062091503268 0.23151012891344383 0.16573529411764706 0.052615101289134436
0 0.731797385620915 0.2407182320441989 0.14238562091503268 0.04998158379373849
0 0.357140522875817 0.28414364640883977 0.06535947712418301 0.03683241252302026
0 0.4435130718954248 0.28808471454880297 0.07468954248366014 0.0447329650092081
0 0.5228758169934641 0.28414364640883977 0.07003267973856209 0.05788213627992633
0 0.5999019607843137 0.28808471454880297 0.05602941176470588 0.055248618784530384
0 0.6804411764705882 0.285451197053407 0.06302287581699346 0.06051565377532228
0 0.7656372549019608 0.2867587476979742 0.07468954248366014 0.031565377532228364
0 0.17390522875816994 0.4538305709023941 0.18906862745098038 0.06051565377532228
0 0.3057843137254902 0.44462246777163905 0.07003267973856209 0.06314917127071823
0 0.4026633986928105 0.4525046040515654 0.09102941176470589 0.047348066298342546
0 0.48669934640522877 0.45646408839779007 0.07702614379084967 0.055248618784530384
0 0.5964052287581699 0.4551381215469613 0.13772875816993466 0.052615101289134436
0 0.1715686274509804 0.5064456721915286 0.17973856209150327 0.04998158379373849
0 0.3559803921568628 0.5090791896869246 0.18441176470588236 0.06051565377532228
0 0.566062091503268 0.5209208103130756 0.21709150326797388 0.06314917127071823
0 0.16923202614379085 0.5669613259668509 0.17506535947712418 0.04998158379373849
0 0.35480392156862745 0.5695948434622469 0.1867483660130719 0.07629834254143647
0 0.5555555555555556 0.5866850828729282 0.19607843137254902 0.052615101289134436
0 0.17857843137254903 0.6274585635359116 0.18906862745098038 0.06576427255985268
0 0.36648692810457517 0.6327255985267035 0.19607843137254902 0.06051565377532228
0 0.566062091503268 0.6393001841620626 0.20774509803921568 0.052615101289134436
0 0.1855718954248366 0.6932412523020258 0.18906862745098038 0.055248618784530384
0 0.3629738562091503 0.6945488029465929 0.17973856209150327 0.05788213627992633
0 0.553218954248366 0.6998158379373849 0.1820751633986928 0.047348066298342546
0 0.1820751633986928 0.7445488029465931 0.19607843137254902 0.04209944751381215
0 0.36648692810457517 0.7511233885819522 0.17272875816993463 0.03419889502762431
0 0.5415522875816994 0.7642725598526704 0.16339869281045752 0.06576427255985268
0 0.6728153594771241 0.3693075506445672 0.7121356209150327 0.36766666666666664 0.7194166666666667 0.42675506445672196 0.671359477124183 0.4333204419889503
0 0.7106797385620914 0.36602394106813996 0.7529117647058823 0.34961141804788215 0.7558251633986928 0.3939281767955801 0.7033970588235294 0.4201896869244936
0 0.7558251633986928 0.35289318600368325 0.7834950980392157 0.33812154696132596 0.7878627450980392 0.37915469613259667 0.75 0.3922854511970534
0 0.671359477124183 0.430036832412523 0.7092222222222222 0.42675506445672196 0.7033970588235294 0.4759963167587477 0.6728153594771241 0.4792780847145488
0 0.7077663398692811 0.42347145488029464 0.7398055555555556 0.40705893186003683 0.7456307189542484 0.462865561694291 0.7063104575163399 0.4776372007366483
0 0.7456307189542484 0.40705893186003683 0.7936879084967321 0.385720073664825 0.8009705882352941 0.446451197053407 0.7412614379084967 0.46943093922651935
0 0.6757271241830065 0.490767955801105 0.7266977124183006 0.47435543278084713 0.7237859477124183 0.5186721915285452 0.6830098039215686 0.5203130755064457
0 0.7339803921568628 0.47271270718232045 0.7762124183006536 0.45794106813996316 0.7776699346405229 0.5022578268876612 0.7310669934640524 0.5153885819521179
0 0.7834950980392157 0.45958195211786373 0.8082516339869281 0.4382449355432781 0.8111650326797385 0.4891270718232044 0.7747565359477124 0.4956924493554328
0 0.6626209150326797 0.554780847145488 0.7048545751633987 0.5268784530386741 0.715047385620915 0.5777605893186003 0.6626209150326797 0.6040220994475137
0 0.7165049019607843 0.5285193370165746 0.7543676470588235 0.5121068139963167 0.7529117647058823 0.5695543278084714 0.7048545751633987 0.590891344383057
0 0.757281045751634 0.5104640883977901 0.7849509803921568 0.49897421731123387 0.7966013071895425 0.4940515653775322 0.806795751633987 0.5416500920810313 0.7645620915032679 0.5728360957642726 0.7543676470588235 0.5219539594843462
0 0.6669901960784314 0.6023812154696133 0.7092222222222222 0.587609576427256 0.7121356209150327 0.6466979742173112 0.6742712418300654 0.6581878453038674
0 0.7223300653594771 0.5826850828729282 0.7543676470588235 0.5646298342541436 0.7587369281045752 0.6220773480662983 0.7121356209150327 0.6368489871086557 0.7106797385620914 0.5826850828729282
0 0.7645620915032679 0.5695543278084714 0.7878627450980392 0.5564235727440147 0.7878627450980392 0.6056629834254144 0.7529117647058823 0.6122302025782689
0 0.8446601307189543 0.12146040515653776 0.8694166666666666 0.10668876611418049 0.87815522875817 0.14115653775322282 0.8461160130718954 0.17070165745856353 0.8344656862745098 0.12310313075506446
0 0.6466013071895426 0.6680349907918969 0.685921568627451 0.6581878453038674 0.685921568627451 0.715635359116022 0.6436895424836601 0.7139944751381215
0 0.6815522875816994 0.6614696132596685 0.715047385620915 0.6466979742173112 0.7252418300653595 0.6860902394106815 0.6917467320261438 0.6926556169429098
0 0.7121356209150327 0.643414364640884 0.7485424836601308 0.6171528545119704 0.7616503267973856 0.6631123388581952 0.7223300653594771 0.6746003683241252
0 0.7514558823529413 0.6253609576427257 0.7849509803921568 0.61551197053407 0.7951454248366013 0.6499815837937385 0.757281045751634 0.6680349907918969
0 0.6334950980392157 0.7435377532228361 0.6946601307189543 0.723841620626151 0.700485294117647 0.7517458563535911 0.6495147058823529 0.7862136279926335
0 0.6961160130718954 0.7090699815837938 0.7383496732026144 0.6729594843462247 0.7543676470588235 0.7271252302025782 0.7019411764705883 0.7484622467771639
0 0.7398055555555556 0.6795248618784531 0.7733006535947712 0.6581878453038674 0.7922320261437908 0.7025046040515653 0.75 0.7189189686924493
0 0.8257271241830065 0.16413627992633517 0.8169901960784314 0.21337753222836098 0.8679607843137255 0.19039779005524862 0.865047385620915 0.15593001841620627
0 0.815532679738562 0.2117366482504604 0.8140767973856209 0.25933517495395947 0.865047385620915 0.23635727440147333 0.865047385620915 0.21337753222836098
0 0.7907761437908496 0.2741086556169429 0.7980571895424836 0.3233499079189687 0.8388349673202614 0.30037016574585634 0.8402908496732027 0.27082504604051566
0 0.7907761437908496 0.3184254143646409 0.7980571895424836 0.3725893186003683 0.8694166666666666 0.3430460405156538 0.8606797385620915 0.30201104972375686
0 0.7966013071895425 0.374232044198895 0.8009705882352941 0.42675506445672196 0.8548529411764705 0.3939281767955801 0.8475718954248367 0.34961141804788215
0 0.8097075163398693 0.4251141804788213 0.8169901960784314 0.47435543278084713 0.8694166666666666 0.4316795580110497 0.8548529411764705 0.40213443830570905 0.7980571895424836 0.42675506445672196
0 0.8053398692810457 0.4891270718232044 0.8038823529411765 0.5235948434622468 0.8533970588235295 0.5006169429097606 0.8446601307189543 0.4546574585635359
0 0.8053398692810457 0.5235948434622468 0.8140767973856209 0.5728360957642726 0.850485294117647 0.554780847145488 0.8373774509803922 0.5137476979742173
0 0.799514705882353 0.5794014732965009 0.8009705882352941 0.6335672191528545 0.843202614379085 0.6073057090239411 0.8315522875816994 0.5679116022099447
0 0.7893202614379086 0.635208103130755 0.8053398692810457 0.6663941068139962 0.8461160130718954 0.6663941068139962 0.8344656862745098 0.6122302025782689
0 0.07864052287581699 0.357817679558011 0.1368937908496732 0.3430460405156538 0.3014558823529412 0.33812154696132596 0.2548545751633987 0.36438305709023944 0.08883496732026143 0.3561767955801105
0 0.27378594771241826 0.36274217311233886 0.36116503267973854 0.3446869244935543 0.5024264705882353 0.3561767955801105 0.4456307189542484 0.36274217311233886
0 0.47912581699346407 0.36438305709023944 0.528640522875817 0.3545340699815838 0.6597075163398692 0.36602394106813996 0.5941748366013072 0.374232044198895 0.4893202614379085 0.36438305709023944