0 0.09558823529411764 0.1556372549019608 0.07352941176470588 0.061274509803921566
0 0.12826797385620914 0.22303921568627452 0.08986928104575163 0.06372549019607843
0 0.17401960784313725 0.1568627450980392 0.05392156862745098 0.06372549019607843
0 0.23937908496732027 0.16789215686274508 0.07352941176470588 0.08088235294117647
0 0.30800653594771243 0.10294117647058823 0.05392156862745098 0.06372549019607843
0 0.39215686274509803 0.10416666666666667 0.0784313725490196 0.07107843137254902
0 0.49754901960784315 0.11764705882352941 0.10294117647058823 0.07352941176470588
0 0.6233660130718954 0.125 0.13562091503267973 0.06372549019607843
0 0.7320261437908496 0.13480392156862744 0.05555555555555555 0.06372549019607843
0 0.7834967320261438 0.13602941176470587 0.03758169934640523 0.056372549019607844
0 0.7892156862745098 0.20098039215686275 0.0457516339869281 0.06862745098039216
0 0.7230392156862745 0.21323529411764705 0.05718954248366013 0.06372549019607843
0 0.6029411764705882 0.19975490196078433 0.1830065359477124 0.07598039215686274
0 0.4387254901960784 0.19362745098039216 0.11601307189542484 0.058823529411764705
0 0.32598039215686275 0.18504901960784315 0.08006535947712418 0.07107843137254902
0 0.23529411764705882 0.24509803921568626 0.10130718954248366 0.049019607843137254
0 0.33088235294117646 0.25612745098039214 0.07352941176470588 0.0661764705882353
0 0.4150326797385621 0.25980392156862747 0.0718954248366013 0.07352941176470588
0 0.4869281045751634 0.26715686274509803 0.058823529411764705 0.07352941176470588
0 0.6258169934640523 0.2855392156862745 0.1895424836601307 0.07598039215686274
0 0.7647058823529411 0.2867647058823529 0.06535947712418301 0.058823529411764705
0 0.8137254901960784 0.2708333333333333 0.02287581699346405 0.056372549019607844
0 0.8080065359477124 0.3443627450980392 0.03758169934640523 0.0661764705882353
0 0.7467320261437909 0.3602941176470588 0.058823529411764705 0.0784313725490196
0 0.7516339869281046 0.4264705882352941 0.042483660130718956 0.06372549019607843
0 0.8047385620915033 0.4264705882352941 0.04738562091503268 0.06372549019607843
0 0.8194444444444444 0.49264705882352944 0.05392156862745098 0.058823529411764705
0 0.7598039215686274 0.5073529411764706 0.05228758169934641 0.05392156862745098
0 0.6258169934640523 0.36519607843137253 0.16666666666666666 0.06862745098039216
0 0.6348039215686274 0.4411764705882353 0.1650326797385621 0.08333333333333333
0 0.6282679738562091 0.5196078431372549 0.18790849673202614 0.06862745098039216
0 0.46895424836601307 0.3431372549019608 0.13071895424836602 0.07352941176470588
0 0.4950980392156863 0.4227941176470588 0.09477124183006536 0.08088235294117647
0 0.3472222222222222 0.31862745098039214 0.08660130718954248 0.06372549019607843
0 0.25326797385620914 0.3075980392156863 0.08169934640522876 0.0661764705882353
0 0.17892156862745098 0.30392156862745096 0.04411764705882353 0.05392156862745098
0 0.10457516339869281 0.27818627450980393 0.09803921568627451 0.061274509803921566
0 0.10947712418300654 0.34681372549019607 0.07516339869281045 0.04656862745098039
0 0.11356209150326797 0.39828431372549017 0.07026143790849673 0.056372549019607844
0 0.11274509803921569 0.4583333333333333 0.058823529411764705 0.058823529411764705
0 0.12745098039215685 0.5257352941176471 0.08169934640522876 0.0661764705882353
0 0.11029411764705882 0.5857843137254902 0.05718954248366013 0.058823529411764705
0 0.119281045751634 0.6531862745098039 0.049019607843137254 0.041666666666666664
0 0.1707516339869281 0.6004901960784313 0.04738562091503268 0.07352941176470588
0 0.2246732026143791 0.6262254901960784 0.04084967320261438 0.056372549019607844
0 0.28594771241830064 0.6433823529411765 0.06535947712418301 0.056372549019607844
0 0.35294117647058826 0.6715686274509803 0.05555555555555555 0.06372549019607843
0 0.4207516339869281 0.6936274509803921 0.06372549019607843 0.08333333333333333
0 0.4910130718954248 0.7156862745098039 0.05718954248366013 0.06862745098039216
0 0.20016339869281047 0.3602941176470588 0.08660130718954248 0.058823529411764705
0 0.2908496732026144 0.38235294117647056 0.0915032679738562 0.06372549019607843
0 0.3872549019607843 0.39828431372549017 0.09477124183006536 0.0661764705882353
0 0.4869281045751634 0.5 0.06862745098039216 0.06372549019607843
0 0.4035947712418301 0.47181372549019607 0.08169934640522876 0.0661764705882353
0 0.30718954248366015 0.44362745098039214 0.09803921568627451 0.0784313725490196
0 0.20016339869281047 0.4264705882352941 0.08660130718954248 0.049019607843137254
0 0.19281045751633988 0.4852941176470588 0.0718954248366013 0.058823529411764705
0 0.29248366013071897 0.5208333333333334 0.09477124183006536 0.061274509803921566
0 0.40931372549019607 0.553921568627451 0.12908496732026145 0.058823529411764705
0 0.5204248366013072 0.5747549019607843 0.08333333333333333 0.0661764705882353
0 0.5563725490196079 0.6642156862745098 0.11601307189542484 0.058823529411764705
0 0.45098039215686275 0.6299019607843137 0.08169934640522876 0.0784313725490196
0 0.3684640522875817 0.6115196078431373 0.08660130718954248 0.0661764705882353
0 0.28022875816993464 0.5747549019607843 0.07352941176470588 0.07598039215686274
0 0.20669934640522875 0.5563725490196079 0.06699346405228758 0.058823529411764705
0 0.18382352941176472 0.6715686274509803 0.07352941176470588 0.049019607843137254
0 0.27369281045751637 0.7107843137254902 0.08660130718954248 0.04411764705882353
0 0.5718954248366013 0.5588235294117647 0.5588235294117647 0.6397058823529411 0.7173202614379085 0.6715686274509803 0.7581699346405228 0.6348039215686274 0.7467320261437909 0.5490196078431373 0.6944444444444444 0.5784313725490197
0 0.6176470588235294 0.6593137254901961 0.6209150326797386 0.7132352941176471 0.7026143790849673 0.7401960784313726 0.7859477124183006 0.6715686274509803 0.7810457516339869 0.6078431372549019 0.7009803921568627 0.678921568627451 0.6290849673202614 0.6397058823529411
0 0.5277777777777778 0.6985294117647058 0.5277777777777778 0.7549019607843137 0.673202614379085 0.8137254901960784 0.7254901960784313 0.7867647058823529 0.7107843137254902 0.7328431372549019 0.6421568627450981 0.7377450980392157
0 0.33169934640522875 0.696078431372549 0.3366013071895425 0.7598039215686274 0.44607843137254904 0.8112745098039216 0.4444444444444444 0.7352941176470589
0 0.46078431372549017 0.7475490196078431 0.45751633986928103 0.8112745098039216 0.5718954248366013 0.8553921568627451 0.5816993464052288 0.7892156862745098
0 0.5866013071895425 0.7916666666666666 0.5915032679738562 0.8504901960784313 0.6764705882352942 0.8897058823529411 0.738562091503268 0.8431372549019608 0.7238562091503268 0.7843137254901961 0.6650326797385621 0.8186274509803921
0 0.7352941176470589 0.7034313725490197 0.7401960784313726 0.7892156862745098 0.815359477124183 0.7107843137254902 0.8169934640522876 0.6544117647058824
0 0.7369281045751634 0.7965686274509803 0.7418300653594772 0.8357843137254902 0.8137254901960784 0.7598039215686274 0.8055555555555556 0.7205882352941176
0 0.7843137254901961 0.5343137254901961 0.7843137254901961 0.6127450980392157 0.8333333333333334 0.5686274509803921 0.8349673202614379 0.5318627450980392
0 0.8333333333333334 0.1715686274509804 0.8316993464052288 0.23039215686274508 0.8774509803921569 0.22794117647058823 0.8774509803921569 0.16176470588235295 0.8366013071895425 0.15441176470588236
0 0.8774509803921569 0.16911764705882354 0.880718954248366 0.21568627450980393 0.8839869281045751 0.22549019607843138 0.946078431372549 0.20833333333333334 0.946078431372549 0.16666666666666666
0 0.9803921568627451 0.17892156862745098 0.9444444444444444 0.16666666666666666 0.9444444444444444 0.23039215686274508 0.9738562091503268 0.22794117647058823
0 0.9754901960784313 0.22303921568627452 0.9558823529411765 0.22549019607843138 0.9607843137254902 0.26715686274509803 0.9754901960784313 0.2696078431372549
0 0.9526143790849673 0.23284313725490197 0.9248366013071896 0.22794117647058823 0.9281045751633987 0.27941176470588236 0.9575163398692811 0.2696078431372549
0 0.9215686274509803 0.23529411764705882 0.8741830065359477 0.24019607843137256 0.8790849673202614 0.29901960784313725 0.9281045751633987 0.27941176470588236
0 0.8741830065359477 0.24019607843137256 0.8235294117647058 0.2426470588235294 0.8366013071895425 0.29411764705882354 0.8741830065359477 0.2965686274509804
0 0.8986928104575164 0.3014705882352941 0.8611111111111112 0.3014705882352941 0.8611111111111112 0.34558823529411764 0.9068627450980392 0.3431372549019608
0 0.9362745098039216 0.2916666666666667 0.9068627450980392 0.2965686274509804 0.9101307189542484 0.3553921568627451 0.9379084967320261 0.3431372549019608
0 0.9754901960784313 0.28431372549019607 0.9379084967320261 0.28431372549019607 0.9444444444444444 0.33088235294117646 0.9803921568627451 0.33088235294117646
0 0.9673202614379085 0.3333333333333333 0.9379084967320261 0.3431372549019608 0.9477124183006536 0.38480392156862747 0.9754901960784313 0.37745098039215685
0 0.934640522875817 0.3480392156862745 0.9117647058823529 0.3553921568627451 0.9215686274509803 0.4068627450980392 0.9395424836601307 0.4019607843137255
0 0.9084967320261438 0.3553921568627451 0.8790849673202614 0.3553921568627451 0.8774509803921569 0.4068627450980392 0.9052287581699346 0.40441176470588236
0 0.8643790849673203 0.36764705882352944 0.8316993464052288 0.36764705882352944 0.8333333333333334 0.42401960784313725 0.8660130718954249 0.42892156862745096
0 0.8725490196078431 0.42892156862745096 0.8300653594771242 0.44607843137254904 0.8480392156862745 0.5024509803921569 0.880718954248366 0.4852941176470588
0 0.9166666666666666 0.4117647058823529 0.869281045751634 0.4338235294117647 0.880718954248366 0.4852941176470588 0.9215686274509803 0.4583333333333333 0.923202614379085 0.4264705882352941
0 0.9558823529411765 0.3946078431372549 0.923202614379085 0.4068627450980392 0.9264705882352942 0.4534313725490196 0.9705882352941176 0.42401960784313725
0 0.9722222222222222 0.43137254901960786 0.9379084967320261 0.4411764705882353 0.9444444444444444 0.5024509803921569 0.9771241830065359 0.47794117647058826
0 0.9624183006535948 0.49019607843137253 0.9379084967320261 0.5392156862745098 0.9575163398692811 0.5416666666666666 0.9656862745098039 0.5220588235294118
0 0.9313725490196079 0.4583333333333333 0.8480392156862745 0.5147058823529411 0.8545751633986928 0.5661764705882353 0.9379084967320261 0.4852941176470588
0 0.9313725490196079 0.5024509803921569 0.8709150326797386 0.5514705882352942 0.8660130718954249 0.5882352941176471 0.9313725490196079 0.5392156862745098
0 0.8496732026143791 0.5661764705882353 0.7794117647058824 0.6127450980392157 0.7794117647058824 0.6446078431372549 0.8578431372549019 0.6053921568627451
0 0.8251633986928104 0.6397058823529411 0.8235294117647058 0.6838235294117647 0.8839869281045751 0.6348039215686274 0.880718954248366 0.5882352941176471
0 0.9150326797385621 0.5612745098039216 0.8790849673202614 0.5931372549019608 0.8823529411764706 0.6421568627450981 0.934640522875817 0.5931372549019608
0 0.8660130718954249 0.6519607843137255 0.8120915032679739 0.7009803921568627 0.8186274509803921 0.7401960784313726 0.8741830065359477 0.6936274509803921