0 0.3723856209150327 0.35484029484029483 0.07016339869281045 0.06312039312039312
0 0.3715686274509804 0.41117936117936116 0.06619281045751634 0.04594594594594594
0 0.3723856209150327 0.4705159705159705 0.07016339869281045 0.059312039312039315
0 0.36946078431372553 0.5351105651105651 0.06666666666666667 0.0481081081081081
0 0.3771732026143791 0.5941031941031941 0.06805555555555555 0.053759213759213755
0 0.3770424836601307 0.6527272727272728 0.06081699346405228 0.05169533169533169
0 0.3768137254901961 0.7134643734643734 0.06503267973856208 0.039803439803439804
0 0.38019607843137254 0.7666584766584766 0.06946078431372549 0.051400491400491403
0 0.3771732026143791 0.8288206388206388 0.05872549019607843 0.056363636363636366
0 0.43808823529411767 0.3518427518427518 0.06383986928104575 0.0466093366093366
0 0.4457843137254902 0.41538083538083537 0.06524509803921569 0.054373464373464374
0 0.4443954248366013 0.4708599508599508 0.06245098039215686 0.052997542997543
0 0.4426307189542483 0.5282800982800983 0.06594771241830065 0.058992628992629
0 0.443218954248366 0.5835626535626536 0.0647875816993464 0.04673218673218673
0 0.4429901960784314 0.6422113022113022 0.059640522875817 0.04466830466830467
0 0.4433333333333333 0.7001228501228501 0.07200980392156862 0.04117936117936118
0 0.4457843137254902 0.7538574938574938 0.06524509803921569 0.05737100737100737
0 0.4433333333333333 0.8173955773955774 0.0626797385620915 0.05108108108108108
0 0.5123039215686274 0.3555282555282555 0.06290849673202614 0.06452088452088453
0 0.5082189542483659 0.41292383292383295 0.05240196078431372 0.056486486486486485
0 0.5078758169934641 0.4734889434889435 0.06803921568627451 0.047739557739557736
0 0.5047222222222222 0.5315970515970516 0.05939542483660131 0.041105651105651106
0 0.5083496732026144 0.5805896805896806 0.059640522875817 0.04427518427518427
0 0.5111437908496732 0.6379852579852581 0.06522875816993465 0.05029484029484029
0 0.5134803921568627 0.6973218673218673 0.060571895424836604 0.04960687960687961
0 0.5113725490196078 0.753144963144963 0.06102941176470589 0.041916461916461915
0 0.5113725490196078 0.8014250614250614 0.06102941176470589 0.04371007371007371
0 0.5139379084967319 0.2956756756756757 0.06150326797385621 0.04658476658476659
0 0.5724183006535948 0.2921621621621622 0.05472222222222223 0.053611793611793614
0 0.5736928104575164 0.34832923832923834 0.05962418300653595 0.03958230958230958
0 0.5763725490196079 0.4087223587223587 0.05799019607843137 0.04805896805896805
0 0.579297385620915 0.46945945945945944 0.07083333333333333 0.05019656019656019
0 0.5868790849673203 0.5301965601965601 0.06498366013071896 0.05233415233415233
0 0.5752124183006535 0.5793611793611794 0.06032679738562092 0.038304668304668305
0 0.5780065359477125 0.6304422604422604 0.06593137254901961 0.04572481572481572
0 0.5769607843137255 0.6897788697788698 0.05681372549019608 0.045036855036855034
0 0.5771895424836602 0.7438329238329239 0.061960784313725495 0.04085995085995086
0 0.5763725490196079 0.7975675675675676 0.05799019607843137 0.042997542997543
0 0.6386928104575164 0.41083538083538085 0.05658496732026144 0.038230958230958234
0 0.6383496732026144 0.46208845208845206 0.04419934640522876 0.04245700245700246
0 0.6455882352941177 0.5217690417690418 0.03534313725490196 0.035479115479115475
0 0.6413888888888889 0.5693366093366093 0.054950980392156866 0.0499017199017199
0 0.639983660130719 0.6253562653562654 0.06147058823529411 0.05309582309582309
0 0.6362418300653595 0.6783538083538083 0.054003267973856205 0.053808353808353804
0 0.6366013071895426 0.7359459459459459 0.05704248366013071 0.042604422604422605
0 0.6336764705882353 0.7891400491400492 0.06287581699346405 0.054226044226044226
0 0.7028921568627451 0.29742014742014744 0.05890522875816993 0.04307125307125308
0 0.6992647058823529 0.35044226044226046 0.05866013071895425 0.0438083538083538
0 0.7012581699346405 0.40223587223587226 0.060294117647058824 0.03857493857493857
0 0.6959967320261438 0.45488943488943484 0.06147058823529411 0.03157248157248157
0 0.6964705882352942 0.5066830466830466 0.062401960784313724 0.054422604422604416
0 0.6999673202614379 0.5723341523341523 0.06473856209150326 0.052358722358722354
0 0.6966993464052288 0.6186732186732187 0.058202614379084965 0.04675675675675676
0 0.6969281045751634 0.67995085995086 0.054003267973856205 0.053464373464373466
0 0.6966993464052288 0.7327764127764128 0.058202614379084965 0.043316953316953316
0 0.6978758169934641 0.7815970515970516 0.05586601307189542 0.03562653562653563
0 0.7675326797385621 0.39466830466830466 0.05282679738562091 0.04803439803439804
0 0.7586764705882353 0.45191646191646195 0.06308823529411764 0.04316953316953317
0 0.7613562091503268 0.5014004914004914 0.06145424836601307 0.050909090909090904
0 0.7622875816993464 0.557936117936118 0.053986928104575164 0.04461916461916462
0 0.7604248366013072 0.614987714987715 0.050261437908496735 0.0428992628992629
0 0.7548202614379085 0.6667813267813267 0.05772875816993464 0.05169533169533169
0 0.7626307189542484 0.7245208845208845 0.06635620915032679 0.03734643734643735
0 0.7634477124183007 0.7757985257985258 0.060996732026143786 0.05562653562653563
0 0.8565849673202615 0.7959705159705159 0.0651797385620915 0.012825552825552824
0 0.8726960784313726 0.8282800982800983 0.04602941176470589 0.03773955773955774
0 0.834297385620915 0.8307371007371007 0.027598039215686276 0.04968058968058968
0 0.24377450980392157 0.31953316953316957 0.03236928104575163 0.05221130221130221
0 0.2887091503267974 0.3342997542997543 0.0265359477124183 0.053636363636363635
0 0.32290849673202615 0.34570024570024566 0.027222222222222224 0.05889434889434889
0 0.2521732026143791 0.37886977886977885 0.039836601307189544 0.037493857493857495
0 0.2869607843137255 0.4011793611793612 0.020686274509803922 0.05751842751842752
0 0.3217320261437909 0.4038083538083538 0.029558823529411766 0.05226044226044226
0 0.2525326797385621 0.4389189189189189 0.033529411764705884 0.038230958230958234
0 0.2870751633986928 0.45226044226044226 0.02792483660130719 0.05088452088452089
0 0.31869281045751635 0.46420147420147423 0.02815359477124183 0.07476658476658476
0 0.23549019607843139 0.4971990171990172 0.04147058823529411 0.05653562653562654
0 0.2841503267973856 0.5105405405405405 0.03375816993464052 0.05513513513513514
0 0.3197549019607843 0.5275675675675676 0.02792483660130719 0.04356265356265356
0 0.21705882352941178 0.5366830466830467 0.027941176470588237 0.033734643734643736
0 0.2547549019607843 0.5575921375921375 0.021633986928104577 0.036904176904176904
0 0.2842647058823529 0.5695331695331696 0.03166666666666666 0.04673218673218673
0 0.32313725490196077 0.587960687960688 0.03235294117647059 0.052014742014742016
0 0.18297385620915033 0.5651351351351351 0.03447712418300654 0.0555036855036855
0 0.21926470588235294 0.5867321867321867 0.02537581699346405 0.04604422604422604
0 0.2514869281045752 0.6053316953316954 0.0244281045751634 0.04815724815724816
0 0.2868464052287582 0.6304422604422604 0.032124183006535946 0.04572481572481572
0 0.3261764705882353 0.6397542997542998 0.03375816993464052 0.04678132678132678
0 0.18297385620915033 0.6211302211302212 0.03447712418300654 0.0586977886977887
0 0.18740196078431373 0.6806388206388206 0.02934640522875817 0.05486486486486486
0 0.18787581699346406 0.7340049140049141 0.03027777777777778 0.06331695331695332
0 0.2217156862745098 0.6453562653562654 0.027941176470588237 0.058009828009828006
0 0.21495098039215688 0.6908353808353809 0.028415032679738564 0.0682063882063882
0 0.21599673202614378 0.7552579852579853 0.028169934640522875 0.06017199017199017
0 0.25380718954248366 0.665012285012285 0.029101307189542482 0.055208845208845204
0 0.25008169934640523 0.7222604422604422 0.030964052287581697 0.06437346437346438
0 0.25031045751633985 0.7705159705159705 0.036111111111111115 0.052113022113022114
0 0.28566993464052287 0.6783783783783784 0.03446078431372549 0.06786240786240787
0 0.2895261437908497 0.7398034398034399 0.039836601307189544 0.05737100737100737
0 0.2866013071895425 0.7914250614250614 0.036323529411764706 0.06933660933660933
0 0.3275653594771242 0.6931203931203932 0.03655228758169935 0.05523341523341523
0 0.3258169934640523 0.753144963144963 0.030718954248366015 0.05597051597051597
0 0.32348039215686275 0.8124815724815725 0.0353921568627451 0.05530712530712531
0 0.3454248366013072 0.2493120393120393 0.03258169934640523 0.03813267813267813
0 0.38359477124183006 0.26056511056511056 0.03655228758169935 0.04656019656019656
0 0.4185947712418301 0.27864864864864863 0.03187908496732026 0.04412776412776413
0 0.46107843137254906 0.28864864864864864 0.03279411764705882 0.06061425061425062
0 0.6199183006535948 0.28093366093366096 0.04934640522875817 0.059213759213759216
0 0.6223692810457516 0.3418427518427518 0.05191176470588235 0.04415233415233415
0 0.6634477124183006 0.22894348894348895 0.0780392156862745 0.0026044226044226047
0 0.6945915032679738 0.261965601965602 0.07733660130718954 0.021277641277641278
0 0.3841666666666667 0.22965601965601964 0.054052287581699346 0.012850122850122851
0 0.4226797385620915 0.23457002457002457 0.0703921568627451 0.005405405405405406
0 0.47240196078431373 0.24914004914004914 0.10911764705882353 0.013194103194103194
0 0.4999346405228758 0.261965601965602 0.0801797385620915 0.021277641277641278
0 0.5519934640522876 0.2508845208845209 0.08181372549019608 0.018402948402948403
0 0.49375816993464056 0.22545454545454546 0.06080065359477124 0.018452088452088452
0 0.5699673202614379 0.23054054054054055 0.052156862745098044 0.025135135135135135