0 0.637892156862745 0.2693627450980392 0.030849673202614378 0.04296568627450981
0 0.6175163398692811 0.33465686274509804 0.04076797385620915 0.0413235294117647
0 0.6610294117647059 0.31563725490196076 0.03526143790849673 0.03965686274509804
0 0.701797385620915 0.3040686274509804 0.026437908496732027 0.04296568627450981
0 0.6351470588235294 0.2007843137254902 0.04297385620915033 0.0413235294117647
0 0.6808660130718954 0.1892156862745098 0.028643790849673206 0.03470588235294118
0 0.6384477124183007 0.5527941176470588 0.03194444444444445 0.03470588235294118
0 0.5888725490196078 0.5750980392156863 0.04957516339869281 0.04958333333333333
0 0.6180718954248365 0.432156862745098 0.03305555555555555 0.03470588235294118
0 0.571797385620915 0.4561029411764706 0.03526143790849673 0.03965686274509804
0 0.6538725490196079 0.41397058823529415 0.0363562091503268 0.04791666666666667
0 0.6951960784313725 0.39828431372549017 0.030849673202614378 0.04296568627450981
0 0.681421568627451 0.5437009803921569 0.0363562091503268 0.03306372549019608
0 0.7497222222222222 0.48833333333333334 0.018725490196078432 0.03139705882352941
0 0.7750653594771242 0.47181372549019607 0.02534313725490196 0.03139705882352941
0 0.4256503267973856 0.27231617647058826 0.4228578431372549 0.31588480392156865 0.46586928104575165 0.3385098039215686 0.5055294117647059 0.3167230392156863 0.5094395424836601 0.2672892156862745 0.5323415032679739 0.2563946078431372 0.5099983660130719 0.23796078431372547 0.42229901960784316 0.27566666666666667
0 0.5122320261437908 0.2714779411764706 0.5094395424836601 0.3125343137254902 0.5870849673202614 0.3636470588235294 0.5943464052287581 0.3167230392156863 0.6189248366013071 0.2999656862745098 0.5306666666666666 0.2622598039215686
0 0.5356928104575164 0.24382598039215686 0.5373692810457517 0.20947303921568627 0.5636225490196078 0.18852696078431372 0.6552336601307189 0.24047549019607845 0.6557908496732026 0.28237009803921564 0.6211584967320262 0.2941004901960784 0.5407205882352941 0.26645098039215687
0 0.3871062091503268 0.16757843137254902 0.3804035947712418 0.21533823529411766 0.4519035947712418 0.25136764705882353 0.4937990196078431 0.24131372549019608 0.4960326797385621 0.19439215686274508 0.4150359477124183 0.15249754901960785 0.38208006535947714 0.16590196078431374
0 0.3742598039215686 0.24969117647058822 0.37090686274509804 0.2848848039215686 0.41615359477124186 0.3142107843137255 0.41838888888888887 0.2672892156862745 0.4586078431372549 0.2538823529411765 0.4144787581699346 0.2312598039215686 0.36979084967320264 0.24550245098039217
0 0.46754411764705883 0.34186029411764707 0.4653104575163398 0.3837549019607843 0.5105571895424836 0.4105686274509804 0.5083218954248366 0.3569436274509804 0.5468660130718954 0.34186029411764707 0.5072042483660131 0.3133725490196078
0 0.5150261437908498 0.3636470588235294 0.5122320261437908 0.4080539215686274 0.5552434640522876 0.42732598039215686 0.6345653594771241 0.40051225490196074 0.6356813725490196 0.3552671568627451 0.5831748366013072 0.36699754901960785 0.5502173202614379 0.3426985294117647 0.5105571895424836 0.3653210784313725
0 0.31002124183006535 0.2656127450980392 0.30555228758169933 0.30583088235294115 0.3787287581699347 0.3426985294117647 0.3787287581699347 0.2991274509803922
0 0.38208006535947714 0.30415441176470587 0.3809624183006536 0.34688725490196076 0.46140032679738563 0.3804044117647059 0.46251797385620913 0.3393480392156863 0.3859901960784314 0.3083455882352941
0 0.2971732026143791 0.17009313725490194 0.29326307189542483 0.2103112745098039 0.3362745098039216 0.21952696078431372 0.3826388888888889 0.19355392156862744 0.38934150326797384 0.17344362745098038 0.39883823529411766 0.16506617647058822 0.40107189542483657 0.14411764705882352 0.35191503267973856 0.12982352941176473 0.2971732026143791 0.16417647058823528
0 0.48095098039215683 0.12144362745098039 0.4803921568627451 0.1625 0.5351356209150326 0.185125 0.5496584967320262 0.1583112745098039 0.5814983660130719 0.13401225490196078 0.5139084967320261 0.10384803921568626
0 0.5267565359477124 0.10049754901960785 0.5904362745098038 0.1390392156862745 0.6161307189542484 0.11390441176470588 0.5513333333333333 0.08960539215686274
0 0.5518921568627451 0.1591495098039216 0.5451895424836601 0.19685539215686274 0.5613888888888888 0.1876372549019608 0.612779411764706 0.21696323529411765 0.661936274509804 0.21109803921568626 0.6557908496732026 0.17590686274509804 0.5792630718954248 0.1407156862745098 0.5468660130718954 0.16082598039215687
0 0.5976977124183006 0.13736519607843137 0.6602598039215687 0.17590686274509804 0.6893071895424836 0.15412254901960784 0.612779411764706 0.11557843137254901
0 0.4697794117647059 0.39297303921568627 0.4692205882352941 0.44408333333333333 0.5474232026143792 0.47089705882352945 0.5474232026143792 0.4331911764705882
0 0.42229901960784316 0.37621323529411765 0.41838888888888887 0.4139191176470588 0.4552549019607843 0.42146078431372547 0.45749019607843133 0.3896200980392157 0.4200637254901961 0.3711862745098039
0 0.31113725490196076 0.31169607843137254 0.3049934640522876 0.35861764705882354 0.4217401960784314 0.4097303921568627 0.4195049019607843 0.3686740196078432
0 0.27594607843137253 0.24885539215686275 0.2731535947712418 0.29075 0.30443464052287583 0.3049926470588235 0.3094624183006536 0.2672892156862745
0 0.2787385620915033 0.20276960784313727 0.27818137254901965 0.23461029411764706 0.3379509803921569 0.2714779411764706 0.3379509803921569 0.22623039215686278
0 0.2753872549019608 0.2991274509803922 0.27147712418300657 0.33344852941176467 0.30443464052287583 0.34350245098039217 0.3077859477124183 0.30747303921568625
0 0.28544281045751635 0.34685539215686273 0.2826486928104575 0.37701960784313726 0.34577124183006536 0.41639950980392154 0.34633006535947714 0.3778553921568627 0.28097385620915033 0.3443406862745098
0 0.3513562091503268 0.37953186274509804 0.3496813725490196 0.4239411764705882 0.42229901960784316 0.4608088235294117 0.4195049019607843 0.41723774509803924
0 0.43067810457516337 0.43315686274509807 0.4295604575163399 0.4608088235294117 0.5396029411764707 0.5387328431372549 0.6222761437908497 0.5001887254901961 0.6228349673202614 0.45829411764705885 0.5496584967320262 0.489296568627451
0 0.3737009803921569 0.44157107843137255 0.36979084967320264 0.4776004901960784 0.40554084967320264 0.4977083333333333 0.4094509803921569 0.458328431372549
0 0.3362745098039216 0.4155955882352941 0.3368333333333333 0.458328431372549 0.36979084967320264 0.4734093137254902 0.3725833333333333 0.43570588235294117 0.34018464052287584 0.41727205882352947
0 0.6306552287581699 0.449110294117647 0.6306552287581699 0.5018995098039216 0.7373464052287582 0.44157107843137255 0.7384640522875817 0.40135049019607844
0 0.6367990196078431 0.35442892156862743 0.6367990196078431 0.39297303921568627 0.7133267973856209 0.36448284313725493 0.706624183006536 0.3209142156862745
0 0.6826045751633987 0.2505294117647059 0.7138856209150327 0.281531862745098 0.7211470588235294 0.3192377450980392 0.7898545751633987 0.2890735294117647 0.7904133986928105 0.24717892156862745 0.7418153594771242 0.21952696078431372
0 0.7691862745098039 0.22958333333333333 0.7887369281045752 0.25472058823529414 0.7915310457516339 0.2857205882352941 0.811640522875817 0.2714779411764706 0.8613545751633986 0.2446642156862745 0.8635898692810459 0.20947303921568627 0.8127565359477124 0.1952794117647059
0 0.7859444444444444 0.2966642156862745 0.7803578431372549 0.3259901960784313 0.8155506535947713 0.3385588235294118 0.8624722222222222 0.29750245098039213 0.8591209150326798 0.25812254901960785 0.8077287581699346 0.2966642156862745
0 0.7809166666666667 0.3326936274509804 0.7803578431372549 0.37123774509803925 0.8060539215686274 0.38883333333333336 0.8658235294117648 0.34442401960784313 0.8691748366013071 0.30588235294117644 0.8574444444444445 0.30588235294117644 0.8088464052287582 0.3486151960784314
0 0.7133267973856209 0.32766666666666666 0.7155604575163399 0.3628578431372549 0.7406977124183007 0.3502892156862745 0.742374183006536 0.31007107843137255
0 0.7440490196078432 0.3150980392156863 0.7457254901960785 0.3502892156862745 0.7742140522875818 0.33101715686274513 0.7764477124183006 0.2933137254901961
0 0.7094166666666667 0.3720245098039216 0.7099754901960784 0.4072156862745098 0.7747728758169935 0.3787279411764706 0.7786830065359477 0.33515686274509804
0 0.7406977124183007 0.40135049019607844 0.7412565359477125 0.4390563725490196 0.766952614379085 0.4206225490196078 0.7675114379084967 0.3845931372549019
0 0.7747728758169935 0.38207843137254904 0.7736552287581699 0.4155955882352941 0.8127565359477124 0.4390563725490196 0.8669411764705882 0.3804044117647059 0.8591209150326798 0.3535906862745098 0.8177843137254902 0.39548529411764705
0 0.8775539215686274 0.3636470588235294 0.8797892156862746 0.39297303921568627 0.8998986928104576 0.3737009803921569 0.900455882352941 0.3334828431372549 0.8781127450980392 0.3569436274509804
0 0.8524166666666666 0.4164338235294118 0.8513006535947713 0.458328431372549 0.898781045751634 0.41727205882352947 0.894312091503268 0.3795661764705882
0 0.7976748366013072 0.44240686274509805 0.7976748366013072 0.47173529411764703 0.8110816993464053 0.4817892156862745 0.8401274509803922 0.449110294117647 0.8351013071895425 0.42313725490196075 0.8099640522875816 0.44492156862745097
0 0.6870735294117647 0.4868161764705883 0.7071830065359477 0.5161421568627451 0.7077401960784314 0.5446299019607843 0.73790522875817 0.5228455882352941 0.7362287581699346 0.48513970588235295 0.7071830065359477 0.47089705882352945
0 0.48933006535947715 0.518656862745098 0.4843022875816993 0.5563602941176471 0.5664166666666667 0.605796568627451 0.5569199346405228 0.5538480392156863 0.4932401960784314 0.5236838235294118
0 0.4144787581699346 0.4608406862745098 0.4088921568627451 0.5010612745098039 0.47983333333333333 0.5463063725490196 0.48653758169934647 0.5086004901960784
0 0.3960441176470588 0.5010612745098039 0.39436928104575164 0.541279411764706 0.4664281045751634 0.5773088235294118 0.4697794117647059 0.5429558823529412
0 0.47201307189542485 0.5504950980392157 0.471454248366013 0.5865245098039216 0.5072042483660131 0.6091495098039216 0.5077630718954248 0.5689289215686274
0 0.5150261437908498 0.5789852941176471 0.5150261437908498 0.6074730392156863 0.5513333333333333 0.6426642156862745 0.6312140522875817 0.6049583333333334 0.6334477124183007 0.5781470588235293 0.6077516339869281 0.5882009803921568 0.5546862745098039 0.6074730392156863
0 0.7077401960784314 0.5496593137254902 0.7205882352941176 0.5689289215686274 0.7166781045751635 0.6024460784313725 0.7518692810457517 0.5831740196078431 0.7507532679738562 0.5463063725490196 0.733436274509804 0.5337377450980392
0 0.7418153594771242 0.5253602941176471 0.7552222222222222 0.5496593137254902 0.7529869281045751 0.5706053921568627 0.7703039215686275 0.5571985294117647 0.7725375816993464 0.5228455882352941 0.7507532679738562 0.5161421568627451 0.7373464052287582 0.5245220588235294
0 0.5960212418300653 0.6208799019607842 0.5921111111111111 0.6644485294117648 0.6345653594771241 0.6451789215686274 0.6334477124183007 0.6049583333333334
0 0.47480718954248363 0.5957426470588235 0.47089705882352945 0.6225539215686274 0.5490996732026143 0.6786936274509804 0.5854084967320261 0.6669632352941176 0.5904362745098038 0.6250686274509804 0.5513333333333333 0.643502450980392
0 0.43402941176470583 0.5689289215686274 0.43067810457516337 0.6024460784313725 0.4725718954248366 0.6259068627450981 0.4753643790849673 0.5831740196078431
0 0.39492647058823527 0.5479828431372549 0.391016339869281 0.5814975490196078 0.43067810457516337 0.605796568627451 0.4373807189542484 0.5639019607843138
0 0.3731421568627451 0.5672549019607843 0.36260620915032676 0.565578431372549 0.36037254901960786 0.5898774509803921 0.38997875816993466 0.6183651960784314 0.4262875816993464 0.6426642156862745 0.4301977124183007 0.6099877450980392
0 0.43466503267973855 0.6125 0.43299019607843137 0.643502450980392 0.5078415032679738 0.690424019607843 0.5095179738562091 0.6577475490196079
0 0.5229232026143791 0.6745049019607843 0.5229232026143791 0.6971274509803922 0.5637009803921569 0.7264534313725489 0.6396699346405229 0.6879117647058823 0.6396699346405229 0.6493676470588235 0.563142156862745 0.6795318627450981
0 0.6424640522875816 0.6535563725490197 0.6413464052287582 0.6895857843137255 0.7100539215686275 0.6468529411764706 0.7117287581699346 0.6125 0.6379950980392156 0.652718137254902
0 0.782593137254902 0.5530098039215686 0.7814754901960784 0.5873627450980392 0.8306323529411764 0.5479828431372549 0.8283970588235294 0.5094387254901961
0 0.8323071895424837 0.5027352941176471 0.8334248366013072 0.5429558823529412 0.894312091503268 0.50525 0.8926356209150327 0.47173529411764703
0 0.8635898692810459 0.449110294117647 0.8658235294117648 0.48765441176470586 0.8334248366013072 0.49100490196078433 0.8406862745098039 0.4667058823529412
0 0.8954297385620916 0.4348676470588235 0.8669411764705882 0.4508039215686274 0.8691748366013071 0.4751029411764706 0.8931944444444444 0.4566691176470588
0 0.8926356209150327 0.5119705882352941 0.8390114379084967 0.5463235294117648 0.8440375816993465 0.581514705882353 0.8954297385620916 0.5404583333333334
0 0.8328660130718955 0.5563774509803922 0.8082875816993464 0.5681078431372549 0.8099640522875816 0.6116789215686275 0.8378937908496733 0.5890563725490197 0.8323071895424837 0.5505122549019608
0 0.8066127450980392 0.5756495098039216 0.7837091503267973 0.5940833333333333 0.782593137254902 0.6284362745098039 0.8049362745098039 0.6133553921568627
0 0.782593137254902 0.6049754901960784 0.7434918300653595 0.6267622549019608 0.7468431372549019 0.6627916666666667 0.7809166666666667 0.6384926470588235
0 0.7775653594771242 0.5639191176470588 0.7105343137254901 0.6108406862745098 0.7155604575163399 0.644357843137255 0.7792418300653595 0.6049754901960784
0 0.7446078431372549 0.6292745098039216 0.7172369281045752 0.6485465686274511 0.7205882352941176 0.6820612745098039 0.7474019607843138 0.6644656862745097 0.7485179738562092 0.6301127450980393
0 0.7205882352941176 0.6560882352941177 0.6881895424836602 0.6736838235294118 0.6893071895424836 0.7147401960784313 0.7233823529411765 0.6912794117647059
0 0.6736666666666666 0.574811274509804 0.6775767973856209 0.6259240196078432 0.7127679738562092 0.6074901960784314 0.7133267973856209 0.5639191176470588 0.6976862745098039 0.5597303921568627 0.6691977124183006 0.5714607843137255
0 0.6557908496732026 0.6912622549019608 0.6529983660130719 0.7365098039215686 0.6798104575163398 0.715561274509804 0.6837205882352941 0.6736666666666666 0.6585849673202614 0.6870735294117648 0.6580261437908497 0.6853970588235294
0 0.6077516339869281 0.7071813725490196 0.6138970588235294 0.7163995098039215 0.6088692810457517 0.7566176470588235 0.6541160130718955 0.7406985294117646 0.6535571895424837 0.6979656862745097 0.6446192810457516 0.690424019607843
0 0.4932401960784314 0.690424019607843 0.4882124183006536 0.7247769607843138 0.5680915032679739 0.780078431372549 0.6077516339869281 0.7599705882352941 0.6116617647058823 0.7180759803921569 0.5708856209150327 0.7365098039215686
0 0.4479934640522876 0.6627745098039215 0.44966993464052285 0.7004803921568628 0.48709477124183004 0.7231029411764706 0.4910065359477124 0.6870735294117648
0 0.4116846405228758 0.6359607843137255 0.4088921568627451 0.668639705882353 0.4468774509803921 0.6962892156862746 0.4502287581699347 0.6552328431372548
0 0.5407205882352941 0.7658357843137256 0.5373692810457517 0.7934852941176471 0.5742369281045752 0.8219730392156863 0.6474117647058824 0.780078431372549 0.6485294117647058 0.7398602941176471 0.5747957516339869 0.7817549019607843
0 0.6546748366013072 0.7415367647058824 0.6524395424836601 0.7851053921568627 0.7166781045751635 0.7314803921568628 0.7205882352941176 0.6979656862745097
0 0.7859444444444444 0.6342867647058823 0.7820343137254903 0.672828431372549 0.8418039215686274 0.6292573529411766 0.8434803921568628 0.5890392156862745 0.782593137254902 0.6300955882352941
0 0.847390522875817 0.5882009803921568 0.84515522875817 0.6300955882352941 0.8948709150326797 0.5848504901960784 0.8971045751633987 0.545468137254902
0 0.8105228758169934 0.6636127450980392 0.8121977124183006 0.6912622549019608 0.8708513071895425 0.6476911764705882 0.8708513071895425 0.6116617647058823 0.8099640522875816 0.6577475490196079
0 0.9021323529411766 0.5890392156862745 0.8714101307189542 0.6116617647058823 0.8747614379084968 0.6460171568627451 0.8976633986928104 0.6250686274509804
0 0.7272924836601308 0.7406985294117646 0.6870735294117647 0.7608063725490196 0.6893071895424836 0.8043774509803922 0.7250571895424837 0.7792401960784314
0 0.6870735294117647 0.7649975490196079 0.6507647058823529 0.7884583333333333 0.6524395424836601 0.8320294117647059 0.6887483660130719 0.8068921568627451
0 0.6507647058823529 0.7934852941176471 0.5680915032679739 0.836218137254902 0.5317826797385621 0.8077303921568627 0.5295490196078432 0.8445980392156863 0.5742369281045752 0.8755980392156864 0.6546748366013072 0.836218137254902
0 0.4479934640522876 0.7046691176470589 0.44966993464052285 0.7390220588235294 0.5317826797385621 0.7985122549019608 0.5351356209150326 0.7608063725490196
0 0.39995424836601307 0.6761813725490197 0.39939542483660134 0.7080196078431373 0.44575980392156866 0.7398602941176471 0.44855228758169935 0.6971274509803922
0 0.42118137254901955 0.735671568627451 0.4200637254901961 0.7683480392156863 0.48988888888888893 0.8211348039215687 0.4932401960784314 0.7700245098039216
0 0.5005016339869282 0.7842696078431374 0.5005016339869282 0.8194607843137254 0.5261977124183007 0.8311911764705882 0.5273137254901961 0.7959999999999999
0 0.4144787581699346 0.7298063725490197 0.4133611111111111 0.7599705882352941 0.3487647058823529 0.7122107843137254 0.3482058823529412 0.6803700980392157
0 0.32083496732026145 0.6962892156862746 0.32083496732026145 0.7272916666666667 0.3806045751633987 0.7717009803921568 0.38228104575163396 0.742375
0 0.38730718954248367 0.7499142156862745 0.3861911764705882 0.7784044117647059 0.5291911764705882 0.8923578431372549 0.5280735294117647 0.8387328431372548
0 0.25994771241830067 0.44827205882352944 0.2543627450980392 0.48765441176470586 0.2889950980392157 0.5086004901960784 0.2878774509803922 0.46838235294117647
0 0.29290522875816993 0.4725710784313725 0.29122875816993465 0.5144656862745097 0.3202761437908497 0.5328995098039215 0.32139379084967323 0.48933088235294114
0 0.3247450980392157 0.49938480392156864 0.32195261437908496 0.541279411764706 0.3549101307189543 0.5546862745098039 0.3537924836601307 0.511953431372549
0 0.3554673202614379 0.5178186274509804 0.35211601307189544 0.563063725490196 0.38786601307189544 0.5798235294117647 0.38786601307189544 0.5312254901960785
0 0.2465424836601307 0.3619705882352941 0.20971895424836604 0.34688725490196076 0.2119542483660131 0.37788970588235293 0.2717238562091503 0.4147573529411765 0.28401307189542485 0.40637745098039213 0.27786764705882355 0.37621323529411765 0.2689297385620915 0.3745392156862745
0 0.19463725490196077 0.3737009803921569 0.19463725490196077 0.40637745098039213 0.2639035947712418 0.44827205882352944 0.28401307189542485 0.4348676470588235 0.28066013071895424 0.4114068627450981 0.2583169934640523 0.4147573529411765 0.19910620915032679 0.37621323529411765
0 0.20413398692810458 0.41727205882352947 0.2035751633986928 0.4566519607843137 0.25552450980392155 0.49016666666666664 0.25552450980392155 0.449110294117647
0 0.17005882352941176 0.43654166666666666 0.17005882352941176 0.47173529411764703 0.22591830065359478 0.5127916666666666 0.225359477124183 0.47089705882352945
0 0.22982843137254902 0.47592401960784314 0.22982843137254902 0.5086004901960784 0.29071568627450983 0.5613897058823529 0.28624673202614376 0.5169803921568628
0 0.29239215686274506 0.5203308823529411 0.2940669934640523 0.565578431372549 0.3588643790849673 0.6016078431372549 0.3599820261437908 0.563063725490196
0 0.36836111111111114 0.6066348039215687 0.3655669934640523 0.6502058823529412 0.4007598039215686 0.6711519607843137 0.4024346405228758 0.6309338235294117
0 0.36780228758169936 0.6543946078431372 0.36780228758169936 0.690424019607843 0.3951732026143791 0.7105343137254903 0.39908333333333335 0.6761813725490197
0 0.3365212418300654 0.592389705882353 0.3348447712418301 0.6208799019607842 0.3638921568627451 0.6460171568627451 0.3672434640522876 0.6108235294117648
0 0.30412254901960784 0.5697671568627451 0.3035637254901961 0.6007696078431373 0.33205228758169936 0.6208799019607842 0.3342859477124183 0.5856887254901961
0 0.2733986928104575 0.5488210784313726 0.2717238562091503 0.5840122549019607 0.3052385620915033 0.5999313725490196 0.3052385620915033 0.5563602941176471
0 0.21977450980392157 0.5479828431372549 0.22312581699346404 0.5814975490196078 0.2426764705882353 0.5965808823529412 0.245468954248366 0.5546862745098039
0 0.1773202614379085 0.4801127450980392 0.1762042483660131 0.518656862745098 0.20804411764705882 0.5303872549019608 0.20916013071895426 0.49938480392156864
0 0.19463725490196077 0.565578431372549 0.19016830065359477 0.5898774509803921 0.2192156862745098 0.6116617647058823 0.2220081699346405 0.5882009803921568
0 0.22480065359477125 0.5898774509803921 0.2220081699346405 0.6108235294117648 0.25664052287581696 0.6326102941176471 0.2549656862745098 0.5974191176470589
0 0.25664052287581696 0.6125 0.25664052287581696 0.6342867647058823 0.2834542483660131 0.6569093137254902 0.2817777777777778 0.6292573529411766
0 0.24379411764705883 0.5312254901960785 0.24379411764705883 0.5613897058823529 0.270047385620915 0.5756323529411764 0.2733986928104575 0.5496593137254902
0 0.2130702614379085 0.507764705882353 0.2113954248366013 0.5287107843137255 0.23876633986928106 0.5504950980392157 0.24211764705882352 0.5228455882352941
0 0.2549656862745098 0.5731200980392157 0.25384803921568627 0.605796568627451 0.36165686274509806 0.6912622549019608 0.3655669934640523 0.6502058823529412
0 0.2895980392156863 0.6351225490196079 0.2884820261437908 0.6610980392156863 0.33987254901960784 0.7088578431372549 0.3421062091503268 0.672828431372549
0 0.20469117647058824 0.6074730392156863 0.2035751633986928 0.643502450980392 0.31473529411764706 0.7256151960784314 0.31473529411764706 0.690424019607843
0 0.42868954248366015 0.8102426470588235 0.4264542483660131 0.8454338235294118 0.48845915032679743 0.9007352941176471 0.48454901960784313 0.8588406862745097 0.42477941176470585 0.8094044117647059
0 0.4973954248366013 0.8722475490196079 0.4962794117647059 0.9040882352941176 0.5772745098039215 0.9686053921568627 0.649892156862745 0.9107916666666667 0.6493333333333333 0.8864926470588236 0.5755996732026144 0.923357843137255
0 0.3499264705882353 0.7557794117647059 0.3488088235294118 0.7926470588235294 0.42198529411764707 0.8429215686274509 0.4264542483660131 0.8043774509803922
0 0.3219967320261438 0.735671568627451 0.3186454248366013 0.7616446078431371 0.3465751633986928 0.789296568627451 0.35551307189542486 0.7482401960784313
0 0.7229542483660131 0.678156862745098 0.7219248366013071 0.7260441176470588 0.7795964052287582 0.6843357843137255 0.780625816993464 0.633357843137255
0 0.7291339869281046 0.7105955882352941 0.7270735294117647 0.7615735294117647 0.8146111111111111 0.701328431372549 0.804312091503268 0.6580735294117648 0.7291339869281046 0.722953431372549
0 0.6488055555555556 0.8573504901960783 0.6467450980392156 0.8882450980392157 0.573625816993464 0.9145073529411766 0.5386111111111112 0.8913357843137255 0.5355212418300653 0.8527156862745099 0.5777450980392157 0.872796568627451 0.6518954248366012 0.8357230392156864
0 0.6591029411764705 0.8341789215686275 0.6539542483660131 0.872796568627451 0.7239836601307189 0.8249093137254901 0.725014705882353 0.7847450980392157
0 0.7260441176470588 0.770843137254902 0.7291339869281046 0.8156397058823529 0.7857745098039216 0.7677524509803921 0.7878349673202614 0.7291323529411764
0 0.791954248366013 0.7198651960784314 0.792983660130719 0.7631176470588235 0.8372679738562092 0.7198651960784314 0.8372679738562092 0.6843357843137255
0 0.654983660130719 0.8774313725490197 0.6580735294117647 0.9114166666666667 0.6858790849673202 0.8913357843137255 0.6858790849673202 0.849625
0 0.688968954248366 0.8542598039215686 0.6848496732026144 0.8913357843137255 0.7188349673202614 0.8712524509803922 0.7198643790849674 0.8295441176470588
0 0.725014705882353 0.8156397058823529 0.7208954248366013 0.8542598039215686 0.7456111111111111 0.8280000000000001 0.7466405228758171 0.8001936274509803
0 0.7497303921568627 0.8032818627450979 0.7517908496732026 0.838811274509804 0.78165522875817 0.8171862745098039 0.78165522875817 0.7801102941176471
0 0.0947467320261438 0.23325980392156864 0.09680555555555555 0.27033578431372546 0.11019444444444443 0.2734240196078431 0.11637254901960783 0.24562009803921567
0 0.11637254901960783 0.24870833333333334 0.11431372549019607 0.2857843137254902 0.12976143790849673 0.28732843137254904 0.1328513071895425 0.2502524509803921
0 0.2317156862745098 0.2657009803921569 0.2327467320261438 0.29196323529411766 0.26673039215686273 0.29196323529411766 0.2698202614379085 0.2672450980392157
0 0.14417973856209151 0.2579779411764706 0.14829901960784314 0.2981421568627451 0.21214869281045753 0.3305808823529412 0.23068627450980395 0.3120441176470588
0 0.050462418300653594 0.28887254901960785 0.05561111111111111 0.3290367647058824 0.09886601307189542 0.3352156862745098 0.09886601307189542 0.31358823529411767
0 0.11225326797385621 0.3213137254901961 0.11534313725490197 0.35993137254901963 0.1328513071895425 0.3645661764705882 0.1328513071895425 0.3274926470588235
0 0.1463169934640523 0.34362254901960787 0.1463169934640523 0.3813112745098039 0.1965669934640523 0.40126225490196077 0.1965669934640523 0.37244362745098036
0 0.11380228758169936 0.3524901960784314 0.11527941176470588 0.39904656862745097 0.1980457516339869 0.44560049019607845 0.1980457516339869 0.40348039215686277
0 0.1197140522875817 0.40126225490196077 0.11823529411764706 0.4256495098039215 0.17144117647058824 0.46555392156862746 0.1699640522875817 0.4411666666666667
0 0.12119117647058823 0.4367328431372549 0.12266993464052288 0.472203431372549 0.16848529411764707 0.5143259803921568 0.16700816993464052 0.48107107843137253
0 0.13301470588235295 0.4877230392156863 0.1344934640522876 0.5209779411764706 0.2128251633986928 0.5741838235294118 0.21873692810457515 0.5453627450980393
0 0.1315375816993464 0.5187598039215686 0.1389264705882353 0.5586642156862746 0.18031045751633987 0.5852671568627451 0.18031045751633987 0.5586642156862746
0 0.08424346405228758 0.47885539215686274 0.0886764705882353 0.5143259803921568 0.1197140522875817 0.5387132352941176 0.12266993464052288 0.5098921568627451
0 0.09163235294117647 0.41456372549019604 0.09163235294117647 0.454468137254902 0.11527941176470588 0.46555392156862746 0.11380228758169936 0.4212156862745098
0 0.08276470588235295 0.37465931372549016 0.08276470588235295 0.40126225490196077 0.11084640522875816 0.41234803921568625 0.11380228758169936 0.3901789215686275 0.09458823529411764 0.37909313725490196
0 0.08572058823529412 0.34362254901960787 0.08424346405228758 0.37687745098039216 0.11232352941176471 0.38352696078431375 0.11380228758169936 0.34362254901960787
0 0.17883169934640522 0.5919191176470587 0.17883169934640522 0.6118700980392157 0.20986928104575164 0.6251715686274509 0.1980457516339869 0.5897009803921569
0 0.10620915032679738 0.22549019607843138 0.17973856209150327 0.20833333333333334 0.2042483660130719 0.23774509803921567 0.1437908496732026 0.25980392156862747
0 0.05555555555555555 0.2867647058823529 0.08006535947712418 0.26715686274509803 0.12418300653594772 0.2965686274509804 0.09477124183006536 0.3137254901960784
0 0.12254901960784313 0.3112745098039216 0.13725490196078433 0.2916666666666667 0.16666666666666666 0.3112745098039216 0.13725490196078433 0.31862745098039214
0 0.15359477124183007 0.2549019607843137 0.22712418300653595 0.22303921568627452 0.23366013071895425 0.24019607843137256 0.17973856209150327 0.27450980392156865
0 0.6911764705882353 0.18627450980392157 0.7418300653594772 0.22794117647058823 0.7745098039215687 0.20098039215686275 0.7107843137254902 0.1715686274509804
0 0.6241830065359477 0.09313725490196079 0.6503267973856209 0.13480392156862744 0.684640522875817 0.12745098039215685 0.6470588235294118 0.07352941176470588
0 0.2238562091503268 0.33578431372549017 0.238562091503268 0.32107843137254904 0.28594771241830064 0.35049019607843135 0.2777777777777778 0.37254901960784315