0 0.4112723311546841 0.4992401960784314 0.4097494553376906 0.5385473856209151 0.5575032679738562 0.6390179738562092 0.6572745098039217 0.602483660130719 0.661082788671024 0.5653774509803922 0.5019063180827886 0.4666209150326797
0 0.5121873638344226 0.46639542483660135 0.5957755991285403 0.4416388888888889 0.7648540305010892 0.5289787581699347 0.7519063180827886 0.56665522875817 0.6612745098039216 0.6003366013071896 0.6681285403050109 0.5615179738562092
0 0.6062135076252724 0.4411274509803922 0.6872527233115469 0.4220522875816993 0.8455337690631809 0.49560620915032677 0.8347690631808279 0.5397385620915033 0.7549956427015251 0.5634656862745098 0.7638605664488018 0.5245539215686275
0 0.6972244008714598 0.42213398692810455 0.7638605664488018 0.3997483660130719 0.9202418300653595 0.47045588235294117 0.908211328976035 0.5098431372549019 0.8385686274509805 0.535467320261438 0.843 0.4970294117647059
0 0.7739891067538127 0.398390522875817 0.825281045751634 0.38425490196078427 0.9928213507625272 0.4425375816993464 0.9751851851851853 0.4827941176470589 0.9166666666666666 0.5014199346405229 0.9198736383442265 0.4653692810457516
0 0.6827450980392157 0.37251470588235297 0.8078474945533769 0.33770098039215685 0.8823769063180829 0.36323856209150324 0.7524836601307189 0.40314052287581703
0 0.3473616557734205 0.457359477124183 0.5310239651416122 0.4087254901960784 0.5949063180827887 0.43905065359477125 0.39686928104575164 0.4997009803921569 0.39686928104575164 0.5284297385620915 0.3446993464052288 0.49890359477124185
0 0.5379520697167756 0.40761274509803924 0.6837254901960784 0.373171568627451 0.7500980392156863 0.4015228758169935 0.6030762527233116 0.4443186274509804
0 0.29886274509803923 0.4209934640522876 0.47247058823529414 0.38276633986928105 0.5259978213507626 0.4116535947712418 0.3482854030501089 0.4587271241830065 0.34757298474945536 0.4908235294117647 0.303322440087146 0.4635424836601307
0 0.482640522875817 0.3828562091503268 0.6180653594771242 0.34746078431372546 0.6765882352941176 0.3709983660130719 0.5281372549019607 0.4116535947712418
0 0.8323529411764706 0.37950980392156863 0.8871285403050109 0.3613692810457516 0.9978213507625272 0.40095424836601307 0.9978213507625272 0.4694264705882353 0.9791960784313726 0.4763807189542484 0.9927581699346405 0.4421437908496732
0 0.6280566448801743 0.3433790849673203 0.7465294117647059 0.317609477124183 0.8043398692810457 0.33793627450980396 0.6851525054466231 0.37003267973856213
0 0.2533638344226579 0.39623692810457517 0.42037037037037034 0.36254411764705885 0.46890196078431373 0.3828725490196079 0.29475816993464055 0.42192320261437904 0.30118082788671025 0.4620424836601307 0.25550544662309366 0.433156862745098
0 0.21321786492374728 0.3734885620915033 0.374156862745098 0.3384591503267974 0.41483877995642704 0.3609264705882353 0.251400871459695 0.3999771241830065 0.25568409586056645 0.42993300653594774 0.2135751633986928 0.4047908496732026
0 0.38004575163398696 0.3380261437908497 0.5152919389978213 0.3106421568627451 0.5545446623093682 0.3304346405228758 0.4196557734204793 0.3598562091503268
0 0.42822004357298477 0.3587679738562092 0.5566862745098039 0.33096895424836603 0.6095010893246188 0.34755228758169937 0.47532461873638343 0.38232352941176473
0 0.5622440087145969 0.32657843137254905 0.6851437908496731 0.30126307189542484 0.7439520697167755 0.31848202614379084 0.6194444444444445 0.34637581699346404
0 0.5190958605664487 0.3081813725490196 0.6291416122004357 0.2858970588235294 0.6856514161220043 0.3012238562091503 0.5566448801742919 0.3279754901960784
0 0.6366710239651416 0.2851781045751634 0.7440217864923747 0.25886764705882354 0.7930958605664488 0.2730800653594771 0.6908583877995642 0.30233823529411763
0 0.6961546840958607 0.3012107843137255 0.790400871459695 0.27447222222222223 0.8487712418300654 0.290078431372549 0.7483899782135077 0.31822222222222224
0 0.7533159041394335 0.31793954248366013 0.8512788671023965 0.2914705882352941 0.9096492374727668 0.3062401960784314 0.8085250544662309 0.3374493464052288
0 0.814193899782135 0.3374591503267974 0.9134596949891068 0.3056830065359477 0.9800087145969499 0.32602450980392156 0.8874357298474946 0.3608562091503268
0 0.8913398692810458 0.3615081699346405 0.9582592592592593 0.3374493464052288 0.9978213507625272 0.3491535947712418 0.9978213507625272 0.4001470588235294
0 0.1752004357298475 0.3454754901960784 0.3299542483660131 0.3171078431372549 0.37084967320261436 0.338843137254902 0.21284313725490195 0.37228267973856205 0.21358605664488017 0.4029346405228758 0.17269063180827887 0.3736748366013072
0 0.332276688453159 0.3172434640522876 0.46862745098039216 0.29048856209150326 0.513239651416122 0.3080441176470588 0.3715925925925926 0.3389754901960784 0.33404357298474946 0.31946895424836597
0 0.47169498910675384 0.289359477124183 0.5791372549019608 0.2692205882352941 0.6300718954248365 0.2831535947712418 0.5166797385620915 0.30823366013071896
0 0.5846209150326798 0.2684477124183006 0.6873246187363835 0.24643464052287584 0.7352854030501089 0.2589738562091503 0.6319302832244008 0.2834950980392157
0 0.12637908496732025 0.30957516339869284 0.2667516339869281 0.28404248366013074 0.32189978213507625 0.31598202614379084 0.17316993464052288 0.34416339869281043
0 0.2992309368191721 0.29551960784313724 0.4260544662309368 0.2730326797385621 0.4643921568627451 0.2891535947712418 0.3330108932461874 0.31613725490196076
0 0.4348213507625272 0.2722892156862745 0.5414226579520697 0.252328431372549 0.5774226579520697 0.26634477124183004 0.4712897603485839 0.2894738562091503
0 0.5522919389978214 0.25256372549019607 0.6440479302832244 0.2339232026143791 0.6861285403050109 0.24513725490196078 0.5818649237472767 0.26966666666666667
0 0.09818518518518518 0.2898218954248366 0.23143790849673204 0.2654624183006536 0.261359477124183 0.2822826797385621 0.12389978213507624 0.309968954248366 0.12016122004357299 0.33134477124183004 0.09818518518518518 0.31837908496732026
0 0.06779520697167755 0.2736045751633987 0.2025664488017429 0.24985784313725493 0.23015032679738562 0.2666781045751634 0.09502832244008715 0.2912091503267974 0.09596514161220043 0.3164411764705882 0.06931372549019608 0.30032026143790846
0 0.04598257080610022 0.2598562091503268 0.1803267973856209 0.23600816993464055 0.20025272331154684 0.2500228758169935 0.062305010893246186 0.2732303921568628 0.06721132897603486 0.29758496732026146 0.05556209150326798 0.2863267973856209
0 0.26976252723311545 0.28198529411764706 0.3893921568627451 0.26238071895424836 0.42403267973856207 0.2724901960784314 0.2937494553376906 0.29799509803921564
0 0.47105446623093683 0.5868627450980393 0.5522810457516341 0.6411372549019607 0.6315119825708061 0.6171846405228758 0.6348409586056645 0.6551111111111111 0.5462897603485839 0.6860506535947712 0.4657276688453159 0.6171846405228758
0 0.630847494553377 0.613702614379085 0.7240588235294118 0.5829477124183007 0.7200631808278868 0.6193774509803922 0.638169934640523 0.6498186274509804
0 0.725723311546841 0.5806209150326797 0.8089477124183007 0.5496192810457516 0.8029564270152506 0.5840522875816994 0.7263899782135077 0.6134950980392156
0 0.468723311546841 0.6270016339869281 0.5406296296296297 0.6803986928104575 0.6325119825708061 0.6559460784313725 0.6331764705882352 0.6828937908496732 0.5299782135076253 0.7153316993464053 0.46672549019607845 0.6544493464052288
0 0.6449956427015251 0.648656862745098 0.8096143790849674 0.5755343137254901 0.804954248366013 0.6129624183006536 0.639169934640523 0.6778366013071896
0 0.3935969498910675 0.26043627450980394 0.4970806100217865 0.24165359477124182 0.5352919389978213 0.2533218954248366 0.4259694989106754 0.2740049019607843
0 0.5068104575163399 0.241531045751634 0.6056078431372549 0.22256045751633985 0.6409869281045752 0.23396405228758171 0.5394488017429194 0.2533218954248366
0 0.4674509803921569 0.22925816993464054 0.5672200435729847 0.21148366013071895 0.6043681917211329 0.22235620915032678 0.5028300653594772 0.24198039215686276
0 0.12515468409586056 0.3125114379084967 0.17751633986928106 0.34974346405228757 0.17185620915032682 0.37201797385620916 0.1212636165577342 0.335687908496732
0 0.41452505446623095 0.5487777777777777 0.4819193899782135 0.5929362745098039 0.47229193899782135 0.6218022875816993 0.41238562091503267 0.5760996732026143
0 0.8130043572984749 0.5467728758169934 0.9020610021786493 0.5178071895424837 0.8924335511982571 0.5498790849673203 0.8068540305010893 0.5779411764705882
0 0.909281045751634 0.5106683006535948 0.997 0.4771356209150327 0.9978213507625272 0.5076045751633987 0.8921655773420479 0.546091503267974
0 0.8237015250544663 0.5738496732026144 0.9475250544662309 0.5272450980392156 0.9389673202614379 0.5545065359477124 0.8116666666666666 0.6042173202614379
0 0.9480588235294117 0.5277173202614379 0.9978213507625272 0.5057467320261437 0.9978213507625272 0.5346111111111111 0.9411067538126362 0.5514493464052288
0 0.731152505446623 0.6482271241830065 0.8770893246187363 0.588673202614379 0.8688583877995643 0.6181944444444444 0.7236579520697167 0.6794411764705882
0 0.6253376906318082 0.6884591503267974 0.7186601307189543 0.6530032679738562 0.7133703703703704 0.6851683006535947 0.6246034858387799 0.7212990196078432
0 0.8803224400871459 0.5909101307189543 0.98319825708061 0.5437303921568627 0.9749673202614378 0.5710490196078432 0.8720915032679739 0.617313725490196
0 0.4724945533769063 0.6664150326797386 0.5421546840958605 0.7258349673202614 0.6197538126361656 0.6941111111111111 0.6168126361655774 0.727156862745098 0.5392156862745098 0.7593218954248365 0.4692614379084967 0.6985163398692811
0 0.46808496732026145 0.6994820261437908 0.545681917211329 0.7633316993464052 0.6379760348583878 0.7232352941176471 0.6362135076252723 0.7523153594771241 0.545681917211329 0.7910898692810457 0.46338126361655774 0.7179477124183007
0 0.6420915032679739 0.7170653594771241 0.7837668845315905 0.65493954248366 0.7867058823529413 0.6800539215686274 0.6403289760348584 0.7487908496732026
0 0.7847952069716776 0.6537385620915033 0.8715054466230937 0.6195212418300653 0.8697407407407408 0.6406699346405228 0.7897908496732027 0.6763611111111111
0 0.8744444444444445 0.6190179738562092 0.9211786492374728 0.5974640522875817 0.9123616557734204 0.6190539215686275 0.8729738562091504 0.6388807189542484
0 0.9244117647058824 0.5980751633986928 0.995248366013072 0.5623104575163399 0.9978213507625272 0.5816977124183007 0.9194161220043573 0.613421568627451
0 0.4827821350762527 0.7386111111111111 0.5440653594771242 0.7962630718954248 0.6410631808278867 0.7544035947712419 0.6416514161220043 0.7821633986928105 0.5399498910675381 0.8152091503267974 0.4829281045751634 0.7618937908496732
0 0.5205511982570806 0.7930163398692811 0.46529193899782134 0.7502777777777778 0.46294117647058824 0.7740702614379085 0.5346601307189542 0.8419264705882353 0.6469411764705882 0.7938986928104574 0.6410631808278867 0.7758333333333334 0.5411263616557734 0.815047385620915
0 0.2357995642701525 0.26533823529411765 0.3609084967320262 0.24699509803921568 0.38805228758169935 0.2614901960784314 0.2645533769063181 0.2828513071895425
0 0.36557516339869284 0.24657189542483657 0.4643050108932462 0.22944934640522877 0.49687581699346406 0.24012908496732027 0.38864488017429194 0.2622532679738562
0 0.43979084967320264 0.21858169934640523 0.5364858387799565 0.20369771241830065 0.5619324618736384 0.2110735294117647 0.4662549019607843 0.2296372549019608
0 0.38474291938997823 0.2283660130718954 0.43902832244008716 0.2192107843137255 0.46549237472766886 0.22938235294117648 0.4095119825708061 0.23955392156862745
0 0.2650631808278867 0.2440277777777778 0.3810108932461873 0.22683986928104574 0.40747494553376906 0.23930065359477123 0.29110239651416125 0.2573562091503268
0 0.2065359477124183 0.2510245098039216 0.2647233115468409 0.242109477124183 0.28881263616557734 0.25736764705882353 0.2301176470588235 0.26474183006535945
0 0.18193899782135078 0.2357565359477124 0.23384967320261438 0.22868954248366014 0.2609912854030501 0.24216830065359476 0.2022962962962963 0.2505604575163399
0 0.2396165577342048 0.22780555555555557 0.3483551198257081 0.21247712418300654 0.3795686274509804 0.22671732026143793 0.2638758169934641 0.24299346405228756 0.23774945533769062 0.22976960784313724
0 0.35369934640522877 0.2128562091503268 0.46481263616557733 0.19805228758169935 0.5055272331154684 0.20847875816993464 0.38372549019607843 0.22551633986928102
0 0.46990196078431373 0.19631535947712417 0.49738344226579523 0.19169444444444445 0.539115468409586 0.20364705882352943 0.5065446623093681 0.20847875816993464
0 0.6365751633986928 0.7510392156862745 0.8479455337690631 0.6518578431372549 0.841838779956427 0.6785588235294118 0.6396274509803922 0.7693447712418301
0 0.6420871459694989 0.7685326797385621 0.8470130718954249 0.6777434640522876 0.8402265795206971 0.6968153594771243 0.6464989106753812 0.7942124183006536
0 0.8537124183006536 0.6486192810457516 0.9588910675381263 0.598843137254902 0.9497298474945534 0.6306307189542484 0.845570806100218 0.675640522875817
0 0.8465032679738562 0.6756552287581699 0.9022309368191722 0.6515653594771241 0.8927298474945533 0.67165522875817 0.8404814814814815 0.6945424836601307
0 0.959313725490196 0.5993169934640522 0.9978213507625272 0.5809722222222222 0.9976535947712418 0.6086911764705882 0.9528671023965142 0.6280179738562092
0 0.9020610021786493 0.6514820261437908 0.9978213507625272 0.6073071895424837 0.9978213507625272 0.6245996732026143 0.8962919389978214 0.671390522875817
0 0.46990196078431373 0.7847549019607842 0.539880174291939 0.846782679738562 0.6399673202614379 0.7994820261437908 0.6372527233115469 0.846782679738562 0.5381830065359477 0.8978970588235294 0.4625228758169935 0.821861111111111
0 0.4635403050108932 0.8296029411764706 0.5392004357298474 0.8989133986928104 0.6107886710239651 0.8607679738562091 0.613843137254902 0.9047630718954249 0.5361481481481482 0.9416356209150326 0.4628627450980392 0.8653464052287582
0 0.46481263616557733 0.8696813725490196 0.48254030501089323 0.8869199346405228 0.4808453159041394 0.9077728758169935 0.4594705882352941 0.882343137254902
0 0.4838976034858388 0.8925816993464052 0.5293616557734205 0.9421029411764706 0.6073965141612201 0.9077728758169935 0.6070566448801743 0.928625816993464 0.530718954248366 0.9642271241830065 0.48254030501089323 0.9067549019607842
0 0.6416623093681918 0.7965228758169934 0.7627864923747277 0.7402630718954248 0.7556623093681917 0.7822222222222223 0.6420021786492374 0.8422369281045751
0 0.6289411764705883 0.8528218954248367 0.8087581699346406 0.7579607843137255 0.8145272331154684 0.7894934640522876 0.6275838779956426 0.8884166666666666
0 0.6259716775599129 0.8890833333333333 0.7931525054466231 0.8021127450980392 0.7958671023965141 0.8199133986928104 0.6255468409586056 0.9160392156862744
0 0.7633790849673203 0.7389526143790849 0.8292004357298475 0.7050718954248366 0.8237712418300653 0.7282124183006536 0.7596470588235295 0.7594918300653595
0 0.7659237472766885 0.7570816993464052 0.8328474945533769 0.7259869281045751 0.8297930283224401 0.7450588235294118 0.7619389978213508 0.779390522875817
0 0.8363246187363834 0.7033267973856209 0.9300522875816993 0.6592761437908496 0.9256405228758171 0.6821633986928104 0.8289455337690632 0.725140522875817
0 0.8333572984749456 0.7240016339869281 0.9398910675381265 0.6776486928104575 0.9405686274509804 0.6893464052287581 0.8330174291938999 0.74275
0 0.9317472766884533 0.6584787581699346 0.988322440087146 0.6352941176470588 0.9849302832244009 0.6642843137254901 0.9462527233115469 0.6848823529411765 0.94319825708061 0.6780163398692811 0.9279302832244009 0.6797973856209151
0 0.8132461873638344 0.7523856209150327 0.9603333333333334 0.6841764705882353 0.9577755991285404 0.7148545751633987 0.8179368191721132 0.7819607843137255
0 0.7929956427015251 0.7963529411764706 0.944132897603486 0.7225653594771242 0.9313420479302832 0.7494084967320261 0.8017342047930283 0.8216274509803921
0 0.41568191721132897 0.5837140522875817 0.46599128540305007 0.6179019607843137 0.4651372549019608 0.649217320261438 0.4165359477124183 0.6102320261437908
0 0.41935511982570806 0.6165882352941177 0.47183877995642703 0.6608725490196079 0.4702962962962963 0.6924967320261438 0.42038344226579516 0.6469885620915032
0 0.4236906318082788 0.6504950980392157 0.4690893246187364 0.6946470588235294 0.46380174291938997 0.7151307189542484 0.4236906318082788 0.6827532679738563
0 0.4253442265795207 0.686857843137255 0.47812636165577344 0.7327450980392157 0.4798888888888889 0.7604950980392157 0.4265555555555555 0.7135833333333333
0 0.4275468409586057 0.7157843137254902 0.4640217864923747 0.7472941176470588 0.46357952069716774 0.7710800653594772 0.4265555555555555 0.7344101307189542
0 0.4314052287581699 0.7418169934640523 0.46225708061002174 0.7700343137254902 0.46357952069716774 0.7898578431372548 0.430962962962963 0.7621062091503268
0 0.4341590413943355 0.766609477124183 0.4668867102396514 0.7925800653594771 0.46424183006535946 0.8166960784313725 0.4338278867102397 0.7879542483660131
0 0.43195424836601304 0.7893382352941176 0.46115686274509804 0.8157058823529412 0.46115686274509804 0.8355277777777778 0.4307429193899782 0.8114101307189543
0 0.43471023965141614 0.8190898692810458 0.462479302832244 0.8371797385620916 0.46071459694989103 0.8550196078431374 0.43603267973856213 0.835857843137255
0 0.43526143790849675 0.8389248366013072 0.46071459694989103 0.8550196078431374 0.45233986928104575 0.875171568627451 0.43294771241830066 0.8530375816993464
0 0.36032897603485836 0.5075196078431372 0.41619825708061003 0.5440490196078431 0.41619825708061003 0.5734526143790849 0.36198257080610025 0.5328169934640523
0 0.3134989106753812 0.5000816993464052 0.41487581699346404 0.5724607843137255 0.41311328976034856 0.6078104575163399 0.3148213507625272 0.5301748366013072
0 0.3052331154684096 0.46743790849673206 0.35625272331154684 0.497671568627451 0.36022004357298476 0.5303774509803921 0.30864923747276685 0.4960196078431373
0 0.31447494553376903 0.5333137254901961 0.36812200435729847 0.5714199346405229 0.3691089324618736 0.6032173202614379 0.3143529411764706 0.5562614379084968
0 0.3699716775599129 0.577248366013072 0.41893028322440085 0.6142254901960784 0.4194248366013072 0.6434346405228758 0.3700958605664488 0.6038725490196079
0 0.32187581699346407 0.5652238562091503 0.4221372549019608 0.6476421568627452 0.4196710239651416 0.6790702614379085 0.32545098039215686 0.5958790849673202
0 0.32942701525054463 0.6003480392156862 0.4217690631808279 0.6807091503267974 0.4224618736383442 0.7084460784313725 0.3315010893246187 0.6252336601307189
0 0.33115686274509804 0.6271437908496732 0.4241917211328976 0.7110964052287582 0.42591938997821355 0.735983660130719 0.33669063180827885 0.6535490196078431
0 0.338074074074074 0.6576209150326797 0.38026797385620914 0.6955588235294118 0.38026797385620914 0.7160375816993464 0.3377276688453159 0.6784493464052288
0 0.3826013071895425 0.6994477124183007 0.42834204793028324 0.738797385620915 0.4276492374727669 0.7582401960784314 0.38303485838779955 0.7178006535947712
0 0.34974509803921566 0.6919901960784314 0.3882222222222222 0.7235196078431372 0.38372549019607843 0.7439983660130719 0.34602832244008713 0.7092614379084967
0 0.3899520697167756 0.7273333333333333 0.4311089324618736 0.7626797385620915 0.4307625272331155 0.7867892156862745 0.3844183006535948 0.7447941176470588
0 0.38606100217864925 0.7490571895424837 0.43024400871459695 0.7872532679738562 0.4295511982570806 0.8116192810457517 0.3852832244008715 0.7659967320261438
0 0.39816557734204794 0.78375 0.43473856209150324 0.815326797385621 0.4330108932461874 0.8544705882352942 0.3935838779956427 0.8106601307189543
0 0.36012200435729846 0.7425718954248366 0.39842483660130723 0.7838790849673203 0.3935838779956427 0.8095424836601307 0.3538104575163399 0.7691029411764706
0 0.2623921568627451 0.4371388888888889 0.3056013071895425 0.46312581699346406 0.3061481481481481 0.4929591503267973 0.26416339869281047 0.468031045751634
0 0.23240522875816996 0.4432728758169935 0.3137799564270153 0.49962418300653594 0.3126906318082789 0.5323186274509804 0.2330871459694989 0.46815686274509805
0 0.24671677559912852 0.48263071895424836 0.31705228758169934 0.531423202614379 0.31596078431372554 0.552673202614379 0.2450806100217865 0.4999558823529412
0 0.32032244008714594 0.561861111111111 0.32359477124183006 0.5940735294117647 0.24617211328976032 0.5258251633986928 0.24562745098039215 0.5013055555555556
0 0.32708496732026143 0.5982173202614379 0.3295381263616558 0.6261601307189543 0.2487668845315904 0.5538480392156863 0.2462418300653595 0.5260996732026144
0 0.2629302832244009 0.5669281045751634 0.33086928104575164 0.627390522875817 0.3339564270152505 0.6505130718954248 0.26524400871459697 0.5882908496732026
0 0.15634858387799563 0.363656862745098 0.2650108932461874 0.4397009803921568 0.26579302832244006 0.4689983660130719 0.15947494553376906 0.39165359477124184
0 0.08810021786492375 0.31549183006535947 0.1548714596949891 0.36121895424836603 0.1589520697167756 0.38651960784313727 0.08772984749455338 0.3373071895424836
0 0.1646078431372549 0.3965212418300654 0.22887581699346404 0.4434624183006536 0.2307298474945534 0.46348202614379086 0.17137908496732027 0.4173267973856209
0 0.15069934640522878 0.4076503267973856 0.20773202614379085 0.445218954248366 0.20921568627450982 0.46857516339869276 0.15245969498910675 0.4249232026143791
0 0.1799106753812636 0.4483382352941176 0.24454901960784314 0.497718954248366 0.24491938997821353 0.5216307189542484 0.18519607843137254 0.4746421568627451
0 0.21005010893246187 0.4483382352941176 0.24482570806100218 0.4783055555555556 0.2463115468409586 0.49665686274509807 0.21292592592592594 0.4699640522875817
0 0.11573638344226579 0.35608660130718955 0.16684313725490196 0.3921143790849673 0.16892374727668846 0.4174558823529412 0.11950762527233115 0.378078431372549
0 0.10663398692810458 0.37120424836601307 0.14967755991285403 0.4043169934640523 0.15071895424836604 0.42341993464052285 0.10806535947712417 0.3969084967320261
0 0.11963834422657953 0.40582679738562094 0.1798474945533769 0.4489722222222223 0.18400871459694987 0.4774330065359477 0.12366884531590415 0.43532516339869276 0.11846840958605664 0.40998366013071896
0 0.3271394335511983 0.6440849673202614 0.3382701525054466 0.6579901960784313 0.3382701525054466 0.6811666666666667 0.26529847494553377 0.6297156862745098 0.26529847494553377 0.593562091503268
0 0.2721002178649238 0.64075 0.3432178649237473 0.6830196078431372 0.3481655773420479 0.7214918300653594 0.272718954248366 0.668187908496732
0 0.2079411764705882 0.5317565359477124 0.2615882352941177 0.5731666666666667 0.2603507625272331 0.6065408496732025 0.20778649237472765 0.5638970588235295
0 0.1886143790849673 0.47957679738562087 0.24736383442265797 0.5235702614379085 0.2486013071895425 0.557406862745098 0.179958605664488 0.5078104575163398
0 0.1345032679738562 0.452328431372549 0.18737908496732028 0.4767549019607843 0.17748366013071895 0.5082745098039216 0.13233986928104574 0.4735114379084967
0 0.1453267973856209 0.49175326797385616 0.21149673202614377 0.5295964052287582 0.2053115468409586 0.558797385620915 0.15583877995642703 0.517545751633987
0 0.21644444444444444 0.5792957516339869 0.26838997821350763 0.6204460784313726 0.24983877995642703 0.6464019607843138 0.1972723311546841 0.593562091503268
0 0.16619825708061 0.5276977124183007 0.21520697167755992 0.572702614379085 0.1966535947712418 0.5917075163398693 0.15954901960784315 0.5550898692810458