0 0.3465751633986928 0.32215970515970516 0.34837581699346404 0.374948402948403 0.39788562091503266 0.40066830466830466 0.39608496732026144 0.36818181818181817 0.4221911764705882 0.3424619164619165 0.37177941176470586 0.314036855036855
0 0.4077875816993464 0.3600589680589681 0.4077875816993464 0.39254545454545453 0.4365947712418301 0.4074373464373464 0.4518970588235294 0.3993144963144963 0.4599983660130719 0.3735970515970516 0.4645 0.3465233415233415 0.4825032679738562 0.3384029484029484 0.45549836601307186 0.3275724815724816
0 0.4663006535947712 0.35735380835380837 0.48340359477124184 0.3735970515970516 0.5104101307189542 0.34923095823095823 0.4825032679738562 0.33434152334152334
0 0.4735016339869281 0.36818181818181817 0.4572990196078432 0.3884864864864865 0.4626993464052288 0.41285012285012285 0.4635996732026144 0.42773955773955774 0.5239133986928104 0.4548132678132678 0.5347156862745098 0.4507518427518427 0.5356160130718954 0.4169115479115479 0.5509183006535947 0.4033759213759214 0.5437173202614379 0.3898402948402948
0 0.5797254901960784 0.379009828009828 0.532014705882353 0.42368058968058964 0.5329150326797386 0.45887223587223586 0.5698235294117647 0.4791769041769042 0.5950277777777777 0.46157985257985257 0.5932271241830065 0.42368058968058964 0.6130326797385621 0.3911916461916462
0 0.6184330065359477 0.42368058968058964 0.6022303921568627 0.4548132678132678 0.5986290849673203 0.4805307125307125 0.6832467320261437 0.527906633906634 0.6940490196078432 0.513017199017199 0.7048513071895425 0.4778230958230958 0.7030506535947713 0.4656412776412776
0 0.7444607843137255 0.44127518427518425 0.6976503267973856 0.49000737100737096 0.7012516339869281 0.5224938574938575 0.7435604575163399 0.554980343980344 0.7453611111111111 0.5076044226044226 0.7840686274509804 0.4656412776412776
0 0.7795686274509804 0.4534594594594594 0.7453611111111111 0.5157248157248158 0.740859477124183 0.5576855036855037 0.7921699346405229 0.5888206388206388 0.8227777777777778 0.5238476658476658 0.8263774509803922 0.47646928746928746
0 0.40688725490196076 0.3275724815724816 0.4293921568627451 0.3451695331695332 0.47440196078431374 0.3113292383292383 0.44649673202614376 0.2964398034398034
0 0.40058660130718954 0.30185503685503684 0.42039052287581696 0.3126830466830467 0.4608986928104575 0.28696560196560195 0.4320931372549019 0.2801965601965602
0 0.45459803921568626 0.2774889434889435 0.4960065359477124 0.30185503685503684 0.5104101307189542 0.2856117936117936 0.4663006535947712 0.2625995085995086
0 0.48430392156862745 0.25447911547911545 0.5032091503267974 0.2653071253071253 0.5356160130718954 0.24364864864864866 0.5185114379084967 0.23823587223587225
0 0.4960065359477124 0.26936855036855034 0.5212124183006537 0.2829041769041769 0.5590196078431373 0.25583292383292383 0.5437173202614379 0.24094348894348894
0 0.5518186274509804 0.2531253071253071 0.5779248366013072 0.26936855036855034 0.5869264705882353 0.25853808353808355 0.5554199346405229 0.24635626535626534 0.5545196078431373 0.2531253071253071
0 0.5419166666666667 0.27342997542997544 0.5977287581699346 0.2950859950859951 0.6067303921568628 0.2829041769041769 0.5545196078431373 0.2625995085995086
0 0.5275130718954248 0.28696560196560195 0.6031307189542483 0.3235135135135135 0.6184330065359477 0.30727027027027026 0.5374150326797386 0.2707223587223587
0 0.5023088235294118 0.2964398034398034 0.5329150326797386 0.3126830466830467 0.5437173202614379 0.2964398034398034 0.5176111111111111 0.28696560196560195
0 0.4563986928104575 0.29914742014742013 0.508609477124183 0.3235135135135135 0.5266127450980391 0.30997542997543 0.4726013071895425 0.28831941031941033 0.4599983660130719 0.29373218673218676
0 0.4699019607843137 0.3248648648648649 0.5077091503267974 0.35058476658476656 0.5275130718954248 0.3384029484029484 0.4780032679738562 0.314036855036855
0 0.5149101307189542 0.32215970515970516 0.5356160130718954 0.3302800982800983 0.5635212418300654 0.30997542997543 0.5464183006535948 0.2964398034398034
0 0.520312091503268 0.34923095823095823 0.5518186274509804 0.3600589680589681 0.5815245098039216 0.332987714987715 0.5572205882352941 0.32215970515970516 0.5266127450980391 0.3465233415233415
0 0.5059084967320261 0.36818181818181817 0.5662222222222223 0.3993144963144963 0.5743235294117647 0.38171744471744473 0.5122107843137255 0.34923095823095823 0.49870751633986926 0.36547420147420145
0 0.552718954248366 0.3641203931203931 0.5734232026143791 0.38036363636363635 0.596828431372549 0.36276658476658474 0.5653218954248366 0.3478771498771499
0 0.5707222222222222 0.3424619164619165 0.6337369281045752 0.3735970515970516 0.6535408496732026 0.34923095823095823 0.5905277777777778 0.332987714987715
0 0.5590196078431373 0.32215970515970516 0.6211339869281046 0.3424619164619165 0.6337369281045752 0.3289262899262899 0.5617205882352941 0.30727027027027026
0 0.6400375816993463 0.2896732186732187 0.6139330065359476 0.3180982800982801 0.6373366013071896 0.33434152334152334 0.6634428104575163 0.29914742014742013
0 0.6031307189542483 0.2923783783783784 0.6157320261437909 0.30185503685503684 0.6445392156862746 0.2707223587223587 0.6238349673202614 0.2666609336609337
0 0.6400375816993463 0.2829041769041769 0.7039509803921569 0.30997542997543 0.7147532679738562 0.2977936117936118 0.6454395424836602 0.27207616707616705
0 0.6562418300653595 0.30997542997543 0.7246568627450981 0.33569533169533167 0.7327581699346405 0.3248648648648649 0.6616421568627451 0.2950859950859951
0 0.7255555555555556 0.33434152334152334 0.7615637254901961 0.34923095823095823 0.7831683006535948 0.32080589680589683 0.7453611111111111 0.3059164619164619 0.7309575163398693 0.3289262899262899
0 0.6814460784313726 0.3438157248157248 0.7471601307189543 0.36547420147420145 0.7615637254901961 0.34923095823095823 0.6877483660130719 0.32215970515970516
0 0.6454395424836602 0.3708894348894349 0.6706437908496733 0.3871326781326781 0.7003513071895425 0.34923095823095823 0.6742450980392156 0.33975675675675676
0 0.6031307189542483 0.4142039312039312 0.6697434640522876 0.44533660933660935 0.6859477124183007 0.4223267813267813 0.6139330065359476 0.3871326781326781
0 0.6796470588235295 0.4466904176904177 0.7147532679738562 0.4642874692874693 0.7498611111111111 0.420972972972973 0.7084526143790849 0.40066830466830466
0 0.6643431372549019 0.402022113022113 0.69675 0.42368058968058964 0.7273562091503268 0.38307125307125306 0.6940490196078432 0.36547420147420145
0 0.6229346405228758 0.38577886977886977 0.6490392156862745 0.39796068796068795 0.6679444444444445 0.3938992628992629 0.6346372549019609 0.3735970515970516
0 0.7318578431372549 0.4047297297297297 0.7165539215686274 0.3993144963144963 0.7291568627450981 0.38036363636363635 0.8119754901960784 0.4169115479115479 0.8038725490196079 0.4358624078624078
0 0.7498611111111111 0.43315479115479116 0.8254771241830066 0.47241031941031936 0.8353807189542484 0.45616707616707614 0.7480604575163399 0.4169115479115479
0 0.8308790849673202 0.3884864864864865 0.8065735294117647 0.43315479115479116 0.8461830065359478 0.4507518427518427 0.8722875816993465 0.4074373464373464
0 0.7768676470588235 0.39254545454545453 0.8128758169934641 0.41285012285012285 0.8335800653594772 0.37765601965601964 0.7993725490196079 0.3614127764127764
0 0.7057516339869281 0.35058476658476656 0.7039509803921569 0.36682800982800984 0.7750669934640523 0.3966068796068796 0.7867696078431372 0.379009828009828
0 0.7786683006535948 0.332987714987715 0.7534624183006536 0.36547420147420145 0.7858692810457516 0.38036363636363635 0.8065735294117647 0.35193857493857494
0 0.7831683006535948 0.3275724815724816 0.8488823529411764 0.3587051597051597 0.8569852941176471 0.3411105651105651 0.7822679738562092 0.3153906633906634
0 0.8065735294117647 0.3587051597051597 0.884890522875817 0.3911916461916462 0.8893921568627451 0.374948402948403 0.8092745098039216 0.3465233415233415
0 0.3546764705882353 0.3884864864864865 0.35287581699346404 0.4087886977886978 0.39878594771241826 0.43315479115479116 0.40598692810457515 0.4087886977886978
0 0.40958823529411764 0.4169115479115479 0.4077875816993464 0.4466904176904177 0.4428954248366013 0.45616707616707614 0.44649673202614376 0.42503194103194103
0 0.4608986928104575 0.4318009828009828 0.4518970588235294 0.47105651105651103 0.5230130718954249 0.4954201474201474 0.5257140522875817 0.45887223587223586
0 0.5356160130718954 0.46970270270270276 0.5374150326797386 0.5103095823095823 0.568923202614379 0.5211400491400492 0.5707222222222222 0.4818845208845209
0 0.6022303921568627 0.49948157248157243 0.5986290849673203 0.536029484029484 0.6832467320261437 0.582051597051597 0.6841470588235293 0.531968058968059
0 0.7003513071895425 0.5468574938574938 0.6940490196078432 0.5888206388206388 0.7381584967320262 0.6172457002457002 0.7381584967320262 0.5752825552825552
0 0.7381584967320262 0.5712235872235872 0.740859477124183 0.6091228501228502 0.7858692810457516 0.6321351351351351 0.8200767973856209 0.5725773955773955 0.8200767973856209 0.5346756756756756 0.7876699346405228 0.5955872235872236
0 0.824578431372549 0.5211400491400492 0.8308790849673202 0.5536265356265356 0.8353807189542484 0.5333218673218674 0.8344803921568628 0.5062506142506142
0 0.7426601307189542 0.6185995085995086 0.7354591503267974 0.6565012285012286 0.7786683006535948 0.6795110565110565 0.8128758169934641 0.6213071253071254 0.8047728758169935 0.596941031941032 0.7813676470588236 0.6429631449631449 0.7480604575163399 0.6240147420147419
0 0.7372581699346406 0.6713906633906633 0.7345588235294118 0.7092899262899263 0.7696650326797386 0.7309484029484029 0.8065735294117647 0.6565012285012286 0.808374183006536 0.6294275184275184 0.7768676470588235 0.688987714987715
0 0.6976503267973856 0.5874668304668305 0.6913496732026144 0.6375503685503685 0.7264558823529412 0.6619140049140049 0.7354591503267974 0.6213071253071254
0 0.6868480392156863 0.6443169533169534 0.685047385620915 0.6781572481572481 0.7210555555555556 0.7079361179361179 0.7273562091503268 0.6686830466830467
0 0.6076307189542484 0.5482113022113022 0.6022303921568627 0.5861130221130221 0.6814460784313726 0.6294275184275184 0.6832467320261437 0.582051597051597
0 0.5959281045751634 0.5888206388206388 0.5887271241830065 0.6267199017199017 0.6697434640522876 0.6686830466830467 0.676045751633987 0.6348427518427517
0 0.536516339869281 0.517078624078624 0.5329150326797386 0.5522727272727272 0.564421568627451 0.5671621621621622 0.568923202614379 0.5265528255528256
0 0.5347156862745098 0.5603931203931204 0.5347156862745098 0.5901744471744471 0.5680228758169935 0.6118304668304668 0.5734232026143791 0.5698697788697789 0.5401160130718954 0.554980343980344
0 0.4599983660130719 0.47646928746928746 0.4608986928104575 0.5143710073710074 0.5176111111111111 0.5373832923832924 0.5266127450980391 0.5035429975429976
0 0.4635996732026144 0.5224938574938575 0.4699019607843137 0.5685159705159705 0.524813725490196 0.5888206388206388 0.5284133986928105 0.554980343980344
0 0.41318954248366013 0.4548132678132678 0.40958823529411764 0.4778230958230958 0.43479411764705883 0.49948157248157243 0.44199509803921566 0.46157985257985257
0 0.41318954248366013 0.4927125307125307 0.4113888888888889 0.5197862407862408 0.44109477124183005 0.536029484029484 0.44019444444444444 0.5062506142506142
0 0.35647712418300653 0.420972972972973 0.35647712418300653 0.44804422604422606 0.40058660130718954 0.4805307125307125 0.40508660130718954 0.4399238329238329
0 0.3546764705882353 0.4521056511056511 0.3555767973856209 0.49000737100737096 0.40508660130718954 0.5224938574938575 0.40598692810457515 0.48729975429975425
0 0.26915849673202613 0.2829041769041769 0.2700588235294118 0.314036855036855 0.29346241830065356 0.3126830466830467 0.32407026143790846 0.291027027027027 0.3222696078431373 0.2625995085995086 0.3024656862745098 0.263953316953317
0 0.2682581699346405 0.3153906633906634 0.2682581699346405 0.3384029484029484 0.27545915032679735 0.34923095823095823 0.31776797385620914 0.33434152334152334 0.320468954248366 0.3059164619164619 0.29076307189542483 0.3126830466830467
0 0.07381535947712418 0.20845454545454545 0.07561601307189543 0.23823587223587225 0.14133006535947712 0.2328206388206388 0.13232843137254902 0.19898034398034398
0 0.08641830065359477 0.25447911547911545 0.08641830065359477 0.2856117936117936 0.12242647058823529 0.28831941031941033 0.14763235294117646 0.2815503685503685 0.144031045751634 0.24364864864864866 0.13322875816993465 0.2246977886977887 0.08461764705882353 0.2531253071253071
0 0.09632026143790849 0.3005012285012285 0.09541993464052287 0.3235135135135135 0.10712254901960784 0.33704914004914005 0.16293464052287582 0.3235135135135135 0.1584346405228758 0.2896732186732187 0.1530326797385621 0.27884275184275187
0 0.10352287581699347 0.33569533169533167 0.10622222222222222 0.36276658476658474 0.144031045751634 0.3600589680589681 0.16113398692810457 0.3438157248157248 0.15573366013071896 0.3316339066339066
0 0.14583169934640522 0.23146683046683045 0.15033169934640522 0.27884275184275187 0.20254411764705882 0.2666609336609337 0.19714215686274508 0.2274054054054054 0.18093954248366012 0.2179312039312039
0 0.15213235294117647 0.2774889434889435 0.15663398692810457 0.30456265356265355 0.20344444444444443 0.2923783783783784 0.20704411764705882 0.2666609336609337
0 0.16473529411764706 0.3086216216216216 0.1620343137254902 0.33434152334152334 0.20884477124183007 0.32080589680589683 0.2016437908496732 0.2856117936117936
0 0.19804248366013072 0.1786756756756757 0.19894281045751633 0.21116216216216216 0.2502532679738562 0.2179312039312039 0.2493529411764706 0.18138329238329237
0 0.1260277777777778 0.1664938574938575 0.12782679738562092 0.18544471744471744 0.1404297385620915 0.19627272727272727 0.18904084967320262 0.18544471744471744 0.18724019607843137 0.1488968058968059
0 0.13773039215686275 0.19627272727272727 0.14583169934640522 0.23552825552825551 0.19174183006535947 0.21386977886977887 0.19174183006535947 0.1867985257985258
0 0.19354248366013072 0.22063882063882062 0.2061437908496732 0.25583292383292383 0.2493529411764706 0.24094348894348894 0.24755392156862743 0.22063882063882062
0 0.24755392156862743 0.2504176904176904 0.24755392156862743 0.268014742014742 0.2925637254901961 0.2517714987714988 0.28266013071895424 0.22605159705159705 0.26015522875816993 0.23417444717444716
0 0.20434477124183006 0.268014742014742 0.20344444444444443 0.28831941031941033 0.24845424836601307 0.27613513513513516 0.24755392156862743 0.23823587223587225
0 0.20794444444444443 0.291027027027027 0.2061437908496732 0.3235135135135135 0.2547549019607843 0.3059164619164619 0.2547549019607843 0.27884275184275187
0 0.05131045751633987 0.16514004914004915 0.05131045751633987 0.1895061425061425 0.07291503267973856 0.1949189189189189 0.10982352941176471 0.1867985257985258 0.10982352941176471 0.15431203931203932 0.08551797385620916 0.15025061425061426
0 0.13322875816993465 0.11234889434889435 0.13322875816993465 0.13671498771498772 0.15573366013071896 0.14483538083538083 0.18633986928104576 0.1488968058968059 0.1926421568627451 0.13671498771498772 0.19084150326797386 0.11505651105651106
0 0.02700980392156863 0.16447174447174448 0.014395424836601308 0.03113022113022113
0 0.041862745098039215 0.17122850122850122 0.008104575163398693 0.025724815724815726
0 0.02700980392156863 0.19965601965601967 0.009003267973856208 0.025724815724815726
0 0.0409640522875817 0.20235872235872235 0.011699346405228758 0.020294840294840296
0 0.05086601307189542 0.20778869778869777 0.002696078431372549 0.02302211302211302
0 0.06526143790849673 0.21793611793611795 0.008104575163398693 0.024373464373464375
0 0.07651960784313726 0.2653071253071253 0.0072058823529411765 0.029778869778869777
0 0.06751633986928104 0.25855036855036856 0.009003267973856208 0.035184275184275186
0 0.052663398692810455 0.23958230958230958 0.011699346405228758 0.027076167076167074
0 0.041862745098039215 0.23823095823095822 0.00630718954248366 0.029778869778869777
0 0.026552287581699346 0.22402948402948406 0.011699346405228758 0.02302211302211302
0 0.08957516339869281 0.3038820638820639 0.008104575163398693 0.020294840294840296
0 0.0805718954248366 0.2964373464373464 0.008104575163398693 0.018943488943488945
0 0.06841503267973856 0.2896805896805897 0.010800653594771243 0.016240786240786242
0 0.06076797385620915 0.28154791154791153 0.002696078431372549 0.029778869778869777
0 0.09496732026143791 0.33299754299754303 0.008104575163398693 0.027076167076167074
0 0.08642156862745098 0.32825552825552823 0.0072058823529411765 0.025724815724815726
0 0.0738235294117647 0.31402948402948405 0.009003267973856208 0.021646191646191647
0 0.1269281045751634 0.1285995085995086 0.012598039215686275 0.029778869778869777