0 0.1737091503267974 0.20252450980392156 0.08361111111111111 0.07259803921568628
0 0.3430228758169935 0.10602941176470587 0.0997875816993464 0.05654411764705882
0 0.3618137254901961 0.21953431372549018 0.15820261437908495 0.07764705882352942
0 0.571781045751634 0.19629901960784316 0.12359477124183006 0.05639705882352942
0 0.07763071895424836 0.23272058823529412 0.06383986928104575 0.07977941176470588
0 0.2512254901960784 0.19151960784313726 0.0769607843137255 0.0783578431372549
0 0.23973856209150327 0.13093137254901963 0.11779411764705883 0.07791666666666666
0 0.4501960784313725 0.26769607843137255 0.14416666666666667 0.0854656862745098
0 0.3662091503267974 0.49950980392156863 0.10797385620915033 0.09127450980392157
0 0.14831699346405228 0.2715441176470588 0.10284313725490196 0.08325980392156862
0 0.466062091503268 0.2034313725490196 0.0878921568627451 0.05693627450980392
0 0.7050816993464052 0.3112745098039216 0.09808823529411764 0.07063725490196078
0 0.3461928104575163 0.3557843137254902 0.10192810457516341 0.09806372549019607
0 0.4138235294117647 0.10154411764705883 0.07031045751633987 0.050759803921568626
0 0.17089869281045753 0.15811274509803921 0.0878921568627451 0.05549019607843137
0 0.6835947712418301 0.24683823529411764 0.06830065359477124 0.07112745098039215
0 0.6098692810457517 0.1528921568627451 0.13988562091503268 0.04779411764705882
0 0.07709150326797386 0.28784313725490196 0.05261437908496733 0.0775
0 0.7412091503267974 0.24536764705882352 0.061650326797385614 0.07232843137254902
0 0.702140522875817 0.19482843137254902 0.05612745098039216 0.042990196078431374
0 0.8017647058823529 0.2407843137254902 0.059869281045751635 0.06627450980392156
0 0.2565849673202614 0.24205882352941177 0.0784967320261438 0.0666421568627451
0 0.4555718954248366 0.41637254901960785 0.16565359477124184 0.1000735294117647
0 0.4721732026143791 0.12139705882352941 0.04877450980392157 0.04507352941176471
0 0.6279248366013073 0.31475490196078426 0.07501633986928104 0.0745343137254902
0 0.2044607843137255 0.375 0.07666666666666667 0.07850490196078432
0 0.46387254901960784 0.5592156862745098 0.187140522875817 0.10529411764705883
0 0.797859477124183 0.4943872549019608 0.10857843137254902 0.0771813725490196
0 0.16259803921568627 0.4943872549019608 0.0786111111111111 0.06752450980392156
0 0.6948202614379085 0.37757352941176475 0.06805555555555555 0.07575980392156863
0 0.2595261437908497 0.36419117647058824 0.07575163398692811 0.0775
0 0.48437908496732024 0.1572794117647059 0.07990196078431372 0.03953431372549019
0 0.5795915032679738 0.46289215686274515 0.07892156862745098 0.08848039215686275
0 0.6572222222222223 0.5181862745098039 0.07763071895424836 0.08669117647058823
0 0.5517647058823529 0.11362745098039216 0.16076797385620914 0.05946078431372549
0 0.2622058823529412 0.2982843137254902 0.08093137254901961 0.07703431372549019
0 0.1419607843137255 0.32995098039215687 0.057499999999999996 0.07355392156862746
0 0.7187581699346405 0.5072058823529412 0.06732026143790851 0.07850490196078432
0 0.6718790849673203 0.4460539215686275 0.1118137254901961 0.08495098039215686
0 0.7817320261437909 0.36894607843137256 0.10895424836601308 0.07142156862745098
0 0.15918300653594772 0.5537009803921569 0.05898692810457517 0.06715686274509804
0 0.418937908496732 0.34899509803921563 0.08820261437908496 0.09147058823529412
0 0.8007843137254902 0.30762254901960784 0.06008169934640523 0.06816176470588235
0 0.8281209150326797 0.5507843137254902 0.06475490196078432 0.07411764705882352
0 0.08465686274509804 0.18375 0.0907516339869281 0.06453431372549019
0 0.14965686274509804 0.4372549019607843 0.06042483660130719 0.06801470588235294
0 0.7841830065359477 0.6254901960784314 0.08911764705882352 0.08039215686274509
0 0.3110294117647059 0.635 0.10931372549019609 0.0919607843137255
0 0.2780718954248366 0.49512254901960784 0.07555555555555556 0.07924019607843137
0 0.5996078431372549 0.39002450980392156 0.1293954248366013 0.08752450980392157
0 0.14148692810457517 0.38450980392156864 0.05602941176470588 0.07154411764705883
0 0.7109313725490196 0.5742156862745098 0.06866013071895426 0.08071078431372548
0 0.39086601307189545 0.7807598039215686 0.10284313725490196 0.09612745098039216
0 0.10107843137254902 0.5013480392156863 0.052238562091503266 0.06372549019607843
0 0.7822222222222223 0.43176470588235294 0.11339869281045753 0.07169117647058823
0 0.49145424836601304 0.3350735294117647 0.0786111111111111 0.08144607843137254
0 0.3261764705882353 0.2839950980392157 0.05834967320261438 0.08625
0 0.08648692810457516 0.3420343137254902 0.05282679738562091 0.06651960784313726
0 0.6201143790849674 0.72875 0.12683006535947713 0.10318627450980393
0 0.5087908496732026 0.4797303921568627 0.07599673202614379 0.08980392156862745
0 0.17395424836601306 0.7148529411764707 0.06683006535947712 0.07112745098039215
0 0.2517156862745098 0.4270098039215686 0.04477124183006536 0.06879901960784314
0 0.43700980392156863 0.4907107843137255 0.0838562091503268 0.08625
0 0.8291013071895426 0.6712745098039216 0.05866013071895425 0.07676470588235294
0 0.5312581699346405 0.7536519607843137 0.07794117647058824 0.0963235294117647
0 0.4704575163398693 0.6335539215686274 0.16455882352941176 0.10857843137254901
0 0.21204248366013073 0.4888970588235294 0.06109477124183007 0.06779411764705882
0 0.09282679738562091 0.39330882352941177 0.04821895424836602 0.06409313725490196
0 0.6137745098039216 0.5962009803921569 0.13133986928104574 0.09732843137254903
0 0.3435130718954248 0.5720098039215686 0.05624183006535948 0.08235294117647059
0 0.7729411764705882 0.5613970588235294 0.061192810457516345 0.0771813725490196
0 0.4775326797385621 0.8393627450980392 0.17700980392156862 0.11855392156862744
0 0.302483660130719 0.7587990196078431 0.08331699346405229 0.09365196078431373
0 0.09893790849673202 0.4431127450980392 0.05004901960784314 0.05899509803921569
0 0.36962418300653593 0.7078921568627451 0.1436764705882353 0.09247549019607842
0 0.6840849673202615 0.6456372549019608 0.1161437908496732 0.09502450980392158
0 0.2292483660130719 0.6668627450980392 0.06658496732026144 0.08009803921568627
0 0.24669934640522875 0.5570098039215686 0.0742156862745098 0.07965686274509803
0 0.115359477124183 0.6013235294117647 0.05419934640522876 0.05607843137254902
0 0.13 0.7031372549019608 0.053006535947712416 0.06752450980392156
0 0.7983333333333333 0.7477941176470588 0.10540849673202615 0.09063725490196077
0 0.326421568627451 0.4270098039215686 0.047875816993464056 0.07370098039215686
0 0.17308823529411765 0.6602696078431373 0.06176470588235294 0.06901960784313725
0 0.23815359477124182 0.7880882352941176 0.06879084967320262 0.08767156862745099
0 0.7343790849673203 0.7631862745098039 0.0872875816993464 0.08514705882352942
0 0.5590849673202615 0.32225490196078427 0.07410130718954248 0.07938725490196079
0 0.28661764705882353 0.43102941176470594 0.040098039215686276 0.06901960784313725
0 0.23743464052287583 0.6152450980392157 0.0438562091503268 0.07286764705882354
0 0.22681372549019607 0.7258333333333333 0.05014705882352941 0.07703431372549019
0 0.5991176470588235 0.7990686274509804 0.06866013071895426 0.08161764705882352
0 0.45898692810457514 0.7785539215686273 0.08405228758169934 0.09365196078431373
0 0.1787091503267974 0.764656862745098 0.06450980392156862 0.07343137254901962
0 0.3654738562091503 0.8393627450980392 0.04769607843137255 0.07850490196078432
0 0.29321895424836597 0.8107843137254902 0.05107843137254902 0.08009803921568627
0 0.327140522875817 0.8232352941176471 0.04968954248366013 0.08294117647058824
0 0.21496732026143792 0.4270098039215686 0.03562091503267974 0.06541666666666666
0 0.6547875816993465 0.8269117647058823 0.05318627450980392 0.03909313725490196