0 0.1454248366013072 0.04656862745098039 0.14869281045751634 0.13725490196078433 0.2761437908496732 0.16666666666666666 0.3088235294117647 0.1323529411764706 0.29411764705882354 0.0392156862745098 0.17320261437908496 0
0 0.19444444444444445 0 0.2957516339869281 0.051470588235294115 0.3088235294117647 0.12745098039215685 0.32189542483660133 0.12990196078431374 0.33986928104575165 0.12990196078431374 0.34477124183006536 0.04411764705882353 0.31699346405228757 0.012254901960784314
0 0 0.47058823529411764 0.0016339869281045752 0.5661764705882353 0.03431372549019608 0.5955882352941176 0.049019607843137254 0.5686274509803921 0.04084967320261438 0.5 0.03758169934640523 0.46078431372549017 0.14215686274509803 0.3700980392156863 0.10457516339869281 0.3480392156862745
0 0.23202614379084968 0.5 0.238562091503268 0.6029411764705882 0.2565359477124183 0.6078431372549019 0.28594771241830064 0.5833333333333334 0.38562091503267976 0.48284313725490197 0.3660130718954248 0.39950980392156865 0.3349673202614379 0.3897058823529412
0 0.16666666666666666 0.5073529411764706 0.18137254901960784 0.6078431372549019 0.21895424836601307 0.6151960784313726 0.21241830065359477 0.5098039215686274 0.32189542483660133 0.39950980392156865 0.2826797385620915 0.38235294117647056
0 0.14705882352941177 0.5269607843137255 0.16666666666666666 0.6053921568627451 0.17973856209150327 0.5955882352941176 0.17483660130718953 0.47794117647058826 0.28594771241830064 0.36764705882352944 0.24509803921568626 0.3700980392156863 0.1388888888888889 0.49019607843137253
0 0.11437908496732026 0.48284313725490197 0.11437908496732026 0.5759803921568627 0.14869281045751634 0.5857843137254902 0.1437908496732026 0.47549019607843135 0.24673202614379086 0.3700980392156863 0.21895424836601307 0.3553921568627451 0.11274509803921569 0.47549019607843135
0 0.07679738562091504 0.4730392156862745 0.09477124183006536 0.5686274509803921 0.11437908496732026 0.571078431372549 0.11437908496732026 0.47794117647058826 0.21568627450980393 0.35049019607843135 0.184640522875817 0.3480392156862745
0 0.04411764705882353 0.4681372549019608 0.049019607843137254 0.5563725490196079 0.08006535947712418 0.5563725490196079 0.0718954248366013 0.4632352941176471 0.19444444444444445 0.35784313725490197 0.15196078431372548 0.3382352941176471
0 0.37254901960784315 0.4068627450980392 0.3790849673202614 0.4877450980392157 0.4035947712418301 0.5073529411764706 0.5163398692810458 0.3946078431372549 0.5081699346405228 0.30392156862745096 0.4738562091503268 0.28921568627450983
0 0.5294117647058824 0.26715686274509803 0.5326797385620915 0.3431372549019608 0.565359477124183 0.3553921568627451 0.6584967320261438 0.26715686274509803 0.6454248366013072 0.18137254901960784 0.6111111111111112 0.1568627450980392
0 0.16830065359477125 0.6102941176470589 0.1781045751633987 0.7132352941176471 0.3366013071895425 0.75 0.3464052287581699 0.7279411764705882 0.3366013071895425 0.6151960784313726 0.27124183006535946 0.5931372549019608 0.2238562091503268 0.6323529411764706
0 0.315359477124183 0.7598039215686274 0.31862745098039214 0.8553921568627451 0.35294117647058826 0.8627450980392157 0.47058823529411764 0.7352941176470589 0.46078431372549017 0.6495098039215687 0.43137254901960786 0.6200980392156863 0.3382352941176471 0.7401960784313726
0 0.4477124183006536 0.6446078431372549 0.47549019607843135 0.7205882352941176 0.5294117647058824 0.6936274509803921 0.5800653594771242 0.625 0.576797385620915 0.5906862745098039 0.5604575163398693 0.5220588235294118 0.5245098039215687 0.5147058823529411
0 0.2973856209150327 0.6029411764705882 0.3366013071895425 0.6176470588235294 0.3431372549019608 0.7058823529411765 0.3758169934640523 0.6838235294117647 0.3545751633986928 0.5955882352941176 0.3137254901960784 0.5735294117647058
0 0.31862745098039214 0.5661764705882353 0.35947712418300654 0.5906862745098039 0.37745098039215685 0.6838235294117647 0.3937908496732026 0.6642156862745098 0.3790849673202614 0.5563725490196079 0.3431372549019608 0.5416666666666666
0 0.3545751633986928 0.5367647058823529 0.39052287581699346 0.5588235294117647 0.39215686274509803 0.6593137254901961 0.4297385620915033 0.6151960784313726 0.4199346405228758 0.5343137254901961 0.37745098039215685 0.5024509803921569
0 0.6143790849673203 0.1568627450980392 0.684640522875817 0.10049019607843138 0.6977124183006536 0.17647058823529413 0.6535947712418301 0.22549019607843138
0 0.6928104575163399 0.09313725490196079 0.7565359477124183 0.0196078431372549 0.761437908496732 0.08823529411764706 0.7075163398692811 0.1715686274509804
0 0.05065359477124183 0.5661764705882353 0.15359477124183007 0.5980392156862745 0.16830065359477125 0.6887254901960784 0.03431372549019608 0.6372549019607843
0 0.0032679738562091504 0.6127450980392157 0.03594771241830065 0.6397058823529411 0.05718954248366013 0.7181372549019608 0 0.6887254901960784
0 0.04084967320261438 0.6446078431372549 0.06045751633986928 0.7573529411764706 0.11764705882352941 0.7622549019607843 0.10784313725490197 0.6838235294117647
0 0.10784313725490197 0.6911764705882353 0.12581699346405228 0.7647058823529411 0.1781045751633987 0.7892156862745098 0.16830065359477125 0.696078431372549
0 0.1781045751633987 0.6985294117647058 0.17973856209150327 0.7965686274509803 0.21568627450980393 0.8014705882352942 0.20098039215686275 0.7132352941176471
0 0.20751633986928106 0.7254901960784313 0.2173202614379085 0.8137254901960784 0.24673202614379086 0.8235294117647058 0.24183006535947713 0.7205882352941176
0 0.24673202614379086 0.7475490196078431 0.24836601307189543 0.8161764705882353 0.28104575163398693 0.8308823529411765 0.2761437908496732 0.7573529411764706
0 0.27941176470588236 0.7475490196078431 0.28594771241830064 0.8480392156862745 0.3235294117647059 0.8431372549019608 0.315359477124183 0.7475490196078431
0 0 0.7058823529411765 0 0.7647058823529411 0.06699346405228758 0.8161764705882353 0.06699346405228758 0.7303921568627451
0 0.07352941176470588 0.7549019607843137 0.07026143790849673 0.8137254901960784 0.2107843137254902 0.9019607843137255 0.1977124183006536 0.8112745098039216
0 0.19444444444444445 0.8088235294117647 0.20261437908496732 0.8995098039215687 0.29248366013071897 0.9191176470588235 0.3611111111111111 0.9656862745098039 0.33986928104575165 0.8602941176470589
0 0.3562091503267974 0.8823529411764706 0.36437908496732024 0.9803921568627451 0.511437908496732 0.9975490196078431 0.511437908496732 0.9436274509803921
0 0.6111111111111112 0.5318627450980392 0.6078431372549019 0.6323529411764706 0.6388888888888888 0.6372549019607843 0.6715686274509803 0.5906862745098039 0.6813725490196079 0.5098039215686274 0.7140522875816994 0.44362745098039214 0.6879084967320261 0.42892156862745096
0 0.684640522875817 0.5563725490196079 0.6862745098039216 0.6740196078431373 0.7156862745098039 0.6568627450980392 0.7973856209150327 0.5563725490196079 0.7892156862745098 0.47058823529411764 0.7647058823529411 0.45098039215686275
0 0.5408496732026143 0.9117647058823529 0.5326797385620915 0.9607843137254902 0.5261437908496732 0.9975490196078431 0.7173202614379085 0.9975490196078431
0 0.34477124183006536 0.38235294117647056 0.4526143790849673 0.2647058823529412 0.4803921568627451 0.28431372549019607 0.3709150326797386 0.3799019607843137
0 0.4738562091503268 0.27205882352941174 0.5604575163398693 0.1715686274509804 0.5866013071895425 0.18382352941176472 0.5098039215686274 0.2867647058823529
0 0.477124183006536 0.2181372549019608 0.5571895424836601 0.14215686274509803 0.576797385620915 0.1568627450980392 0.5016339869281046 0.24509803921568626
0 0.5882352941176471 0.14705882352941177 0.6683006535947712 0.08088235294117647 0.6928104575163399 0.09558823529411764 0.6143790849673203 0.16911764705882354
0 0.6764705882352942 0.0784313725490196 0.7303921568627451 0.00980392156862745 0.7516339869281046 0.022058823529411766 0.6879084967320261 0.09313725490196079
0 0.40032679738562094 0.2549019607843137 0.48856209150326796 0.1642156862745098 0.511437908496732 0.18137254901960784 0.42810457516339867 0.2769607843137255
0 0.39869281045751637 0.22058823529411764 0.4852941176470588 0.1323529411764706 0.5098039215686274 0.14705882352941177 0.4199346405228758 0.22794117647058823
0 0.33169934640522875 0.23529411764705882 0.43300653594771243 0.14950980392156862 0.4542483660130719 0.16666666666666666 0.3545751633986928 0.25
0 0.3300653594771242 0.20833333333333334 0.41013071895424835 0.12745098039215685 0.4362745098039216 0.13725490196078433 0.34477124183006536 0.22549019607843138
0 0.2630718954248366 0.2181372549019608 0.3741830065359477 0.13480392156862744 0.39215686274509803 0.14705882352941177 0.30392156862745096 0.23529411764705882
0 0.3202614379084967 0.39705882352941174 0.29411764705882354 0.3872549019607843 0.4035947712418301 0.2696078431372549 0.4362745098039216 0.28921568627450983
0 0.3006535947712418 0.37254901960784315 0.28921568627450983 0.34558823529411764 0.3790849673202614 0.25245098039215685 0.39869281045751637 0.26715686274509803
0 0.2679738562091503 0.3602941176470588 0.238562091503268 0.3627450980392157 0.3431372549019608 0.25 0.3660130718954248 0.2622549019607843
0 0.2369281045751634 0.35784313725490197 0.1977124183006536 0.35294117647058826 0.30392156862745096 0.23774509803921567 0.33169934640522875 0.25245098039215685 0.24183006535947713 0.34558823529411764
0 0.19444444444444445 0.34068627450980393 0.16176470588235295 0.3333333333333333 0.27124183006535946 0.23039215686274508 0.29411764705882354 0.24509803921568626
0 0.15849673202614378 0.32107843137254904 0.13398692810457516 0.31862745098039214 0.22875816993464052 0.2181372549019608 0.2549019607843137 0.23529411764705882
0 0.12418300653594772 0.32107843137254904 0.10294117647058823 0.3088235294117647 0.20751633986928106 0.2034313725490196 0.22712418300653595 0.2181372549019608
0 0.09477124183006536 0.3088235294117647 0.06862745098039216 0.28431372549019607 0.18790849673202614 0.18382352941176472 0.20098039215686275 0.21323529411764705 0.2042483660130719 0.20588235294117646
0 0.04084967320261438 0.28431372549019607 0.07352941176470588 0.2867647058823529 0.1650326797385621 0.20588235294117646 0.1454248366013072 0.19117647058823528
0 0.013071895424836602 0.25980392156862747 0.049019607843137254 0.27205882352941174 0.13562091503267973 0.19362745098039216 0.10294117647058823 0.17647058823529413
0 0.008169934640522876 0.43137254901960786 0.12745098039215685 0.32107843137254904 0.09967320261437909 0.3088235294117647 0 0.40931372549019607 0 0.4338235294117647
0 0.004901960784313725 0.37745098039215685 0.09477124183006536 0.3137254901960784 0.07026143790849673 0.2965686274509804 0 0.3553921568627451 0 0.39705882352941174 0.008169934640522876 0.37745098039215685
0 0.0016339869281045752 0.35049019607843135 0.0718954248366013 0.28921568627450983 0.02287581699346405 0.2818627450980392 0 0.32598039215686275
0 0.5996732026143791 0.4852941176470588 0.6339869281045751 0.49019607843137253 0.7058823529411765 0.4019607843137255 0.6764705882352942 0.3872549019607843
0 0.696078431372549 0.4950980392156863 0.7107843137254902 0.49754901960784315 0.7826797385620915 0.4166666666666667 0.7549019607843137 0.3946078431372549
0 0.5179738562091504 0.13970588235294118 0.553921568627451 0.14460784313725492 0.619281045751634 0.06862745098039216 0.6045751633986928 0.06862745098039216
0 0.5702614379084967 0.13480392156862744 0.5980392156862745 0.13970588235294118 0.6650326797385621 0.08333333333333333 0.630718954248366 0.07107843137254902
0 0.6339869281045751 0.06862745098039216 0.6699346405228758 0.07107843137254902 0.7222222222222222 0.0196078431372549 0.7026143790849673 0.00980392156862745
0 0.4852941176470588 0.12745098039215685 0.5032679738562091 0.14215686274509803 0.5915032679738562 0.061274509803921566 0.5686274509803921 0.056372549019607844
0 0.4542483660130719 0.12745098039215685 0.47549019607843135 0.14215686274509803 0.5669934640522876 0.061274509803921566 0.5277777777777778 0.049019607843137254
0 0.4150326797385621 0.11029411764705882 0.44281045751633985 0.12745098039215685 0.5261437908496732 0.06372549019607843 0.49836601307189543 0.041666666666666664
0 0.39869281045751637 0.09803921568627451 0.42320261437908496 0.1053921568627451 0.5065359477124183 0.041666666666666664 0.47058823529411764 0.03676470588235294
0 0.3627450980392157 0.09313725490196079 0.3872549019607843 0.11274509803921569 0.46405228758169936 0.0392156862745098 0.44281045751633985 0.024509803921568627
0 0.6094771241830066 0.056372549019607844 0.6388888888888888 0.07107843137254902 0.7156862745098039 0.007352941176470588 0.673202614379085 0
0 0.3611111111111111 0.875 0.38235294117647056 0.8455882352941176 0.5277777777777778 0.9166666666666666 0.5032679738562091 0.9436274509803921
0 0.38562091503267976 0.8382352941176471 0.40522875816993464 0.8112745098039216 0.5555555555555556 0.875 0.5326797385620915 0.9068627450980392
0 0.5490196078431373 0.9019607843137255 0.5718954248366013 0.8774509803921569 0.7434640522875817 0.9558823529411765 0.7238562091503268 0.9926470588235294
0 0.7565359477124183 0.9485294117647058 0.7712418300653595 0.9313725490196079 0.6062091503267973 0.8382352941176471 0.5947712418300654 0.8848039215686274
0 0.7892156862745098 0.9093137254901961 0.8071895424836601 0.8848039215686274 0.6323529411764706 0.8161764705882353 0.6078431372549019 0.8382352941176471
0 0.5555555555555556 0.8700980392156863 0.4117647058823529 0.8014705882352942 0.43790849673202614 0.7720588235294118 0.5866013071895425 0.8480392156862745
0 0.576797385620915 0.8357843137254902 0.43790849673202614 0.7745098039215687 0.46568627450980393 0.7450980392156863 0.6094771241830066 0.8063725490196079 0.5898692810457516 0.8431372549019608
0 0.6078431372549019 0.8137254901960784 0.45588235294117646 0.7426470588235294 0.47549019607843135 0.7181372549019608 0.630718954248366 0.7745098039215687
0 0.7892156862745098 0.8725490196078431 0.6209150326797386 0.803921568627451 0.6486928104575164 0.7745098039215687 0.8202614379084967 0.8578431372549019
0 0.7941176470588235 0.8382352941176471 0.6209150326797386 0.7671568627450981 0.6617647058823529 0.7377450980392157 0.8169934640522876 0.8014705882352942
0 0.7973856209150327 0.7794117647058824 0.6405228758169934 0.7303921568627451 0.6650326797385621 0.7058823529411765 0.8137254901960784 0.7573529411764706 0.8071895424836601 0.7892156862745098
0 0.6209150326797386 0.7647058823529411 0.4869281045751634 0.7279411764705882 0.5277777777777778 0.6862745098039216 0.6454248366013072 0.7450980392156863
0 0.630718954248366 0.7328431372549019 0.5261437908496732 0.6911764705882353 0.5490196078431373 0.6642156862745098 0.6584967320261438 0.7083333333333334 0.6421568627450981 0.7328431372549019
0 0.8382352941176471 0.7867647058823529 0.6781045751633987 0.7009803921568627 0.696078431372549 0.6813725490196079 0.8594771241830066 0.7450980392156863 0.8480392156862745 0.7769607843137255
0 0.8611111111111112 0.7475490196078431 0.704248366013072 0.6838235294117647 0.7287581699346405 0.6568627450980392 0.8725490196078431 0.7230392156862745
0 0.8660130718954249 0.7083333333333334 0.7287581699346405 0.6495098039215687 0.75 0.6225490196078431 0.8823529411764706 0.6838235294117647
0 0.8954248366013072 0.6862745098039216 0.7418300653594772 0.6102941176470589 0.7843137254901961 0.5955882352941176 0.9117647058823529 0.6593137254901961
0 0.9150326797385621 0.6519607843137255 0.7777777777777778 0.5808823529411765 0.8022875816993464 0.5637254901960784 0.9215686274509803 0.6200980392156863
0 0.6666666666666666 0.36764705882352944 0.6862745098039216 0.37745098039215685 0.7549019607843137 0.2818627450980392 0.7189542483660131 0.2769607843137255
0 0.6911764705882353 0.37254901960784315 0.7205882352941176 0.3946078431372549 0.7777777777777778 0.30637254901960786 0.75 0.29901960784313725
0 0.7303921568627451 0.38235294117647056 0.7581699346405228 0.39705882352941174 0.8137254901960784 0.3235294117647059 0.7826797385620915 0.3112745098039216 0.7369281045751634 0.36519607843137253
0 0.8104575163398693 0.3088235294117647 0.8202614379084967 0.31862745098039214 0.8251633986928104 0.3799019607843137 0.8741830065359477 0.3161764705882353 0.8790849673202614 0.2426470588235294 0.8545751633986928 0.23039215686274508 0.7973856209150327 0.2965686274509804
0 0.7679738562091504 0.28431372549019607 0.795751633986928 0.29901960784313725 0.8464052287581699 0.23039215686274508 0.8218954248366013 0.21568627450980393
0 0.7418300653594772 0.2647058823529412 0.761437908496732 0.2818627450980392 0.8202614379084967 0.21323529411764705 0.7859477124183006 0.20588235294117646
0 0.7990196078431373 0.5514705882352942 0.9133986928104575 0.6151960784313726 0.923202614379085 0.5759803921568627 0.7973856209150327 0.5318627450980392
0 0.9411764705882353 0.5882352941176471 0.9444444444444444 0.5661764705882353 0.7908496732026143 0.4950980392156863 0.7908496732026143 0.5171568627450981
0 0.9558823529411765 0.5612745098039216 0.9705882352941176 0.5367647058823529 0.8169934640522876 0.48284313725490197 0.8300653594771242 0.5196078431372549
0 0.8366013071895425 0.47549019607843135 0.9624183006535948 0.5416666666666666 0.9738562091503268 0.5245098039215687 0.8300653594771242 0.4485294117647059
0 0.8464052287581699 0.45098039215686275 0.9771241830065359 0.5245098039215687 0.9852941176470589 0.5024509803921569 0.8464052287581699 0.43137254901960786
0 0.8545751633986928 0.4215686274509804 0.9836601307189542 0.4950980392156863 0.9983660130718954 0.47058823529411764 0.8611111111111112 0.39705882352941174
0 0.8643790849673203 0.39705882352941174 0.9983660130718954 0.47549019607843135 0.9983660130718954 0.42401960784313725 0.8790849673202614 0.38235294117647056
0 0.8905228758169934 0.36519607843137253 0.9983660130718954 0.4264705882352941 0.9983660130718954 0.37254901960784315 0.8986928104575164 0.33578431372549017