0 0.125 0.5166666666666666 0.12303921568627452 0.6240522875816994 0.21127450980392157 0.6305898692810458 0.21519607843137253 0.5220653594771242
0 0.21323529411764705 0.523202614379085 0.3034313725490196 0.531217320261438 0.3014705882352941 0.6397418300653595 0.20931372549019608 0.6358202614379085
0 0.3897058823529412 0.5281045751633987 0.2995098039215686 0.5285604575163398 0.30539215686274507 0.6410081699346406 0.40147058823529413 0.6396993464052287
0 0.3897058823529412 0.5313725490196078 0.49166666666666664 0.5311748366013072 0.49166666666666664 0.5913218954248366 0.4936274509803922 0.6423153594771241 0.39950980392156865 0.6410081699346406
0 0.49264705882352944 0.5330065359477124 0.5955882352941176 0.5337892156862745 0.5975490196078431 0.6410081699346406 0.49166666666666664 0.6436225490196078
0 0.5906862745098039 0.5362745098039216 0.6936274509803921 0.5337892156862745 0.6975490196078432 0.6462369281045752 0.5936274509803922 0.6449297385620915
0 0.696078431372549 0.5362745098039216 0.7995098039215686 0.54425 0.8700980392156863 0.5128692810457516 0.8799019607843137 0.6135490196078431 0.7838235294117647 0.6514673202614378 0.6955882352941177 0.6488529411764706
0 0.6936274509803921 0.6506535947712418 0.6936274509803921 0.7652222222222221 0.8034313725490196 0.7717598039215686 0.8740196078431373 0.7273039215686274 0.8779411764705882 0.6200866013071895 0.7857843137254903 0.6488529411764706
0 0.5931372549019608 0.6408496732026143 0.6975490196078432 0.6462369281045752 0.6975490196078432 0.7691454248366013 0.5995098039215686 0.7613006535947713
0 0.49264705882352944 0.6408496732026143 0.5995098039215686 0.6423153594771241 0.5995098039215686 0.766531045751634 0.49950980392156863 0.7586846405228758
0 0.4019607843137255 0.6424836601307189 0.49754901960784315 0.6449297385620915 0.49754901960784315 0.7599934640522875 0.3975490196078431 0.7534558823529411
0 0.30392156862745096 0.6392156862745098 0.40147058823529413 0.6410081699346406 0.4053921568627451 0.7547630718954249 0.3034313725490196 0.7482254901960784
0 0.21323529411764705 0.6318545751633987 0.3093137254901961 0.6396993464052287 0.3073529411764706 0.7482254901960784 0.21127450980392157 0.7443022875816994
0 0.125 0.6261437908496732 0.21715686274509802 0.6305473856209151 0.21323529411764705 0.7390718954248366 0.12107843137254902 0.7325343137254902
0 0.12254901960784313 0.7356209150326797 0.21911764705882356 0.7403790849673203 0.21323529411764705 0.8502124183006536 0.12303921568627452 0.8449820261437909
0 0.21568627450980393 0.7437908496732026 0.3093137254901961 0.7508398692810457 0.3073529411764706 0.8593643790849674 0.21911764705882356 0.8528267973856208
0 0.30392156862745096 0.7503267973856209 0.4073529411764706 0.7534558823529411 0.4073529411764706 0.8632875816993464 0.31519607843137254 0.8580571895424837
0 0.39950980392156865 0.75359477124183 0.5073529411764706 0.7560702614379085 0.5053921568627451 0.8750555555555556 0.4073529411764706 0.8685179738562092
0 0.5024509803921569 0.7584967320261438 0.6014705882352941 0.7626078431372549 0.6014705882352941 0.8724411764705882 0.5093137254901962 0.8698251633986928
0 0.6004901960784313 0.765032679738562 0.7014705882352941 0.7652222222222221 0.7014705882352941 0.8855163398692811 0.6014705882352941 0.8750555555555556
0 0.7009803921568627 0.7617647058823529 0.7916666666666666 0.7691454248366013 0.8700980392156863 0.7286127450980392 0.8759803921568627 0.84106045751634 0.8034313725490196 0.8868235294117647 0.6995098039215686 0.8842075163398693
0 0.8602941176470589 0.5063316993464052 0.7779411764705881 0.5050245098039216 0.6995098039215686 0.5298676470588235 0.7916666666666666 0.5377124183006535
0 0.7720588235294118 0.50359477124183 0.6779411764705883 0.5024084967320261 0.5897058823529412 0.5272516339869281 0.6936274509803921 0.5350980392156863
0 0.6617647058823529 0.5019607843137255 0.5799019607843137 0.5037173202614379 0.49166666666666664 0.5298676470588235 0.5779411764705883 0.5364052287581699
0 0.5740196078431372 0.5037173202614379 0.47990196078431374 0.5024084967320261 0.3897058823529412 0.5285604575163398 0.4936274509803922 0.5324820261437909
0 0.4803921568627451 0.4970588235294117 0.3857843137254902 0.4997941176470589 0.29754901960784313 0.5272516339869281 0.3955882352941177 0.5311748366013072
0 0.875 0.730718954248366 0.9269607843137254 0.6946160130718955 0.9348039215686273 0.8018333333333333 0.8740196078431373 0.8423676470588235