0 0.19781045751633988 0.3463484486873509 0.0661437908496732 0.04009546539379475
0 0.2583333333333333 0.3481622911694511 0.05241830065359477 0.04009546539379475
0 0.3300980392156863 0.35455847255369927 0.0911111111111111 0.045560859188544155
0 0.10857843137254902 0.3372315035799523 0.0923529411764706 0.03646778042959427
0 0.19094771241830066 0.4247255369928401 0.06490196078431372 0.04009546539379475
0 0.15663398692810457 0.38281622911694513 0.06364379084967321 0.03281622911694511
0 0.2577124183006536 0.4274701670644392 0.051176470588235295 0.038281622911694506
0 0.31949346405228757 0.4311217183770883 0.06738562091503268 0.04193317422434368
0 0.3687908496732026 0.43840095465393797 0.03369281045751634 0.038281622911694506
0 0.17722222222222223 0.46575178997613365 0.08236928104575163 0.034630071599045346
0 0.24398692810457515 0.4694033412887828 0.03869281045751634 0.034630071599045346
0 0.29640522875816994 0.47303102625298327 0.06116013071895425 0.030978520286396184
0 0.3394607843137255 0.47577565632458235 0.02995098039215686 0.03646778042959427
0 0.37503267973856214 0.4766825775656324 0.03119281045751634 0.030978520286396184
0 0.22214052287581698 0.3873747016706444 0.05990196078431372 0.034630071599045346
0 0.3132516339869281 0.3891885441527446 0.11980392156862744 0.038281622911694506
0 0.12916666666666665 0.5049403341288783 0.06116013071895425 0.03646778042959427
0 0.22901960784313724 0.5122434367541766 0.12604575163398693 0.04009546539379475
0 0.32635620915032676 0.5104057279236277 0.05866013071895425 0.03646778042959427
0 0.3762745098039216 0.5167780429594272 0.03369281045751634 0.034630071599045346
0 0.16723856209150326 0.5486873508353222 0.062401960784313724 0.04009546539379475
0 0.232140522875817 0.5550596658711217 0.05990196078431372 0.04193317422434368
0 0.3095098039215686 0.5532458233890215 0.0923529411764706 0.034630071599045346
0 0.3762745098039216 0.559618138424821 0.036192810457516336 0.04009546539379475
0 0.3775326797385621 0.6024582338902148 0.03119281045751634 0.034630071599045346
0 0.32635620915032676 0.5951789976133651 0.06116013071895425 0.04193317422434368
0 0.2302614379084967 0.592434367541766 0.11856209150326798 0.03646778042959427
0 0.17098039215686275 0.63527446300716 0.06490196078431372 0.034630071599045346
0 0.2683333333333333 0.63618138424821 0.11980392156862744 0.04374701670644391
0 0.36504901960784314 0.6416467780429594 0.056160130718954246 0.03646778042959427
0 0.37253267973856213 0.6854176610978521 0.036192810457516336 0.03281622911694511
0 0.3213725490196079 0.6781145584725536 0.05866013071895425 0.03281622911694511
0 0.26145424836601305 0.6753699284009547 0.056160130718954246 0.030978520286396184
0 0.21403594771241832 0.6717422434367541 0.028709150326797387 0.034630071599045346
0 0.18284313725490198 0.6753699284009547 0.026209150326797385 0.038281622911694506
0 0.15413398692810457 0.6726491646778042 0.036192810457516336 0.03281622911694511
0 0.16161764705882353 0.7182100238663485 0.0661437908496732 0.04009546539379475
0 0.22589869281045752 0.7136515513126491 0.062401960784313724 0.04193317422434368
0 0.2901633986928105 0.7145823389021481 0.06116013071895425 0.047398568019093076
0 0.35880718954248364 0.7209546539379474 0.0711437908496732 0.034630071599045346
0 0.3787745098039216 0.7601431980906921 0.03119281045751634 0.04009546539379475
0 0.32823529411764707 0.7601431980906921 0.05990196078431372 0.04009546539379475
0 0.2652124183006536 0.7583293556085919 0.06116013071895425 0.03646778042959427
0 0.1634967320261438 0.7619570405727923 0.12230392156862745 0.03646778042959427
0 0.2327614379084967 0.7975178997613366 0.0661437908496732 0.038281622911694506
0 0.2957843137254902 0.8020763723150358 0.05990196078431372 0.04009546539379475
0 0.3694117647058824 0.8066348448687352 0.06738562091503268 0.038281622911694506
0 0.3818954248366013 0.8476372315035801 0.03743464052287582 0.04009546539379475
0 0.3731535947712418 0.8841050119331743 0.02995098039215686 0.029164677804295946
0 0.3394607843137255 0.8850119331742243 0.03495098039215686 0.038281622911694506
0 0.31949346405228757 0.8440095465393794 0.05740196078431373 0.03281622911694511
0 0.2558496732026144 0.8412649164677805 0.062401960784313724 0.038281622911694506
0 0.1784640522875817 0.8412649164677805 0.07488562091503267 0.034630071599045346
0 0.11544117647058824 0.8421718377088305 0.0461764705882353 0.029164677804295946
0 0.14352941176470588 0.8795465393794749 0.024967320261437907 0.038281622911694506
0 0.17908496732026144 0.8831980906921241 0.03119281045751634 0.045560859188544155
0 0.2102941176470588 0.8841050119331743 0.026209150326797385 0.03281622911694511
0 0.23900326797385624 0.882291169451074 0.03369281045751634 0.03646778042959427
0 0.2733169934640523 0.8804534606205251 0.02995098039215686 0.04009546539379475
0 0.014346405228758168 0.545035799522673 0.023709150326797386 0.03281622911694511
0 0.017467320261437908 0.6343675417661098 0.02246732026143791 0.03646778042959427
0 0.01934640522875817 0.7674463007159904 0.03369281045751634 0.04009546539379475
0 0.01622549019607843 0.8394510739856802 0.024967320261437907 0.038281622911694506
0 0.009983660130718955 0.26431980906921243 0.056161764705882355 0.27343436754176614 0.11856209150326798 0.27343436754176614 0.11606699346405229 0.3171837708830549 0.059905228758169934 0.3190071599045346 0.018720588235294117 0.31171360381861574
0 0.14851470588235294 0.2825489260143198 0.1809640522875817 0.2807255369928401 0.2483578431372549 0.28436992840095465 0.25459640522875815 0.32082816229116945 0.18845261437908498 0.32082816229116945 0.14976307189542484 0.32082816229116945
0 0.2745653594771242 0.2916634844868735 0.3182467320261438 0.2971312649164678 0.37815196078431373 0.3025990453460621 0.37815196078431373 0.3354128878281623 0.3095098039215686 0.3335894988066826 0.27581372549019606 0.3262983293556086
0 0.0062401960784313724 0.32265155131264917 0.056161764705882355 0.32265155131264917 0.056161764705882355 0.35181861575178996 0.002496732026143791 0.35546300715990453
0 0.01123202614379085 0.35546300715990453 0.057408496732026144 0.359109785202864 0.12105882352941176 0.3627565632458234 0.12105882352941176 0.3973914081145585 0.06364869281045753 0.39556801909307876 0.02496078431372549 0.39556801909307876
0 0.0012483660130718954 0.40285918854415276 0.06115359477124183 0.3992124105011933 0.1572516339869281 0.40650596658711213 0.1535065359477124 0.4411408114558472 0.06988888888888889 0.4411408114558472 0.007488562091503268 0.4411408114558472
0 0.017472222222222222 0.43931742243436755 0.0648970588235294 0.4429618138424821 0.1297941176470588 0.44478520286396184 0.13229084967320262 0.4812434367541766 0.0686421568627451 0.48306682577565635 0.021215686274509805 0.4794200477326969
0 0.0012483660130718954 0.4812434367541766 0.0648970588235294 0.4794200477326969 0.09484967320261438 0.4794200477326969 0.0911062091503268 0.526816229116945 0.0686421568627451 0.5231694510739857 0.0012483660130718954 0.5213460620525059
0 0.041184640522875814 0.5249928400954654 0.041184640522875814 0.5578042959427207 0.06614542483660131 0.5632744630071599 0.1372826797385621 0.5632744630071599 0.1372826797385621 0.526816229116945 0.0648970588235294 0.5231694510739857
0 0 0.5705656324582339 0.0673937908496732 0.5687422434367542 0.16973202614379085 0.5705656324582339 0.16973202614379085 0.6033770883054893 0.07612908496732027 0.6015536992840095 0.0037434640522875815 0.612491646778043
0 0.033696078431372546 0.619782816229117 0.029952614379084967 0.6562410501193316 0.0648970588235294 0.6525942720763723 0.13977941176470587 0.6489498806682578 0.13603431372549019 0.6088448687350835 0.0648970588235294 0.605200477326969
0 0 0.654417661097852 0 0.6908758949880668 0.0686421568627451 0.6926992840095465 0.13229084967320262 0.6908758949880668 0.1335392156862745 0.6489498806682578 0.0673937908496732 0.647126491646778
0 0.017472222222222222 0.6908758949880668 0.01123202614379085 0.7364486873508354 0.062401960784313724 0.7328019093078758 0.12230718954248367 0.7364486873508354 0.12729901960784312 0.6945226730310262 0.05241666666666667 0.6926992840095465
0 0.03993627450980392 0.7437398568019093 0.03868954248366013 0.7729069212410502 0.09859477124183007 0.7801980906921242 0.09859477124183007 0.7382720763723151
0 0.019968954248366012 0.7820214797136038 0.021215686274509805 0.8148329355608592 0.19593954248366013 0.8257708830548925 0.1996846405228758 0.7874892601431982 0.0673937908496732 0.7783747016706444
0 0.034944444444444445 0.8275918854415275 0.032449346405228764 0.8640501193317421 0.05241666666666667 0.8640501193317421 0.088609477124183 0.8676968973747017 0.08985784313725491 0.8221241050119332 0.056161764705882355 0.8221241050119332
0 0 0.8713412887828161 0 0.9169140811455847 0.06364869281045753 0.9059761336515513 0.12729901960784312 0.9059761336515513 0.12854738562091506 0.8549355608591885 0.057408496732026144 0.865873508353222
0 0.4405555555555556 0.3317661097852028 0.06988562091503268 0.03646778042959427
0 0.5004575163398692 0.33267303102625295 0.03495098039215686 0.030978520286396184
0 0.5366503267973857 0.3226491646778043 0.03993464052287582 0.029164677804295946
0 0.5765849673202614 0.318090692124105 0.03743464052287582 0.030978520286396184
0 0.617140522875817 0.3171837708830549 0.043676470588235296 0.03281622911694511
0 0.43805555555555553 0.37369928400954655 0.07488562091503267 0.03646778042959427
0 0.5191830065359477 0.36367541766109784 0.07488562091503267 0.034630071599045346
0 0.5978104575163399 0.3572792362768496 0.07738562091503268 0.03281622911694511
0 0.4305718954248366 0.4493317422434368 0.07488562091503267 0.030978520286396184
0 0.5098202614379085 0.4475178997613365 0.08361111111111111 0.034630071599045346
0 0.5865686274509804 0.441145584725537 0.07986928104575164 0.03281622911694511
0 0.4087254901960784 0.4912649164677804 0.028709150326797387 0.027350835322195705
0 0.4642647058823529 0.48854415274463003 0.07488562091503267 0.04009546539379475
0 0.5466339869281046 0.483054892601432 0.08236928104575163 0.03646778042959427
0 0.42995098039215685 0.5331980906921241 0.06364379084967321 0.034630071599045346
0 0.5066993464052288 0.5277326968973747 0.07986928104575164 0.034630071599045346
0 0.5890686274509804 0.5240811455847255 0.08236928104575163 0.030978520286396184
0 0.4087254901960784 0.5696420047732698 0.023709150326797386 0.038281622911694506
0 0.46488562091503266 0.5687350835322196 0.08112745098039216 0.03281622911694511
0 0.5497549019607842 0.5651073985680191 0.08361111111111111 0.029164677804295946
0 0.43619281045751634 0.6070167064439141 0.0711437908496732 0.04009546539379475
0 0.5129411764705882 0.6052028639618139 0.07986928104575164 0.03281622911694511
0 0.5934313725490196 0.5988305489260143 0.08611111111111111 0.034630071599045346
0 0.4137254901960784 0.6462052505966587 0.03369281045751634 0.034630071599045346
0 0.46988562091503266 0.6434844868735083 0.08361111111111111 0.04009546539379475
0 0.555375816993464 0.6425775656324583 0.08236928104575163 0.04193317422434368
0 0.43181372549019603 0.6917899761336516 0.07488562091503267 0.038281622911694506
0 0.5091993464052288 0.6890453460620525 0.07488562091503267 0.03646778042959427
0 0.5940522875816994 0.6863245823389021 0.08486928104575163 0.030978520286396184
0 0.4068627450980392 0.729164677804296 0.02995098039215686 0.04009546539379475
0 0.46614379084967317 0.730071599045346 0.08361111111111111 0.030978520286396184
0 0.5522549019607843 0.729164677804296 0.08611111111111111 0.03281622911694511
0 0.4293137254901961 0.7710739856801909 0.06490196078431372 0.04009546539379475
0 0.5098202614379085 0.7729116945107399 0.08611111111111111 0.04009546539379475
0 0.5946895424836601 0.7674463007159904 0.08112745098039216 0.03281622911694511
0 0.40810457516339865 0.8139140811455846 0.017467320261437908 0.045560859188544155
0 0.4655065359477124 0.8121002386634845 0.0923529411764706 0.038281622911694506
0 0.5460130718954249 0.8130071599045345 0.08361111111111111 0.03281622911694511
0 0.43619281045751634 0.8594988066825776 0.05866013071895425 0.038281622911694506
0 0.5123202614379085 0.8531026252983294 0.08611111111111111 0.04009546539379475
0 0.5971732026143791 0.8521957040572792 0.08112745098039216 0.038281622911694506
0 0.4499183006535948 0.8995942720763723 0.10109477124183006 0.034630071599045346
0 0.5435130718954249 0.8941288782816229 0.07862745098039216 0.045560859188544155
0 0.6489705882352942 0.8904773269689737 0.11232026143790849 0.038281622911694506
0 0.6489738562091504 0.2989546539379475 0.6452287581699346 0.3372338902147971 0.7463186274509804 0.3335894988066826 0.7463186274509804 0.30077804295942717
0 0.6464771241830065 0.3609331742243437 0.6439803921568628 0.3390572792362768 0.6464771241830065 0.37733890214797133 0.7949918300653596 0.38098329355608596 0.7912483660130719 0.3408806682577566 0.6889101307189542 0.34270405727923625 0.6439803921568628 0.3372338902147971
0 0.6327483660130719 0.4210883054892602 0.6277565359477124 0.45572315035799527 0.6689411764705883 0.4520763723150358 0.7363349673202615 0.46301431980906915 0.7325915032679738 0.4283794749403342 0.6751813725490197 0.4192649164677804
0 0.5903153594771242 0.4593675417661098 0.5953088235294117 0.499472553699284 0.6689411764705883 0.5012959427207637 0.7051339869281046 0.4940047732696897 0.6976454248366013 0.4648377088305489 0.6676928104575163 0.46301431980906915
0 0.6339967320261437 0.506763723150358 0.6327483660130719 0.5377541766109785 0.6801732026143791 0.5377541766109785 0.7300947712418301 0.5450453460620525 0.7275980392156863 0.5031169451073986 0.6651977124183006 0.5012959427207637
0 0.5953088235294117 0.5468663484486873 0.5990522875816994 0.5742100238663485 0.6739330065359477 0.5723890214797136 0.7375833333333334 0.5796801909307876 0.7375833333333334 0.5486897374701671 0.671437908496732 0.5377541766109785
0 0.6414852941176471 0.5796801909307876 0.642733660130719 0.6143150357995227 0.681421568627451 0.6106682577565633 0.7463186274509804 0.6234295942720763 0.7413267973856209 0.5851479713603819 0.6776781045751633 0.5815011933174224
0 0.592812091503268 0.6234295942720763 0.6003006535947712 0.6653556085918855 0.6876617647058824 0.6617088305489259 0.7725277777777777 0.6653556085918855 0.7675359477124184 0.619782816229117 0.6776781045751633 0.6216062052505966
0 0.6389885620915032 0.6635322195704056 0.6439803921568628 0.7018138424821002 0.6789264705882353 0.7036372315035799 0.740078431372549 0.7091050119331742 0.7450718954248365 0.6689999999999999 0.6776781045751633 0.6617088305489259
0 0.5965555555555555 0.7072816229116945 0.5953088235294117 0.7492076372315036 0.6764297385620915 0.7382720763723151 0.7762712418300654 0.7455632458233891 0.7750245098039216 0.7145727923627685 0.6764297385620915 0.7036372315035799
0 0.6352450980392157 0.7473866348448687 0.6439803921568628 0.7838424821002387 0.6876617647058824 0.7874892601431982 0.7350866013071895 0.7874892601431982 0.7325915032679738 0.760145584725537 0.6739330065359477 0.7455632458233891
0 0.592812091503268 0.7911360381861575 0.5953088235294117 0.8203007159904535 0.6701895424836601 0.8257708830548925 0.7338382352941176 0.8257708830548925 0.731343137254902 0.794780429594272 0.672686274509804 0.7874892601431982
0 0.6377401960784315 0.8348854415274464 0.6389885620915032 0.8676968973747017 0.6739330065359477 0.8676968973747017 0.7375833333333334 0.8768114558472554 0.7338382352941176 0.8275918854415275 0.6764297385620915 0.8312386634844868
0 0.7076307189542483 0.8822792362768497 0.7126225490196079 0.915090692124105 0.7375833333333334 0.9132696897374702 0.7363349673202615 0.88045584725537
0 0.7538071895424836 0.8932219570405727 0.027450980392156862 0.04009546539379475
0 0.7818954248366012 0.8932219570405727 0.026209150326797385 0.03646778042959427
0 0.8149673202614379 0.895035799522673 0.042434640522875815 0.04009546539379475
0 0.8436601307189543 0.895942720763723 0.012483660130718954 0.038281622911694506
0 0.8673856209150327 0.8904773269689737 0.024967320261437907 0.04193317422434368
0 0.896078431372549 0.8913842482100239 0.024967320261437907 0.03281622911694511
0 0.9241666666666667 0.8913842482100239 0.023709150326797386 0.03281622911694511
0 0.9516176470588235 0.895942720763723 0.018725490196078432 0.027350835322195705
0 0.770032679738562 0.8531026252983294 0.06490196078431372 0.03281622911694511
0 0.8280718954248365 0.8576610978520287 0.051176470588235295 0.034630071599045346
0 0.8879738562091504 0.8512887828162291 0.04867647058823529 0.03646778042959427
0 0.9484967320261438 0.8512887828162291 0.062401960784313724 0.04009546539379475
0 0.7463235294117647 0.8148210023866349 0.02995098039215686 0.03646778042959427
0 0.7993627450980392 0.8121002386634845 0.0661437908496732 0.034630071599045346
0 0.8580228758169934 0.8157517899761336 0.03369281045751634 0.034630071599045346
0 0.9166666666666666 0.8148210023866349 0.07862745098039216 0.03281622911694511
0 0.7669117647058824 0.77381861575179 0.0661437908496732 0.045560859188544155
0 0.8249509803921569 0.77381861575179 0.04493464052287582 0.038281622911694506
0 0.8910947712418301 0.7783770883054892 0.07986928104575164 0.047398568019093076
0 0.9516176470588235 0.7810978520286396 0.026209150326797385 0.027350835322195705
0 0.9123039215686275 0.7382816229116944 0.04741830065359477 0.03281622911694511
0 0.9541176470588235 0.741002386634845 0.026209150326797385 0.034630071599045346
0 0.8580228758169934 0.7382816229116944 0.0461764705882353 0.03281622911694511
0 0.8049836601307189 0.7346300715990454 0.05740196078431373 0.04374701670644391
0 0.79 0.6917899761336516 0.0923529411764706 0.04193317422434368
0 0.8779901960784314 0.6945107398568019 0.0686437908496732 0.03646778042959427
0 0.9472549019607843 0.6972553699284009 0.049918300653594774 0.038281622911694506
0 0.9559803921568627 0.6635322195704056 0.027450980392156862 0.03646778042959427
0 0.8910947712418301 0.653508353221957 0.09485294117647058 0.038281622911694506
0 0.8043464052287581 0.6489498806682578 0.06364379084967321 0.03646778042959427
0 0.7812581699346405 0.6106682577565633 0.062401960784313724 0.047398568019093076
0 0.8842320261437908 0.6179713603818616 0.12356209150326798 0.04009546539379475
0 0.9659640522875816 0.6188782816229117 0.02995098039215686 0.038281622911694506
0 0.7544281045751634 0.5651073985680191 0.03369281045751634 0.04009546539379475
0 0.7843790849673203 0.5623627684964201 0.028709150326797387 0.038281622911694506
0 0.8187091503267974 0.5623627684964201 0.027450980392156862 0.04193317422434368
0 0.8698692810457517 0.5687350835322196 0.05241830065359477 0.04009546539379475
0 0.9098039215686273 0.5760381861575179 0.027450980392156862 0.03646778042959427
0 0.9509967320261438 0.5787589498806682 0.05491830065359477 0.038281622911694506
0 0.7681535947712419 0.5249880668257757 0.06116013071895425 0.03646778042959427
0 0.8205718954248366 0.5249880668257757 0.028709150326797387 0.03281622911694511
0 0.8786111111111111 0.5341050119331742 0.07986928104575164 0.03281622911694511
0 0.9341503267973857 0.5377565632458233 0.023709150326797386 0.029164677804295946
0 0.9641013071895425 0.5432219570405729 0.021209150326797387 0.03646778042959427
0 0.9335294117647059 0.49766109785202867 0.08486928104575163 0.03646778042959427
0 0.8617647058823529 0.49035799522673035 0.06116013071895425 0.03281622911694511
0 0.7999836601307189 0.4867064439140812 0.05990196078431372 0.04009546539379475
0 0.7369607843137255 0.48398568019093074 0.056160130718954246 0.038281622911694506
0 0.7662908496732027 0.44479713603818616 0.05491830065359477 0.04374701670644391
0 0.8130882352941177 0.4429594272076372 0.03119281045751634 0.04009546539379475
0 0.8380555555555556 0.4493317422434368 0.01122549019607843 0.034630071599045346
0 0.8779901960784314 0.4548210023866348 0.06364379084967321 0.034630071599045346
0 0.942875816993464 0.4593794749403341 0.06116013071895425 0.03646778042959427
0 0.8224509803921568 0.36639618138424823 0.062401960784313724 0.04374701670644391
0 0.8835947712418301 0.37369928400954655 0.05740196078431373 0.04009546539379475
0 0.9378921568627451 0.3818854415274463 0.056160130718954246 0.038281622911694506
0 0.8012254901960785 0.32811455847255366 0.10233660130718955 0.029164677804295946
0 0.9197875816993464 0.3436038186157518 0.10233660130718955 0.030978520286396184
0 0.7425816993464052 0.4037708830548926 0.05990196078431372 0.030978520286396184
0 0.8018627450980392 0.4028639618138425 0.05366013071895425 0.03646778042959427
0 0.8898366013071896 0.4147016706443914 0.11232026143790849 0.05286396181384248
0 0.9753267973856209 0.42381861575179003 0.0461764705882353 0.030978520286396184
0 0.9854738562091504 0.35455847255369927 0.0290359477124183 0.04193317422434368
0 0.9983660130718954 0.41015035799522676 0.9983660130718954 0.37733890214797133 0.967218954248366 0.3736921241050119 0.9647238562091502 0.40650596658711213
0 0.9892320261437908 0.47303102625298327 0.021552287581699345 0.034630071599045346
0 0.9898529411764705 0.5076849642004774 0.020294117647058824 0.027350835322195705
0 0.9859477124183006 0.5386634844868735 0.02246732026143791 0.034630071599045346
0 0.9917156862745097 0.5860620525059665 0.016552287581699347 0.030978520286396184
0 0.99109477124183 0.6252505966587113 0.01781045751633987 0.03281622911694511
0 0.9879738562091503 0.6662768496420048 0.016552287581699347 0.030978520286396184
0 0.9884313725490196 0.7081861575178998 0.02246732026143791 0.030978520286396184
0 0.9861111111111112 0.7428400954653938 0.027794117647058827 0.023699284009546538
0 0.9865686274509804 0.7884009546539379 0.023709150326797386 0.034630071599045346
0 0.9873529411764705 0.821217183770883 0.025294117647058825 0.023699284009546538
0 0.9898529411764705 0.8512887828162291 0.020294117647058824 0.0218854415274463
0 0.9904738562091503 0.8941288782816229 0.019052287581699346 0.030978520286396184