0 0.5743464052287581 0.06862745098039216 0.08660130718954248 0.0784313725490196
0 0.6617647058823529 0.05759803921568627 0.0915032679738562 0.10049019607843138
0 0.7524509803921569 0.05392156862745098 0.08660130718954248 0.09313725490196079
0 0.8349673202614379 0.04411764705882353 0.08496732026143791 0.08823529411764706
0 0.9264705882352942 0.0392156862745098 0.0784313725490196 0.0784313725490196
0 0.9828431372549019 0.0428921568627451 0.03431372549019608 0.08088235294117647
0 0.9436274509803921 0.13112745098039216 0.11274509803921569 0.0857843137254902
0 0.8022875816993464 0.14705882352941177 0.16013071895424835 0.08823529411764706
0 0.6217320261437909 0.1715686274509804 0.184640522875817 0.09803921568627451
0 0.5825163398692811 0.2806372549019608 0.08333333333333333 0.09068627450980392
0 0.6715686274509803 0.26838235294117646 0.08823529411764706 0.09558823529411764
0 0.7516339869281046 0.25857843137254904 0.07516339869281045 0.09068627450980392
0 0.8390522875816994 0.24632352941176472 0.07679738562091504 0.0857843137254902
0 0.920751633986928 0.23284313725490197 0.09313725490196079 0.08823529411764706
0 0.9820261437908496 0.23897058823529413 0.03594771241830065 0.11519607843137254
0 0.9844771241830066 0.4105392156862745 0.03104575163398693 0.0661764705882353
0 0.9240196078431373 0.43014705882352944 0.08660130718954248 0.09558823529411764
0 0.8349673202614379 0.44730392156862747 0.0784313725490196 0.0857843137254902
0 0.7540849673202614 0.4571078431372549 0.08660130718954248 0.07107843137254902
0 0.6723856209150327 0.47671568627450983 0.08006535947712418 0.09068627450980392
0 0.576797385620915 0.4791666666666667 0.08823529411764706 0.08088235294117647
0 0.16176470588235295 0.13725490196078433 0.08169934640522876 0.08333333333333333
0 0.07761437908496732 0.13357843137254902 0.08333333333333333 0.07107843137254902
0 0.017973856209150325 0.13970588235294118 0.03594771241830065 0.0784313725490196
0 0.0196078431372549 0.2267156862745098 0.0392156862745098 0.0857843137254902
0 0.1119281045751634 0.22303921568627452 0.13562091503267973 0.08823529411764706
0 0.026143790849673203 0.30269607843137253 0.05228758169934641 0.0857843137254902
0 0.08088235294117647 0.3075980392156863 0.07352941176470588 0.07598039215686274
0 0.15522875816993464 0.3112745098039216 0.06862745098039216 0.08333333333333333
0 0.6209150326797386 0.7377450980392157 0.1895424836601307 0.10294117647058823
0 0.6993464052287581 0.6568627450980392 0.7124183006535948 0.7058823529411765 0.7140522875816994 0.7769607843137255 0.8660130718954249 0.7475490196078431 0.8823529411764706 0.6666666666666666 0.8464052287581699 0.6127450980392157
0 0.8562091503267973 0.6176470588235294 0.8839869281045751 0.6666666666666666 0.8839869281045751 0.7524509803921569 0.9967320261437909 0.7279411764705882 0.9983660130718954 0.6299019607843137 0.9934640522875817 0.5955882352941176 0.9640522875816994 0.6078431372549019 0.9150326797385621 0.6274509803921569
0 0.8758169934640523 0.7598039215686274 0.8774509803921569 0.8455882352941176 0.9591503267973857 0.803921568627451 0.9526143790849673 0.7450980392156863 0.8643790849673203 0.75
0 0.9640522875816994 0.7573529411764706 0.9624183006535948 0.8284313725490197 0.9983660130718954 0.821078431372549 0.9983660130718954 0.7401960784313726 0.954248366013072 0.7475490196078431
0 0.7892156862745098 0.8063725490196079 0.7875816993464052 0.8627450980392157 0.8741830065359477 0.8480392156862745 0.8660130718954249 0.7524509803921569 0.7924836601307189 0.7867647058823529
0 0.7107843137254902 0.7867647058823529 0.7058823529411765 0.8651960784313726 0.7973856209150327 0.8627450980392157 0.7875816993464052 0.7745098039215687
0 0.619281045751634 0.7867647058823529 0.6258169934640523 0.8823529411764706 0.7189542483660131 0.8774509803921569 0.7107843137254902 0.7696078431372549
0 0.5490196078431373 0.9191176470588235 0.5473856209150327 0.9877450980392157 0.7107843137254902 0.9681372549019608 0.7156862745098039 0.8676470588235294 0.5522875816993464 0.8995098039215687
0 0.7156862745098039 0.8799019607843137 0.7205882352941176 0.9754901960784313 0.8725490196078431 0.9362745098039216 0.8709150326797386 0.8529411764705882
0 0.8758169934640523 0.8431372549019608 0.8709150326797386 0.9485294117647058 0.9983660130718954 0.9215686274509803 0.9983660130718954 0.8308823529411765
0 0.9967320261437909 0.928921568627451 0.9558823529411765 0.9362745098039216 0.9477124183006536 0.9877450980392157 0.9983660130718954 0.9926470588235294
0 0.9493464052287581 0.9411764705882353 0.8709150326797386 0.9411764705882353 0.8758169934640523 0.9975490196078431 0.954248366013072 0.9975490196078431
0 0.869281045751634 0.928921568627451 0.7924836601307189 0.9509803921568627 0.7924836601307189 0.9975490196078431 0.8676470588235294 0.9950980392156863
0 0.7924836601307189 0.9558823529411765 0.7091503267973857 0.9656862745098039 0.7058823529411765 0.9975490196078431 0.7908496732026143 0.9975490196078431
0 0.5228758169934641 0.803921568627451 0.5392156862745098 0.8946078431372549 0.6143790849673203 0.9044117647058824 0.6160130718954249 0.8137254901960784
0 0.5081699346405228 0.6642156862745098 0.5326797385620915 0.7156862745098039 0.7075163398692811 0.6887254901960784 0.6781045751633987 0.6348039215686274 0.5833333333333334 0.6568627450980392 0.5571895424836601 0.6887254901960784
0 0.02287581699346405 0.47549019607843135 0.021241830065359478 0.5441176470588235 0.16176470588235295 0.5367647058823529 0.14869281045751634 0.47058823529411764 0.10294117647058823 0.46078431372549017
0 0 0.571078431372549 0.0032679738562091504 0.6421568627450981 0.029411764705882353 0.6544117647058824 0.0196078431372549 0.553921568627451 0.011437908496732025 0.5686274509803921
0 0.03431372549019608 0.553921568627451 0.029411764705882353 0.6004901960784313 0.04084967320261438 0.6348039215686274 0.10784313725490197 0.6372549019607843 0.09477124183006536 0.5465686274509803 0.09967320261437909 0.5343137254901961
0 0.10294117647058823 0.5465686274509803 0.10784313725490197 0.6200980392156863 0.11601307189542484 0.6421568627450981 0.18137254901960784 0.6274509803921569 0.17647058823529413 0.5637254901960784 0.1568627450980392 0.5269607843137255 0.11437908496732026 0.5416666666666666
0 0.17647058823529413 0.6470588235294118 0.029411764705882353 0.6544117647058824 0.03104575163398693 0.7132352941176471 0.17647058823529413 0.7132352941176471
0 0.029411764705882353 0.6495098039215687 0.03431372549019608 0.7058823529411765 0.011437908496732025 0.7205882352941176 0 0.6617647058823529
0 0.032679738562091505 0.7328431372549019 0.04411764705882353 0.8137254901960784 0.0032679738562091504 0.8063725490196079 0 0.7303921568627451
0 0.11601307189542484 0.7205882352941176 0.11437908496732026 0.803921568627451 0.04084967320261438 0.7892156862745098 0.0392156862745098 0.7254901960784313
0 0.12091503267973856 0.7181372549019608 0.13071895424836602 0.7965686274509803 0.19117647058823528 0.7867647058823529 0.1781045751633987 0.7058823529411765
0 0.04084967320261438 0.803921568627451 0.042483660130718956 0.8676470588235294 0.184640522875817 0.8529411764705882 0.17320261437908496 0.7892156862745098
0 0.03758169934640523 0.7990196078431373 0.0392156862745098 0.8799019607843137 0 0.8774509803921569 0 0.8186274509803921
0 0.00980392156862745 0.8799019607843137 0.05228758169934641 0.8897058823529411 0.05555555555555555 0.9534313725490197 0.014705882352941176 0.9607843137254902 0 0.8872549019607843
0 0.05065359477124183 0.8700980392156863 0.06372549019607843 0.9656862745098039 0.12254901960784313 0.9362745098039216 0.11437908496732026 0.8651960784313726
0 0.11274509803921569 0.8700980392156863 0.12091503267973856 0.9362745098039216 0.1977124183006536 0.946078431372549 0.18627450980392157 0.8553921568627451
0 0.31862745098039214 0.7965686274509803 0.3235294117647059 0.8480392156862745 0.3366013071895425 0.8676470588235294 0.40032679738562094 0.8651960784313726 0.4019607843137255 0.7769607843137255 0.3660130718954248 0.7745098039215687
0 0.3545751633986928 0.7254901960784313 0.35130718954248363 0.7573529411764706 0.3937908496732026 0.7549019607843137 0.40522875816993464 0.7107843137254902
0 0.1107483660130719 0.08836274509803921 0.14491503267973857 0.05655147058823529 0.1991111111111111 0.06892401960784314 0.18379575163398693 0.10073284313725489
0 0.03181045751633987 0.09012990196078433 0.08011601307189542 0.0583186274509804 0.13431209150326798 0.05655147058823529 0.1107483660130719 0.09366421568627452
0 0.2050016339869281 0.06362254901960784 0.2085375816993464 0.1378455882352941 0.25095098039215685 0.08659558823529412 0.24152614379084966 0.030044117647058822
0 0.24388235294117647 0.022975490196078432 0.24623856209150327 0.08129411764705882 0.2756928104575163 0.05655147058823529 0.27215849673202613 0.003534313725490196 0.23563562091503268 0.030044117647058822
0 0.30514705882352944 0.04064705882352941 0.303968954248366 0.09366421568627452 0.35698692810457516 0.07775980392156863 0.3522745098039216 0.02827696078431373
0 0.2756928104575163 0.005301470588235294 0.27687091503267974 0.04241421568627451 0.3487401960784314 0.03181127450980392 0.3499183006535948 0.005301470588235294
0 0.34638398692810457 0.03711274509803921 0.35698692810457516 0.09543137254901961 0.40293627450980396 0.08836274509803921 0.3982222222222222 0.02827696078431373
0 0.3487401960784314 0 0.3640555555555555 0.030044117647058822 0.4170735294117647 0.02650980392156863 0.4170735294117647 0.003534313725490196 0.35698692810457516 0.003534313725490196
0 0.303968954248366 0.0494828431372549 0.30043464052287583 0.0971985294117647 0.27215849673202613 0.0989656862745098 0.27333660130718956 0.04241421568627451
0 0.2980718954248366 0.28894607843137254 0.05184640522875817 0.04419117647058824
0 0.3516830065359477 0.2783333333333333 0.04359477124183007 0.04419117647058824
0 0.32459150326797387 0.33931372549019606 0.08836601307189543 0.03887254901960784
0 0.3039705882352941 0.39497549019607847 0.04477124183006536 0.04772058823529411
0 0.354624183006536 0.38526960784313724 0.047124183006535945 0.04595588235294118
0 0.2533006535947713 0.4002941176470588 0.04477124183006536 0.05125
0 0.24624183006535946 0.46036764705882355 0.05419934640522876 0.05477941176470589
0 0.32635620915032676 0.45419117647058826 0.1013235294117647 0.053014705882352936
0 0.25449346405228757 0.5160294117647058 0.04947712418300654 0.04242647058823529
0 0.30514705882352944 0.5080882352941177 0.047124183006535945 0.04063725490196078
0 0.352859477124183 0.5098529411764706 0.034166666666666665 0.04419117647058824
0 0.5454950980392157 0.3605220588235294 0.5396045751633987 0.42944362745098036 0.7092614379084967 0.4153063725490196 0.7080833333333333 0.3145735294117647
0 0.8859869281045752 0.2721593137254902 0.8977679738562091 0.39586764705882355 0.8777401960784315 0.39763480392156864 0.9983660130718954 0.3693578431372549 0.9983660130718954 0.28452941176470586 0.8859869281045752 0.28629656862745095
0 0.7186862745098039 0.3110367647058824 0.7257549019607843 0.404703431372549 0.8800964052287582 0.3817279411764706 0.8895212418300653 0.29336519607843137