0 0.16339869281045752 0.15254237288135594 0.029411764705882353 0.06295399515738499
0 0.20506535947712418 0.17070217917675545 0.04738562091503268 0.06537530266343826
0 0.16339869281045752 0.2179176755447942 0.049019607843137254 0.05811138014527845
0 0.21160130718954248 0.23486682808716708 0.04738562091503268 0.053268765133171914
0 0.2581699346405229 0.25181598062953997 0.0457516339869281 0.05811138014527845
0 0.29248366013071897 0.27239709443099275 0.032679738562091505 0.07021791767554479
0 0.3374183006535948 0.2820823244552058 0.03104575163398693 0.05569007263922518
0 0.3839869281045752 0.15617433414043583 0.042483660130718956 0.05569007263922518
0 0.4223856209150327 0.17191283292978207 0.027777777777777776 0.053268765133171914
0 0.39215686274509803 0.36561743341404357 0.049019607843137254 0.053268765133171914
0 0.33986928104575165 0.3523002421307506 0.0457516339869281 0.04600484261501211
0 0.29901960784313725 0.3414043583535109 0.0457516339869281 0.043583535108958835
0 0.255718954248366 0.3159806295399516 0.03758169934640523 0.05084745762711865
0 0.21486928104575165 0.29782082324455206 0.04084967320261438 0.05811138014527845
0 0.16911764705882354 0.28087167070217917 0.03431372549019608 0.0387409200968523
0 0.16584967320261437 0.3365617433414044 0.027777777777777776 0.048426150121065374
0 0.2042483660130719 0.35108958837772397 0.032679738562091505 0.053268765133171914
0 0.24836601307189543 0.37530266343825663 0.032679738562091505 0.06779661016949153
0 0.2965686274509804 0.38861985472154964 0.04411764705882353 0.06537530266343826
0 0.33905228758169936 0.4188861985472155 0.03758169934640523 0.06295399515738499
0 0.3839869281045752 0.423728813559322 0.042483660130718956 0.06779661016949153
0 0.4395424836601307 0.463680387409201 0.05228758169934641 0.06537530266343826
0 0.49019607843137253 0.4915254237288136 0.0457516339869281 0.06295399515738499
0 0.17892156862745098 0.38861985472154964 0.03104575163398693 0.05084745762711865
0 0.21241830065359477 0.4128329297820823 0.029411764705882353 0.05084745762711865
0 0.24428104575163398 0.43341404358353514 0.03758169934640523 0.053268765133171914
0 0.2957516339869281 0.4539951573849879 0.0457516339869281 0.06053268765133172
0 0.33578431372549017 0.48062953995157387 0.03758169934640523 0.07021791767554479
0 0.3839869281045752 0.5024213075060533 0.042483660130718956 0.06537530266343826
0 0.4411764705882353 0.5278450363196125 0.0457516339869281 0.05811138014527845
0 0.47875816993464054 0.513317191283293 0.4738562091503268 0.5278450363196125 0.4738562091503268 0.585956416464891 0.4918300653594771 0.6077481840193705 0.5098039215686274 0.6150121065375302 0.5212418300653595 0.585956416464891 0.5228758169934641 0.5520581113801453
0 0.48856209150326796 0.6307506053268765 0.0457516339869281 0.06053268765133172
0 0.4861111111111111 0.7009685230024213 0.04738562091503268 0.07021791767554479
0 0.48366013071895425 0.7554479418886199 0.03594771241830065 0.06295399515738499
0 0.4812091503267974 0.8353510895883777 0.05065359477124183 0.053268765133171914
0 0.43218954248366015 0.8050847457627118 0.03758169934640523 0.07021791767554479
0 0.4362745098039216 0.7300242130750605 0.03594771241830065 0.07021791767554479
0 0.43218954248366015 0.6598062953995157 0.05065359477124183 0.07506053268765134
0 0.42320261437908496 0.5738498789346247 0.4117647058823529 0.6198547215496368 0.46405228758169936 0.6416464891041163 0.47058823529411764 0.585956416464891
0 0.35947712418300654 0.5326876513317191 0.3562091503267974 0.5932203389830508 0.41013071895424835 0.6077481840193705 0.4133986928104575 0.5520581113801453 0.3741830065359477 0.5302663438256658
0 0.36437908496732024 0.5956416464891041 0.3627450980392157 0.6634382566585957 0.39869281045751637 0.6828087167070218 0.4084967320261438 0.5980629539951574 0.3627450980392157 0.5956416464891041
0 0.3627450980392157 0.6634382566585957 0.35947712418300654 0.7239709443099274 0.39869281045751637 0.7457627118644068 0.40032679738562094 0.6731234866828087
0 0.3562091503267974 0.7409200968523002 0.35130718954248363 0.7893462469733656 0.3937908496732026 0.8038740920096852 0.3954248366013072 0.7554479418886199 0.3611111111111111 0.7336561743341404
0 0.1454248366013072 0.4092009685230024 0.1437908496732026 0.4552058111380145 0.18627450980392157 0.4794188861985472 0.18627450980392157 0.423728813559322
0 0.18627450980392157 0.42857142857142855 0.1895424836601307 0.48426150121065376 0.22058823529411764 0.5012106537530266 0.22058823529411764 0.4648910411622276
0 0.21895424836601307 0.45036319612590797 0.22058823529411764 0.5060532687651331 0.2647058823529412 0.5399515738498789 0.2630718954248366 0.4891041162227603
0 0.2696078431372549 0.4939467312348668 0.272875816993464 0.5520581113801453 0.31209150326797386 0.5399515738498789 0.31209150326797386 0.4891041162227603 0.272875816993464 0.4745762711864407
0 0.31699346405228757 0.5230024213075061 0.3137254901960784 0.559322033898305 0.3431372549019608 0.5907990314769975 0.34477124183006536 0.5302663438256658
0 0.14869281045751634 0.46731234866828086 0.1454248366013072 0.513317191283293 0.17973856209150327 0.5254237288135594 0.1830065359477124 0.4963680387409201 0.1503267973856209 0.4648910411622276
0 0.14052287581699346 0.5254237288135594 0.14052287581699346 0.5617433414043583 0.17483660130718953 0.5980629539951574 0.17973856209150327 0.549636803874092
0 0.1454248366013072 0.576271186440678 0.1454248366013072 0.6295399515738499 0.16666666666666666 0.648910411622276 0.17647058823529413 0.5980629539951574 0.1568627450980392 0.576271186440678
0 0.19117647058823528 0.6150121065375302 0.1895424836601307 0.6658595641646489 0.21568627450980393 0.6828087167070218 0.2238562091503268 0.6150121065375302 0.1977124183006536 0.6004842615012107
0 0.22058823529411764 0.6416464891041163 0.2238562091503268 0.7021791767554479 0.26143790849673204 0.7191283292978208 0.27124183006535946 0.6513317191283293
0 0.2647058823529412 0.6682808716707022 0.2647058823529412 0.7263922518159807 0.30392156862745096 0.7457627118644068 0.3088235294117647 0.6852300242130751
0 0.3055555555555556 0.6900726392251816 0.3104575163398693 0.7481840193704601 0.3382352941176471 0.774818401937046 0.34967320261437906 0.7167070217917676
0 0.3137254901960784 0.648910411622276 0.315359477124183 0.6803874092009685 0.3480392156862745 0.7046004842615012 0.34967320261437906 0.6707021791767555
0 0.32189542483660133 0.5738498789346247 0.32189542483660133 0.6295399515738499 0.35130718954248363 0.6561743341404358 0.35784313725490197 0.6150121065375302 0.3284313725490196 0.5883777239709443
0 0.2630718954248366 0.6634382566585957 0.272875816993464 0.6029055690072639 0.3104575163398693 0.6222760290556901 0.30718954248366015 0.6828087167070218
0 0.2777777777777778 0.5617433414043583 0.27450980392156865 0.5907990314769975 0.3137254901960784 0.6222760290556901 0.3137254901960784 0.5786924939467313
0 0.238562091503268 0.5423728813559322 0.23366013071895425 0.5714285714285714 0.272875816993464 0.5883777239709443 0.27450980392156865 0.559322033898305
0 0.23366013071895425 0.5835351089588378 0.23366013071895425 0.6101694915254238 0.26143790849673204 0.639225181598063 0.2696078431372549 0.6053268765133172
0 0.19281045751633988 0.5569007263922519 0.184640522875817 0.5932203389830508 0.21568627450980393 0.6053268765133172 0.2222222222222222 0.5835351089588378
0 0.184640522875817 0.4721549636803874 0.18790849673202614 0.5351089588377724 0.24019607843137256 0.5690072639225182 0.238562091503268 0.5205811138014528 0.18627450980392157 0.4891041162227603
0 0.5261437908496732 0.48426150121065376 0.5277777777777778 0.5399515738498789 0.6584967320261438 0.5012106537530266 0.6584967320261438 0.4430992736077482
0 0.5245098039215687 0.559322033898305 0.5245098039215687 0.6271186440677966 0.6552287581699346 0.5714285714285714 0.6519607843137255 0.513317191283293
0 0.5196078431372549 0.6295399515738499 0.5049019607843137 0.6900726392251816 0.6601307189542484 0.6319612590799032 0.6683006535947712 0.576271186440678 0.5228758169934641 0.612590799031477
0 0.5098039215686274 0.6949152542372882 0.5130718954248366 0.7554479418886199 0.6568627450980392 0.7046004842615012 0.6584967320261438 0.6440677966101694
0 0.5032679738562091 0.7651331719128329 0.5032679738562091 0.8256658595641646 0.6486928104575164 0.7772397094430993 0.6503267973856209 0.7215496368038741 0.5032679738562091 0.7699757869249395
0 0.511437908496732 0.837772397094431 0.5098039215686274 0.8813559322033898 0.6535947712418301 0.8305084745762712 0.6584967320261438 0.7675544794188862 0.5245098039215687 0.8329297820823245
0 0.6633986928104575 0.4430992736077482 0.6617647058823529 0.48668280871670705 0.7777777777777778 0.45278450363196127 0.7826797385620915 0.3946731234866828 0.6650326797385621 0.42857142857142855
0 0.6633986928104575 0.49878934624697335 0.6633986928104575 0.5544794188861986 0.7761437908496732 0.5157384987893463 0.7826797385620915 0.46246973365617433
0 0.6617647058823529 0.5617433414043583 0.6601307189542484 0.6222760290556901 0.7663398692810458 0.5690072639225182 0.7696078431372549 0.5205811138014528
0 0.6584967320261438 0.6852300242130751 0.6552287581699346 0.7651331719128329 0.7679738562091504 0.7142857142857143 0.7679738562091504 0.648910411622276 0.6633986928104575 0.6924939467312349
0 0.6617647058823529 0.6222760290556901 0.6633986928104575 0.6828087167070218 0.761437908496732 0.6440677966101694 0.7516339869281046 0.5907990314769975 0.6633986928104575 0.6198547215496368
0 0.6568627450980392 0.7675544794188862 0.6568627450980392 0.8038740920096852 0.7663398692810458 0.7651331719128329 0.7663398692810458 0.711864406779661
0 0.4852941176470588 0.4576271186440678 0.5441176470588235 0.48426150121065376 0.6584967320261438 0.4358353510895884 0.6111111111111112 0.4019370460048426 0.4624183006535948 0.44794188861985473
0 0.6323529411764706 0.4067796610169492 0.6519607843137255 0.4406779661016949 0.7745098039215687 0.3922518159806295 0.7336601307189542 0.36077481840193704
0 0.43137254901960786 0.43341404358353514 0.47875816993464054 0.44794188861985473 0.5931372549019608 0.4019370460048426 0.5490196078431373 0.3801452784503632
0 0.5686274509803921 0.38256658595641646 0.6127450980392157 0.4043583535108959 0.7107843137254902 0.36319612590799033 0.6666666666666666 0.3414043583535109
0 0.42320261437908496 0.35351089588377727 0.4150326797385621 0.4067796610169492 0.5555555555555556 0.3704600484261501 0.5490196078431373 0.32929782082324455
0 0.5620915032679739 0.3220338983050847 0.5522875816993464 0.37530266343825663 0.6862745098039216 0.3365617433414044 0.6813725490196079 0.288135593220339
0 0.3954248366013072 0.3365617433414044 0.43300653594771243 0.35351089588377727 0.5359477124183006 0.324455205811138 0.4869281045751634 0.29539951573849876
0 0.5163398692810458 0.2929782082324455 0.5522875816993464 0.3220338983050847 0.6650326797385621 0.288135593220339 0.6209150326797386 0.2639225181598063
0 0.35947712418300654 0.2736077481840194 0.3627450980392157 0.31476997578692495 0.5016339869281046 0.2857142857142857 0.4950980392156863 0.24455205811138014
0 0.4934640522875817 0.23728813559322035 0.4950980392156863 0.2857142857142857 0.6258169934640523 0.25907990314769974 0.630718954248366 0.1864406779661017
0 0.44281045751633985 0.162227602905569 0.44607843137254904 0.20581113801452786 0.5620915032679739 0.17675544794188863 0.5588235294117647 0.13801452784503632
0 0.23202614379084968 0.1694915254237288 0.22712418300653595 0.2009685230024213 0.3562091503267974 0.17675544794188863 0.3562091503267974 0.13801452784503632 0.24019607843137256 0.15254237288135594
0 0.25326797385620914 0.2106537530266344 0.2826797385620915 0.22276029055690072 0.39052287581699346 0.19854721549636803 0.35784313725490197 0.16707021791767554
0 0.29248366013071897 0.23002421307506055 0.32189542483660133 0.2542372881355932 0.43300653594771243 0.2179176755447942 0.38235294117647056 0.19128329297820823 0.2826797385620915 0.2397094430992736
0 0.3333333333333333 0.25181598062953997 0.3562091503267974 0.2711864406779661 0.48366013071895425 0.24213075060532688 0.434640522875817 0.20581113801452786
0 0.42320261437908496 0.14043583535108958 0.4526143790849673 0.15012106537530268 0.5686274509803921 0.12832929782082325 0.5212418300653595 0.10653753026634383
0 0.2107843137254902 0.13317191283292978 0.24183006535947713 0.14769975786924938 0.34477124183006536 0.13075060532687652 0.3088235294117647 0.09200968523002422