0 0.30718954248366015 0.35661764705882354 0.09803921568627451 0.0661764705882353
0 0.42892156862745096 0.3737745098039216 0.12254901960784313 0.056372549019607844
0 0.3145424836601307 0.4227941176470588 0.10620915032679738 0.03676470588235294
0 0.4297385620915033 0.43504901960784315 0.10457516339869281 0.051470588235294115
0 0.5784313725490197 0.6482843137254902 0.1111111111111111 0.056372549019607844
0 0.3112745098039216 0.47671568627450983 0.10620915032679738 0.051470588235294115
0 0.4264705882352941 0.49142156862745096 0.1111111111111111 0.061274509803921566
0 0.42892156862745096 0.5502450980392157 0.10620915032679738 0.056372549019607844
0 0.42401960784313725 0.5931372549019608 0.11274509803921569 0.049019607843137254
0 0.31862745098039214 0.5808823529411765 0.10784313725490197 0.04411764705882353
0 0.31781045751633985 0.5318627450980392 0.09967320261437909 0.058823529411764705
0 0.3161764705882353 0.6360294117647058 0.11274509803921569 0.056372549019607844
0 0.4272875816993464 0.6544117647058824 0.12254901960784313 0.058823529411764705
0 0.5465686274509803 0.7156862745098039 0.11274509803921569 0.06372549019607843
0 0.553921568627451 0.7769607843137255 0.11437908496732026 0.05392156862745098
0 0.670751633986928 0.7904411764705882 0.10620915032679738 0.051470588235294115
0 0.6821895424836601 0.7144607843137255 0.09640522875816994 0.0661764705882353
0 0.42892156862745096 0.7107843137254902 0.11274509803921569 0.058823529411764705
0 0.4338235294117647 0.7610294117647058 0.10620915032679738 0.061274509803921566
0 0.31699346405228757 0.6899509803921569 0.1111111111111111 0.056372549019607844
0 0.30800653594771243 0.7365196078431373 0.10294117647058823 0.051470588235294115
0 0.33169934640522875 0.29044117647058826 0.09477124183006536 0.056372549019607844
0 0.43790849673202614 0.30637254901960786 0.10130718954248366 0.049019607843137254
0 0.6037581699346405 0.3002450980392157 0.10947712418300654 0.04656862745098039
0 0.5980392156862745 0.3602941176470588 0.1111111111111111 0.049019607843137254
0 0.6037581699346405 0.41299019607843135 0.11601307189542484 0.041666666666666664
0 0.6021241830065359 0.46568627450980393 0.11601307189542484 0.05392156862745098
0 0.5972222222222222 0.5208333333333334 0.12254901960784313 0.04656862745098039
0 0.6021241830065359 0.5808823529411765 0.11601307189542484 0.04411764705882353
0 0.49019607843137253 0.29411764705882354 0.5032679738562091 0.34558823529411764 0.5326797385620915 0.3235294117647059 0.5228758169934641 0.2818627450980392
0 0.6568627450980392 0.27941176470588236 0.6568627450980392 0.31862745098039214 0.684640522875817 0.3088235294117647 0.6748366013071896 0.25735294117647056
0 0.6503267973856209 0.33578431372549017 0.6584967320261438 0.38480392156862747 0.6764705882352942 0.375 0.6748366013071896 0.32107843137254904
0 0.6568627450980392 0.3799019607843137 0.6666666666666666 0.43137254901960786 0.6797385620915033 0.41911764705882354 0.6781045751633987 0.3799019607843137
0 0.6584967320261438 0.4338235294117647 0.6601307189542484 0.4950980392156863 0.6813725490196079 0.4803921568627451 0.6748366013071896 0.42892156862745096
0 0.6617647058823529 0.49754901960784315 0.6617647058823529 0.5465686274509803 0.6781045751633987 0.5343137254901961 0.6797385620915033 0.4852941176470588
0 0.6568627450980392 0.5465686274509803 0.6650326797385621 0.5980392156862745 0.6748366013071896 0.5906862745098039 0.6781045751633987 0.553921568627451
0 0.6519607843137255 0.6127450980392157 0.6568627450980392 0.6593137254901961 0.6764705882352942 0.6446078431372549 0.6764705882352942 0.5833333333333334 0.6552287581699346 0.6004901960784313
0 0.5408496732026143 0.5833333333333334 0.5228758169934641 0.6127450980392157 0.6405228758169934 0.6151960784313726 0.6470588235294118 0.6102941176470589
0 0.6339869281045751 0.6151960784313726 0.6356209150326797 0.6764705882352942 0.6503267973856209 0.6642156862745098 0.6503267973856209 0.6200980392156863
0 0.6062091503267973 0.6838235294117647 0.6078431372549019 0.7450980392156863 0.630718954248366 0.7303921568627451 0.630718954248366 0.6838235294117647
0 0.7303921568627451 0.7720588235294118 0.7222222222222222 0.8235294117647058 0.7565359477124183 0.8063725490196079 0.7401960784313726 0.7475490196078431
0 0.7434640522875817 0.7058823529411765 0.7450980392156863 0.7549019607843137 0.7679738562091504 0.7254901960784313 0.7712418300653595 0.6911764705882353
0 0.7761437908496732 0.6862745098039216 0.7826797385620915 0.7279411764705882 0.8006535947712419 0.7107843137254902 0.7990196078431373 0.6764705882352942
0 0.7532679738562091 0.7475490196078431 0.7549019607843137 0.7867647058823529 0.7728758169934641 0.7843137254901961 0.7663398692810458 0.7377450980392157
0 0.7794117647058824 0.7401960784313726 0.7843137254901961 0.7818627450980392 0.8022875816993464 0.7647058823529411 0.795751633986928 0.7254901960784313
0 0.7924836601307189 0.6519607843137255 0.7924836601307189 0.7058823529411765 0.8137254901960784 0.6985294117647058 0.8235294117647058 0.6568627450980392 0.795751633986928 0.6642156862745098
0 0.7973856209150327 0.7303921568627451 0.8137254901960784 0.7598039215686274 0.8137254901960784 0.7352941176470589 0.8137254901960784 0.7083333333333334
0 0.6421568627450981 0.6764705882352942 0.6584967320261438 0.6593137254901961 0.7712418300653595 0.6838235294117647 0.7352941176470589 0.696078431372549
0 0.6699346405228758 0.6544117647058824 0.6895424836601307 0.6348039215686274 0.8006535947712419 0.6544117647058824 0.7728758169934641 0.6911764705882353
0 0.2957516339869281 0.25980392156862747 0.31699346405228757 0.2426470588235294 0.4084967320261438 0.25245098039215685 0.380718954248366 0.2769607843137255 0.3006535947712418 0.25980392156862747
0 0.39215686274509803 0.27450980392156865 0.42320261437908496 0.2622549019607843 0.5130718954248366 0.27941176470588236 0.4950980392156863 0.29901960784313725 0.4035947712418301 0.27450980392156865
0 0.5441176470588235 0.2696078431372549 0.5718954248366013 0.24509803921568626 0.6683006535947712 0.25735294117647056 0.6633986928104575 0.27941176470588236 0.5620915032679739 0.26715686274509803
0 0.5220588235294118 0.36642156862745096 0.021241830065359478 0.041666666666666664
0 0.5212418300653595 0.4117647058823529 0.02287581699346405 0.0392156862745098
0 0.5228758169934641 0.46691176470588236 0.02287581699346405 0.04656862745098039
0 0.5261437908496732 0.5196078431372549 0.029411764705882353 0.058823529411764705
0 0.5261437908496732 0.5833333333333334 0.026143790849673203 0.04411764705882353
0 0.4959150326797386 0.3713235294117647 0.021241830065359478 0.051470588235294115
0 0.49673202614379086 0.4362745098039216 0.02287581699346405 0.03431372549019608
0 0.4959150326797386 0.48651960784313725 0.024509803921568627 0.041666666666666664
0 0.4959150326797386 0.5392156862745098 0.021241830065359478 0.05392156862745098
0 0.4934640522875817 0.6004901960784313 0.02287581699346405 0.049019607843137254
0 0.49836601307189543 0.6409313725490197 0.02287581699346405 0.04656862745098039
0 0.9248366013071896 0.14460784313725492 0.06209150326797386 0.04411764705882353
0 0.8325163398692811 0.08823529411764706 0.07352941176470588 0.049019607843137254
0 0.7491830065359477 0.13725490196078433 0.07352941176470588 0.04411764705882353
0 0.7450980392156863 0.17892156862745098 0.0915032679738562 0.04411764705882353
0 0.8349673202614379 0.13357843137254902 0.08169934640522876 0.04656862745098039
0 0.8374183006535948 0.16544117647058823 0.06699346405228758 0.02696078431372549
0 0.9272875816993464 0.18872549019607843 0.06045751633986928 0.03431372549019608
0 0.9869281045751634 0.14950980392156862 0.026143790849673203 0.0392156862745098
0 0.9820261437908496 0.19852941176470587 0.03594771241830065 0.04411764705882353
0 0.8349673202614379 0.20465686274509803 0.06535947712418301 0.03676470588235294
0 0.9256535947712419 0.22549019607843138 0.06699346405228758 0.029411764705882353
0 0.9828431372549019 0.23774509803921567 0.03431372549019608 0.024509803921568627
0 0.9281045751633987 0.26348039215686275 0.08169934640522876 0.031862745098039214
0 0.8374183006535948 0.24387254901960784 0.07679738562091504 0.03676470588235294
0 0.7475490196078431 0.22426470588235295 0.08660130718954248 0.03676470588235294
0 0.75 0.25857843137254904 0.08823529411764706 0.031862745098039214
0 0.7491830065359477 0.2965686274509804 0.08333333333333333 0.03431372549019608
0 0.8374183006535948 0.27818627450980393 0.07679738562091504 0.03676470588235294
0 0.9272875816993464 0.3002450980392157 0.06699346405228758 0.022058823529411766
0 0.9869281045751634 0.3161764705882353 0.026143790849673203 0.029411764705882353
0 0.9869281045751634 0.2757352941176471 0.026143790849673203 0.03676470588235294
0 0.9861111111111112 0.34558823529411764 0.027777777777777776 0.029411764705882353
0 0.9844771241830066 0.3860294117647059 0.03104575163398693 0.022058823529411766
0 0.9264705882352942 0.3431372549019608 0.0718954248366013 0.024509803921568627
0 0.9248366013071896 0.3737745098039216 0.06535947712418301 0.031862745098039214
0 0.8374183006535948 0.3125 0.07352941176470588 0.03676470588235294
0 0.8447712418300654 0.35049019607843135 0.06535947712418301 0.03431372549019608
0 0.7581699346405228 0.3284313725490196 0.08169934640522876 0.029411764705882353
0 0.7565359477124183 0.36519607843137253 0.07516339869281045 0.029411764705882353
0 0.6119281045751634 0.12009803921568628 0.05718954248366013 0.0392156862745098
0 0.6764705882352942 0.11519607843137254 0.042483660130718956 0.03431372549019608
0 0.6764705882352942 0.15808823529411764 0.042483660130718956 0.031862745098039214
0 0.6070261437908496 0.1642156862745098 0.05065359477124183 0.029411764705882353
0 0.6021241830065359 0.2034313725490196 0.05065359477124183 0.03431372549019608
0 0.6764705882352942 0.19362745098039216 0.042483660130718956 0.029411764705882353
0 0.6797385620915033 0.2340686274509804 0.042483660130718956 0.03676470588235294