0 0.8251633986928104 0.18333333333333332 0.12418300653594772 0.06923076923076923
0 0.9411764705882353 0.17564102564102563 0.10784313725490197 0.0641025641025641
0 0.8856209150326797 0.2564102564102564 0.11437908496732026 0.06666666666666667
0 0.9771241830065359 0.25 0.0457516339869281 0.0641025641025641
0 0.940359477124183 0.3230769230769231 0.119281045751634 0.05128205128205128
0 0.8259803921568627 0.33076923076923076 0.11274509803921569 0.07692307692307693
0 0.7638888888888888 0.25384615384615383 0.10947712418300654 0.08205128205128205
0 0.7352941176470589 0.1794871794871795 0.06209150326797386 0.07179487179487179
0 0.7295751633986928 0.3333333333333333 0.05392156862745098 0.08205128205128205
0 0.7622549019607843 0.4153846153846154 0.12254901960784313 0.07692307692307693
0 0.8848039215686274 0.3974358974358974 0.119281045751634 0.06666666666666667
0 0.9746732026143791 0.3935897435897436 0.04738562091503268 0.05384615384615385
0 0.9477124183006536 0.4666666666666667 0.10457516339869281 0.06153846153846154
0 0.8251633986928104 0.4782051282051282 0.11437908496732026 0.05897435897435897
0 0.7328431372549019 0.48333333333333334 0.05065359477124183 0.0641025641025641
0 0.7761437908496732 0.5487179487179488 0.11764705882352941 0.07179487179487179
0 0.8905228758169934 0.5423076923076923 0.10784313725490197 0.05897435897435897
0 0.9746732026143791 0.5307692307692308 0.05065359477124183 0.05128205128205128
0 0.9444444444444444 0.6025641025641025 0.10784313725490197 0.05128205128205128
0 0.829248366013072 0.6217948717948718 0.12254901960784313 0.0641025641025641
0 0.7287581699346405 0.6474358974358975 0.05555555555555555 0.0641025641025641
0 0.7549019607843137 0.6948717948717948 0.12091503267973856 0.06666666666666667
0 0.8839869281045751 0.6807692307692308 0.11437908496732026 0.05384615384615385
0 0.9714052287581699 0.6666666666666666 0.05718954248366013 0.05128205128205128
0 0.7532679738562091 0.767948717948718 0.1111111111111111 0.07435897435897436
0 0.8464052287581699 0.7564102564102564 0.05228758169934641 0.05641025641025641
0 0.9084967320261438 0.7474358974358974 0.049019607843137254 0.0641025641025641
0 0.9624183006535948 0.7371794871794872 0.0457516339869281 0.05384615384615385
0 0.7491830065359477 0.8358974358974359 0.12581699346405228 0.06666666666666667
0 0.8741830065359477 0.8141025641025641 0.11764705882352941 0.07948717948717948
0 0.9665032679738562 0.7833333333333333 0.06699346405228758 0.07435897435897436
0 0.7091503267973857 0.9346153846153846 0.058823529411764705 0.07435897435897436
0 0.7753267973856209 0.9153846153846154 0.06372549019607843 0.06666666666666667
0 0.8415032679738562 0.9012820512820513 0.06535947712418301 0.0641025641025641
0 0.8986928104575164 0.8782051282051282 0.0457516339869281 0.05897435897435897
0 0.946078431372549 0.8653846153846154 0.05555555555555555 0.06923076923076923
0 0.9910130718954249 0.8538461538461538 0.017973856209150325 0.05641025641025641
0 0.12009803921568628 0.18974358974358974 0.05065359477124183 0.041025641025641026
0 0.20098039215686275 0.1858974358974359 0.09803921568627451 0.04871794871794872
0 0.3006535947712418 0.1858974358974359 0.09477124183006536 0.04358974358974359
0 0.39215686274509803 0.191025641025641 0.07516339869281045 0.05897435897435897
0 0.14787581699346405 0.23205128205128206 0.08333333333333333 0.038461538461538464
0 0.24591503267973855 0.23461538461538461 0.09313725490196079 0.04871794871794872
0 0.3488562091503268 0.23846153846153847 0.09313725490196079 0.046153846153846156
0 0.17401960784313725 0.27692307692307694 0.1388888888888889 0.035897435897435895
0 0.29901960784313725 0.28205128205128205 0.0915032679738562 0.041025641025641026
0 0.3880718954248366 0.29102564102564105 0.06699346405228758 0.028205128205128206
0 0.14950980392156862 0.3294871794871795 0.09313725490196079 0.03333333333333333
0 0.255718954248366 0.32564102564102565 0.09640522875816994 0.041025641025641026
0 0.3545751633986928 0.3346153846153846 0.0915032679738562 0.04871794871794872
0 0.12990196078431374 0.38076923076923075 0.03758169934640523 0.04871794871794872
0 0.20261437908496732 0.3782051282051282 0.10130718954248366 0.038461538461538464
0 0.2973856209150327 0.38076923076923075 0.09477124183006536 0.04358974358974359
0 0.15359477124183007 0.41923076923076924 0.10457516339869281 0.023076923076923078
0 0.2540849673202614 0.4217948717948718 0.08660130718954248 0.038461538461538464
0 0.35375816993464054 0.4307692307692308 0.08986928104575163 0.035897435897435895
0 0.12908496732026145 0.4641025641025641 0.049019607843137254 0.035897435897435895
0 0.20016339869281047 0.46282051282051284 0.09313725490196079 0.03333333333333333
0 0.39215686274509803 0.37948717948717947 0.07516339869281045 0.05128205128205128
0 0.3014705882352941 0.4705128205128205 0.09967320261437909 0.04871794871794872
0 0.3880718954248366 0.46794871794871795 0.07352941176470588 0.038461538461538464
0 0.1568627450980392 0.5115384615384615 0.08823529411764706 0.04358974358974359
0 0.12826797385620914 0.5564102564102564 0.05065359477124183 0.046153846153846156
0 0.16176470588235295 0.6038461538461538 0.09803921568627451 0.028205128205128206
0 0.1315359477124183 0.6538461538461539 0.05392156862745098 0.041025641025641026
0 0.18627450980392157 0.6525641025641026 0.042483660130718956 0.038461538461538464
0 0.20833333333333334 0.5628205128205128 0.08986928104575163 0.04358974358974359
0 0.2508169934640523 0.5064102564102564 0.09640522875816994 0.04358974358974359
0 0.3464052287581699 0.5115384615384615 0.10457516339869281 0.04358974358974359
0 0.3014705882352941 0.5628205128205128 0.08660130718954248 0.028205128205128206
0 0.39052287581699346 0.5512820512820513 0.08169934640522876 0.03076923076923077
0 0.35130718954248363 0.6038461538461538 0.0784313725490196 0.03333333333333333
0 0.3300653594771242 0.6397435897435897 0.05555555555555555 0.03333333333333333
0 0.3815359477124183 0.6397435897435897 0.03758169934640523 0.028205128205128206
0 0.4869281045751634 0.5102564102564102 0.47549019607843135 0.5615384615384615 0.5392156862745098 0.6076923076923076 0.5326797385620915 0.541025641025641
0 0.6062091503267973 0.8435897435897436 0.6078431372549019 0.9358974358974359 0.6748366013071896 0.982051282051282 0.6879084967320261 0.8794871794871795
0 0.5359477124183006 0.4205128205128205 0.545751633986928 0.47435897435897434 0.6062091503267973 0.5051282051282051 0.6062091503267973 0.441025641025641
0 0.5089869281045751 0.4307692307692308 0.05718954248366013 0.06666666666666667
0 0.5130718954248366 0.4717948717948718 0.5032679738562091 0.517948717948718 0.5718954248366013 0.5564102564102564 0.5849673202614379 0.5051282051282051 0.5163398692810458 0.47435897435897434
0 0.5882352941176471 0.5076923076923077 0.5849673202614379 0.5666666666666667 0.6535947712418301 0.5846153846153846 0.6568627450980392 0.5153846153846153
0 0.6699346405228758 0.517948717948718 0.6650326797385621 0.5897435897435898 0.7091503267973857 0.6025641025641025 0.7140522875816994 0.5153846153846153
0 0.6160130718954249 0.441025641025641 0.6225490196078431 0.5153846153846153 0.7009803921568627 0.5256410256410257 0.696078431372549 0.4358974358974359
0 0.6062091503267973 0.29743589743589743 0.6078431372549019 0.36153846153846153 0.7058823529411765 0.37948717948717947 0.7058823529411765 0.2948717948717949
0 0.5637254901960784 0.23076923076923078 0.5637254901960784 0.28205128205128205 0.6552287581699346 0.29743589743589743 0.6552287581699346 0.23076923076923078
0 0.5130718954248366 0.14871794871794872 0.5016339869281046 0.21025641025641026 0.6062091503267973 0.2205128205128205 0.6111111111111112 0.15897435897435896
0 0.6111111111111112 0.14615384615384616 0.6045751633986928 0.2205128205128205 0.7009803921568627 0.2153846153846154 0.704248366013072 0.14871794871794872
0 0.6552287581699346 0.23076923076923078 0.6552287581699346 0.2923076923076923 0.704248366013072 0.2923076923076923 0.704248366013072 0.2205128205128205
0 0.43790849673202614 0.14871794871794872 0.434640522875817 0.19230769230769232 0.5081699346405228 0.2076923076923077 0.5147058823529411 0.15128205128205127
0 0.49019607843137253 0.2205128205128205 0.49673202614379086 0.2641025641025641 0.5522875816993464 0.2948717948717949 0.5571895424836601 0.2153846153846154
0 0.43300653594771243 0.20256410256410257 0.42810457516339867 0.24615384615384617 0.49673202614379086 0.26153846153846155 0.49673202614379086 0.21025641025641026
0 0.42320261437908496 0.2564102564102564 0.4215686274509804 0.32564102564102565 0.47549019607843135 0.33076923076923076 0.47875816993464054 0.26153846153846155
0 0.4722222222222222 0.26666666666666666 0.477124183006536 0.3333333333333333 0.5326797385620915 0.34615384615384615 0.5343137254901961 0.2692307692307692
0 0.5310457516339869 0.2846153846153846 0.5326797385620915 0.35384615384615387 0.5964052287581699 0.36666666666666664 0.5996732026143791 0.2846153846153846
0 0.5751633986928104 0.34615384615384615 0.5735294117647058 0.4282051282051282 0.6388888888888888 0.441025641025641 0.6486928104575164 0.35384615384615387
0 0.5016339869281046 0.34615384615384615 0.5016339869281046 0.3974358974358974 0.5669934640522876 0.4307692307692308 0.5669934640522876 0.36923076923076925
0 0.4362745098039216 0.3333333333333333 0.43137254901960786 0.37435897435897436 0.5016339869281046 0.3974358974358974 0.5032679738562091 0.3487179487179487
0 0.5490196078431373 0.5564102564102564 0.5424836601307189 0.6076923076923076 0.6127450980392157 0.6487179487179487 0.6094771241830066 0.5846153846153846
0 0.6111111111111112 0.5743589743589743 0.6176470588235294 0.6410256410256411 0.6944444444444444 0.6743589743589744 0.7026143790849673 0.5974358974358974 0.6111111111111112 0.5794871794871795
0 0.6535947712418301 0.6666666666666666 0.6535947712418301 0.7384615384615385 0.6895424836601307 0.7487179487179487 0.6944444444444444 0.6743589743589744
0 0.5833333333333334 0.6307692307692307 0.5816993464052288 0.6871794871794872 0.6503267973856209 0.7307692307692307 0.6437908496732027 0.6487179487179487
0 0.545751633986928 0.6743589743589744 0.5343137254901961 0.7307692307692307 0.6944444444444444 0.8282051282051283 0.6911764705882353 0.735897435897436
0 0.5441176470588235 0.6256410256410256 0.545751633986928 0.6794871794871795 0.5702614379084967 0.6846153846153846 0.5800653594771242 0.6435897435897436
0 0.4852941176470588 0.5846153846153846 0.4820261437908497 0.6102564102564103 0.5375816993464052 0.6512820512820513 0.5408496732026143 0.6230769230769231
0 0.43137254901960786 0.43333333333333335 0.43137254901960786 0.4717948717948718 0.5016339869281046 0.5153846153846153 0.5081699346405228 0.48205128205128206
0 0.4264705882352941 0.382051282051282 0.4264705882352941 0.4230769230769231 0.4722222222222222 0.44358974358974357 0.47875816993464054 0.38974358974358975
0 0.43137254901960786 0.4846153846153846 0.42320261437908496 0.5282051282051282 0.47875816993464054 0.5641025641025641 0.48366013071895425 0.5205128205128206
0 0.43790849673202614 0.5487179487179488 0.4362745098039216 0.5794871794871795 0.4803921568627451 0.6282051282051282 0.4803921568627451 0.5794871794871795
0 0.43137254901960786 0.5948717948717949 0.43300653594771243 0.6538461538461539 0.47549019607843135 0.676923076923077 0.47875816993464054 0.6230769230769231
0 0.4803921568627451 0.6307692307692307 0.46895424836601307 0.676923076923077 0.5310457516339869 0.7256410256410256 0.5343137254901961 0.6641025641025641
0 0.43790849673202614 0.7076923076923077 0.4395424836601307 0.7615384615384615 0.6111111111111112 0.9230769230769231 0.6127450980392157 0.8435897435897436
0 0.5506535947712419 0.7512820512820513 0.5522875816993464 0.7897435897435897 0.6486928104575164 0.8615384615384616 0.6486928104575164 0.8025641025641026
0 0.6862745098039216 0.8307692307692308 0.6388888888888888 0.8102564102564103 0.6388888888888888 0.8564102564102564 0.6895424836601307 0.8923076923076924
0 0.5424836601307189 0.7410256410256411 0.5163398692810458 0.717948717948718 0.5081699346405228 0.7666666666666667 0.5473856209150327 0.7871794871794872 0.5522875816993464 0.7538461538461538
0 0.511437908496732 0.717948717948718 0.4869281045751634 0.7 0.4803921568627451 0.7410256410256411 0.5147058823529411 0.7564102564102564
0 0.4820261437908497 0.7051282051282052 0.44281045751633985 0.6692307692307692 0.434640522875817 0.6948717948717948 0.4869281045751634 0.7410256410256411 0.4934640522875817 0.7076923076923077