0 0.06916666666666667 0.11438725490196079 0.032205882352941174 0.06963235294117646
0 0.10753267973856209 0.11723039215686275 0.048316993464052285 0.06963235294117646
0 0.15253267973856208 0.12362745098039216 0.026519607843137255 0.07389705882352941
0 0.18236928104575165 0.12433823529411764 0.036944444444444446 0.0810049019607843
0 0.22215686274509805 0.13784313725490197 0.03315359477124183 0.07958333333333333
0 0.26004901960784316 0.14068627450980392 0.036944444444444446 0.07105392156862744
0 0.09426470588235293 0.19183823529411764 0.06158496732026143 0.06821078431372549
0 0.16390522875816993 0.19894607843137255 0.07011437908496732 0.07389705882352941
0 0.23921568627450981 0.22595588235294117 0.07483660130718954 0.07389705882352941
0 0.3306372549019608 0.2309313725490196 0.08905228758169935 0.07531862745098039
0 0.28137254901960784 0.10942156862745098 0.33537418300653593 0.1051593137254902 0.33253104575163395 0.17195098039215687 0.28326797385620917 0.1733700980392157
0 0.3363202614379085 0.1051593137254902 0.3382156862745098 0.17479166666666665 0.3827434640522876 0.18474019607843137 0.4215849673202614 0.17621323529411764 0.4206372549019608 0.09663235294117647 0.36284803921568626 0.09947549019607843 0.3268464052287582 0.10658088235294118
0 0.42632189542483656 0.09521078431372548 0.4329542483660131 0.16768627450980392 0.5239019607843137 0.17052941176470587 0.518218954248366 0.09805392156862745
0 0.5239019607843137 0.09805392156862745 0.5239019607843137 0.17479166666666665 0.5769558823529412 0.17195098039215687 0.5760081699346405 0.10231617647058823
0 0.5854820261437909 0.10089705882352941 0.5807450980392157 0.16484558823529413 0.6413774509803922 0.16200245098039215 0.6707467320261438 0.1776348039215686 0.6641160130718955 0.09379166666666668
0 0.3827434640522876 0.19895098039215686 0.38558496732026143 0.26574019607843136 0.4831650326797386 0.2543725490196079 0.4774803921568628 0.18047549019607842
0 0.48032352941176476 0.18900245098039214 0.48221732026143793 0.24158333333333334 0.5305343137254902 0.24158333333333334 0.5760081699346405 0.23021323529411766 0.5769558823529412 0.1776348039215686
0 0.5750620915032679 0.17479166666666665 0.5854820261437909 0.23021323529411766 0.6735898692810458 0.24584558823529412 0.6735898692810458 0.16626470588235293
0 0.05779084967320262 0.22595098039215686 0.06347385620915032 0.29132107843137256 0.12694934640522876 0.30837254901960787 0.1241078431372549 0.23731862745098037
0 0.1316862745098039 0.24584558823529412 0.13263398692810457 0.30837254901960787 0.20179248366013072 0.31689950980392156 0.19989705882352943 0.25295098039215685
0 0.19705555555555557 0.26574019607843136 0.20368790849673202 0.3254264705882353 0.2690571895424837 0.34247794117647057 0.2700049019607843 0.2700049019607843 0.19705555555555557 0.25579411764705884
0 0.2728464052287582 0.26858333333333334 0.27095098039215687 0.3396372549019608 0.35716339869281044 0.3538480392156863 0.35905882352941176 0.2799509803921569 0.3022156862745098 0.27852941176470586
0 0.3675849673202614 0.2998455882352941 0.3704264705882353 0.3538480392156863 0.40737418300653594 0.3637941176470588 0.507797385620915 0.34532107843137255 0.507797385620915 0.2827941176470588 0.4613758169934641 0.2771102941176471
0 0.35337418300653595 0.36237499999999995 0.3552679738562092 0.4192156862745098 0.3988480392156863 0.44195343137254905 0.47179738562091506 0.42490196078431375 0.44337581699346407 0.36521568627450984 0.36568954248366015 0.36237499999999995
0 0.5030604575163399 0.24868872549019608 0.5144281045751634 0.3282671568627451 0.5523235294117647 0.3282671568627451 0.543797385620915 0.25579411764705884
0 0.5551666666666667 0.23163480392156863 0.5712712418300654 0.2884779411764706 0.6082205882352941 0.2870563725490196 0.6091666666666666 0.24584558823529412 0.5580081699346405 0.22879411764705881
0 0.6906421568627451 0.2074779411764706 0.6868529411764706 0.2799509803921569 0.7541160130718955 0.2827941176470588 0.7976960784313726 0.25579411764705884 0.7853807189542484 0.22737254901960785 0.7493790849673203 0.20321323529411764
0 0.6139035947712418 0.29416176470588234 0.6139035947712418 0.32968872549019607 0.6896944444444445 0.3268480392156863
0 0.7076944444444444 0.2827941176470588 0.7133790849673203 0.33679411764705885 0.7474852941176471 0.3268480392156863 0.7474852941176471 0.2884779411764706
0 0.7569967320261438 0.2884779411764706 0.7551013071895425 0.33395343137254896 0.7806813725490196 0.32968872549019607 0.7825767973856209 0.2870563725490196
0 0.5116176470588235 0.3829901960784314 0.04547385620915032 0.06678921568627451
0 0.5547385620915033 0.37090686274509804 0.03315359477124183 0.06821078431372549
0 0.5987908496732026 0.375171568627451 0.03978758169934641 0.06821078431372549
0 0.5315196078431373 0.45688725490196075 0.058741830065359484 0.06394607843137255
0 0.5874183006535948 0.4476470588235294 0.04926470588235294 0.07105392156862744
0 0.5319934640522875 0.5314705882352941 0.042630718954248366 0.06821078431372549
0 0.576045751633987 0.5229656862745098 0.03978758169934641 0.07105392156862744
0 0.06351307189542484 0.3026887254901961 0.05782843137254902 0.3751642156862745 0.1203562091503268 0.3851102941176471 0.11940849673202615 0.30979411764705883
0 0.12319771241830066 0.31689950980392156 0.1203562091503268 0.387953431372549 0.18572549019607842 0.4007426470588235 0.17909313725490197 0.3240049019607843
0 0.18383006535947713 0.3254264705882353 0.1743562091503268 0.4007426470588235 0.2245669934640523 0.414953431372549 0.23214705882352943 0.3268480392156863
0 0.24067320261437908 0.3495833333333333 0.2226732026143791 0.3979019607843137 0.2520424836601307 0.4206372549019608 0.307937908496732 0.43484803921568627 0.35341176470588237 0.4206372549019608 0.3467794117647059 0.3552696078431372 0.2994101307189543 0.3510049019607843
0 0.6309950980392156 0.37089950980392156 0.6234150326797385 0.416375 0.6546797385620915 0.4263210784313725 0.6925751633986929 0.43769117647058825 0.6916274509803921 0.37658578431372547 0.6575212418300654 0.36095343137254904
0 0.6707843137254902 0.359531862745098 0.7011013071895426 0.3808480392156863 0.7086797385620914 0.43769117647058825 0.7475228758169934 0.42490196078431375 0.7323643790849673 0.3723210784313726 0.704890522875817 0.3552696078431372
0 0.7323643790849673 0.359531862745098 0.7503643790849673 0.3723210784313726 0.7503643790849673 0.41353186274509807 0.797733660130719 0.40784803921568624 0.797733660130719 0.36948039215686274 0.7503643790849673 0.3438995098039216 0.7219428104575164 0.3566887254901961
0 0.6196258169934641 0.43911274509803916 0.6110996732026144 0.4902696078431373 0.6461535947712419 0.4902696078431373 0.7011013071895426 0.4888504901960784 0.740890522875817 0.4888504901960784 0.7295228758169935 0.4291642156862745 0.6679428104575164 0.44195343137254905
0 0.7560490196078431 0.4192156862745098 0.75415522875817 0.497375 0.7920506535947712 0.47321813725490197 0.7854183006535947 0.40500735294117646 0.7626813725490197 0.414953431372549
0 0.6016258169934641 0.5527990196078432 0.6016258169934641 0.4931127450980392 0.658468954248366 0.5030612745098039 0.6916274509803921 0.5002181372549019 0.7011013071895426 0.5641666666666667 0.6527843137254902 0.5783774509803922
0 0.7058382352941177 0.4845857843137255 0.7058382352941177 0.5613235294117648 0.7314166666666667 0.5513774509803921 0.7295228758169935 0.4945343137254902 0.7077336601307189 0.4945343137254902
0 0.7352075163398692 0.501639705882353 0.7361535947712419 0.5556397058823529 0.7740490196078431 0.5414289215686274 0.7712075163398693 0.4945343137254902
0 0.8223660130718955 0.4803235294117647 0.7749967320261438 0.49595588235294114 0.7749967320261438 0.5329019607843137 0.7759444444444444 0.5499558823529412 0.8252091503267974 0.5456936274509804
0 0.6110996732026144 0.5655882352941176 0.5220457516339869 0.5783774509803922 0.5438349673202615 0.6423259803921569 0.604468954248366 0.6281151960784314
0 0.7238382352941176 0.5712720588235294 0.6508905228758171 0.5741151960784314 0.6073104575163398 0.5627450980392157 0.6082581699346405 0.6281151960784314 0.6565735294117647 0.6494313725490196 0.7134166666666667 0.6366421568627451
0 0.779733660130719 0.5556397058823529 0.7295228758169935 0.5655882352941176 0.7314166666666667 0.6323774509803921 0.779733660130719 0.6252720588235294
0 0.8327875816993464 0.5442720588235294 0.7731029411764706 0.5556397058823529 0.7911029411764705 0.6309558823529412 0.8318398692810458 0.6124828431372549
0 0.8479460784313725 0.6167450980392157 0.7911029411764705 0.6295367647058824 0.7929967320261438 0.693485294117647 0.8451029411764706 0.6877990196078432
0 0.7456274509803922 0.6451666666666667 0.7901552287581699 0.6394828431372549 0.7873137254901961 0.6877990196078432 0.7475228758169934 0.6821151960784314
0 0.740890522875817 0.6437475490196078 0.7096274509803921 0.6465882352941176 0.7124705882352941 0.7261691176470588 0.7484705882352941 0.7105367647058823
0 0.7001535947712418 0.6494313725490196 0.6319428104575163 0.6522720588235295 0.6395212418300653 0.7261691176470588 0.7115228758169935 0.7148014705882353
0 0.6186781045751634 0.6224313725490196 0.5267826797385621 0.6551151960784313 0.550467320261438 0.7162205882352941 0.6234150326797385 0.6963259803921569
0 0.5277303921568628 0.585482843137255 0.4746764705882353 0.6011151960784313 0.47941339869281047 0.6892205882352941 0.532467320261438 0.6636421568627452 0.532467320261438 0.5940098039215687
0 0.49930882352941175 0.4845857843137255 0.44151797385620917 0.5059019607843137 0.4585718954248366 0.5869044117647059 0.501202614379085 0.5783774509803922
0 0.47278267973856214 0.42205882352941176 0.4036225490196078 0.444796568627451 0.4168856209150327 0.5115857843137255 0.4850980392156863 0.4945343137254902
0 0.40457026143790853 0.4490588235294118 0.2908839869281046 0.43484803921568627 0.2804624183006536 0.5172720588235294 0.40172875816993464 0.5357450980392157
0 0.40551797385620914 0.5428504901960785 0.3022532679738562 0.5215343137254902 0.2984640522875817 0.5897450980392157 0.3998333333333333 0.609639705882353
0 0.39509640522875816 0.6210098039215687 0.3088839869281046 0.6167450980392157 0.3003578431372549 0.6849583333333333 0.39793790849673205 0.6991691176470589
0 0.30320098039215687 0.609639705882353 0.2586732026143791 0.5996936274509804 0.2539362745098039 0.6693259803921568 0.2984640522875817 0.6863799019607844
0 0.3780441176470588 0.7076960784313726 0.3221486928104575 0.7076960784313726 0.261516339869281 0.6792745098039216 0.25772549019607843 0.7588529411764706 0.32783169934640527 0.7886960784313726 0.3818333333333333 0.7716421568627451
0 0.38278104575163396 0.7119583333333332 0.3837287581699347 0.7744852941176471 0.4424656862745098 0.7616960784313725 0.4377287581699346 0.6963259803921569 0.38941176470588235 0.7076960784313726
0 0.4424656862745098 0.693485294117647 0.43962418300653594 0.7702230392156862 0.49078267973856204 0.748906862745098 0.4888872549019608 0.6721691176470589
0 0.48983496732026144 0.6877990196078432 0.49646732026143797 0.7460637254901961 0.5343611111111111 0.7304313725490197 0.5315196078431373 0.6679044117647058
0 0.2917941176470588 0.7744852941176471 0.2927418300653595 0.858328431372549 0.33158333333333334 0.8654338235294117 0.41969117647058823 0.8512230392156862 0.4414803921568627 0.8114338235294117 0.4386388888888889 0.7560122549019607 0.34768954248366013 0.7901176470588235
0 0.4462173202614379 0.7716421568627451 0.4414803921568627 0.8526446078431373 0.5068496732026144 0.828485294117647 0.49642810457516345 0.750328431372549 0.4395849673202615 0.7688014705882352
0 0.5087450980392156 0.7517475490196079 0.5021127450980393 0.8213799019607843 0.5873774509803922 0.8071691176470588 0.5845359477124182 0.7219068627450981 0.5021127450980393 0.7517475490196079
0 0.5911666666666666 0.7219068627450981 0.5921143790849673 0.7986446078431372 0.6385359477124183 0.7943799019607843 0.6423251633986928 0.7204852941176472
0 0.37232189542483657 0.8711176470588236 0.3742156862745098 0.9265392156862745 0.4177957516339869 0.9478553921568628 0.4651650326797385 0.9308039215686273 0.4556911764705882 0.8540661764705882 0.4206372549019608 0.8498014705882353
0 0.4566388888888889 0.8483823529411765 0.4556911764705882 0.9364877450980392 0.5172712418300653 0.9236985294117648 0.5125343137254902 0.8483823529411765 0.48221732026143793 0.828485294117647 0.4405326797385621 0.8483823529411765 0.4490588235294118 0.8483823529411765
0 0.5040081699346405 0.828485294117647 0.5314820261437908 0.9052254901960785 0.5627450980392157 0.8952769607843137 0.5542189542483661 0.8199607843137254 0.5295866013071896 0.8114338235294117 0.5030604575163399 0.8384338235294118
0 0.5599035947712419 0.8199607843137254 0.572218954248366 0.9023823529411765 0.5959035947712418 0.916593137254902 0.6300098039215686 0.8995392156862745 0.6337990196078431 0.8171176470588236 0.5892728758169935 0.7972230392156863 0.5513774509803921 0.8185392156862745
0 0.6129558823529412 0.80575 0.6451683006535948 0.8398553921568628 0.6375882352941177 0.8867499999999999 0.6830637254901961 0.8782230392156862 0.6792728758169935 0.8071691176470588 0.6347467320261437 0.7886960784313726
0 0.6792728758169935 0.7986446078431372 0.6868529411764706 0.85975 0.6830637254901961 0.8753823529411765 0.7171683006535947 0.8739607843137256 0.7105375816993464 0.801485294117647
0 0.732326797385621 0.7219068627450981 0.7380114379084968 0.7787475490196079 0.6432728758169934 0.7915392156862745 0.6404313725490196 0.7275906862745098 0.7256944444444444 0.7204852941176472
0 0.7351683006535947 0.7119583333333332 0.7522222222222222 0.7688014705882352 0.786328431372549 0.7645367647058823 0.7844330065359477 0.6991691176470589
0 0.7105375816993464 0.7958014705882354 0.7124313725490196 0.8768039215686274 0.7512745098039215 0.8526446078431373 0.7512745098039215 0.7844338235294117
0 0.7522222222222222 0.7872745098039217 0.7550637254901961 0.85975 0.8071699346405229 0.8469607843137255 0.7967483660130719 0.7744852941176471 0.7541160130718955 0.7744852941176471
0 0.2093709150326797 0.7418014705882352 0.20274019607843136 0.8171176470588236 0.26526797385620915 0.8398553921568628 0.2520032679738562 0.7673799019607843
0 0.18947712418300652 0.6536936274509804 0.18663398692810457 0.7275906862745098 0.25295098039215685 0.7545906862745098 0.24916176470588233 0.6721691176470589
0 0.19989705882352943 0.5641666666666667 0.19516013071895424 0.6437475490196078 0.25958333333333333 0.6693259803921568 0.26147712418300656 0.5883235294117647
0 0.2160032679738562 0.42205882352941176 0.2093709150326797 0.4888504901960784 0.250109477124183 0.501639705882353 0.24821405228758173 0.417796568627451
0 0.2538986928104575 0.4334264705882353 0.25579411764705884 0.5186911764705883 0.2842140522875817 0.5059019607843137 0.2804248366013072 0.43484803921568627
0 0.05021078431372549 0.3780049019607843 0.03221078431372549 0.42205882352941176 0.03884313725490196 0.444796568627451 0.08052777777777778 0.44337499999999996 0.0862124183006536 0.39505882352941174
0 0.09284313725490197 0.387953431372549 0.08526470588235295 0.4575857843137255 0.12316013071895424 0.4604289215686274 0.12316013071895424 0.3851102941176471
0 0.12694934640522876 0.39648039215686276 0.12316013071895424 0.4590073529411765 0.16484477124183008 0.4646911764705882 0.15916013071895427 0.4007426470588235 0.1335816993464052 0.39363725490196083
0 0.19137091503267975 0.41353186274509807 0.16579248366013072 0.4064264705882353 0.1563186274509804 0.47037500000000004 0.18852941176470586 0.47179656862745095
0 0.054947712418300654 0.4490588235294118 0.05779084967320262 0.5059019607843137 0.11084313725490196 0.5257965686274509 0.11652777777777777 0.46753431372549015
0 0.11652777777777777 0.46611274509803924 0.11558006535947712 0.528639705882353 0.16768627450980392 0.5485343137254902 0.1601078431372549 0.47605882352941176
0 0.16674019607843138 0.4888504901960784 0.16768627450980392 0.5527990196078432 0.2141078431372549 0.5627450980392157 0.21884477124183005 0.4987965686274509
0 0.22074019607843134 0.5115857843137255 0.2160032679738562 0.5726936274509804 0.25295098039215685 0.5755343137254902 0.25295098039215685 0.5087450980392157 0.21505555555555556 0.501639705882353
0 0.26147712418300656 0.5101666666666667 0.2548464052287582 0.5826397058823529 0.29747875816993463 0.5869044117647059 0.29084640522875815 0.5186911764705883
0 0.16484477124183008 0.5527990196078432 0.15442320261437908 0.638061274509804 0.18947712418300652 0.6551151960784313 0.19705555555555557 0.5613235294117648
0 0.11558006535947712 0.5570612745098039 0.1241078431372549 0.6139044117647059 0.15821241830065358 0.6337990196078431 0.16105555555555556 0.5570612745098039
0 0.07294771241830066 0.5115857843137255 0.06726470588235293 0.5869044117647059 0.11558006535947712 0.6053774509803922 0.11842320261437908 0.5300612745098039
0 0.054947712418300654 0.5158504901960784 0.05210620915032679 0.5982720588235294 0.010421568627450981 0.5797990196078431 0.010421568627450981 0.5073235294117647
0 0.042632352941176475 0.5883235294117647 0.04736928104575163 0.6480098039215686 0.019895424836601307 0.6565367647058824 0.005684640522875817 0.5911666666666666
0 0.06442156862745098 0.5996936274509804 0.0540016339869281 0.6622205882352941 0.10136928104575163 0.6849583333333333 0.11747549019607842 0.6039558823529412
0 0.11463398692810459 0.6153259803921568 0.09947549019607843 0.6835367647058823 0.1364232026143791 0.7062745098039216 0.14684477124183007 0.6337990196078431
0 0.1440016339869281 0.638061274509804 0.1421078431372549 0.7034313725490197 0.18947712418300652 0.7432230392156863 0.1837924836601307 0.6636421568627452
0 0.0862124183006536 0.693485294117647 0.08242156862745098 0.7460637254901961 0.14873856209150327 0.7901176470588235 0.1477924836601307 0.7233259803921569
0 0.15252941176470589 0.7261691176470588 0.15347549019607845 0.7815906862745098 0.17147549019607844 0.7872745098039217 0.16958169934640524 0.7318529411764706
0 0.17337091503267973 0.7375367647058824 0.16674019607843138 0.7915392156862745 0.20179248366013072 0.8128553921568628 0.19989705882352943 0.750328431372549
0 0.028421568627450978 0.6607990196078432 0.020843137254901962 0.7275906862745098 0.06442156862745098 0.7432230392156863 0.06726470588235293 0.6693259803921568
0 0.004736928104575163 0.7133799019607844 0.0037892156862745097 0.7830122549019608 0.04073692810457517 0.8128553921568628 0.04736928104575163 0.7318529411764706
0 0.051158496732026146 0.7432230392156863 0.051158496732026146 0.8100122549019608 0.10231699346405229 0.8398553921568628 0.10231699346405229 0.7702230392156862
0 0.10136928104575163 0.7673799019607843 0.10136928104575163 0.8426960784313725 0.15158169934640522 0.85975 0.15916013071895427 0.7886960784313726
0 0.16294934640522876 0.7986446078431372 0.1563186274509804 0.8696985294117647 0.2387401960784314 0.9109093137254902 0.24063562091503268 0.8355906862745098
0 0.2548464052287582 0.8426960784313725 0.25579411764705884 0.9080661764705882 0.3012679738562092 0.9407500000000001 0.3675849673202614 0.9279607843137255 0.35905882352941176 0.8711176470588236 0.2946356209150327 0.861171568627451
0 0.8968839869281047 0.32500980392156864 0.884452614379085 0.407593137254902 0.9679248366013072 0.43157107843137255 0.9963398692810458 0.41025735294117643 0.9927892156862745 0.3543137254901961
0 0.857812091503268 0.6100588235294118 0.8595882352941177 0.6793235294117647 0.9270767973856209 0.6979705882352941 0.973251633986928 0.6979705882352941 0.9697009803921568 0.6313700980392156 0.9022124183006536 0.6233799019607843
0 0.8666911764705881 0.6766593137254902 0.8613643790849673 0.7299387254901961 0.9253006535947712 0.767235294117647 0.9661486928104576 0.7698995098039216 0.973251633986928 0.7059632352941176 0.8986601307189542 0.6979705882352941
0 0.8542598039215686 0.7485882352941176 0.8595882352941177 0.831171568627451 0.9359558823529411 0.8711323529411765 0.9714771241830065 0.8391642156862745 0.9803562091503267 0.7805563725490196 0.8702434640522877 0.7539142156862745
0 0.8489313725490197 0.5514509803921568 0.8471552287581698 0.6047303921568628 0.9395081699346406 0.6313700980392156 0.9697009803921568 0.6260416666666667 0.9768039215686274 0.5834191176470588 0.9022124183006536 0.5647696078431372
0 0.8560359477124183 0.47152941176470586 0.8560359477124183 0.5354656862745099 0.9412843137254903 0.5674338235294117 0.9785800653594771 0.5621053921568627 0.9785800653594771 0.48751470588235296 0.9235245098039215 0.4848504901960784
0 0.8595882352941177 0.4209142156862745 0.8595882352941177 0.4662009803921569 0.9377320261437909 0.4848504901960784 0.9945637254901961 0.4955073529411765 0.9892369281045752 0.4448897058823529 0.9306274509803921 0.44222549019607843