0 0.3006535947712418 0.5428112745098039 0.36993464052287583 0.5652132352941176 0.41002124183006533 0.5586764705882353 0.41002124183006533 0.6122843137254902 0.36644934640522875 0.6266666666666667 0.29586111111111113 0.6005171568627451
0 0.33115522875816994 0.6147058823529412 0.36557679738562093 0.6279754901960785 0.44923692810457516 0.6044387254901961 0.45272385620915034 0.6554338235294117 0.36819117647058824 0.6855073529411765 0.3298480392156863 0.6698161764705883
0 0.2976029411764706 0.654125 0.36644934640522875 0.6855073529411765 0.4091503267973856 0.6724313725490195 0.4065359477124183 0.7299632352941177 0.3612205882352941 0.7443455882352941 0.29498856209150326 0.7064264705882353
0 0.3271029411764706 0.7307181372549019 0.36653594771241826 0.7505416666666667 0.4484526143790849 0.7165441176470588 0.4467107843137255 0.7675392156862745 0.35956372549019605 0.802843137254902 0.32644934640522877 0.7806151960784313
0 0.32819117647058826 0.37450980392156863 0.37002124183006535 0.3752794117647059 0.44583823529411765 0.37135784313725495 0.4484526143790849 0.4301960784313726 0.3682794117647059 0.43411764705882355 0.3308055555555556 0.4301960784313726
0 0.2900653594771242 0.7601299019607842 0.35869281045751633 0.802843137254902 0.4040081699346405 0.7884583333333333 0.4040081699346405 0.8420686274509804 0.35694934640522874 0.8616813725490196 0.28810457516339866 0.8211470588235295
0 0.41315849673202615 0.5558823529411765 0.4920261437908497 0.5400294117647059 0.49289705882352947 0.5936372549019608 0.4074950980392157 0.61325
0 0.33472712418300654 0.49215686274509807 0.37873692810457515 0.5047254901960784 0.45281045751633986 0.4890343137254902 0.45281045751633986 0.5465661764705882 0.36653594771241826 0.5622573529411765 0.3334199346405229 0.5504877450980392
0 0.2617434640522876 0.4790857843137255 0.3273202614379085 0.490343137254902 0.3316781045751634 0.5504877450980392 0.2593464052287582 0.5321838235294117
0 0.23341993464052288 0.5281053921568628 0.29246241830065356 0.5426446078431373 0.29246241830065356 0.6014828431372549 0.23058823529411765 0.5714093137254902
0 0.26283169934640527 0.5901960784313726 0.2619607843137255 0.6354779411764705 0.32644934640522877 0.6655514705882354 0.32819117647058826 0.61325
0 0.23668790849673205 0.6261446078431373 0.23233169934640524 0.674703431372549 0.29507679738562087 0.7060857843137256 0.29594771241830065 0.649860294117647
0 0.20836601307189542 0.5673210784313726 0.20792973856209152 0.6119436274509804 0.2593464052287582 0.6354779411764705 0.26108986928104577 0.5857916666666666
0 0.20727614379084966 0.665360294117647 0.20792973856209152 0.7087009803921568 0.2593464052287582 0.7400808823529411 0.2593464052287582 0.6903946078431372
0 0.26065359477124184 0.6882352941176471 0.3247058823529412 0.7256985294117646 0.32383496732026146 0.781921568627451 0.2602173202614379 0.745311274509804
0 0.2355996732026144 0.7241838235294117 0.23581699346405227 0.7740759803921569 0.28810457516339866 0.8146102941176471 0.29071895424836597 0.7596936274509803
0 0.4109803921568628 0.6718946078431373 0.4894117647058823 0.6446299019607844 0.4902826797385621 0.699546568627451 0.4118513071895425 0.7270049019607843
0 0.4501960784313725 0.719281862745098 0.5216552287581699 0.6890857843137255 0.5207843137254903 0.736156862745098 0.44758169934640524 0.7675392156862745
0 0.45368137254901963 0.609328431372549 0.5294983660130719 0.5857916666666666 0.5268839869281046 0.6354779411764705 0.45455392156862745 0.6590147058823529
0 0.45782189542483664 0.488889705882353 0.5277565359477124 0.48249754901960784 0.5277565359477124 0.530875 0.4562957516339869 0.5426446078431373
0 0.4556421568627451 0.3777769607843138 0.5286274509803921 0.3752794117647059 0.5277565359477124 0.4249656862745098 0.45368137254901963 0.43150245098039214
0 0.2987794117647059 0.3173210784313726 0.3630506535947713 0.3151323529411765 0.4057516339869281 0.31382598039215687 0.4057516339869281 0.37397303921568625 0.36392156862745095 0.3700490196078431 0.29420424836601305 0.3648186274509804
0 0.41315849673202615 0.3140514705882353 0.4955114379084967 0.31905637254901964 0.49464052287581706 0.36874264705882354 0.4083660130718954 0.37135784313725495
0 0.4937696078431373 0.649860294117647 0.56 0.6237107843137255 0.5573856209150327 0.6694730392156862 0.4902826797385621 0.6969313725490196
0 0.5275375816993464 0.6915024509803921 0.5905016339869281 0.6550906862745097 0.5878872549019607 0.707392156862745 0.5251421568627451 0.7348504901960785
0 0.45891013071895426 0.2568627450980392 0.5382140522875817 0.2654460784313726 0.5347271241830065 0.3229779411764706 0.4597826797385621 0.3125171568627451
0 0.4937696078431373 0.2094779411764706 0.5660996732026143 0.22099019607843137 0.5626143790849674 0.27329166666666665 0.49289705882352947 0.26413970588235297
0 0.49464052287581706 0.31774754901960783 0.5617434640522876 0.3229779411764706 0.5643578431372549 0.3700490196078431 0.49638398692810454 0.37135784313725495
0 0.28243954248366016 0.2013063725490196 0.36653594771241826 0.18307352941176472 0.4040081699346405 0.19614705882352942 0.4031372549019608 0.2484485294117647 0.3656650326797386 0.24191176470588235 0.28723366013071894 0.2536789215686275
0 0.15934640522875818 0.6359485294117647 0.20618790849673202 0.6603210784313726 0.20792973856209152 0.7047769607843136 0.16174346405228757 0.6864730392156864
0 0.1604362745098039 0.5509803921568628 0.1582565359477124 0.5936372549019608 0.2035735294117647 0.609328431372549 0.20880228758169936 0.5661789215686275
0 0.17895424836601306 0.5983651960784314 0.17742973856209152 0.6485539215686275 0.23233169934640524 0.6720882352941177 0.23494607843137255 0.6250171568627451
0 0.18549019607843137 0.6980392156862746 0.18352941176470586 0.7440024509803922 0.23407352941176468 0.7793063725490196 0.23494607843137255 0.7296200980392157
0 0.20291993464052288 0.26503186274509805 0.20183006535947712 0.3151323529411765 0.2619607843137255 0.3151323529411765 0.2602173202614379 0.26413970588235297
0 0.26283169934640527 0.2601299019607843 0.33254901960784317 0.2523725490196079 0.33254901960784317 0.30598039215686273 0.2645751633986928 0.3164411764705882
0 0.2355996732026144 0.3222230392156863 0.23494607843137255 0.36351225490196076 0.29507679738562087 0.3674338235294118 0.30030555555555555 0.31382598039215687
0 0.2617434640522876 0.3647058823529412 0.26283169934640527 0.41842892156862743 0.3290637254901961 0.4288872549019608 0.32644934640522877 0.3726642156862745
0 0.20509803921568626 0.3679730392156863 0.20270098039215687 0.4171200980392157 0.2576029411764706 0.4171200980392157 0.2576029411764706 0.3674338235294118
0 0.5329852941176471 0.3777769607843138 0.5948578431372549 0.3752794117647059 0.5992156862745098 0.4171200980392157 0.5321127450980393 0.4249656862745098
0 0.5351307189542484 0.5600490196078431 0.07352941176470588 0.04656862745098039
0 0.5392156862745098 0.4803921568627451 0.5326797385620915 0.5269607843137255 0.5915032679738562 0.5171568627450981 0.5947712418300654 0.4632352941176471
0 0.5718954248366013 0.5245098039215687 0.5718954248366013 0.5686274509803921 0.619281045751634 0.5563725490196079 0.6209150326797386 0.5122549019607843
0 0.6274509803921569 0.5122549019607843 0.6241830065359477 0.5441176470588235 0.684640522875817 0.5343137254901961 0.6797385620915033 0.49019607843137253
0 0.5964052287581699 0.47058823529411764 0.5964052287581699 0.5122549019607843 0.6486928104575164 0.4950980392156863 0.6405228758169934 0.46078431372549017
0 0.5931372549019608 0.36764705882352944 0.5947712418300654 0.4215686274509804 0.6437908496732027 0.4068627450980392 0.6421568627450981 0.37254901960784315
0 0.5 0.42892156862745096 0.5098039215686274 0.47794117647058826 0.5669934640522876 0.47794117647058826 0.5637254901960784 0.41911764705882354
0 0.5669934640522876 0.4338235294117647 0.5735294117647058 0.47549019607843135 0.6241830065359477 0.46078431372549017 0.6258169934640523 0.40931372549019607
0 0.6241830065359477 0.4117647058823529 0.6241830065359477 0.46078431372549017 0.6633986928104575 0.4534313725490196 0.6617647058823529 0.4166666666666667
0 0.42320261437908496 0.44362745098039214 0.41830065359477125 0.5 0.49836601307189543 0.4852941176470588 0.49836601307189543 0.4387254901960784
0 0.41013071895424835 0.19607843137254902 0.4166666666666667 0.25980392156862747 0.49019607843137253 0.25980392156862747 0.4918300653594771 0.20098039215686275
0 0.33169934640522875 0.2549019607843137 0.3333333333333333 0.30637254901960786 0.380718954248366 0.3112745098039216 0.4542483660130719 0.32107843137254904 0.4542483660130719 0.2622549019607843 0.3839869281045752 0.24754901960784315
0 0.23039215686274508 0.21323529411764705 0.2222222222222222 0.2622549019607843 0.27124183006535946 0.25735294117647056 0.2777777777777778 0.19852941176470587
0 0.44607843137254904 0.15931372549019607 0.4542483660130719 0.20098039215686275 0.5294117647058824 0.21323529411764705 0.5294117647058824 0.15931372549019607
0 0.5326797385620915 0.1642156862745098 0.5294117647058824 0.21568627450980393 0.5866013071895425 0.22549019607843138 0.5882352941176471 0.18137254901960784 0.5294117647058824 0.16666666666666666
0 0.5947712418300654 0.18627450980392157 0.5947712418300654 0.22058823529411764 0.6486928104575164 0.22794117647058823 0.6503267973856209 0.18137254901960784
0 0.21241830065359477 0.47058823529411764 0.2107843137254902 0.5122549019607843 0.2565359477124183 0.5318627450980392 0.26143790849673204 0.4803921568627451
0 0.5261437908496732 0.571078431372549 0.5277777777777778 0.6348039215686274 0.5882352941176471 0.6151960784313726 0.5866013071895425 0.5661764705882353
0 0.5898692810457516 0.5637254901960784 0.5931372549019608 0.6029411764705882 0.6879084967320261 0.571078431372549 0.6797385620915033 0.5343137254901961
0 0.5392156862745098 0.2818627450980392 0.5326797385620915 0.32598039215686275 0.5931372549019608 0.32107843137254904 0.5964052287581699 0.2696078431372549
0 0.5751633986928104 0.22549019607843138 0.5751633986928104 0.27450980392156865 0.6650326797385621 0.27941176470588236 0.6633986928104575 0.2426470588235294
0 0.7026143790849673 0.23529411764705882 0.6584967320261438 0.2426470588235294 0.6601307189542484 0.27941176470588236 0.7026143790849673 0.27941176470588236
0 0.7205882352941176 0.2867647058823529 0.6862745098039216 0.2769607843137255 0.6911764705882353 0.3137254901960784 0.7222222222222222 0.32107843137254904
0 0.6862745098039216 0.28431372549019607 0.6437908496732027 0.2818627450980392 0.6470588235294118 0.32598039215686275 0.6895424836601307 0.32107843137254904
0 0.6437908496732027 0.27450980392156865 0.5947712418300654 0.27450980392156865 0.5931372549019608 0.31862745098039214 0.6405228758169934 0.3333333333333333
0 0.6209150326797386 0.3333333333333333 0.5686274509803921 0.32107843137254904 0.5669934640522876 0.3700980392156863 0.6258169934640523 0.3700980392156863
0 0.6699346405228758 0.3235294117647059 0.6241830065359477 0.32598039215686275 0.6225490196078431 0.375 0.6699346405228758 0.3700980392156863
0 0.7222222222222222 0.33088235294117646 0.6715686274509803 0.3284313725490196 0.6683006535947712 0.375 0.7156862745098039 0.3627450980392157
0 0.7189542483660131 0.3627450980392157 0.6879084967320261 0.36519607843137253 0.6879084967320261 0.38480392156862747 0.7173202614379085 0.3897058823529412
0 0.6862745098039216 0.375 0.6470588235294118 0.36519607843137253 0.6421568627450981 0.40441176470588236 0.6895424836601307 0.4019607843137255
0 0.7173202614379085 0.39705882352941174 0.6633986928104575 0.39950980392156865 0.6683006535947712 0.44607843137254904 0.7254901960784313 0.4362745098039216
0 0.7222222222222222 0.44607843137254904 0.6911764705882353 0.4485294117647059 0.6895424836601307 0.4852941176470588 0.7238562091503268 0.4803921568627451
0 0.7238562091503268 0.5171568627450981 0.6879084967320261 0.5220588235294118 0.6879084967320261 0.5637254901960784 0.7238562091503268 0.5637254901960784
0 0.7238562091503268 0.4803921568627451 0.7026143790849673 0.49019607843137253 0.7058823529411765 0.5294117647058824 0.7189542483660131 0.5220588235294118
0 0.5588235294117647 0.6151960784313726 0.5604575163398693 0.6544117647058824 0.6127450980392157 0.6421568627450981 0.6127450980392157 0.5955882352941176 0.545751633986928 0.6200980392156863
0 0.6176470588235294 0.6053921568627451 0.6143790849673203 0.6397058823529411 0.6584967320261438 0.6151960784313726 0.6584967320261438 0.5808823529411765
0 0.6633986928104575 0.5882352941176471 0.6683006535947712 0.625 0.704248366013072 0.6029411764705882 0.7058823529411765 0.5686274509803921
0 0.7238562091503268 0.5637254901960784 0.6993464052287581 0.5661764705882353 0.7058823529411765 0.6053921568627451 0.7205882352941176 0.5955882352941176 0.7222222222222222 0.5661764705882353
0 0.6372549019607843 0.6348039215686274 0.5898692810457516 0.6568627450980392 0.5898692810457516 0.7009803921568627 0.6437908496732027 0.6691176470588235
0 0.684640522875817 0.6176470588235294 0.6356209150326797 0.6397058823529411 0.6388888888888888 0.6715686274509803 0.6830065359477124 0.6593137254901961
0 0.7205882352941176 0.5955882352941176 0.6748366013071896 0.6176470588235294 0.6748366013071896 0.6519607843137255 0.7205882352941176 0.6299019607843137
0 0.4272875816993464 0.803921568627451 0.027777777777777776 0.049019607843137254
0 0.4681372549019608 0.7879901960784313 0.04084967320261438 0.041666666666666664
0 0.5016339869281046 0.7732843137254902 0.032679738562091505 0.041666666666666664
0 0.5400326797385621 0.7610294117647058 0.03431372549019608 0.041666666666666664
0 0.5718954248366013 0.7426470588235294 0.032679738562091505 0.049019607843137254
0 0.5980392156862745 0.7181372549019608 0.02287581699346405 0.04411764705882353
0 0.6258169934640523 0.7132352941176471 0.0196078431372549 0.03431372549019608
0 0.6495098039215687 0.696078431372549 0.014705882352941176 0.0392156862745098
0 0.6691176470588235 0.6875 0.017973856209150325 0.03676470588235294
0 0.6928104575163399 0.6691176470588235 0.00980392156862745 0.024509803921568627
0 0.7116013071895425 0.6666666666666666 0.017973856209150325 0.0392156862745098
0 0.11437908496732026 0.2610294117647059 0.032679738562091505 0.022058823529411766
0 0.15604575163398693 0.24632352941176472 0.04084967320261438 0.031862745098039214
0 0.20016339869281047 0.23897058823529413 0.04738562091503268 0.031862745098039214
0 0.1781045751633987 0.29534313725490197 0.042483660130718956 0.031862745098039214
0 0.13480392156862744 0.29534313725490197 0.03431372549019608 0.02696078431372549
0 0.2099673202614379 0.34558823529411764 0.05392156862745098 0.0392156862745098
0 0.1576797385620915 0.34068627450980393 0.05392156862745098 0.04411764705882353
0 0.18055555555555555 0.3909313725490196 0.04738562091503268 0.04656862745098039
0 0.14052287581699346 0.39338235294117646 0.03594771241830065 0.03676470588235294
0 0.2622549019607843 0.4424019607843137 0.05718954248366013 0.03676470588235294
0 0.35294117647058826 0.45588235294117646 0.11437908496732026 0.049019607843137254
0 0.20506535947712418 0.4338235294117647 0.04411764705882353 0.03431372549019608
0 0.18218954248366012 0.48284313725490197 0.05392156862745098 0.0392156862745098
0 0.20915032679738563 0.5355392156862745 0.042483660130718956 0.04656862745098039
0 0.1388888888888889 0.4681372549019608 0.042483660130718956 0.0392156862745098
0 0.16176470588235295 0.5196078431372549 0.042483660130718956 0.03431372549019608
0 0.11519607843137254 0.508578431372549 0.03431372549019608 0.041666666666666664
0 0.14297385620915032 0.5526960784313726 0.03758169934640523 0.041666666666666664
0 0.15931372549019607 0.6041666666666666 0.03104575163398693 0.04656862745098039
0 0.12581699346405228 0.5857843137254902 0.03594771241830065 0.04411764705882353
0 0.1388888888888889 0.6813725490196079 0.13562091503267973 0.7156862745098039 0.17647058823529413 0.7426470588235294 0.1781045751633987 0.7034313725490197
0 0.1111111111111111 0.6102941176470589 0.10784313725490197 0.6519607843137255 0.15359477124183007 0.6764705882352942 0.15849673202614378 0.6397058823529411
0 0.1111111111111111 0.6593137254901961 0.10947712418300654 0.7058823529411765 0.13398692810457516 0.7156862745098039 0.13562091503267973 0.6715686274509803