0 0.1380735294117647 0.48190196078431374 0.1344640522875817 0.510328431372549 0.18048692810457517 0.5035612745098039 0.18229248366013073 0.48054901960784313
0 0.2341830065359477 0.49475490196078437 0.08573529411764706 0.031127450980392154
0 0.3334477124183006 0.5083088235294118 0.09114379084967321 0.036544117647058824
0 0.42730392156862745 0.5143872549019608 0.09114379084967321 0.03519607843137255
0 0.5008496732026143 0.5231862745098039 0.046928104575163394 0.02571078431372549
0 0.185 0.5306372549019608 0.08663398692810458 0.027083333333333334
0 0.2824673202614379 0.5374019607843137 0.09024509803921568 0.0325
0 0.37901960784313726 0.5475490196078432 0.08663398692810458 0.036544117647058824
0 0.47694444444444445 0.5570343137254902 0.09295751633986928 0.03926470588235294
0 0.5004084967320261 0.5969607843137255 0.0442156862745098 0.0325
0 0.4264052287581699 0.5834313725490196 0.09836601307189544 0.0378921568627451
0 0.3334477124183006 0.5752941176470588 0.08392156862745098 0.0378921568627451
0 0.23915032679738565 0.5692156862745098 0.09385620915032679 0.03384803921568628
0 0.16875816993464052 0.5637990196078432 0.048725490196078435 0.02571078431372549
0 0.18950980392156863 0.5962745098039216 0.09024509803921568 0.031127450980392154
0 0.26351307189542483 0.6057598039215687 0.041519607843137254 0.028431372549019607
0 0.3086274509803921 0.6084803921568627 0.039705882352941174 0.028431372549019607
0 0.35781045751633983 0.6152450980392157 0.04602941176470589 0.031127450980392154
0 0.40022875816993464 0.6172794117647059 0.03880718954248366 0.0325
0 0.46972222222222226 0.6294607843137254 0.08031045751633986 0.03519607843137255
0 0.17506535947712418 0.6341911764705882 0.048725490196078435 0.02571078431372549
0 0.24410130718954245 0.6396078431372548 0.09114379084967321 0.03384803921568628
0 0.3302941176470588 0.6484068627450981 0.0884313725490196 0.0378921568627451
0 0.43137254901960786 0.6619362745098039 0.09024509803921568 0.040612745098039214
0 0.4990522875816994 0.6673529411764705 0.03429738562091503 0.027083333333333334
0 0.19763071895424836 0.6680392156862746 0.08483660130718955 0.03926470588235294
0 0.2932843137254902 0.6795343137254902 0.08663398692810458 0.03519607843137255
0 0.38849673202614377 0.6903676470588236 0.08934640522875817 0.04330882352941177
0 0.4823529411764706 0.7012009803921568 0.08392156862745098 0.029779411764705884
0 0.17236928104575164 0.7032352941176471 0.039705882352941174 0.028431372549019607
0 0.24771241830065358 0.7106617647058823 0.09114379084967321 0.0325
0 0.3379575163398693 0.7208333333333334 0.08212418300653594 0.036544117647058824
0 0.42369281045751633 0.7336764705882353 0.08392156862745098 0.027083333333333334
0 0.5040196078431373 0.7411274509803921 0.03699346405228758 0.028431372549019607
0 0.20169934640522874 0.7465441176470587 0.09114379084967321 0.03384803921568628
0 0.2937418300653595 0.7526225490196078 0.08934640522875817 0.04602941176470589
0 0.3857843137254902 0.7587254901960785 0.08031045751633986 0.03926470588235294
0 0.4773856209150327 0.7688725490196078 0.10107843137254902 0.03519607843137255
0 0.18316993464052286 0.4580882352941177 0.09248366013071896 0.03441176470588235
0 0.28173202614379084 0.46884803921568624 0.09176470588235293 0.04301470588235294
0 0.37673202614379087 0.4715441176470588 0.09678104575163399 0.03333333333333333
0 0.47459150326797384 0.4822794117647059 0.08602941176470588 0.035490196078431374
0 0.16094771241830066 0.42100490196078433 0.045163398692810455 0.031176470588235295
0 0.20897058823529413 0.4225980392156862 0.04372549019607844 0.030098039215686274
0 0.25449346405228757 0.42100490196078433 0.041584967320261436 0.03333333333333333
0 0.3014542483660131 0.4296078431372549 0.04946078431372549 0.03764705882352941
0 0.35343137254901963 0.4333578431372549 0.045882352941176464 0.03656862745098039
0 0.40181372549019606 0.43821078431372545 0.039428104575163395 0.02904411764705882
0 0.4527124183006536 0.4457352941176471 0.04372549019607844 0.035490196078431374
0 0.5093464052287582 0.4511029411764706 0.04372549019607844 0.03977941176470588
0 0.16344771241830067 0.3855147058823529 0.05305555555555555 0.03333333333333333
0 0.21758169934640523 0.38872549019607844 0.04086601307189543 0.03333333333333333
0 0.28173202614379084 0.39088235294117646 0.08459150326797386 0.035490196078431374
0 0.3734967320261438 0.3989460784313726 0.10035947712418301 0.04946078431372549
0 0.48426470588235293 0.40862745098039216 0.10968954248366013 0.04085784313725491
0 0.15879084967320262 0.3467892156862745 0.04660130718954248 0.03333333333333333
0 0.22941176470588237 0.3500245098039216 0.09176470588235293 0.03764705882352941
0 0.33192810457516336 0.36291666666666667 0.09606209150326797 0.03977941176470588
0 0.43013071895424837 0.3656127450980392 0.09462418300653594 0.03870098039215686
0 0.5093464052287582 0.3742156862745098 0.04946078431372549 0.023651960784313725
0 0.18137254901960784 0.3102450980392157 0.08173202614379085 0.03333333333333333
0 0.28066993464052287 0.3220588235294118 0.09678104575163399 0.035490196078431374
0 0.35522875816993466 0.32745098039215687 0.045163398692810455 0.035490196078431374
0 0.4039705882352941 0.3338970588235294 0.04946078431372549 0.03333333333333333
0 0.4846241830065359 0.3355147058823529 0.09462418300653594 0.027965686274509804
0 0.16344771241830067 0.2715196078431373 0.03441176470588235 0.03333333333333333
0 0.21040849673202616 0.2747549019607843 0.04230392156862745 0.03764705882352941
0 0.2584477124183006 0.2822794117647059 0.04230392156862745 0.035490196078431374
0 0.3114869281045752 0.2871078431372549 0.04372549019607844 0.03656862745098039
0 0.3595261437908497 0.2930392156862745 0.04660130718954248 0.02904411764705882
0 0.4089869281045752 0.29625 0.04372549019607844 0.026887254901960787
0 0.45772875816993464 0.29840686274509803 0.03799019607843137 0.03764705882352941
0 0.5061274509803921 0.3011029411764706 0.03441176470588235 0.030098039215686274
0 0.2516486928104575 0.25896323529411763 0.2765212418300653 0.22165686274509805 0.31163562091503266 0.24140686274509804 0.27213235294117644 0.2765220588235294
0 0.310171568627451 0.2326299019607843 0.28822549019607846 0.26774264705882356 0.3365065359477124 0.27871568627450977 0.35260130718954247 0.2370171568627451
0 0.21068300653594768 0.2172671568627451 0.19312581699346404 0.26115931372549017 0.23555555555555555 0.2523799019607843 0.2575016339869281 0.23482352941176474
0 0.21068300653594768 0.2260441176470588 0.18288398692810456 0.2523799019607843 0.14923366013071895 0.22824019607843138 0.18581045751633987 0.20629411764705885
0 0.35991666666666666 0.2326299019607843 0.3394330065359477 0.2655490196078431 0.3833251633986928 0.2765220588235294 0.3935669934640523 0.2523799019607843
0 0.40819771241830066 0.24360294117647058 0.3833251633986928 0.2765220588235294 0.4301437908496732 0.2809093137254902 0.4462369281045751 0.2545759803921569
0 0.4608676470588235 0.24360294117647058 0.4418480392156863 0.2699362745098039 0.48427777777777775 0.27432598039215683 0.5003709150326797 0.24579656862745097
0 0.507686274509804 0.24360294117647058 0.4857401960784314 0.27432598039215683 0.5384117647058824 0.27871568627450977 0.5574313725490196 0.2523799019607843
0 0.4272173202614379 0.2194607843137255 0.40673529411764703 0.2479901960784314 0.4447745098039216 0.2545759803921569 0.45940522875816997 0.22824019607843138
0 0.38478921568627455 0.20848774509803922 0.36869444444444444 0.2326299019607843 0.41112418300653597 0.2501862745098039 0.42136601307189536 0.21068382352941178
0 0.33797058823529413 0.21068382352941178 0.3145604575163399 0.23043382352941175 0.35845261437908493 0.24360294117647058 0.37747385620915036 0.21287745098039215
0 0.44770098039215683 0.17995833333333333 0.42575490196078436 0.193125 0.4579428104575164 0.20409803921568628 0.46818300653594774 0.18215196078431373
0 0.4755 0.17995833333333333 0.4623316993464052 0.20190441176470586 0.5018349673202614 0.20848774509803922 0.5106127450980392 0.18215196078431373
0 0.41112418300653597 0.16898529411764707 0.38478921568627455 0.1887377450980392 0.42136601307189536 0.20848774509803922 0.43892156862745096 0.17776470588235296
0 0.37015849673202617 0.16459558823529413 0.3350441176470588 0.18654166666666666 0.37747385620915036 0.1997107843137255 0.3964934640522876 0.17995833333333333
0 0.515 0.23482843137254902 0.07607843137254902 0.017549019607843136
0 0.5289052287581699 0.22713235294117648 0.07168300653594771 0.015367647058823528
0 0.5442647058823529 0.2161764705882353 0.055604575163398694 0.015367647058823528
0 0.5515849673202614 0.19970588235294118 0.055604575163398694 0.017549019607843136
0 0.5566993464052288 0.18433823529411764 0.05413398692810458 0.013161764705882354
0 0.23263071895424836 0.22056372549019607 0.055604575163398694 0.019754901960784315
0 0.2479901960784314 0.20740196078431375 0.0482843137254902 0.010980392156862745
0 0.2714052287581699 0.1942156862745098 0.03950980392156863 0.019754901960784315
0 0.302859477124183 0.18105392156862746 0.052663398692810455 0.037303921568627454
0 0.3138235294117647 0.1689950980392157 0.03950980392156863 0.030735294117647055
0 0.8778431372549019 0.7713970588235295 0.04681372549019608 0.04169117647058824
0 0.954281045751634 0.7736029411764705 0.09143790849673203 0.024142156862745096
0 0.9041830065359477 0.8032352941176472 0.0819281045751634 0.026323529411764707
0 0.9773366013071896 0.7988480392156863 0.03218954248366013 0.030735294117647055
0 0.9019934640522875 0.7362990196078432 0.0863235294117647 0.037303921568627454
0 0.9758660130718955 0.7231127450980391 0.04388888888888889 0.024142156862745096
0 0.8800326797385621 0.6945833333333333 0.0482843137254902 0.028529411764705883
0 0.953545751633987 0.6935049019607843 0.0928921568627451 0.030735294117647055
0 0.9027124183006536 0.6638725490196079 0.09070261437908496 0.028529411764705883
0 0.9828104575163399 0.6550980392156862 0.034362745098039216 0.015367647058823528
0 0.8661437908496733 0.6309558823529412 0.052663398692810455 0.04169117647058824
0 0.9502614379084966 0.6276470588235293 0.09509803921568628 0.043897058823529414
0 0.922091503267974 0.5980392156862745 0.15580065359477124 0.032916666666666664
0 0.8690686274509803 0.5662009803921568 0.03511437908496732 0.03950980392156863
0 0.9425816993464052 0.5530392156862745 0.11483660130718955 0.043897058823529414
0 0.863937908496732 0.48392156862745095 0.057058823529411766 0.04169117647058824
0 0.893937908496732 0.44769607843137255 0.10534313725490196 0.035122549019607846
0 0.9678267973856208 0.4334313725490196 0.05120915032679738 0.05487745098039216
0 0.8778431372549019 0.3917401960784314 0.09070261437908496 0.04169117647058824
0 0.8522385620915034 0.3599264705882353 0.045359477124183006 0.035122549019607846
0 0.9144281045751634 0.364313725490196 0.03803921568627451 0.04828431372549019
0 0.9733006535947711 0.35333333333333333 0.05339869281045752 0.02193627450980392
0 0.906372549019608 0.20740196078431375 0.03658496732026144 0.032916666666666664
0 0.953186274509804 0.2106862745098039 0.027794117647058827 0.03950980392156863
0 0.9820751633986927 0.26115196078431374 0.035833333333333335 0.04828431372549019
0 0.9407516339869281 0.25019607843137254 0.029264705882352943 0.013161764705882354
0 0.9407516339869281 0.27102941176470585 0.03511437908496732 0.00659313725490196
0 0.9488071895424836 0.2841911764705882 0.030718954248366015 0.015367647058823528
0 0.9027124183006536 0.28860294117647056 0.055604575163398694 0.032916666666666664
0 0.847859477124183 0.30066176470588235 0.0336437908496732 0.035122549019607846
0 0.8522385620915034 0.24909313725490195 0.08047385620915033 0.015367647058823528
0 0.8617483660130719 0.2754166666666667 0.08485294117647059 0.010980392156862745
0 0.8185947712418301 0.2172549019607843 0.03658496732026144 0.03950980392156863
0 0.8749183006535949 0.2106862745098039 0.03803921568627451 0.026323529411764707
0 0.6180375816993464 0.3430710784313726 0.6203071895424837 0.3200857843137255 0.6038496732026144 0.3183823529411765 0.5976062091503268 0.3413676470588235
0 0.6597549019607842 0.33455882352941174 0.06753267973856208 0.023848039215686276
0 0.7289869281045751 0.3341421568627451 0.06980392156862746 0.02808823529411765
0 0.777516339869281 0.3341421568627451 0.024967320261437907 0.019583333333333335
0 0.7613398692810458 0.3583823529411765 0.06299019607843137 0.02553921568627451
0 0.6935130718954249 0.3583823529411765 0.06923202614379084 0.02553921568627451
0 0.6285294117647059 0.35754901960784313 0.05392156862745098 0.02553921568627451
0 0.6591830065359477 0.3813725490196078 0.06413398692810457 0.023848039215686276
0 0.7275653594771242 0.3852205882352941 0.0681045751633987 0.024681372549019608
0 0.7820588235294118 0.38605392156862745 0.029509803921568625 0.022990196078431373
0 0.6098039215686274 0.3852205882352941 0.02326797385620915 0.019583333333333335
0 0.6381862745098039 0.40990196078431373 0.03348039215686274 0.022990196078431373
0 0.6742156862745098 0.40776960784313726 0.031781045751633985 0.02553921568627451
0 0.7091176470588235 0.41330882352941173 0.03348039215686274 0.026397058823529412
0 0.7621895424836601 0.4141421568627451 0.07037581699346405 0.026397058823529412
0 0.7284150326797386 0.43926470588235295 0.07321895424836601 0.027230392156862744
0 0.7812091503267974 0.4405392156862745 0.03348039215686274 0.026397058823529412
0 0.6571895424836601 0.4328921568627451 0.06470588235294118 0.02808823529411765
0 0.6075326797385621 0.40862745098039216 0.02099673202614379 0.02553921568627451
0 0.6098039215686274 0.4328921568627451 0.02666666666666667 0.022990196078431373
0 0.6265522875816993 0.46053921568627454 0.06470588235294118 0.023848039215686276
0 0.6949346405228758 0.46438725490196076 0.06753267973856208 0.026397058823529412
0 0.7644607843137255 0.4686274509803921 0.0715032679738562 0.02808823529411765
0 0.7863071895424837 0.4954411764705882 0.03235294117647059 0.020441176470588233
0 0.7312581699346404 0.4886519607843137 0.06640522875816994 0.022132352941176468
0 0.6628758169934641 0.48524509803921567 0.06583333333333333 0.023848039215686276
0 0.6098039215686274 0.4818382352941177 0.03462418300653595 0.020441176470588233
0 0.6279738562091504 0.5107843137254902 0.0686764705882353 0.023848039215686276
0 0.6980555555555555 0.5141911764705882 0.06129084967320261 0.02553921568627451
0 0.7627614379084967 0.5175735294117647 0.06696078431372549 0.02553921568627451