0 0.39725490196078433 0.3551416122004357 0.009101307189542484 0.02276688453159041
0 0.4049346405228758 0.3532461873638344 0.0039869281045751635 0.03111111111111111
0 0.4100653594771242 0.35627450980392156 0.00511437908496732 0.028082788671023966
0 0.4168954248366013 0.3581699346405229 0.006258169934640523 0.028845315904139433
0 0.4464869281045752 0.3581699346405229 0.007401960784313726 0.030348583877995643
0 0.4535947712418301 0.358562091503268 0.006830065359477124 0.0356644880174292
0 0.46071895424836595 0.36196078431372547 0.0039869281045751635 0.03642701525054466
0 0.47009803921568627 0.3596949891067538 0.007973856209150327 0.03187363834422658
0 0.5053921568627451 0.3600653594771242 0.0045588235294117645 0.03413943355119826
0 0.5179084967320261 0.36122004357298476 0.013660130718954248 0.033398692810457514
0 0.530718954248366 0.3615904139433551 0.006258169934640523 0.03111111111111111
0 0.5742483660130719 0.3646187363834423 0.009101307189542484 0.0356644880174292
0 0.5879084967320262 0.36880174291939 0.007973856209150327 0.04098039215686274
0 0.5987254901960785 0.3623529411764706 0.007973856209150327 0.043246187363834426
0 0.6101143790849674 0.36651416122004354 0.009101307189542484 0.04250544662309368
0 0.6146633986928104 0.3422374727668845 0.6658856209150327 0.3407211328976035 0.6653153594771242 0.3733507625272331 0.6140931372549019 0.3839738562091503
0 0.5372614379084967 0.3467908496732026 0.5691323529411765 0.34299782135076257 0.5679934640522876 0.3748692810457516 0.5383986928104575 0.3794226579520697
0 0.47522549019607846 0.3422374727668845 0.4991290849673202 0.34147930283224404 0.4962843137254902 0.36955773420479304 0.4706732026143791 0.3748692810457516
0 0.42400326797385623 0.34147930283224404 0.44278431372549015 0.3399607843137255 0.43993954248366013 0.366520697167756 0.42115849673202616 0.3680392156862745
0 0.6664542483660131 0.358562091503268 0.0045588235294117645 0.04477124183006536
0 0.6755555555555556 0.3581699346405229 0.009101307189542484 0.0379520697167756
0 0.6852287581699347 0.3581699346405229 0.009101307189542484 0.04250544662309368
0 0.6951960784313725 0.3559041394335512 0.007401960784313726 0.03945533769063181
0 0.7199509803921569 0.3566666666666667 0.038709150326797385 0.03945533769063181
0 0.7495424836601308 0.3532461873638344 0.018218954248366014 0.03718954248366013
0 0.7663398692810458 0.350958605664488 0.007401960784313726 0.03413943355119826
0 0.7854084967320262 0.34490196078431373 0.0284640522875817 0.03413943355119826
0 0.38473856209150326 0.3813289760348584 0.006830065359477124 0.028082788671023966
0 0.38985294117647057 0.38396514161220047 0.003415032679738562 0.028845315904139433
0 0.3969771241830065 0.3847276688453159 0.0039869281045751635 0.028845315904139433
0 0.4038071895424837 0.3877777777777778 0.006258169934640523 0.027320261437908496
0 0.4314052287581699 0.395359477124183 0.0045588235294117645 0.033398692810457514
0 0.4405065359477124 0.3938344226579521 0.009101307189542484 0.033398692810457514
0 0.4484803921568628 0.3927015250544662 0.005686274509803921 0.03263616557734205
0 0.4561601307189543 0.3934640522875817 0.007401960784313726 0.028082788671023966
0 0.4866013071895425 0.3942265795206971 0.009101307189542484 0.03718954248366013
0 0.49457516339869284 0.3927015250544662 0.007973856209150327 0.038692810457516345
0 0.5042483660130719 0.3976252723311547 0.007973856209150327 0.04098039215686274
0 0.5170588235294118 0.3968845315904139 0.013088235294117647 0.033398692810457514
0 0.41916666666666663 0.3904357298474946 0.019918300653594772 0.03263616557734205
0 0.47181372549019607 0.39572984749455337 0.018218954248366014 0.03111111111111111
0 0.5383986928104575 0.40067538126361657 0.030735294117647055 0.03945533769063181
0 0.5571732026143791 0.4059912854030501 0.010245098039215686 0.04098039215686274
0 0.5665686274509804 0.4074945533769063 0.009673202614379085 0.0379520697167756
0 0.5765359477124182 0.4078867102396514 0.005686274509803921 0.04477124183006536
0 0.5884803921568627 0.4074945533769063 0.013660130718954248 0.03642701525054466
0 0.3992483660130719 0.4162309368191721 0.029019607843137257 0.028082788671023966
0 0.41717320261437907 0.421917211328976 0.0045588235294117645 0.027320261437908496
0 0.4282679738562092 0.42267973856209146 0.007401960784313726 0.028845315904139433
0 0.4487581699346405 0.4264705882352941 0.02560457516339869 0.027320261437908496
0 0.4675490196078431 0.43139433551198253 0.006258169934640523 0.03263616557734205
0 0.4763562091503267 0.4291285403050109 0.007973856209150327 0.029586056644880173
0 0.5016830065359477 0.43594771241830066 0.03699346405228758 0.029586056644880173
0 0.5273039215686274 0.4374727668845316 0.008529411764705883 0.0356644880174292
0 0.5381209150326797 0.43823529411764706 0.009673202614379085 0.03263616557734205
0 0.5477941176470589 0.44050108932461873 0.010816993464052288 0.04174291938997821
0 0.5776633986928104 0.4518954248366013 0.04439542483660131 0.03263616557734205
0 0.6123856209150327 0.45758169934640525 0.025049019607843136 0.04250544662309368
0 0.6317320261437909 0.4579520697167756 0.012516339869281046 0.0356644880174292
0 0.3861601307189543 0.44126361655773416 0.0039869281045751635 0.025032679738562092
0 0.39299019607843133 0.4458169934640523 0.006258169934640523 0.025032679738562092
0 0.4038071895424837 0.4465795206971677 0.011944444444444443 0.023529411764705885
0 0.42599673202614374 0.4522657952069717 0.02560457516339869 0.030348583877995643
0 0.44192810457516335 0.45644880174291935 0.0039869281045751635 0.03111111111111111
0 0.4487581699346405 0.45910675381263616 0.006258169934640523 0.030348583877995643
0 0.4567320261437908 0.460239651416122 0.009673202614379085 0.029586056644880173
0 0.4740849673202614 0.4628976034858388 0.01934640522875817 0.02579520697167756
0 0.49058823529411766 0.4682135076252723 0.009101307189542484 0.030348583877995643
0 0.50140522875817 0.4708714596949891 0.005686274509803921 0.03263616557734205
0 0.5073856209150327 0.470479302832244 0.006258169934640523 0.03187363834422658
0 0.5170588235294118 0.47200435729847495 0.009673202614379085 0.03945533769063181
0 0.5395424836601307 0.4780610021786493 0.03300653594771242 0.03490196078431373
0 0.5614542483660131 0.4909803921568628 0.007401960784313726 0.03490196078431373
0 0.5699836601307189 0.4894553376906318 0.00511437908496732 0.03945533769063181
0 0.5802287581699347 0.4932461873638344 0.009673202614379085 0.04098039215686274
0 0.5907516339869281 0.4981699346405229 0.011388888888888888 0.038692810457516345
0 0.3986764705882353 0.4712418300653595 0.022189542483660132 0.028845315904139433
0 0.4157516339869281 0.47845315904139435 0.00511437908496732 0.025032679738562092
0 0.4237254901960784 0.48300653594771237 0.00511437908496732 0.03111111111111111
0 0.43509803921568624 0.4852723311546841 0.013088235294117647 0.029586056644880173
0 0.4501797385620915 0.49211328976034857 0.0045588235294117645 0.026557734204793026
0 0.45785947712418296 0.4932461873638344 0.006258169934640523 0.028845315904139433
0 0.4669771241830066 0.49437908496732025 0.0028431372549019606 0.03413943355119826
0 0.47437908496732023 0.4955337690631808 0.008529411764705883 0.033398692810457514
0 0.4831862745098039 0.497037037037037 0.005686274509803921 0.03490196078431373
0 0.5050980392156863 0.5065359477124183 0.0278921568627451 0.038692810457516345
0 0.5258823529411765 0.513355119825708 0.011388888888888888 0.028082788671023966
0 0.5403921568627451 0.5175381263616557 0.015359477124183007 0.03490196078431373
0 0.5733986928104575 0.5349891067538126 0.04496732026143791 0.0379520697167756
0 0.6049836601307189 0.5463616557734204 0.007973856209150327 0.04553376906318082
0 0.6149509803921569 0.5448583877995643 0.010816993464052288 0.04705882352941177
0 0.6283169934640522 0.5459912854030501 0.010245098039215686 0.04174291938997821
0 0.3895751633986928 0.5004575163398693 0.0039869281045751635 0.026557734204793026
0 0.39498366013071895 0.5008278867102396 0.0045588235294117645 0.02276688453159041
0 0.4049346405228758 0.5050108932461874 0.011944444444444443 0.025032679738562092
0 0.424281045751634 0.5103267973856209 0.02333333333333333 0.02047930283224401
0 0.4385130718954248 0.5179084967320261 0.008529411764705883 0.025032679738562092
0 0.44960784313725494 0.5224618736383442 0.009101307189542484 0.028082788671023966
0 0.4573039215686275 0.5247494553376907 0.007401960784313726 0.029586056644880173
0 0.47580065359477125 0.5289106753812637 0.021633986928104577 0.03187363834422658
0 0.47949346405228754 0.5630718954248366 0.00511437908496732 0.030348583877995643
0 0.49173202614379086 0.535359477124183 0.005686274509803921 0.03111111111111111
0 0.499983660130719 0.5380174291938997 0.006258169934640523 0.03187363834422658
0 0.5088071895424836 0.5422004357298476 0.007973856209150327 0.028082788671023966
0 0.5170588235294118 0.5452287581699347 0.007401960784313726 0.03111111111111111
0 0.5392483660130719 0.5562309368191721 0.034722222222222224 0.024291938997821352
0 0.5611601307189542 0.5676252723311547 0.007973856209150327 0.033398692810457514
0 0.5699836601307189 0.5714161220043572 0.008529411764705883 0.03642701525054466
0 0.5808006535947712 0.5771023965141612 0.008529411764705883 0.038692810457516345
0 0.5907516339869281 0.579368191721133 0.007973856209150327 0.043246187363834426
0 0.40181372549019606 0.5308061002178649 0.025049019607843136 0.028082788671023966
0 0.4197385620915033 0.5368845315904139 0.00511437908496732 0.028082788671023966
0 0.4294117647058824 0.5425708061002178 0.007401960784313726 0.027320261437908496
0 0.4487581699346405 0.5520479302832244 0.01650326797385621 0.028082788671023966
0 0.4646895424836601 0.5615468409586056 0.007401960784313726 0.02579520697167756
0 0.47151960784313723 0.5619172113289761 0.006258169934640523 0.029586056644880173
0 0.502826797385621 0.5755773420479303 0.038137254901960786 0.03413943355119826
0 0.5258823529411765 0.585446623093682 0.007973856209150327 0.03111111111111111
0 0.5341339869281045 0.5903703703703704 0.009673202614379085 0.0379520697167756
0 0.5466503267973857 0.5968409586056644 0.009673202614379085 0.0356644880174292
0 0.5742483660130719 0.6138997821350762 0.0421078431372549 0.028845315904139433
0 0.6004411764705883 0.6275599128540306 0.010245098039215686 0.03945533769063181
0 0.6209313725490196 0.6321132897603485 0.021633986928104577 0.03642701525054466
0 0.3901470588235294 0.5535729847494554 0.00511437908496732 0.025032679738562092
0 0.3964052287581699 0.5569934640522876 0.006258169934640523 0.030348583877995643
0 0.4020915032679739 0.5592592592592592 0.008529411764705883 0.028845315904139433
0 0.4086437908496732 0.5615468409586056 0.009101307189542484 0.030348583877995643
0 0.4265686274509804 0.5721786492374727 0.02333333333333333 0.03490196078431373
0 0.4470588235294118 0.5858169934640522 0.009673202614379085 0.02579520697167756
0 0.4581535947712418 0.5918954248366013 0.006830065359477124 0.030348583877995643
0 0.4740849673202614 0.5979738562091503 0.023905228758169937 0.03187363834422658
0 0.49031045751633984 0.6070806100217865 0.007401960784313726 0.027320261437908496
0 0.49799019607843137 0.6078431372549019 0.007973856209150327 0.030348583877995643
0 0.5065359477124183 0.6104793028322439 0.007973856209150327 0.03111111111111111
0 0.5147875816993465 0.6161873638344226 0.006258169934640523 0.028845315904139433
0 0.5355555555555556 0.6305882352941177 0.03187908496732026 0.027320261437908496
0 0.5568954248366013 0.6450108932461873 0.006258169934640523 0.03490196078431373
0 0.5665686274509804 0.6480610021786491 0.010816993464052288 0.0379520697167756
0 0.5779575163398692 0.6522222222222223 0.013088235294117647 0.04021786492374728
0 0.5882026143790849 0.6567755991285402 0.009673202614379085 0.04021786492374728
0 0.40066993464052286 0.585446623093682 0.026176470588235294 0.02047930283224401
0 0.42285947712418304 0.6013725490196078 0.006830065359477124 0.017450980392156864
0 0.44334967320261437 0.6138997821350762 0.03187908496732026 0.024291938997821352
0 0.4738071895424837 0.626797385620915 0.01877450980392157 0.01821350762527233
0 0.5033986928104575 0.6461655773420478 0.039264705882352945 0.03263616557734205
0 0.5392483660130719 0.6685403050108932 0.024477124183006536 0.03187363834422658
0 0.5722549019607843 0.6909368191721132 0.038137254901960786 0.04021786492374728
0 0.6009967320261438 0.7068627450980391 0.010245098039215686 0.03718954248366013
0 0.6129575163398693 0.7114161220043573 0.007973856209150327 0.0356644880174292
0 0.623202614379085 0.7152069716775599 0.009101307189542484 0.038692810457516345
0 0.6391339869281045 0.7273420479302832 0.012516339869281046 0.0356644880174292
0 0.40294117647058825 0.6127668845315903 0.02049019607843137 0.023529411764705885
0 0.42741830065359476 0.6249019607843137 0.02049019607843137 0.023529411764705885
0 0.44763071895424833 0.6400871459694989 0.011944444444444443 0.022004357298474945
0 0.45900326797385627 0.64880174291939 0.006258169934640523 0.02276688453159041
0 0.4732352941176471 0.6545098039215687 0.01650326797385621 0.0189760348583878
0 0.49058823529411766 0.6700653594771242 0.007973856209150327 0.02579520697167756
0 0.49856209150326797 0.6719607843137255 0.007973856209150327 0.03263616557734205
0 0.5090849673202614 0.6795424836601308 0.009673202614379085 0.03263616557734205
0 0.5332843137254902 0.6996514161220043 0.027320261437908496 0.033398692810457514
0 0.5580392156862745 0.7193899782135076 0.010816993464052288 0.033398692810457514
0 0.568562091503268 0.7220479302832244 0.006830065359477124 0.028082788671023966
0 0.5788071895424837 0.7284967320261437 0.005686274509803921 0.03642701525054466
0 0.5873366013071896 0.7345533769063182 0.009101307189542484 0.033398692810457514
0 0.599295751633987 0.39232244008714595 0.6465343137254902 0.3983921568627451 0.67840522875817 0.38852723311546844 0.67840522875817 0.42571023965141613 0.67840522875817 0.4355751633986928 0.6425506535947713 0.4424052287581699 0.5975898692810457 0.4295054466230937
0 0.6402745098039216 0.4424052287581699 0.6402745098039216 0.4818649237472767 0.6527941176470589 0.48566013071895425 0.6983251633986928 0.4735185185185185 0.6926339869281045 0.4295054466230937
0 0.6015735294117647 0.4811067538126362 0.5998660130718955 0.5220849673202614 0.6545016339869281 0.5334662309368191 0.6624705882352941 0.5311895424836601 0.6630392156862744 0.4879368191721133
0 0.640843137254902 0.5311895424836601 0.6362908496732027 0.5752026143790849 0.693202614379085 0.5607843137254901 0.6937728758169934 0.525119825708061 0.6402745098039216 0.5365032679738562
0 0.693202614379085 0.38321568627450975 0.6926339869281045 0.4295054466230937 0.7341813725490196 0.4226753812636166 0.7273513071895426 0.38169716775599133 0.6920653594771241 0.3756274509803922 0.6812516339869281 0.38321568627450975
0 0.7734509803921569 0.3763856209150327 0.772312091503268 0.4120522875816994 0.799062091503268 0.40674074074074074 0.799062091503268 0.37410893246187366 0.7717434640522876 0.3657625272331155 0.7569460784313725 0.3756274509803922
0 0.7358888888888888 0.4264705882352941 0.7375964052287581 0.4628954248366013 0.7728823529411765 0.4560653594771242 0.7717434640522876 0.41736383442265795
0 0.8013382352941176 0.41053376906318084 0.8070294117647059 0.44695860566448803 0.8229656862745097 0.4355751633986928 0.824673202614379 0.40218736383442266
0 0.6960490196078432 0.47958823529411765 0.6994640522875817 0.5190479302832244 0.7375964052287581 0.5031132897603486 0.738733660130719 0.4682069716775599
0 0.7706045751633988 0.4598583877995642 0.7694673202614379 0.4955250544662309 0.799062091503268 0.4826252723311547 0.8007696078431373 0.45075381263616554
0 0.7324738562091503 0.5114596949891067 0.7353186274509804 0.5433311546840959 0.768328431372549 0.5258779956427015 0.7649133986928105 0.500078431372549
0 0.599295751633987 0.5676143790849674 0.5975898692810457 0.5979694989106754 0.6431192810457517 0.6230108932461873 0.6562091503267974 0.6169389978213508 0.6567794117647059 0.577479302832244 0.6334444444444445 0.578239651416122
0 0.6926339869281045 0.5676143790849674 0.6880816993464052 0.6010043572984749 0.7353186274509804 0.5858278867102397 0.7301977124183006 0.5471263616557734
0 0.7711748366013071 0.5327080610021787 0.7700359477124183 0.5698910675381264 0.7984934640522876 0.5539564270152505 0.7933709150326798 0.5281546840958605
0 0.7933709150326798 0.4879368191721133 0.7967859477124183 0.5220849673202614 0.8252418300653594 0.5107015250544662 0.8241045751633986 0.47579520697167754
0 0.6379967320261438 0.6214923747276688 0.6328758169934641 0.6632287581699347 0.6471029411764706 0.6624705882352941 0.6920653594771241 0.6450174291938997 0.6920653594771241 0.6078344226579521 0.6459656862745098 0.626045751633987
0 0.7347499999999999 0.5858278867102397 0.7341813725490196 0.6207342047930282 0.7592222222222222 0.6123856209150327 0.7603611111111112 0.5805141612200436
0 0.7945081699346405 0.5577494553376906 0.8024771241830065 0.5843093681917211 0.8258104575163399 0.5752026143790849 0.824673202614379 0.5471263616557734
0 0.693202614379085 0.6503289760348583 0.6949101307189542 0.681442265795207 0.7290588235294118 0.6609520697167757 0.7301977124183006 0.630599128540305
0 0.5947434640522876 0.6488104575163398 0.5964509803921569 0.681442265795207 0.6459656862745098 0.708760348583878 0.6584869281045752 0.7026884531590414 0.6590555555555555 0.6624705882352941 0.6425506535947713 0.6662636165577343
0 0.6471029411764706 0.710276688453159 0.6453954248366014 0.7444248366013071 0.6869428104575164 0.7231786492374728 0.6880816993464052 0.6905468409586057
0 0.730766339869281 0.6693006535947712 0.7284901960784314 0.6988954248366013 0.7620686274509805 0.680681917211329 0.7609297385620916 0.6480522875816994
0 0.7677598039215687 0.6146623093681917 0.7666209150326798 0.6412222222222222 0.7928022875816993 0.6237690631808279 0.7916633986928104 0.5956928104575163
0 0.8235343137254901 0.578239651416122 0.8218267973856209 0.6139041394335512 0.8463006535947712 0.5987276688453158 0.8445931372549019 0.5698910675381264
0 0.7945081699346405 0.6283224400871459 0.7979232026143791 0.6563986928104575 0.8189820261437908 0.6465337690631808 0.8189820261437908 0.6154226579520696 0.7888169934640522 0.626045751633987
0 0.7933709150326798 0.6609520697167757 0.7928022875816993 0.6981350762527233 0.824673202614379 0.6761285403050109 0.8223970588235294 0.6457755991285403
0 0.6892189542483661 0.7231786492374728 0.6886503267973856 0.7618779956427015 0.7153986928104575 0.7467015250544662 0.7114150326797386 0.711037037037037
0 0.5958823529411765 0.7300065359477124 0.5918970588235294 0.7611198257080609 0.6414117647058823 0.7876797385620915 0.6550718954248366 0.7831263616557734 0.6533643790849673 0.7421481481481482 0.6414117647058823 0.7482200435729848
0 0.5554738562091504 0.73759477124183 0.5531960784313725 0.7679498910675381 0.5936045751633987 0.7922331154684096 0.5958823529411765 0.7596013071895424
0 0.4871781045751634 0.6905468409586057 0.48603921568627456 0.7163485838779956 0.5150653594771242 0.7353180827886711 0.5190490196078431 0.706483660130719 0.48945424836601303 0.6928235294117646
0 0.6488104575163399 0.7876797385620915 0.651656862745098 0.8119629629629629 0.6840964052287581 0.8005795206971678 0.686374183006536 0.7725032679738563
0 0.6869428104575164 0.8089259259259259 0.6886503267973856 0.840797385620915 0.726782679738562 0.8165163398692811 0.7250751633986928 0.788437908496732
0 0.7284901960784314 0.7436666666666667 0.730766339869281 0.7740196078431372 0.7603611111111112 0.758843137254902 0.7586535947712418 0.7239368191721133
0 0.7290588235294118 0.8157559912854031 0.730766339869281 0.8400392156862745 0.7632058823529412 0.8218278867102397 0.7615000000000001 0.7922331154684096
0 0.7916633986928104 0.7011721132897604 0.799062091503268 0.7246949891067538 0.8206895424836601 0.7117952069716775 0.8195506535947712 0.681442265795207 0.787109477124183 0.7004117647058823
0 0.7609297385620916 0.7542897603485839 0.7620686274509805 0.7869193899782135 0.7950784313725491 0.7641546840958606 0.7950784313725491 0.736078431372549
0 0.79109477124183 0.7580849673202614 0.8024771241830065 0.7922331154684096 0.8201192810457516 0.7694662309368192 0.8184117647058824 0.7482200435729848
0 0.8252418300653594 0.710276688453159 0.8263807189542484 0.7421481481481482 0.8468692810457517 0.7284901960784314 0.8491454248366014 0.7019302832244009
0 0.8229656862745097 0.6480522875816994 0.8212581699346405 0.6768888888888889 0.8468692810457517 0.6632287581699347 0.8451617647058824 0.6359106753812636
0 0.7626372549019608 0.6844771241830065 0.7632058823529412 0.7178649237472767 0.7922320261437908 0.6943420479302832 0.7922320261437908 0.6655054466230936
0 0.7412908496732027 0.40217864923747276 0.010816993464052288 0.033398692810457514
0 0.7515359477124183 0.39877995642701525 0.008529411764705883 0.0356644880174292
0 0.7620751633986927 0.3976252723311547 0.013660130718954248 0.028845315904139433
0 0.8073202614379085 0.3889106753812636 0.010816993464052288 0.03111111111111111
0 0.8229575163398692 0.3828322440087146 0.012516339869281046 0.03111111111111111
0 0.704297385620915 0.4572113289760349 0.010816993464052288 0.04477124183006536
0 0.7159640522875818 0.4522657952069717 0.014803921568627452 0.0379520697167756
0 0.7324673202614379 0.44734204793028326 0.010245098039215686 0.0356644880174292
0 0.7780065359477124 0.4352069716775599 0.010245098039215686 0.03718954248366013
0 0.792516339869281 0.4306535947712418 0.011944444444444443 0.0356644880174292
0 0.8067483660130719 0.46366013071895423 0.006258169934640523 0.02276688453159041
0 0.8161437908496733 0.4583442265795207 0.007973856209150327 0.02579520697167756
0 0.6977614379084967 0.5410457516339869 0.010245098039215686 0.03945533769063181
0 0.7088562091503268 0.5376470588235294 0.010816993464052288 0.03413943355119826
0 0.7236437908496732 0.5327015250544662 0.013088235294117647 0.027320261437908496
0 0.670718954248366 0.504640522875817 0.008529411764705883 0.03945533769063181
0 0.6809640522875817 0.5027233115468409 0.006258169934640523 0.03718954248366013
0 0.6912091503267973 0.5000871459694989 0.008529411764705883 0.03945533769063181
0 0.7706045751633988 0.5163834422657952 0.009101307189542484 0.0356644880174292
0 0.78 0.5106971677559913 0.009673202614379085 0.033398692810457514
0 0.7908169934640523 0.5057734204793028 0.008529411764705883 0.03718954248366013
0 0.801062091503268 0.5342265795206972 0.007401960784313726 0.03187363834422658
0 0.8147058823529412 0.5289106753812637 0.01877450980392157 0.0379520697167756
0 0.7401633986928104 0.5653376906318083 0.007401960784313726 0.03187363834422658
0 0.7543790849673203 0.5600217864923748 0.010816993464052288 0.03642701525054466
0 0.7634967320261438 0.5513071895424837 0.008529411764705883 0.03263616557734205
0 0.6644607843137255 0.5937908496732026 0.011944444444444443 0.043246187363834426
0 0.6752777777777778 0.5877342047930283 0.008529411764705883 0.04021786492374728
0 0.6849509803921568 0.584313725490196 0.010816993464052288 0.03945533769063181
0 0.6658823529411765 0.6787799564270153 0.009101307189542484 0.0356644880174292
0 0.6761274509803922 0.67119825708061 0.009101307189542484 0.0356644880174292
0 0.6872222222222222 0.6674074074074073 0.007401960784313726 0.029586056644880173
0 0.6971895424836602 0.7053376906318083 0.007973856209150327 0.029586056644880173
0 0.7062908496732027 0.6954901960784314 0.009101307189542484 0.03413943355119826
0 0.7188071895424837 0.6901742919389978 0.013660130718954248 0.03413943355119826
0 0.7341830065359477 0.644640522875817 0.003415032679738562 0.03263616557734205
0 0.7430065359477125 0.6400871459694989 0.008529411764705883 0.04021786492374728
0 0.7563725490196078 0.6332461873638344 0.010245098039215686 0.03111111111111111
0 0.7006045751633987 0.6184531590413943 0.01707516339869281 0.0379520697167756
0 0.7179575163398693 0.6138997821350762 0.006258169934640523 0.03490196078431373
0 0.7293464052287582 0.6055555555555555 0.009673202614379085 0.03642701525054466
0 0.7757352941176471 0.5873420479302832 0.012516339869281046 0.03490196078431373
0 0.8061764705882353 0.600239651416122 0.01764705882352941 0.030348583877995643
0 0.8334967320261438 0.622244008714597 0.02560457516339869 0.021241830065359478
0 0.7788562091503268 0.6567755991285402 0.02560457516339869 0.04932461873638344
0 0.7313398692810458 0.7205228758169935 0.01707516339869281 0.026557734204793026
0 0.752107843137255 0.7083877995642701 0.01423202614379085 0.03718954248366013
0 0.6596241830065359 0.7599782135076253 0.010245098039215686 0.03413943355119826
0 0.6730065359477124 0.7546623093681917 0.009673202614379085 0.028082788671023966
0 0.6934803921568627 0.784640522875817 0.01423202614379085 0.03490196078431373
0 0.7077124183006536 0.777429193899782 0.00511437908496732 0.03413943355119826
0 0.7168300653594771 0.7690849673202614 0.010816993464052288 0.03263616557734205
0 0.7333333333333334 0.7888235294117647 0.01423202614379085 0.03263616557734205
0 0.7515359477124183 0.7819825708061002 0.013088235294117647 0.03263616557734205
0 0.7797058823529411 0.7937472766884531 0.011388888888888888 0.0379520697167756
0 0.7922385620915033 0.7854030501089324 0.010245098039215686 0.03642701525054466
0 0.7680392156862745 0.731525054466231 0.007401960784313726 0.02579520697167756
0 0.7805718954248365 0.7269716775599129 0.0039869281045751635 0.02579520697167756
0 0.7874019607843137 0.7159694989106754 0.007401960784313726 0.026557734204793026
0 0.8021895424836601 0.7402614379084966 0.006258169934640523 0.028082788671023966
0 0.8124346405228757 0.7307625272331155 0.008529411764705883 0.033398692810457514
0 0.8297875816993464 0.7554248366013072 0.005686274509803921 0.03111111111111111
0 0.8443137254901961 0.7470806100217865 0.007401960784313726 0.028082788671023966