0 0.2562679738562092 0.3807037037037037 0.2552598039215686 0.39819172113289764 0.29561601307189544 0.3914640522875817 0.29561601307189544 0.3699411764705882
0 0.2996519607843137 0.37666666666666665 0.29763398692810455 0.3968453159041394 0.3349640522875817 0.390119825708061 0.3349640522875817 0.3645599128540305
0 0.33698202614379086 0.3645599128540305 0.33899999999999997 0.390119825708061 0.36624183006535943 0.3820479302832244 0.36825980392156865 0.3551437908496732
0 0.3763300653594771 0.3551437908496732 0.3753218954248366 0.3807037037037037 0.40357189542483657 0.3726318082788671 0.40357189542483657 0.3416906318082789
0 0.4076078431372549 0.35379738562091506 0.4116437908496732 0.3739760348583878 0.4328300653594771 0.3739760348583878 0.43081209150326794 0.3511067538126361
0 0.43888398692810454 0.34707189542483663 0.43888398692810454 0.37532244008714594 0.46208986928104573 0.36859477124183004 0.4600718954248366 0.3416906318082789
0 0.46511601307189543 0.34438126361655774 0.4641078431372549 0.36590413943355116 0.4842859477124183 0.3672505446623094 0.487312091503268 0.339
0 0.4883218954248366 0.3376557734204793 0.4883218954248366 0.3564880174291939 0.5105179738562091 0.3564880174291939 0.5105179738562091 0.3376557734204793
0 0.5125359477124184 0.3376557734204793 0.5125359477124184 0.35783442265795207 0.529687908496732 0.35783442265795207 0.5306960784313726 0.3376557734204793
0 0.5306960784313726 0.339 0.5347320261437908 0.3605250544662309 0.5518839869281046 0.3551437908496732 0.5528937908496732 0.34034640522875814
0 0.5549117647058823 0.3349651416122004 0.5569297385620915 0.35379738562091506 0.5760980392156863 0.3511067538126361 0.5771078431372549 0.33092810457516336
0 0.5760980392156863 0.33092810457516336 0.5771078431372549 0.3551437908496732 0.5942598039215686 0.34976252723311546 0.5952679738562091 0.33092810457516336
0 0.6013218954248366 0.33092810457516336 0.6124199346405228 0.32554684095860564 0.6124199346405228 0.3457254901960784 0.5982957516339868 0.35245315904139435
0 0.6235130718954248 0.33226579520697164 0.010081699346405229 0.0161437908496732
0 0.2340686274509804 0.4331590413943355 0.036323529411764706 0.021525054466230938
0 0.27594771241830063 0.4183660130718954 0.03531045751633987 0.02420479302832244
0 0.31679738562091503 0.4163616557734205 0.03429738562091503 0.02017429193899782
0 0.3536274509803921 0.4028976034858388 0.029264705882352943 0.028257080610021787
0 0.37834803921568627 0.3833921568627451 0.3833937908496732 0.4089520697167756 0.40558986928104573 0.40088017429193895 0.40357189542483657 0.3780130718954249
0 0.40861601307189543 0.37666666666666665 0.4076078431372549 0.3968453159041394 0.4298039215686275 0.3941546840958606 0.4298039215686275 0.3820479302832244
0 0.4358578431372549 0.3780130718954249 0.4328300653594771 0.3928104575163399 0.45502777777777775 0.38877342047930286 0.45502777777777775 0.3672505446623094
0 0.4560359477124183 0.37128540305010893 0.45906209150326804 0.39550108932461875 0.48630392156862745 0.390119825708061 0.4883218954248366 0.36859477124183004
0 0.4832777777777778 0.36590413943355116 0.4842859477124183 0.38473856209150326 0.5064820261437908 0.38473856209150326 0.5064820261437908 0.3672505446623094
0 0.5085 0.36859477124183004 0.5074918300653595 0.3833921568627451 0.5327140522875817 0.3820479302832244 0.5306960784313726 0.3605250544662309
0 0.5347320261437908 0.3605250544662309 0.5327140522875817 0.3780130718954249 0.5549117647058823 0.3780130718954249 0.5518839869281046 0.35783442265795207
0 0.5569297385620915 0.3564880174291939 0.5559199346405229 0.37532244008714594 0.5781160130718954 0.3699411764705882 0.5771078431372549 0.3591786492374728
0 0.5783562091503268 0.360161220043573 0.5758692810457516 0.37783660130718955 0.5916127450980392 0.37341830065359477 0.5924411764705882 0.35574074074074075
0 0.5974133986928105 0.354636165577342 0.5940980392156863 0.3701023965141612 0.6164705882352941 0.36457952069716776 0.6156421568627451 0.34690196078431373
0 0.6363562091503268 0.32038779956427016 0.6338709150326797 0.33916993464052286 0.6719869281045752 0.3303311546840959 0.671156862745098 0.31707407407407406
0 0.6181274509803921 0.3446928104575163 0.6164705882352941 0.3623703703703704 0.6471290849673202 0.35794989106753816 0.6471290849673202 0.33916993464052286
0 0.25851960784313727 0.4452287581699347 0.25851960784313727 0.46290631808278865 0.29166339869281044 0.4617995642701525 0.29497712418300653 0.4341808278867102
0 0.29912091503267974 0.4363899782135076 0.29994934640522875 0.45738126361655773 0.3372352941176471 0.4485424836601307 0.3380653594771242 0.43086710239651416
0 0.3388937908496732 0.42755119825708066 0.3397222222222222 0.4463333333333333 0.37783660130718955 0.43749455337690635 0.37700816993464054 0.4142941176470588
0 0.37700816993464054 0.41318954248366013 0.37286601307189543 0.4363899782135076 0.4010375816993464 0.42865795206971674 0.40186601307189546 0.4021416122004357
0 0.4035228758169934 0.4076666666666667 0.4035228758169934 0.42865795206971674 0.43583823529411764 0.42092374727668846 0.43252450980392154 0.39551416122004357
0 0.43583823529411764 0.4043507625272331 0.43252450980392154 0.4242374727668845 0.45903921568627454 0.4198191721132898 0.4606960784313726 0.401037037037037
0 0.4640098039215686 0.39882788671023967 0.4615245098039215 0.41761002178649237 0.4888676470588236 0.4142941176470588 0.4855539215686274 0.39109368191721133
0 0.4872107843137255 0.39330283224400875 0.4838970588235294 0.4142941176470588 0.5037826797385621 0.40877124183006536 0.5079248366013073 0.38998910675381265
0 0.5104117647058823 0.38004575163398696 0.5087532679738562 0.4076666666666667 0.5493545751633987 0.40324618736383444 0.5551552287581699 0.38115032679738564
0 0.557640522875817 0.38004575163398696 0.557640522875817 0.39661873638344225 0.5775277777777778 0.38998910675381265 0.5783562091503268 0.36789324618736385
0 0.5791846405228759 0.3767320261437908 0.5800130718954248 0.3944095860566449 0.6139852941176471 0.3877799564270153 0.6156421568627451 0.36457952069716776
0 0.6131568627450981 0.360161220043573 0.6131568627450981 0.3822570806100218 0.6512712418300654 0.3756274509803922 0.6504428104575164 0.35905446623093684
0 0.2576911764705882 0.47284749455337693 0.2643202614379085 0.502677559912854 0.2982924836601307 0.4927342047930283 0.2974640522875817 0.4695337690631808
0 0.29663562091503265 0.46511546840958606 0.30243464052287583 0.49494335511982573 0.3388937908496732 0.4861067538126361 0.3372352941176471 0.45627668845315905
0 0.34055065359477127 0.45075381263616554 0.34055065359477127 0.47726797385620917 0.37120751633986926 0.46511546840958606 0.37369444444444444 0.44081045751633985
0 0.3761797385620915 0.44081045751633985 0.3761797385620915 0.46290631808278865 0.4084950980392157 0.45296296296296296 0.4051797385620915 0.4319716775599129
0 0.4084950980392157 0.43307625272331157 0.40683823529411767 0.4518583877995643 0.4374950980392157 0.4496470588235294 0.4341813725490196 0.4220283224400872
0 0.4366666666666667 0.4264466230936819 0.4350098039215686 0.44743790849673204 0.4606960784313726 0.44412418300653594 0.4606960784313726 0.4231328976034858
0 0.4606960784313726 0.4220283224400872 0.4615245098039215 0.4419150326797386 0.4855539215686274 0.438599128540305 0.4830669934640523 0.41318954248366013
0 0.4888676470588236 0.4109803921568627 0.4905245098039216 0.4319716775599129 0.5079248366013073 0.4319716775599129 0.5087532679738562 0.40656209150326794
0 0.5120686274509805 0.40877124183006536 0.5112401960784314 0.43528540305010893 0.5311258169934641 0.4264466230936819 0.531954248366013 0.4076666666666667
0 0.5360980392156862 0.40877124183006536 0.5344395424836601 0.4231328976034858 0.5501830065359476 0.4231328976034858 0.5526699346405228 0.4043507625272331
0 0.5534983660130719 0.397723311546841 0.5534983660130719 0.41871459694989105 0.5824983660130718 0.41318954248366013 0.5791846405228759 0.3888845315904139
0 0.5783562091503268 0.39661873638344225 0.5791846405228759 0.41650544662309363 0.5982418300653595 0.4142941176470588 0.5974133986928105 0.39330283224400875
0 0.5982418300653595 0.38998910675381265 0.5998986928104575 0.4142941176470588 0.612328431372549 0.40545751633986926 0.612328431372549 0.38446623093681914
0 0.6181274509803921 0.3855708061002179 0.6189558823529412 0.40324618736383444 0.6446421568627452 0.39661873638344225 0.6471290849673202 0.3767320261437908
0 0.1773186274509804 0.37341830065359477 0.1773186274509804 0.401037037037037 0.21874836601307188 0.4198191721132898 0.25354901960784315 0.41318954248366013 0.25189052287581704 0.38446623093681914 0.21211928104575165 0.3888845315904139
0 0.17874183006535949 0.43984531590413944 0.21225653594771243 0.4556165577342048 0.2529983660130719 0.4433485838779957 0.25562745098039213 0.4705119825708061 0.21751307189542482 0.4854074074074074 0.17874183006535949 0.4652549019607843
0 0.18005555555555555 0.4713877995642701 0.22605555555555557 0.4897864923747277 0.254312091503268 0.47839651416122003 0.26088398692810455 0.5108148148148148 0.22211274509803922 0.5213311546840959 0.1807124183006536 0.4976732026143791
0 0.18202777777777776 0.5020544662309369 0.1826846405228758 0.5265882352941177 0.22342647058823528 0.5493681917211329 0.26022712418300653 0.5335969498910675 0.26219771241830064 0.5081873638344226 0.22079901960784312 0.5187015250544662
0 0.26351307189542483 0.5081873638344226 0.26219771241830064 0.5335969498910675 0.2976846405228758 0.5213311546840959 0.2989983660130719 0.4932919389978213
0 0.3016274509803922 0.4976732026143791 0.3035980392156863 0.5187015250544662 0.34368300653594774 0.5099389978213508 0.33776960784313725 0.48365359477124187
0 0.3417124183006536 0.4871590413943355 0.34105555555555556 0.5046819172113289 0.3732549019607843 0.49154030501089324 0.3732549019607843 0.469636165577342 0.34236928104575165 0.4801503267973856
0 0.37916830065359475 0.46875816993464053 0.37851143790849673 0.4880348583877996 0.4061111111111111 0.4845294117647059 0.404140522875817 0.4556165577342048
0 0.4087401960784314 0.45912200435729844 0.40676960784313726 0.4871590413943355 0.43502614379084964 0.47576906318082784 0.43305392156862743 0.4477298474945534
0 0.438312091503268 0.4468540305010893 0.438312091503268 0.47313943355119825 0.45868300653594773 0.469636165577342 0.45933986928104575 0.4433485838779957
0 0.4632826797385621 0.4433485838779957 0.4632826797385621 0.4643790849673203 0.4869395424836601 0.45999782135076256 0.485625816993464 0.43809150326797386
0 0.48759640522875813 0.4389694989106754 0.4889117647058823 0.45649237472766885 0.5105964052287582 0.450359477124183 0.5105964052287582 0.4328344226579521
0 0.5119117647058824 0.4328344226579521 0.5105964052287582 0.45211111111111113 0.5329395424836602 0.450359477124183 0.5329395424836602 0.43020697167755995
0 0.5342532679738562 0.4328344226579521 0.5342532679738562 0.44948366013071894 0.554625816993464 0.4433485838779957 0.5749967320261439 0.43809150326797386 0.5769673202614379 0.4223202614379085
0 0.577624183006536 0.4223202614379085 0.5763104575163399 0.43546405228758167 0.5947107843137255 0.43458823529411766 0.5947107843137255 0.41093028322440084
0 0.5986535947712418 0.4161873638344227 0.5960245098039215 0.43546405228758167 0.6282254901960784 0.4205686274509804 0.6288823529411764 0.404797385620915
0 0.6308529411764706 0.4065490196078431 0.6295392156862746 0.42144444444444445 0.6420245098039216 0.4170631808278867 0.6426813725490197 0.39340740740740743
0 0.6137679738562091 0.4249498910675381 0.6052254901960785 0.4328344226579521 0.6078529411764706 0.451235294117647 0.6459673202614379 0.43546405228758167 0.6459673202614379 0.4161873638344227
0 0.5756535947712419 0.44072113289760345 0.5763104575163399 0.45912200435729844 0.6052254901960785 0.450359477124183 0.6058823529411765 0.4337124183006536
0 0.5736813725490196 0.4643790849673203 0.5763104575163399 0.4801503267973856 0.6104820261437909 0.4705119825708061 0.613111111111111 0.44948366013071894
0 0.6137679738562091 0.45211111111111113 0.6111388888888889 0.4643790849673203 0.6479395424836601 0.450359477124183 0.647281045751634 0.43984531590413944
0 0.5322826797385621 0.4556165577342048 0.5322826797385621 0.4740152505446623 0.5703970588235294 0.4617494553376907 0.5703970588235294 0.4433485838779957
0 0.4908823529411765 0.4617494553376907 0.4908823529411765 0.47839651416122003 0.5335964052287582 0.47313943355119825 0.530968954248366 0.4486056644880174
0 0.5329395424836602 0.47752069716775597 0.5355686274509803 0.4976732026143791 0.5717107843137255 0.48628322440087146 0.5651388888888889 0.4652549019607843
0 0.5710539215686274 0.4845294117647059 0.5710539215686274 0.5073115468409586 0.6071960784313726 0.49154030501089324 0.6091683006535947 0.4705119825708061
0 0.6091683006535947 0.469636165577342 0.6085098039215686 0.48628322440087146 0.6433382352941177 0.47576906318082784 0.6459673202614379 0.45649237472766885
0 0.6091683006535947 0.4924161220043573 0.6091683006535947 0.5090631808278867 0.6433382352941177 0.49854901960784315 0.6433382352941177 0.4792723311546841
0 0.6459673202614379 0.4976732026143791 0.6446535947712418 0.5178257080610021 0.6663382352941176 0.505557734204793 0.6663382352941176 0.4889106753812636
0 0.6098251633986929 0.5108148148148148 0.6098251633986929 0.5265882352941177 0.6413676470588235 0.516074074074074 0.6400539215686275 0.4976732026143791
0 0.5736813725490196 0.5073115468409586 0.5743398692810457 0.523082788671024 0.6104820261437909 0.5108148148148148 0.6085098039215686 0.4906644880174292
0 0.5723676470588235 0.5309673202614379 0.5717107843137255 0.5449869281045752 0.6058823529411765 0.5318453159041394 0.6039101307189543 0.5169498910675381
0 0.5335964052287582 0.5029302832244009 0.5335964052287582 0.5187015250544662 0.5690816993464053 0.5073115468409586 0.5703970588235294 0.4871590413943355
0 0.5335964052287582 0.5213311546840959 0.5322826797385621 0.5397298474945533 0.5743398692810457 0.5265882352941177 0.5710539215686274 0.505557734204793
0 0.5335964052287582 0.5414814814814815 0.5335964052287582 0.5590065359477124 0.5703970588235294 0.5484923747276689 0.5717107843137255 0.5283398692810458
0 0.4935114379084967 0.48365359477124187 0.48825490196078436 0.5090631808278867 0.5322826797385621 0.49942483660130715 0.5342532679738562 0.47839651416122003
0 0.4889117647058823 0.5099389978213508 0.48956862745098034 0.5265882352941177 0.5289967320261437 0.5187015250544662 0.5329395424836602 0.49592156862745096
0 0.49022549019607836 0.5344727668845316 0.48825490196078436 0.551119825708061 0.5237401960784314 0.5406056644880174 0.5296535947712419 0.5178257080610021 0.48956862745098034 0.5274640522875816
0 0.4869395424836601 0.5555010893246187 0.485625816993464 0.5730239651416121 0.530968954248366 0.5625098039215687 0.5316258169934641 0.5344727668845316
0 0.43962581699346404 0.4713877995642701 0.4369967320261438 0.5020544662309369 0.4928545751633987 0.4897864923747277 0.4954820261437909 0.45999782135076256
0 0.43765522875817 0.503806100217865 0.43962581699346404 0.5265882352941177 0.4908823529411765 0.5073115468409586 0.4908823529411765 0.48365359477124187
0 0.4369967320261438 0.5344727668845316 0.4369967320261438 0.551119825708061 0.4869395424836601 0.5344727668845316 0.4908823529411765 0.5108148148148148
0 0.4369967320261438 0.5563769063180828 0.4369967320261438 0.5712723311546841 0.48825490196078436 0.5555010893246187 0.4889117647058823 0.5318453159041394
0 0.4369967320261438 0.5747777777777777 0.43568300653594766 0.5940544662309368 0.48825490196078436 0.576529411764706 0.48825490196078436 0.5519956427015251
0 0.3765408496732026 0.49416775599128543 0.37456862745098035 0.5169498910675381 0.43568300653594766 0.505557734204793 0.43962581699346404 0.4740152505446623
0 0.37456862745098035 0.5195773420479303 0.37719771241830063 0.5423594771241831 0.4363398692810458 0.5274640522875816 0.43502614379084964 0.5090631808278867
0 0.3765408496732026 0.5458627450980392 0.37391176470588233 0.5730239651416121 0.4363398692810458 0.5572527233115468 0.43305392156862743 0.5327211328976035
0 0.3758839869281046 0.5739019607843137 0.37719771241830063 0.5914248366013072 0.4310833333333333 0.5774052287581699 0.4323970588235294 0.5563769063180828
0 0.3752254901960784 0.6010631808278867 0.37916830065359475 0.6291002178649238 0.43568300653594766 0.6054444444444445 0.4317401960784314 0.578281045751634
0 0.3049117647058823 0.5274640522875816 0.30819771241830063 0.5528736383442265 0.3686552287581699 0.5283398692810458 0.3706258169934641 0.5020544662309369
0 0.3095130718954248 0.551119825708061 0.3141127450980392 0.5800348583877996 0.37391176470588233 0.550244008714597 0.37391176470588233 0.5248344226579521
0 0.3108267973856209 0.5800348583877996 0.30819771241830063 0.6036906318082789 0.37456862745098035 0.578281045751634 0.3712826797385621 0.5484923747276689
0 0.30819771241830063 0.6080718954248366 0.3108267973856209 0.6361111111111112 0.3758839869281046 0.6071960784313725 0.3765408496732026 0.5817864923747277
0 0.3088545751633987 0.644871459694989 0.3095130718954248 0.6623965141612201 0.37719771241830063 0.6326056644880174 0.3758839869281046 0.6063202614379085
0 0.20568464052287583 0.550244008714597 0.20568464052287583 0.5791590413943355 0.23131209150326795 0.5852919389978214 0.3049117647058823 0.5546252723311547 0.3016274509803922 0.5248344226579521 0.22408496732026142 0.5598823529411765
0 0.2069983660130719 0.5817864923747277 0.20634150326797387 0.6019389978213509 0.2299983660130719 0.6124531590413943 0.3062271241830065 0.5800348583877996 0.3049117647058823 0.5581307189542484 0.22868464052287585 0.5861677559912853
0 0.20962745098039215 0.6071960784313725 0.20897058823529413 0.6291002178649238 0.23394117647058824 0.643119825708061 0.3075408496732026 0.615958605664488 0.3042549019607843 0.5826623093681917 0.23065522875816993 0.615082788671024 0.21291339869281045 0.6028148148148148
0 0.21488398692810456 0.6369869281045751 0.20962745098039215 0.6623965141612201 0.22802777777777777 0.6720348583877995 0.3035980392156863 0.643119825708061 0.3049117647058823 0.6185860566448801 0.23328431372549022 0.6457494553376907
0 0.20962745098039215 0.6685294117647059 0.21028431372549017 0.6939389978213507 0.23591339869281044 0.7009477124183007 0.3049117647058823 0.6720348583877995 0.3055702614379085 0.642244008714597 0.22868464052287585 0.6729106753812636
0 0.19934150326797387 0.6808366013071896 0.19737745098039217 0.7148779956427016 0.23469281045751636 0.729281045751634 0.27298856209150324 0.718806100217865 0.2700424836601307 0.6860740740740741 0.2317467320261438 0.7083311546840959 0.19737745098039217 0.6716710239651417
0 0.2003235294117647 0.7148779956427016 0.2003235294117647 0.7358257080610022 0.2337107843137255 0.7593943355119825 0.2720065359477124 0.7384444444444445 0.27102450980392156 0.7174967320261438 0.22389052287581698 0.7266623093681918
0 0.20719607843137255 0.743681917211329 0.20719607843137255 0.7724880174291939 0.23960130718954248 0.7921263616557734 0.27495261437908497 0.7698692810457517 0.2700424836601307 0.7423725490196079 0.24156535947712418 0.7620130718954249
0 0.20130555555555554 0.7711786492374728 0.20326960784313725 0.7895076252723312 0.23763725490196078 0.8130762527233115 0.2700424836601307 0.797363834422658 0.2700424836601307 0.777723311546841 0.23272875816993466 0.7895076252723312
0 0.20621405228758172 0.7947450980392157 0.20719607843137255 0.8156949891067538 0.23272875816993466 0.8458082788671024 0.26906045751633983 0.8287864923747277 0.2700424836601307 0.8026013071895425 0.2356748366013072 0.8143856209150326
0 0.27495261437908497 0.6926209150326798 0.2769166666666667 0.7201154684095861 0.3093218954248366 0.6991655773420479 0.3053937908496732 0.6742897603485839
0 0.27593464052287586 0.7201154684095861 0.2769166666666667 0.7423725490196079 0.3112859477124183 0.7214248366013072 0.3083398692810458 0.6939281045751633
0 0.27593464052287586 0.7489193899782135 0.27593464052287586 0.7685599128540305 0.3112859477124183 0.7476100217864924 0.3073578431372549 0.7240435729847495
0 0.27495261437908497 0.7724880174291939 0.2739705882352941 0.7999825708061002 0.31325000000000003 0.773797385620915 0.3083398692810458 0.7554662309368192
0 0.2739705882352941 0.8039106753812636 0.2769166666666667 0.8248583877995643 0.3112859477124183 0.8052200435729847 0.31030392156862746 0.7816514161220044 0.2828088235294118 0.7999825708061002
0 0.3044117647058824 0.6729803921568628 0.31030392156862746 0.700474945533769 0.34467320261437906 0.6795272331154685 0.34467320261437906 0.6481045751633987
0 0.3407450980392157 0.6415577342047931 0.34565522875816995 0.6677429193899783 0.37020424836601307 0.6546492374727668 0.37216830065359474 0.6337015250544663
0 0.3790424836601307 0.6337015250544663 0.377078431372549 0.6585773420479303 0.40555555555555556 0.6428671023965142 0.40555555555555556 0.6192984749455337
0 0.40948366013071896 0.6206078431372548 0.40850163398692807 0.640248366013072 0.43206862745098035 0.6297734204793027 0.4350147058823529 0.6022788671023965
0 0.30637581699346406 0.6886928104575164 0.3152140522875817 0.7135686274509805 0.35154738562091503 0.6978562091503268 0.3505653594771242 0.6690522875816994
0 0.35154738562091503 0.675599128540305 0.3505653594771242 0.6900021786492375 0.377078431372549 0.6729803921568628 0.377078431372549 0.6598867102396514
0 0.37609640522875815 0.6559586056644879 0.3810065359477124 0.6821459694989107 0.40751960784313723 0.6611960784313725 0.40751960784313723 0.6337015250544663
0 0.4114477124183007 0.6415577342047931 0.4104656862745098 0.6598867102396514 0.4379607843137255 0.6533398692810457 0.4379607843137255 0.6297734204793027
0 0.4369787581699346 0.6245359477124183 0.4389428104575163 0.6481045751633987 0.46545588235294116 0.6376296296296297 0.46349183006535943 0.611442265795207
0 0.46741993464052284 0.6192984749455337 0.46741993464052284 0.6337015250544663 0.48902287581699344 0.621917211328976 0.48902287581699344 0.6022788671023965
0 0.4389428104575163 0.5957320261437908 0.4379607843137255 0.621917211328976 0.46545588235294116 0.6140610021786492 0.46152777777777776 0.5931132897603485
0 0.4625098039215686 0.5931132897603485 0.4625098039215686 0.6140610021786492 0.486078431372549 0.6022788671023965 0.4870604575163399 0.5800196078431372
0 0.4909869281045751 0.5800196078431372 0.48902287581699344 0.5983507625272331 0.5125915032679739 0.5944226579520696 0.5076813725490197 0.5747821350762528
0 0.49295098039215685 0.6048976034858389 0.49295098039215685 0.6192984749455337 0.5135735294117647 0.6140610021786492 0.5135735294117647 0.5996601307189543
0 0.511609477124183 0.5695446623093682 0.5106274509803922 0.5904945533769063 0.5322303921568627 0.5839477124183006 0.5322303921568627 0.5669281045751634
0 0.5135735294117647 0.6179891067538126 0.511609477124183 0.5918039215686274 0.5292843137254902 0.5918039215686274 0.5332124183006536 0.6035882352941176 0.5214281045751633 0.6179891067538126
0 0.5351764705882354 0.5643093681917211 0.5341944444444445 0.5944226579520696 0.5479428104575164 0.5787102396514161 0.5489248366013072 0.563
0 0.5361584967320262 0.5957320261437908 0.5400866013071896 0.6101328976034858 0.5548153594771242 0.6009694989106754 0.5538333333333334 0.577400871459695
0 0.5577614379084967 0.5577625272331154 0.5567794117647059 0.5747821350762528 0.5744558823529412 0.5669281045751634 0.5744558823529412 0.5485969498910676
0 0.5793660130718954 0.5499063180827887 0.5783839869281046 0.5643093681917211 0.6039150326797386 0.5525250544662309 0.6039150326797386 0.5368126361655773
0 0.6068611111111111 0.5289564270152506 0.6098071895424837 0.5512156862745098 0.6274820261437909 0.5407407407407407 0.6225718954248366 0.518483660130719
0 0.6274820261437909 0.5276470588235294 0.6304281045751634 0.5381220043572984 0.6677434640522876 0.5237211328976035 0.6677434640522876 0.5027712418300654
0 0.5538333333333334 0.577400871459695 0.5548153594771242 0.597041394335512 0.6068611111111111 0.5708540305010893 0.6039150326797386 0.5525250544662309
0 0.6098071895424837 0.5525250544662309 0.6127532679738562 0.5708540305010893 0.6402483660130719 0.5525250544662309 0.6382843137254902 0.5381220043572984
0 0.6402483660130719 0.543359477124183 0.6402483660130719 0.5577625272331154 0.6687254901960784 0.5407407407407407 0.6687254901960784 0.5211023965141612
0 0.3112859477124183 0.7266623093681918 0.31226797385620914 0.7463006535947713 0.3476192810457516 0.7332091503267975 0.34467320261437906 0.7083311546840959
0 0.34860130718954246 0.6991655773420479 0.34860130718954246 0.7227342047930283 0.3790424836601307 0.7044030501089326 0.37413235294117647 0.6795272331154685
0 0.3751143790849673 0.6808366013071896 0.3751143790849673 0.7030936819172114 0.40751960784313723 0.6913115468409586 0.4065375816993464 0.6638148148148147
0 0.40359150326797383 0.6598867102396514 0.4065375816993464 0.6926209150326798 0.4369787581699346 0.6729803921568628 0.4369787581699346 0.6559586056644879 0.40457352941176467 0.6690522875816994
0 0.43992483660130716 0.650723311546841 0.43992483660130716 0.6703616557734206 0.4625098039215686 0.657267973856209 0.45956372549019603 0.6323921568627451
0 0.4625098039215686 0.6520305010893246 0.4625098039215686 0.6350108932461874 0.4811683006535948 0.6284640522875816 0.4870604575163399 0.6441764705882354
0 0.4900049019607843 0.6245359477124183 0.4870604575163399 0.6481045751633987 0.5096454248366014 0.6376296296296297 0.5106274509803922 0.6166797385620915
0 0.511609477124183 0.6192984749455337 0.5106274509803922 0.6337015250544663 0.5332124183006536 0.6245359477124183 0.5332124183006536 0.611442265795207
0 0.31030392156862746 0.7449912854030502 0.3112859477124183 0.777723311546841 0.34467320261437906 0.7567755991285403 0.3427091503267974 0.7358257080610022
0 0.31226797385620914 0.7711786492374728 0.31226797385620914 0.7999825708061002 0.34467320261437906 0.7816514161220044 0.34565522875816995 0.7567755991285403
0 0.34860130718954246 0.7371350762527233 0.34860130718954246 0.7541568627450981 0.3790424836601307 0.7318997821350762 0.37609640522875815 0.7044030501089326 0.3495833333333333 0.7279716775599129
0 0.3476192810457516 0.7567755991285403 0.3476192810457516 0.773797385620915 0.3711862745098039 0.7580849673202614 0.37413235294117647 0.7332091503267975
0 0.3780604575163399 0.7083311546840959 0.3780604575163399 0.7305904139433551 0.40850163398692807 0.700474945533769 0.4006454248366013 0.6873834422657953 0.38493464052287585 0.7070217864923748
0 0.3780604575163399 0.7358257080610022 0.3790424836601307 0.7515381263616558 0.4065375816993464 0.7358257080610022 0.402609477124183 0.7135686274509805
0 0.41242973856209153 0.6900021786492375 0.4114477124183007 0.7083311546840959 0.4389428104575163 0.6991655773420479 0.4369787581699346 0.6782178649237474
0 0.4114477124183007 0.7174967320261438 0.40948366013071896 0.7345185185185186 0.43206862745098035 0.7240435729847495 0.43305065359477124 0.700474945533769
0 0.4389428104575163 0.6690522875816994 0.4379607843137255 0.6913115468409586 0.46447385620915027 0.6782178649237474 0.45956372549019603 0.657267973856209
0 0.4379607843137255 0.6952374727668845 0.4379607843137255 0.7135686274509805 0.4625098039215686 0.7044030501089326 0.46152777777777776 0.6821459694989107
0 0.46152777777777776 0.6520305010893246 0.4625098039215686 0.6690522875816994 0.48018627450980395 0.666433551198257 0.4821503267973857 0.650723311546841
0 0.46545588235294116 0.6782178649237474 0.46545588235294116 0.6991655773420479 0.4821503267973857 0.6860740740740741 0.4831323529411765 0.6703616557734206
0 0.486078431372549 0.6467952069716776 0.48804248366013075 0.6585773420479303 0.5086633986928105 0.6533398692810457 0.5076813725490197 0.6389389978213508
0 0.4909869281045751 0.6638148148148147 0.48902287581699344 0.6808366013071896 0.5125915032679739 0.6690522875816994 0.511609477124183 0.6559586056644879
0 0.5145555555555555 0.6376296296296297 0.5125915032679739 0.6481045751633987 0.5489248366013072 0.6428671023965142 0.549906862745098 0.6206078431372548
0 0.5165196078431373 0.6533398692810457 0.5165196078431373 0.6703616557734206 0.5538333333333334 0.657267973856209 0.5518692810457517 0.6467952069716776
0 0.5567794117647059 0.621917211328976 0.5557973856209151 0.640248366013072 0.5852565359477124 0.6127516339869281 0.5813300653594772 0.5944226579520696
0 0.5607075163398693 0.640248366013072 0.5597254901960784 0.6533398692810457 0.6048970588235294 0.6271546840958605 0.6019509803921569 0.6088257080610022
0 0.5351764705882354 0.611442265795207 0.5351764705882354 0.6271546840958605 0.5744558823529412 0.6035882352941176 0.5705277777777777 0.5983507625272331
0 0.6127532679738562 0.6337015250544663 0.600968954248366 0.6140610021786492 0.639266339869281 0.5996601307189543 0.639266339869281 0.6179891067538126
0 0.2140702614379085 0.8536644880174292 0.21308823529411763 0.8719934640522876 0.20719607843137255 0.8261677559912854 0.23272875816993466 0.8471176470588235 0.3053937908496732 0.817004357298475 0.31030392156862746 0.8274771241830066 0.23469281045751636 0.875921568627451 0.21112418300653593 0.8680653594771242
0 0.3093218954248366 0.8091481481481482 0.3093218954248366 0.8392614379084967 0.37315032679738563 0.7855795206971677 0.37020424836601307 0.7593943355119825
0 0.3711862745098039 0.7541568627450981 0.377078431372549 0.7829607843137255 0.440906862745098 0.7423725490196079 0.4340326797385621 0.7266623093681918
0 0.43599673202614375 0.7201154684095861 0.4369787581699346 0.7423725490196079 0.4831323529411765 0.7148779956427016 0.4792042483660131 0.6913115468409586
0 0.4821503267973857 0.6873834422657953 0.4870604575163399 0.7174967320261438 0.5302663398692811 0.6926209150326798 0.5302663398692811 0.6703616557734206
0 0.5341944444444445 0.6795272331154685 0.5341944444444445 0.6965468409586056 0.5646356209150327 0.6729803921568628 0.5665996732026144 0.6559586056644879
0 0.21701633986928104 0.8733028322440087 0.21996241830065358 0.8942527233115468 0.23763725490196078 0.8981808278867102 0.3112859477124183 0.8602113289760348 0.3053937908496732 0.8353333333333334 0.23272875816993466 0.875921568627451
0 0.31030392156862746 0.8392614379084967 0.3083398692810458 0.8628278867102397 0.3780604575163399 0.8117668845315904 0.3672581699346405 0.7960544662309368 0.31423202614379087 0.8314052287581699
0 0.38002450980392155 0.7881982570806101 0.38002450980392155 0.8052200435729847 0.43305065359477124 0.7672505446623094 0.43206862745098035 0.7489193899782135
0 0.43599673202614375 0.7423725490196079 0.4369787581699346 0.7580849673202614 0.4821503267973857 0.7371350762527233 0.4821503267973857 0.7201154684095861
0 0.486078431372549 0.7148779956427016 0.486078431372549 0.7332091503267975 0.5302663398692811 0.709640522875817 0.5302663398692811 0.6900021786492375
0 0.21505228758169934 0.8942527233115468 0.2140702614379085 0.9086535947712419 0.24156535947712418 0.9243660130718954 0.31030392156862746 0.8824684095860567 0.31226797385620914 0.8628278867102397 0.23960130718954248 0.9007995642701525
0 0.3112859477124183 0.8562832244008715 0.31030392156862746 0.8811590413943355 0.3810065359477124 0.8327145969498911 0.3790424836601307 0.8143856209150326
0 0.377078431372549 0.8039106753812636 0.3810065359477124 0.8274771241830066 0.44188888888888883 0.7960544662309368 0.43305065359477124 0.773797385620915
0 0.4379607843137255 0.7685599128540305 0.4379607843137255 0.7934357298474946 0.4821503267973857 0.7593943355119825 0.4811683006535948 0.7449912854030502
0 0.4821503267973857 0.7345185185185186 0.48902287581699344 0.7593943355119825 0.5351764705882354 0.7279716775599129 0.5322303921568627 0.7030936819172114
0 0.5351764705882354 0.7083311546840959 0.5351764705882354 0.7253529411764706 0.5646356209150327 0.7017843137254902 0.5518692810457517 0.6978562091503268
0 0.5665996732026144 0.6598867102396514 0.5675816993464052 0.6873834422657953 0.6107892156862745 0.6598867102396514 0.6078431372549019 0.6376296296296297
0 0.5665996732026144 0.6886928104575164 0.5665996732026144 0.7017843137254902 0.6058790849673202 0.6769084967320262 0.6058790849673202 0.6638148148148147
0 0.21996241830065358 0.9191285403050109 0.21996241830065358 0.9440065359477123 0.23861928104575164 0.9505511982570806 0.3152140522875817 0.9073442265795207 0.31325000000000003 0.8798496732026144 0.24058333333333332 0.9282941176470588
0 0.31226797385620914 0.8772309368191721 0.31619607843137254 0.9034183006535947 0.38002450980392155 0.8536644880174292 0.38002450980392155 0.8327145969498911
0 0.383952614379085 0.8300958605664488 0.3829705882352941 0.8536644880174292 0.4369787581699346 0.8143856209150326 0.43305065359477124 0.7986732026143791
0 0.22683660130718955 0.9492418300653594 0.2258545751633987 0.9675729847494553 0.25236764705882353 0.9767385620915032 0.31816013071895427 0.9256753812636166 0.3112859477124183 0.9073442265795207 0.24254738562091502 0.9531699346405229
0 0.3171781045751634 0.9060348583877996 0.3171781045751634 0.920437908496732 0.3780604575163399 0.8824684095860567 0.3780604575163399 0.8628278867102397
0 0.32405228758169935 0.9243660130718954 0.32699836601307186 0.9453159041394334 0.38788071895424836 0.8981808278867102 0.3810065359477124 0.8746122004357298
0 0.3829705882352941 0.8575925925925926 0.3868986928104575 0.8785403050108932 0.4379607843137255 0.8405708061002178 0.4350147058823529 0.8183137254901961 0.377078431372549 0.8641372549019608
0 0.44188888888888883 0.8065294117647059 0.43992483660130716 0.8327145969498911 0.486078431372549 0.7999825708061002 0.4811683006535948 0.777723311546841
0 0.4870604575163399 0.777723311546841 0.4870604575163399 0.7999825708061002 0.5283022875816994 0.7724880174291939 0.5292843137254902 0.752847494553377
0 0.5283022875816994 0.7318997821350762 0.5302663398692811 0.7463006535947713 0.5705277777777777 0.7214248366013072 0.5685637254901961 0.6991655773420479
0 0.5322303921568627 0.7672505446623094 0.5312483660130719 0.7502287581699347 0.5656176470588236 0.7253529411764706 0.5675816993464052 0.7476100217864924
0 0.5715098039215687 0.700474945533769 0.5695457516339869 0.7318997821350762 0.6039150326797386 0.7017843137254902 0.6058790849673202 0.6808366013071896
0 0.5715098039215687 0.7305904139433551 0.5705277777777777 0.743681917211329 0.6058790849673202 0.7201154684095861 0.6058790849673202 0.7044030501089326
0 0.326016339869281 0.9531699346405229 0.32699836601307186 0.9937581699346405 0.36627614379084966 0.9701917211328975 0.3564575163398693 0.9322222222222222
0 0.35940359477124184 0.9296034858387799 0.35940359477124184 0.9610261437908496 0.3868986928104575 0.9413877995642701 0.383952614379085 0.9021089324618736
0 0.38886274509803925 0.8811590413943355 0.38886274509803925 0.8994901960784314 0.41341176470588237 0.8798496732026144 0.41537581699346404 0.8549738562091503
0 0.41635784313725493 0.852355119825708 0.4193039215686274 0.8785403050108932 0.44188888888888883 0.8589019607843137 0.44188888888888883 0.8300958605664488
0 0.38788071895424836 0.9047254901960784 0.3898447712418301 0.9217472766884531 0.4143937908496732 0.9060348583877996 0.41537581699346404 0.8785403050108932
0 0.41733986928104577 0.8811590413943355 0.41635784313725493 0.9034183006535947 0.4379607843137255 0.8850871459694989 0.43992483660130716 0.8641372549019608
0 0.4428709150326797 0.8353333333333334 0.44188888888888883 0.8602113289760348 0.46152777777777776 0.8405708061002178 0.46447385620915027 0.817004357298475
0 0.46349183006535943 0.8196230936819172 0.46447385620915027 0.841880174291939 0.4870604575163399 0.8209302832244009 0.4870604575163399 0.7934357298474946
0 0.43992483660130716 0.8641372549019608 0.43992483660130716 0.8850871459694989 0.4684019607843137 0.8733028322440087 0.46349183006535943 0.8458082788671024
0 0.4684019607843137 0.841880174291939 0.4684019607843137 0.8746122004357298 0.48804248366013075 0.8536644880174292 0.4870604575163399 0.8287864923747277
0 0.646140522875817 0.34303703703703703 0.6451584967320261 0.36005664488017425 0.6746176470588235 0.3535119825708061 0.6765816993464052 0.3391089324618737
0 0.6500669934640523 0.41635729847494557 0.6481029411764706 0.441235294117647 0.6755996732026144 0.4268322440087146 0.6736356209150327 0.4098104575163399
0 0.7011307189542484 0.4006448801742919 0.6716715686274509 0.4202854030501089 0.6736356209150327 0.43076034858387796 0.7021127450980392 0.4189760348583878
0 0.6500669934640523 0.43730718954248365 0.6471209150326798 0.45563616557734204 0.6687254901960784 0.445161220043573 0.6706895424836601 0.42945098039215684
0 0.6785441176470588 0.43206971677559913 0.6775637254901961 0.4425424836601307 0.7050588235294117 0.4359978213507625 0.7030947712418301 0.4202854030501089
0 0.6765816993464052 0.37445969498910675 0.6765816993464052 0.3914814814814815 0.7040767973856209 0.38231590413943356 0.7030947712418301 0.36660348583877994
0 0.6765816993464052 0.3927908496732026 0.6765816993464052 0.4098104575163399 0.7060408496732026 0.4006448801742919 0.7060408496732026 0.39017211328976037
0 0.6481029411764706 0.45694553376906316 0.6481029411764706 0.4700392156862745 0.7011307189542484 0.45563616557734204 0.7011307189542484 0.43730718954248365
0 0.6471209150326798 0.4713485838779956 0.6471209150326798 0.48967755991285405 0.6972026143790849 0.4726579520697167 0.6972026143790849 0.4530174291938998
0 0.6706895424836601 0.5197930283224401 0.6706895424836601 0.5551437908496732 0.6952385620915033 0.5420501089324619 0.6942565359477124 0.5080087145969499
0 0.4909869281045751 0.7986732026143791 0.49295098039215685 0.822239651416122 0.5155375816993464 0.8026013071895425 0.511609477124183 0.7829607843137255
0 0.11783660130718954 0.34696514161220043 0.11783660130718954 0.37315032679738563 0.13747712418300653 0.38493464052287585 0.13944117647058824 0.357437908496732
0 0.14238562091503268 0.36005664488017425 0.14042320261437907 0.3836252723311547 0.17086437908496732 0.396718954248366 0.16693627450980394 0.36922222222222223
0 0.14238562091503268 0.3914814814814815 0.14336764705882352 0.4189760348583878 0.20719607843137255 0.4503986928104575 0.20523202614379085 0.4150479302832244
0 0.11783660130718954 0.4137385620915033 0.11783660130718954 0.42945098039215684 0.17184640522875816 0.45563616557734204 0.17184640522875816 0.4359978213507625
0 0.12274673202614378 0.43468845315904137 0.12471078431372548 0.46349237472766885 0.1630081699346405 0.47789542483660136 0.16006209150326797 0.4490893246187364
0 0.16006209150326797 0.45432679738562093 0.16006209150326797 0.4792047930283225 0.178718954248366 0.48444008714596953 0.17577287581699344 0.4621830065359477
0 0.12176470588235294 0.46087363834422657 0.12274673202614378 0.48705882352941177 0.16791830065359478 0.5106274509803921 0.16202614379084967 0.4805141612200436
0 0.16595424836601305 0.5158649237472767 0.16791830065359478 0.5420501089324619 0.2042516339869281 0.563 0.2042516339869281 0.5368126361655773
0 0.16693627450980394 0.5446688453159041 0.1630081699346405 0.5656187363834423 0.198359477124183 0.5957320261437908 0.19934150326797387 0.5616906318082788
0 0.16399019607843138 0.5760915032679739 0.16595424836601305 0.5918039215686274 0.2022875816993464 0.6179891067538126 0.19934150326797387 0.5891851851851851
0 0.07561274509803921 0.4006448801742919 0.07855882352941176 0.42552287581699344 0.0991797385620915 0.43468845315904137 0.0991797385620915 0.4137385620915033
0 0.0991797385620915 0.4176666666666667 0.10310784313725489 0.441235294117647 0.11783660130718954 0.445161220043573 0.11587254901960785 0.4176666666666667
0 0.07463071895424836 0.35874727668845313 0.07266666666666667 0.37969716775599127 0.11881862745098039 0.3954095860566449 0.11587254901960785 0.3757690631808279
0 0.13649509803921567 0.6101328976034858 0.13551307189542483 0.6428671023965142 0.16399019607843138 0.6611960784313725 0.1610441176470588 0.6376296296296297
0 0.16497222222222221 0.6441764705882354 0.17675490196078433 0.6769084967320262 0.178718954248366 0.6598867102396514
0 0.18166503267973858 0.6638148148148147 0.18166503267973858 0.6847647058823529 0.19934150326797387 0.6965468409586056 0.19934150326797387 0.675599128540305
0 0.12569281045751635 0.5839477124183006 0.12471078431372548 0.6035882352941176 0.2081781045751634 0.6926209150326798 0.20326960784313725 0.6533398692810457
0 0.14336764705882352 0.6454858387799565 0.13845915032679737 0.6742897603485839 0.16497222222222221 0.6913115468409586 0.16693627450980394 0.6651241830065359
0 0.16693627450980394 0.6795272331154685 0.16693627450980394 0.6900021786492375 0.19344934640522876 0.7135686274509805 0.19443137254901963 0.6965468409586056
0 0.14336764705882352 0.6821459694989107 0.14336764705882352 0.6939281045751633 0.1630081699346405 0.7109498910675381 0.16399019607843138 0.6952374727668845
0 0.16693627450980394 0.6939281045751633 0.16693627450980394 0.7109498910675381 0.19344934640522876 0.7384444444444445 0.19246732026143792 0.7174967320261438
0 0.14631372549019608 0.6991655773420479 0.14140522875816994 0.7135686274509805 0.16399019607843138 0.7305904139433551 0.16399019607843138 0.7174967320261438
0 0.17184640522875816 0.7253529411764706 0.16890032679738562 0.743681917211329 0.19934150326797387 0.7659411764705882 0.19541339869281046 0.7358257080610022
0 0.14336764705882352 0.7214248366013072 0.14042320261437907 0.7332091503267975 0.16399019607843138 0.7502287581699347 0.16497222222222221 0.7305904139433551
0 0.16693627450980394 0.743681917211329 0.16791830065359478 0.7646318082788671 0.20326960784313725 0.8039106753812636 0.19737745098039217 0.7672505446623094
0 0.16890032679738562 0.9256753812636166 0.16693627450980394 0.9426971677559912 0.18952124183006536 0.9806666666666666 0.18952124183006536 0.9518605664488017
0 0.12274673202614378 0.8615206971677559 0.12274673202614378 0.8785403050108932 0.14140522875816994 0.8955620915032679 0.14042320261437907 0.875921568627451
0 0.14729575163398692 0.8903246187363835 0.14729575163398692 0.9034183006535947 0.1541699346405229 0.9269847494553377 0.16399019607843138 0.9073442265795207 0.14533169934640522 0.8785403050108932
0 0.19148529411764706 0.9610261437908496 0.19148529411764706 0.9859041394335512 0.20719607843137255 0.9978213507625272 0.20719607843137255 0.9832854030501089
0 0.1905032679738562 0.9335315904139433 0.18461111111111111 0.9531699346405229 0.2140702614379085 0.9793572984749455 0.2140702614379085 0.9570980392156863
0 0.16988235294117648 0.9021089324618736 0.16890032679738562 0.9178191721132898 0.18461111111111111 0.9426971677559912 0.18559313725490195 0.9178191721132898
0 0.16399019607843138 0.8261677559912854 0.16399019607843138 0.8431895424836602 0.18952124183006536 0.8890152505446622 0.19148529411764706 0.8549738562091503
0 0.13845915032679737 0.7371350762527233 0.13354901960784313 0.7607037037037038 0.16497222222222221 0.7881982570806101 0.15809803921568627 0.7541568627450981
0 0.16791830065359478 0.7698692810457517 0.16399019607843138 0.7934357298474946 0.1826470588235294 0.8156949891067538 0.18166503267973858 0.797363834422658
0 0.18461111111111111 0.7960544662309368 0.18362908496732025 0.817004357298475 0.21112418300653593 0.8510457516339869 0.20523202614379085 0.807838779956427
0 0.18952124183006536 0.8261677559912854 0.18755718954248365 0.8458082788671024 0.21308823529411763 0.8798496732026144 0.2121062091503268 0.8458082788671024
0 0.1630081699346405 0.7999825708061002 0.1630081699346405 0.822239651416122 0.18461111111111111 0.8484270152505446 0.18952124183006536 0.8300958605664488
0 0.19443137254901963 0.8693747276688454 0.1905032679738562 0.8890152505446622 0.21308823529411763 0.9125816993464052 0.21112418300653593 0.8837777777777778
0 0.1885392156862745 0.8994901960784314 0.18559313725490195 0.9191285403050109 0.21505228758169934 0.9426971677559912 0.21505228758169934 0.9165098039215687
0 0.16693627450980394 0.8654466230936819 0.1630081699346405 0.896871459694989 0.1826470588235294 0.9152004357298474 0.18461111111111111 0.8890152505446622
0 0.3898447712418301 0.940078431372549 0.3927908496732026 0.9597167755991285 0.40850163398692807 0.9440065359477123 0.41537581699346404 0.9217472766884531
0 0.36333006535947715 0.9662636165577342 0.364312091503268 0.9937581699346405 0.3868986928104575 0.9649542483660131 0.3868986928104575 0.9440065359477123
0 0.39180882352941176 0.9584074074074074 0.3908267973856209 0.9819760348583877 0.41242973856209153 0.9623355119825708 0.40948366013071896 0.940078431372549
0 0.41733986928104577 0.9191285403050109 0.41733986928104577 0.9440065359477123 0.44188888888888883 0.9230566448801742 0.43992483660130716 0.9060348583877996
0 0.4870604575163399 0.8183137254901961 0.49295098039215685 0.8431895424836602 0.5145555555555555 0.8261677559912854 0.5096454248366014 0.8052200435729847
0 0.4939330065359477 0.841880174291939 0.49589705882352936 0.8615206971677559 0.518483660130719 0.8536644880174292 0.5135735294117647 0.8248583877995643
0 0.5145555555555555 0.786888888888889 0.5165196078431373 0.8026013071895425 0.5341944444444445 0.7986732026143791 0.5302663398692811 0.773797385620915
0 0.5165196078431373 0.8117668845315904 0.5165196078431373 0.8353333333333334 0.5341944444444445 0.8196230936819172 0.5302663398692811 0.8052200435729847
0 0.5145555555555555 0.8379520697167756 0.5175016339869282 0.8549738562091503 0.5341944444444445 0.8431895424836602 0.5341944444444445 0.8287864923747277
0 0.5518692810457517 0.7580849673202614 0.5528513071895426 0.7803420479302833 0.5724918300653595 0.7659411764705882 0.5705277777777777 0.7502287581699347
0 0.5548153594771242 0.7842701525054466 0.5567794117647059 0.807838779956427 0.5656176470588236 0.7921263616557734 0.5685637254901961 0.7685599128540305
0 0.5734738562091504 0.7476100217864924 0.5715098039215687 0.763322440087146 0.5891846405228759 0.7489193899782135 0.5852565359477124 0.7358257080610022 0.575437908496732 0.7384444444444445
0 0.14434967320261438 0.8458082788671024 0.14434967320261438 0.866755991285403 0.1610441176470588 0.88639651416122 0.15908006535947714 0.8562832244008715
0 0.14238562091503268 0.7803420479302833 0.14238562091503268 0.8183137254901961 0.15613398692810457 0.8366427015250545 0.1610441176470588 0.7881982570806101
0 0.20523202614379085 0.6245359477124183 0.20523202614379085 0.6494139433551198 0.1129264705882353 0.577400871459695 0.11390849673202615 0.563
0 0.10212581699346406 0.5080087145969499 0.0991797385620915 0.5224117647058824 0.16006209150326797 0.5656187363834423 0.15809803921568627 0.5394313725490196
0 0.0991797385620915 0.4818235294117647 0.09819771241830065 0.5080087145969499 0.15908006535947714 0.5407407407407407 0.16399019607843138 0.5132461873638344 0.10605392156862745 0.48574945533769065
0 0.34172712418300655 0.21734422657952068 0.338781045751634 0.23043790849673204 0.36136764705882357 0.23043790849673204 0.36627614379084966 0.20817864923747278
0 0.36627614379084966 0.21734422657952068 0.36627614379084966 0.23174509803921567 0.3829705882352941 0.2291285403050109 0.3829705882352941 0.21210675381263616
0 0.38886274509803925 0.21603485838779957 0.38886274509803925 0.23174509803921567 0.4104656862745098 0.23436383442265793 0.4114477124183007 0.2291285403050109
0 0.36627614379084966 0.22781917211328975 0.3652941176470588 0.2487668845315904 0.3859166666666667 0.2487668845315904 0.3859166666666667 0.22650980392156864
0 0.3908267973856209 0.23043790849673204 0.38886274509803925 0.2474575163398693 0.4065375816993464 0.25531372549019604 0.4065375816993464 0.23436383442265793 0.39769934640522875 0.23436383442265793
0 0.36136764705882357 0.2513856209150327 0.36333006535947715 0.27102614379084966 0.38493464052287585 0.27102614379084966 0.3829705882352941 0.2487668845315904
0 0.3868986928104575 0.2540043572984749 0.3868986928104575 0.27102614379084966 0.40359150326797383 0.27102614379084966 0.40555555555555556 0.2540043572984749
0 0.38788071895424836 0.26578867102396514 0.38788071895424836 0.28411764705882353 0.40751960784313723 0.28542701525054465 0.40850163398692807 0.26840740740740743
0 0.39180882352941176 0.28804575163398694 0.3908267973856209 0.3103050108932462 0.4065375816993464 0.3063769063180828 0.40457352941176467 0.28673638344226576
0 0.18166503267973858 0.3679128540305011 0.2140702614379085 0.35613071895424836 0.24352941176470588 0.38100653594771244
0 0.33583496732026147 0.23698257080610022 0.33583496732026147 0.2605511982570806 0.364312091503268 0.25531372549019604 0.364312091503268 0.23960130718954248
0 0.3368169934640523 0.2592418300653595 0.33583496732026147 0.2775708061002179 0.35940359477124184 0.2723355119825708 0.3564575163398693 0.2474575163398693 0.33190686274509806 0.2526949891067538
0 0.364312091503268 0.27102614379084966 0.36333006535947715 0.28935511982570805 0.383952614379085 0.28411764705882353 0.3829705882352941 0.26840740740740743
0 0.3829705882352941 0.30244880174291944 0.3829705882352941 0.2919738562091503 0.36333006535947715 0.29066448801742917 0.3672581699346405 0.3063769063180828
0 0.33583496732026147 0.2775708061002179 0.338781045751634 0.2919738562091503 0.36136764705882357 0.2919738562091503 0.35940359477124184 0.26709803921568626
0 0.34467320261437906 0.2972113289760348 0.3436911764705882 0.3063769063180828 0.36333006535947715 0.30768627450980396 0.36136764705882357 0.29066448801742917 0.35154738562091503 0.29328322440087146
0 0.22880065359477125 0.357437908496732 0.2513856209150327 0.34303703703703703 0.28575490196078435 0.36922222222222223 0.25629575163398693 0.3836252723311547
0 0.27593464052287586 0.34696514161220043 0.30342973856209154 0.3377995642701525 0.3230702614379085 0.36267538126361654 0.29852124183006534 0.3757690631808279 0.26906045751633983 0.34303703703703703
0 0.6726535947712418 0.31684967320261437 0.6726535947712418 0.3312527233115468 0.7001486928104574 0.32339651416122 0.6981846405228758 0.3063769063180828
0 0.6765816993464052 0.3312527233115468 0.6765816993464052 0.34696514161220043 0.7040767973856209 0.3364901960784314 0.7030947712418301 0.3273246187363834
0 0.6795261437908496 0.3443464052287582 0.6795261437908496 0.36267538126361654 0.7011307189542484 0.35613071895424836 0.6991666666666666 0.3417276688453159