0 0.284245 0.7125046869141357 0.224225 0.049253843269591306
0 0.49941 0.6972178477690288 0.187985 0.0526509186351706
0 0.39749 0.6105961754780652 0.14269 0.042459692538432695
0 0.13929 0.5970078740157481 0.183455 0.049253843269591306
0 0.27858 0.6029508811398575 0.06794499999999999 0.04076115485564304
0 0.6511549999999999 0.6895725534308211 0.09739 0.057746531683539555
0 0.73609 0.6912710911136107 0.06794499999999999 0.06793775778027747
0 0.8516 0.7031608548931383 0.06794499999999999 0.044158230221222346
0 0.9461849999999999 0.6938207724034496 0.10762999999999999 0.056047994000749904
0 0.980155 0.6411661042369704 0.039685000000000005 0.049253843269591306
0 0.87878 0.6445631796025497 0.1676 0.0526509186351706
0 0.94392 0.5893663292088489 0.11216 0.044158230221222346
0 0.8448049999999999 0.5876677915260592 0.07700499999999999 0.04755530558680165
0 0.8878400000000001 0.5358642669666293 0.17665999999999998 0.059445069366329206
0 0.98582 0.5307686539182602 0.02836 0.0526509186351706
0 0.94845 0.48236220472440944 0.1031 0.044158230221222346
0 0.84594 0.47811773528308965 0.0838 0.049253843269591306
0 0.9025599999999999 0.4237645294338208 0.15175 0.056047994000749904
0 0.87991 0.3719610048743907 0.07927 0.06114360704911886
0 0.960905 0.3745106861642295 0.07819 0.056047994000749904
0 0.96317 0.32100862392200974 0.07366 0.044158230221222346
0 0.8821749999999999 0.31336707911511064 0.08832999999999999 0.059445069366329206
0 0.87538 0.25476940382452196 0.07474 0.04755530558680165
0 0.960905 0.27090363704536935 0.07819 0.056047994000749904
0 0.87538 0.2038132733408324 0.07021 0.06114360704911886
0 0.95805 0.21315710536182977 0.063415 0.0526509186351706
0 0.96204 0.1681477315335583 0.07592499999999999 0.057746531683539555
0 0.7995099999999999 0.23863517060367456 0.086065 0.06284214473190851
0 0.706645 0.22504686914135735 0.072475 0.06623922009748781
0 0.686265 0.7481702287214098 0.158545 0.059445069366329206
0 0.6919249999999999 0.635223097112861 0.160805 0.05434945631796025
0 0.87085 0.7532658417697788 0.16986500000000002 0.045856767904012
0 0.98242 0.7507199100112486 0.035155 0.03397075365579302
0 0.899755 0.79997375328084 0.20049 0.05434945631796025
0 0.86519 0.8577202849643795 0.16307 0.057746531683539555
0 0.980155 0.8483802024746907 0.039685000000000005 0.045856767904012
0 0.655685 0.8093138357705287 0.07474 0.0526509186351706
0 0.7326950000000001 0.8050693663292088 0.0838 0.04755530558680165
0 0.681735 0.869610048743907 0.18119 0.05095238095238095
0 0.89409 0.910307461567304 0.211815 0.054214473190851147
0 0.6896599999999999 0.9255230596175478 0.17439500000000002 0.05434945631796025
0 0.483555 0.9543982002249719 0.219695 0.06114360704911886
0 0.266125 0.9729508811398576 0.246875 0.05409448818897638
0 0.335205 0.9127859017622797 0.104185 0.059445069366329206
0 0.446185 0.9034420697412824 0.095125 0.06454068241469817
0 0.54244 0.8890063742032246 0.0838 0.06284214473190851
0 0.497145 0.8287101612298463 0.192515 0.04755530558680165
0 0.492615 0.7718147731533558 0.192515 0.056047994000749904
0 0.34313 0.7786089238845145 0.11098000000000001 0.059445069366329206
0 0.27405 0.8448481439820023 0.23102 0.056047994000749904
0 0.14042500000000002 0.9153318335208099 0.25367 0.07473190851143607
0 0.07927 0.9848406449193852 0.12230500000000001 0.03031496062992126
0 0.08832999999999999 0.854188226471691 0.117775 0.06114360704911886
0 0.16647 0.7896475440569928 0.237815 0.06454068241469817
0 0.10532 0.7157630296212973 0.1291 0.049253843269591306
0 0.12456999999999999 0.23184101987251596 0.063415 0.049253843269591306
0 0.23555 0.2394825646794151 0.117775 0.05095238095238095
0 0.362385 0.2505211848518935 0.09965500000000001 0.042459692538432695
0 0.149485 0.27260217472815895 0.13589500000000002 0.035669291338582675
0 0.28651 0.2827934008248969 0.12004000000000001 0.042459692538432695
0 0.38503 0.29213348331458566 0.058885 0.03397075365579302
0 0.10645 0.31081739782527185 0.063415 0.030573678290213725
0 0.22196000000000002 0.31336707911511064 0.131365 0.042459692538432695
0 0.344265 0.3227071616047994 0.113245 0.04755530558680165
0 0.14042500000000002 0.3473340832395951 0.144955 0.035669291338582675
0 0.308025 0.3592238470191226 0.18572 0.042459692538432695
0 0.098525 0.3796062992125984 0.07474 0.03227221597300337
0 0.2129 0.39064491938507684 0.131365 0.04076115485564304
0 0.3386 0.3931946006749157 0.11098000000000001 0.03227221597300337
0 0.14382 0.4280127484064492 0.12456999999999999 0.03397075365579302
0 0.24461000000000002 0.4254630671166104 0.058885 0.028875140607424073
0 0.30123 0.43055868016497933 0.058885 0.03227221597300337
0 0.36578 0.43480689913760784 0.061149999999999996 0.03397075365579302
0 0.09739 0.4662279715035621 0.06794499999999999 0.03227221597300337
0 0.20384 0.46113235845519307 0.12230500000000001 0.035669291338582675
0 0.3386 0.4636782902137233 0.13363 0.03397075365579302
0 0.127965 0.49679790026246723 0.14269 0.035669291338582675
0 0.270655 0.4976490438695163 0.12004000000000001 0.03397075365579302
0 0.36125 0.49679790026246723 0.061149999999999996 0.02547806524184477
0 0.09626 0.5384101987251594 0.07927 0.04076115485564304
0 0.20724 0.5375628046494189 0.13816 0.03227221597300337
0 0.32841000000000004 0.5418072740907387 0.117775 0.03397075365579302
0 0.67041 0.4568841394825647 0.07700499999999999 0.06114360704911886
0 0.75081 0.46113235845519307 0.07927 0.06284214473190851
0 0.655685 0.5774765654293214 0.09286 0.05434945631796025
0 0.7519450000000001 0.5808736407949007 0.09965500000000001 0.057746531683539555
0 0.697585 0.5197300337457817 0.1676 0.057746531683539555
0 0.7259 0.4050806149231346 0.160805 0.06963629546306711
0 0.6919249999999999 0.35073115860517434 0.06568 0.059445069366329206
0 0.7723300000000001 0.3558267716535433 0.090595 0.056047994000749904
0 0.6500245 0.25307011623547054 0.6500245 0.2972302212223472 0.810832 0.3278023997000375 0.8402755 0.2819441319835021 0.6500245 0.24627634045744282
0 0.6681435 0.1358766404199475 0.6613490000000001 0.1885286839145107 0.8266865 0.21230708661417322 0.8516 0.16475028121484814
0 0.6726735 0.06623997000374954 0.6772035 0.1273843269591301 0.9082224999999999 0.1834334458192726 0.937666 0.122289088863892
0 0.41221050000000004 0.25307011623547054 0.4258 0.29043644544431946 0.4620385 0.25646719160104986 0.45750850000000004 0.2207994000749906
0 0.466568 0.21570416197975253 0.471098 0.24967341582302213 0.507336 0.22589501312335958 0.514131 0.18513198350206225
0 0.5209255 0.18173490813648294 0.5231905 0.20891038620172478 0.575283 0.1834334458192726 0.577548 0.15286126734158229
0 0.5911375000000001 0.14267041619797527 0.5956670000000001 0.17663967004124484 0.6726735 0.1273843269591301 0.6726735 0.06963667041619798
0 0.5481045 0.19871953505811774 0.550369 0.24457780277465316 0.6704085 0.1885286839145107 0.6704085 0.13078140232470942
0 0.5707530000000001 0.2309902512185977 0.5639584999999999 0.2768485189351331 0.6590839999999999 0.23438732658417696 0.665879 0.18513198350206225
0 0.5277205 0.3023254593175853 0.5277205 0.34138995125609295 0.6024619999999999 0.32950093738282715 0.597932 0.2734518185226847 0.509601 0.30062692163479565
0 0.443919 0.2921346081739783 0.450714 0.3311994750656168 0.49148200000000003 0.314214848143982 0.4982765 0.2768485189351331
0 0.5005415 0.2683562054743157 0.5005415 0.29892875890513687 0.559429 0.2802455943007124 0.5616935 0.24457780277465316
0 0.6024619999999999 0.2649595050618673 0.6024619999999999 0.3193100862392201 0.6319055 0.3074210723659543 0.636435 0.2547686539182602
0 0.554899 0.3362947131608549 0.554899 0.3872485939257592 0.6454945 0.37196250468691416 0.6454945 0.30572253468316457
0 0.5209255 0.3447870266216723 0.5209255 0.3821529808773903 0.550369 0.3821529808773903 0.5458395 0.3362947131608549
0 0.448449 0.33799325084364457 0.4597735 0.36347019122609675 0.514131 0.36007311586051743 0.516396 0.30402399700037497 0.464303 0.3328976377952756
0 0.5209255 0.39064529433820777 0.5118659999999999 0.4280112485939258 0.6296404999999999 0.426313085864267 0.640965 0.3702639670041245
0 0.534515 0.43820209973753277 0.5435745 0.4789651293588302 0.616051 0.4857589051368579 0.620581 0.43480539932508433
0 0.5028065 0.4908545181852268 0.507336 0.5401094863142107 0.616051 0.5418080239970003 0.616051 0.49425121859767523
0 0.496012 0.580872515935508 0.496012 0.6284293213348331 0.597932 0.6573033370828647 0.5956670000000001 0.6080479940007499
0 0.4597735 0.5265219347581552 0.4597735 0.5604911886014248 0.5277205 0.580872515935508 0.534515 0.5384113235845519
0 0.529985 0.5418080239970003 0.534515 0.5893648293963255 0.620581 0.6029527559055118 0.6047265 0.5486017997750282
0 0.4393895 0.49255268091488563 0.4371245 0.5180296212973379 0.5186605 0.5316175478065243 0.5118659999999999 0.48745744281964754 0.42127050000000005 0.48745744281964754
0 0.466568 0.4399006374203224 0.45750850000000004 0.4755684289463817 0.5526340000000001 0.48236220472440944 0.5390444999999999 0.4432977127859018
0 0.443919 0.37196250468691416 0.443919 0.4093284589426322 0.4756275 0.4008361454818148 0.471098 0.36516835395575553
0 0.43033 0.4076299212598425 0.4325945 0.4449958755155606 0.473363 0.43650356205474317 0.4801575 0.40593138357705283
0 0.4778925 0.4025346831646044 0.4801575 0.43480539932508433 0.5118659999999999 0.43820209973753277 0.514131 0.40423284589426317
0 0.468833 0.3566760404949381 0.4756275 0.4025346831646044 0.5186605 0.39234383202099743 0.5186605 0.3566760404949381
0 0.4144755 0.3244053243344582 0.4144755 0.3532793400824897 0.450714 0.33799325084364457 0.4416545 0.3108177727784027
0 0.45524349999999997 0.2581657292838395 0.45524349999999997 0.28534083239595054 0.534515 0.25307011623547054 0.53225 0.21740269966254216