0 0.4713541666666667 0.3606770833333333 0.140625 0.0546875
0 0.6276041666666666 0.3697916666666667 0.14583333333333334 0.057291666666666664
0 0.796875 0.3645833333333333 0.171875 0.0625
0 0.30859375 0.3606770833333333 0.08072916666666667 0.0546875
0 0.3776041666666667 0.3619791666666667 0.026041666666666668 0.052083333333333336
0 0.5143229166666666 0.5078125 0.1328125 0.06770833333333333
0 0.66796875 0.5169270833333334 0.14322916666666666 0.0703125
0 0.828125 0.5338541666666666 0.17708333333333334 0.078125
0 0.91015625 0.4583333333333333 0.0390625 0.08333333333333333
0 0.9270833333333334 0.3697916666666667 0.046875 0.078125
0 0.03125 0.6627604166666666 0.0625 0.0546875
0 0.10286458333333333 0.66796875 0.059895833333333336 0.049479166666666664
0 0.19010416666666666 0.6848958333333334 0.09375 0.052083333333333336
0 0.3059895833333333 0.4934895833333333 0.1171875 0.06510416666666667
0 0.6549479166666666 0.9375 0.1328125 0.078125
0 0.796875 0.96875 0.125 0.0625
0 0.5286458333333334 0.8958333333333334 0.125 0.0625
0 0.3346354166666667 0.8502604166666666 0.1015625 0.044270833333333336
0 0.5208333333333334 0.7799479166666666 0.09895833333333333 0.0703125
0 0.6432291666666666 0.8059895833333334 0.11979166666666667 0.07552083333333333
0 0.80078125 0.84765625 0.12760416666666666 0.06510416666666667
0 0.3216145833333333 0.7434895833333334 0.09114583333333333 0.049479166666666664
0 0.19401041666666666 0.7760416666666666 0.08072916666666667 0.03125
0 0.11328125 0.7669270833333334 0.059895833333333336 0.033854166666666664
0 0.046875 0.75 0.057291666666666664 0.026041666666666668
0 0.85546875 0.17578125 0.0859375 0.033854166666666664
0 0.9557291666666666 0.16145833333333334 0.08333333333333333 0.036458333333333336
0 0.7421875 0.18229166666666666 0.057291666666666664 0.03125
0 0.7526041666666666 0.08203125 0.06770833333333333 0.033854166666666664
0 0.6041666666666666 0.10677083333333333 0.07291666666666667 0.026041666666666668
0 0.6041666666666666 0.1875 0.057291666666666664 0.026041666666666668
0 0.5208333333333334 0.21484375 0.078125 0.0390625
0 0.3697916666666667 0.14453125 0.052083333333333336 0.0234375
0 0.2747395833333333 0.22916666666666666 0.049479166666666664 0.03125
0 0.26953125 0.15104166666666666 0.0546875 0.020833333333333332
0 0.2734375 0.07682291666666667 0.0625 0.028645833333333332
0 0.3723958333333333 0.055989583333333336 0.052083333333333336 0.0234375
0 0.4231770833333333 0.05078125 0.059895833333333336 0.033854166666666664
0 0.51171875 0.029947916666666668 0.07552083333333333 0.033854166666666664
0 0.2565104166666667 0.4231770833333333 0.033854166666666664 0.0703125
0 0.2942708333333333 0.42578125 0.03125 0.059895833333333336
0 0.3411458333333333 0.41796875 0.03125 0.08072916666666667
0 0.3763020833333333 0.4283854166666667 0.044270833333333336 0.06510416666666667
0 0.42578125 0.4322916666666667 0.028645833333333332 0.06770833333333333
0 0.4661458333333333 0.4309895833333333 0.041666666666666664 0.08072916666666667
0 0.5078125 0.4348958333333333 0.036458333333333336 0.06770833333333333
0 0.55859375 0.4401041666666667 0.044270833333333336 0.078125
0 0.609375 0.4361979166666667 0.052083333333333336 0.08072916666666667
0 0.6588541666666666 0.4453125 0.041666666666666664 0.08854166666666667
0 0.7109375 0.4466145833333333 0.052083333333333336 0.09114583333333333
0 0.765625 0.4466145833333333 0.057291666666666664 0.07552083333333333
0 0.8424479166666666 0.44921875 0.059895833333333336 0.09114583333333333
0 0.78125 0.2890625 0.057291666666666664 0.07291666666666667
0 0.8463541666666666 0.2799479166666667 0.057291666666666664 0.0859375
0 0.9192708333333334 0.2799479166666667 0.08854166666666667 0.07552083333333333
0 0.71875 0.28515625 0.057291666666666664 0.08072916666666667
0 0.6575520833333334 0.2890625 0.0546875 0.07291666666666667
0 0.6080729166666666 0.28125 0.0546875 0.078125
0 0.5559895833333334 0.28125 0.06510416666666667 0.0625
0 0.51171875 0.2838541666666667 0.049479166666666664 0.06770833333333333
0 0.4635416666666667 0.2864583333333333 0.052083333333333336 0.06770833333333333
0 0.41796875 0.2890625 0.0390625 0.06770833333333333
0 0.37890625 0.29296875 0.0390625 0.06510416666666667
0 0.3463541666666667 0.2864583333333333 0.03125 0.052083333333333336
0 0.3880208333333333 0.49609375 0.036458333333333336 0.07552083333333333
0 0.41796875 0.5 0.044270833333333336 0.0625
0 0.2864583333333333 0.5559895833333334 0.046875 0.049479166666666664
0 0.33984375 0.5520833333333334 0.033854166666666664 0.052083333333333336
0 0.3802083333333333 0.5677083333333334 0.036458333333333336 0.08333333333333333
0 0.42578125 0.5651041666666666 0.033854166666666664 0.0625
0 0.4635416666666667 0.58203125 0.03125 0.0703125
0 0.5091145833333334 0.5768229166666666 0.033854166666666664 0.06510416666666667
0 0.5559895833333334 0.5833333333333334 0.049479166666666664 0.06770833333333333
0 0.59765625 0.5859375 0.044270833333333336 0.057291666666666664
0 0.65234375 0.59375 0.0390625 0.06770833333333333
0 0.7057291666666666 0.6067708333333334 0.052083333333333336 0.07291666666666667
0 0.7591145833333334 0.6080729166666666 0.049479166666666664 0.08072916666666667
0 0.8203125 0.6145833333333334 0.052083333333333336 0.06770833333333333
0 0.4309895833333333 0.1328125 0.0703125 0.03125
0 0.5065104166666666 0.11979166666666667 0.08072916666666667 0.026041666666666668
0 0.3294270833333333 0.14453125 0.049479166666666664 0.028645833333333332
0 0.3828125 0.22526041666666666 0.07291666666666667 0.028645833333333332
0 0.4440104166666667 0.20703125 0.06510416666666667 0.0390625
0 0.8606770833333334 0.06901041666666667 0.08072916666666667 0.044270833333333336
0 0.9609375 0.061197916666666664 0.078125 0.028645833333333332
0 0.9609375 0.11588541666666667 0.078125 0.044270833333333336
0 0.4075520833333333 0.7044270833333334 0.013020833333333334 0.044270833333333336
0 0.4440104166666667 0.71484375 0.033854166666666664 0.033854166666666664
0 0.39867708333333335 0.7470104166666667 0.027166666666666665 0.06551041666666667
0 0.4434166666666667 0.7518020833333333 0.03675 0.04953125
0 0.48096875 0.7198541666666666 0.022375 0.039947916666666666
0 0.5185104166666666 0.7270416666666667 0.03036458333333333 0.03835416666666667
0 0.5648541666666667 0.736625 0.043145833333333335 0.04154166666666667
0 0.6087916666666667 0.74621875 0.03195833333333333 0.0479375
0 0.6487395833333333 0.7558020833333334 0.03515625 0.04473958333333334
0 0.6982812500000001 0.7669895833333332 0.028760416666666667 0.04154166666666667
0 0.7542083333333333 0.7701875 0.057520833333333334 0.05433333333333333
0 0.8053333333333333 0.7797708333333334 0.04154166666666667 0.03835416666666667
0 0.8764375 0.8620625000000001 0.039947916666666666 0.05272916666666667
0 0.8708541666666666 0.7933541666666667 0.03835416666666667 0.043145833333333335
0 0.8572708333333333 0.92278125 0.04634375 0.04953125
0 0.7989479166666666 0.91 0.04154166666666667 0.05592708333333333
0 0.7430208333333332 0.9068020833333333 0.05113541666666667 0.0623125
0 0.6958854166666666 0.891625 0.043145833333333335 0.04473958333333334
0 0.6439479166666667 0.8812395833333333 0.03195833333333333 0.0623125
0 0.6048020833333333 0.8684583333333333 0.03036458333333333 0.059125
0 0.5616562500000001 0.8556666666666667 0.03675 0.05272916666666667
0 0.5185104166666666 0.8484791666666667 0.027166666666666665 0.057520833333333334
0 0.48016666666666663 0.8333020833333333 0.03036458333333333 0.059125
0 0.42184375 0.8173229166666667 0.057520833333333334 0.059125
0 0.39634375 0.8622708333333333 0.037270833333333336 0.05963541666666667
0 0.44107291666666665 0.8821458333333333 0.032302083333333335 0.04969791666666667
0 0.44107291666666665 0.9368125 0.02733333333333333 0.039760416666666666
0 0.48083333333333333 0.9542083333333333 0.04223958333333333 0.06460416666666667
0 0.52059375 0.96290625 0.032302083333333335 0.05715625
0 0.55040625 0.9691145833333333 0.032302083333333335 0.04969791666666667
0 0.3677708333333333 0.9231458333333333 0.029822916666666664 0.052187500000000005
0 0.29570833333333335 0.8958125 0.019874999999999997 0.037270833333333336
0 0.22488541666666664 0.8336875 0.022364583333333334 0.037270833333333336
0 0.19755208333333335 0.83865625 0.017395833333333333 0.052187500000000005
0 0.15406250000000002 0.8262395833333334 0.024854166666666667 0.037270833333333336
0 0.02733333333333333 0.7914479166666666 0.029822916666666664 0.032302083333333335
0 0.06460416666666667 0.8013854166666667 0.029822916666666664 0.037270833333333336
0 0.10809375 0.8150520833333333 0.037270833333333336 0.034791666666666665
0 0.018885416666666665 0.7068437500000001 0.03678125 0.05241666666666667
0 0.05046875 0.70978125 0.02723958333333333 0.04165625
0 0.08251041666666666 0.7177916666666667 0.020833333333333332 0.04486458333333333
0 0.10494791666666667 0.7233958333333333 0.020833333333333332 0.040052083333333335
0 0.13058333333333333 0.7266041666666666 0.02403125 0.052875
0 0.15541666666666665 0.7258020833333333 0.025635416666666667 0.0480625
0 0.18505208333333334 0.7322083333333332 0.02403125 0.051270833333333335
0 0.21229166666666668 0.7410208333333334 0.020833333333333332 0.049666666666666665
0 0.20508333333333334 0.64409375 0.022427083333333334 0.0480625
0 0.17384375 0.63928125 0.02723958333333333 0.035250000000000004
0 0.15060416666666668 0.636875 0.01922916666666667 0.03685416666666667
0 0.11295833333333333 0.6296666666666667 0.03364583333333333 0.04165625
0 0.03605208333333333 0.61525 0.040052083333333335 0.03204166666666667
0 0.3178020833333333 0.07085416666666666 0.03507291666666667 0.023854166666666666
0 0.24975 0.11786458333333334 0.01403125 0.03647916666666667
0 0.2651875 0.11225 0.01964583333333333 0.03647916666666667
0 0.28271875 0.10943750000000001 0.0154375 0.03647916666666667
0 0.31078125 0.1059375 0.03227083333333333 0.03507291666666667
0 0.35428125 0.09961458333333333 0.046302083333333334 0.04209375
0 0.39847916666666666 0.09330208333333333 0.03929166666666666 0.03507291666666667
0 0.44408333333333333 0.08488541666666666 0.0435 0.0435
0 0.4840625 0.07997916666666667 0.022447916666666668 0.03367708333333333
0 0.5058125 0.07577083333333333 0.012624999999999999 0.044895833333333336
0 0.5408958333333334 0.06875 0.03227083333333333 0.03367708333333333
0 0.25606249999999997 0.18871875 0.009822916666666666 0.02946875
0 0.27501041666666665 0.18801041666666668 0.016833333333333332 0.03367708333333333
0 0.2911458333333333 0.19011458333333334 0.012624999999999999 0.03507291666666667
0 0.305875 0.18520833333333334 0.016833333333333332 0.04209375
0 0.3248125 0.18451041666666665 0.018239583333333333 0.03507291666666667
0 0.3486666666666667 0.18169791666666668 0.018239583333333333 0.03227083333333333
0 0.36971875 0.17608333333333331 0.012624999999999999 0.03227083333333333
0 0.3893541666666666 0.1774895833333333 0.02665625 0.0406875
0 0.40689583333333335 0.17397916666666668 0.01964583333333333 0.04209375
0 0.43355208333333334 0.17047916666666665 0.03086458333333333 0.037885416666666664
0 0.46232291666666664 0.17117708333333334 0.018239583333333333 0.04209375
0 0.4847708333333333 0.16696875 0.023854166666666666 0.03929166666666666
0 0.508625 0.16276041666666666 0.021041666666666667 0.04209375
0 0.53528125 0.15784375 0.02946875 0.037885416666666664
0 0.31078125 0.22448958333333333 0.021041666666666667 0.0280625
0 0.3360416666666667 0.22168749999999998 0.0154375 0.0280625
0 0.60403125 0.018239583333333333 0.08839583333333333 0.03647916666666667
0 0.6790937499999999 0.009822916666666666 0.0533125 0.01964583333333333
0 0.7569687500000001 0.03717708333333333 0.02665625 0.0435
0 0.783625 0.025260416666666667 0.03507291666666667 0.04209375
0 0.8151979166666667 0.02034375 0.03647916666666667 0.0406875
0 0.8558854166666666 0.02034375 0.0280625 0.03507291666666667
0 0.8951770833333333 0.021041666666666667 0.03086458333333333 0.04209375
0 0.95690625 0.017541666666666667 0.06734375000000001 0.02946875
0 0.8222083333333334 0.12417708333333333 0.022447916666666668 0.049104166666666664
0 0.8579895833333333 0.12136458333333335 0.02665625 0.05191666666666667
0 0.8867499999999999 0.11225 0.0280625 0.04770833333333333
0 0.7885416666666667 0.124875 0.0280625 0.04209375
0 0.7527604166666666 0.13399999999999998 0.03227083333333333 0.046302083333333334
0 0.71978125 0.12908333333333333 0.03086458333333333 0.04209375
0 0.6910208333333333 0.1838020833333333 0.02665625 0.03929166666666666
0 0.6622604166666667 0.18520833333333334 0.01964583333333333 0.044895833333333336
0 0.6868125 0.13539583333333333 0.023854166666666666 0.0435
0 0.6615625 0.14170833333333333 0.02665625 0.04209375
0 0.6292916666666667 0.14662499999999998 0.02665625 0.037885416666666664
0 0.5984166666666667 0.14872916666666666 0.018239583333333333 0.03086458333333333
0 0.66015625 0.09401041666666667 0.023854166666666666 0.04770833333333333
0 0.6952291666666667 0.09190625000000001 0.02665625 0.03227083333333333
0 0.5675520833333334 0.06103125 0.0154375 0.0435
0 0.6033333333333334 0.060333333333333336 0.0280625 0.04209375
0 0.6341979166666667 0.05753125 0.01964583333333333 0.03929166666666666
0 0.6615625 0.04770833333333333 0.018239583333333333 0.044895833333333336
0 0.693125 0.04560416666666667 0.03086458333333333 0.0435
0 0.7190833333333334 0.039989583333333335 0.02665625 0.049104166666666664